7.968753814697265625e+01 -2.974416732788085938e+01 5.333691239356994629e-01 -4.461342468857765198e-02 1.583639681339263916e-01 -9.308335781097412109e-01 3.263118565082550049e-01
7.996257019042968750e+01 -2.978424263000488281e+01 5.616253614425659180e-01 -4.795281961560249329e-02 1.451502740383148193e-01 -9.324144124984741211e-01 3.274680376052856445e-01
8.023770141601562500e+01 -2.981424522399902344e+01 5.966936945915222168e-01 -5.009311437606811523e-02 1.304807811975479126e-01 -9.343611001968383789e-01 3.277725279331207275e-01
8.051238250732421875e+01 -2.983850479125976562e+01 6.360839605331420898e-01 -5.113492533564567566e-02 1.146052852272987366e-01 -9.365425109863281250e-01 3.273209035396575928e-01
8.078649139404296875e+01 -2.986002349853515625e+01 6.781774759292602539e-01 -5.117886513471603394e-02 9.777604788541793823e-02 -9.388326406478881836e-01 3.262114524841308594e-01
8.105995178222656250e+01 -2.988073921203613281e+01 7.222625613212585449e-01 -5.032682791352272034e-02 8.024746179580688477e-02 -9.411149024963378906e-01 3.245460987091064453e-01
8.133657073974609375e+01 -2.990305328369140625e+01 7.685461044311523438e-01 -4.868172109127044678e-02 6.227680295705795288e-02 -9.432867765426635742e-01 3.224310278892517090e-01
8.161611175537109375e+01 -2.992998504638671875e+01 8.165954351425170898e-01 -4.634764045476913452e-02 4.412370175123214722e-02 -9.452608823776245117e-01 3.199791908264160156e-01
8.189794158935546875e+01 -2.996694564819335938e+01 8.657635450363159180e-01 -4.342943802475929260e-02 2.604908868670463562e-02 -9.469690918922424316e-01 3.173085451126098633e-01
8.217897033691406250e+01 -3.002865982055664062e+01 9.152075052261352539e-01 -4.003277793526649475e-02 8.315284736454486847e-03 -9.483620524406433105e-01 3.145436644554138184e-01
8.244653320312500000e+01 -3.014279937744140625e+01 9.617602229118347168e-01 -3.626422584056854248e-02 -8.815073408186435699e-03 -9.494096040725708008e-01 3.118149638175964355e-01
8.266390228271484375e+01 -3.034287452697753906e+01 9.955572485923767090e-01 -3.223032876849174500e-02 -2.508100494742393494e-02 -9.501005411148071289e-01 3.092588782310485840e-01
8.282627105712890625e+01 -3.058807563781738281e+01 1.014080166816711426e+00 -2.803697809576988220e-02 -4.022172093391418457e-02 -9.504407644271850586e-01 3.070154488086700439e-01
8.297759246826171875e+01 -3.083535575866699219e+01 1.028701186180114746e+00 -2.379032969474792480e-02 -5.397894978523254395e-02 -9.504498243331909180e-01 3.052298128604888916e-01
8.313421630859375000e+01 -3.108551597595214844e+01 1.043923258781433105e+00 -1.959591172635555267e-02 -6.609642505645751953e-02 -9.501586556434631348e-01 3.040492832660675049e-01
8.329210662841796875e+01 -3.132998657226562500e+01 1.059770464897155762e+00 -1.555770263075828552e-02 -7.631957530975341797e-02 -9.496032595634460449e-01 3.036228418350219727e-01
8.345051574707031250e+01 -3.156913185119628906e+01 1.076350092887878418e+00 -1.177888736128807068e-02 -8.439552783966064453e-02 -9.488213658332824707e-01 3.040996193885803223e-01
8.360829925537109375e+01 -3.180362701416015625e+01 1.093590021133422852e+00 -8.362231776118278503e-03 -9.007249772548675537e-02 -9.478443861007690430e-01 3.056272864341735840e-01
8.376549530029296875e+01 -3.203340530395507812e+01 1.111577749252319336e+00 -5.409393459558486938e-03 -9.309856593608856201e-02 -9.466908574104309082e-01 3.083501458168029785e-01
8.392119598388671875e+01 -3.225903320312500000e+01 1.130235552787780762e+00 -3.021093085408210754e-03 -9.322092682123184204e-02 -9.453580379486083984e-01 3.124078214168548584e-01
8.407493591308593750e+01 -3.248086547851562500e+01 1.149514079093933105e+00 -1.267010346055030823e-03 -9.027987718582153320e-02 -9.438221454620361328e-01 3.178797662258148193e-01
8.422678375244140625e+01 -3.269886016845703125e+01 1.169374942779541016e+00 -9.061023592948913574e-05 -8.449188619852066040e-02 -9.420601129531860352e-01 3.246287703514099121e-01
8.437651824951171875e+01 -3.291323471069335938e+01 1.189680099487304688e+00 5.947370082139968872e-04 -7.616731524467468262e-02 -9.400369524955749512e-01 3.324584066867828369e-01
8.452402496337890625e+01 -3.312414169311523438e+01 1.210317969322204590e+00 8.765794336795806885e-04 -6.561671942472457886e-02 -9.377087950706481934e-01 3.411684930324554443e-01
8.466963958740234375e+01 -3.333138656616210938e+01 1.231261014938354492e+00 8.424241095781326294e-04 -5.315240845084190369e-02 -9.350315332412719727e-01 3.505568206310272217e-01
8.481277465820312500e+01 -3.353546142578125000e+01 1.252291798591613770e+00 5.796570330858230591e-04 -3.908937424421310425e-02 -9.319691658020019531e-01 3.604234457015991211e-01
8.495421600341796875e+01 -3.373582839965820312e+01 1.273491144180297852e+00 1.755608245730400085e-04 -2.374567836523056030e-02 -9.285001754760742188e-01 3.705716431140899658e-01
8.509333038330078125e+01 -3.393299102783203125e+01 1.294608712196350098e+00 -2.820948138833045959e-04 -7.442024536430835724e-03 -9.246227145195007324e-01 3.808114528656005859e-01
8.523039245605468750e+01 -3.412677001953125000e+01 1.315616369247436523e+00 -7.061993237584829330e-04 9.498522616922855377e-03 -9.203577637672424316e-01 3.909614086151123047e-01
8.536556243896484375e+01 -3.431705856323242188e+01 1.336452007293701172e+00 -1.009737141430377960e-03 2.675148099660873413e-02 -9.157532453536987305e-01 4.008482992649078369e-01
8.549843597412109375e+01 -3.450411987304687500e+01 1.356923818588256836e+00 -1.106317155063152313e-03 4.399273172020912170e-02 -9.108827114105224609e-01 4.103121757507324219e-01
8.562962341308593750e+01 -3.468747329711914062e+01 1.377111792564392090e+00 -9.101480245590209961e-04 6.089884787797927856e-02 -9.058473110198974609e-01 4.192029535770416260e-01
8.575865173339843750e+01 -3.486743545532226562e+01 1.396789550781250000e+00 -3.359671682119369507e-04 7.714901864528656006e-02 -9.007728099822998047e-01 4.273831248283386230e-01
8.588568878173828125e+01 -3.504379272460937500e+01 1.415948510169982910e+00 7.006824016571044922e-04 9.242587536573410034e-02 -8.958071470260620117e-01 4.347256720066070557e-01
8.601089477539062500e+01 -3.521635818481445312e+01 1.434562325477600098e+00 2.284303307533264160e-03 1.064158156514167786e-01 -8.911165595054626465e-01 4.411139786243438721e-01
8.613242340087890625e+01 -3.538332366943359375e+01 1.452263712882995605e+00 4.498947411775588989e-03 1.188091486692428589e-01 -8.868802785873413086e-01 4.464387297630310059e-01
8.625099182128906250e+01 -3.554402542114257812e+01 1.469254732131958008e+00 7.429007440805435181e-03 1.293001621961593628e-01 -8.832839131355285645e-01 4.505949616432189941e-01
8.636579132080078125e+01 -3.569903182983398438e+01 1.485183119773864746e+00 1.116004958748817444e-02 1.375848799943923950e-01 -8.805129528045654297e-01 4.534786045551300049e-01
8.647755432128906250e+01 -3.584764480590820312e+01 1.500322818756103516e+00 1.577861607074737549e-02 1.433609277009963989e-01 -8.787434101104736328e-01 4.549821317195892334e-01
8.658566284179687500e+01 -3.599031829833984375e+01 1.514356017112731934e+00 2.137329429388046265e-02 1.463242322206497192e-01 -8.781327009201049805e-01 4.549895226955413818e-01
8.669046020507812500e+01 -3.612672424316406250e+01 1.527441978454589844e+00 2.800044789910316467e-02 1.462613493204116821e-01 -8.787704706192016602e-01 4.534159898757934570e-01
8.679169464111328125e+01 -3.625708770751953125e+01 1.539648413658142090e+00 3.557875752449035645e-02 1.433271765708923340e-01 -8.805562257766723633e-01 4.503466486930847168e-01
8.688908386230468750e+01 -3.638169479370117188e+01 1.551082134246826172e+00 4.399162158370018005e-02 1.377664208412170410e-01 -8.833230137825012207e-01 4.458984136581420898e-01
8.698167419433593750e+01 -3.650133895874023438e+01 1.562010407447814941e+00 5.312053859233856201e-02 1.298215985298156738e-01 -8.868852853775024414e-01 4.401805996894836426e-01
8.705371093750000000e+01 -3.662411117553710938e+01 1.572841763496398926e+00 6.284545361995697021e-02 1.197358369827270508e-01 -8.910480141639709473e-01 4.332979321479797363e-01
8.693015289306640625e+01 -3.660456848144531250e+01 1.556169986724853516e+00 7.304518669843673706e-02 1.077536121010780334e-01 -8.956144452095031738e-01 4.253567457199096680e-01
8.681093597412109375e+01 -3.654935455322265625e+01 1.533861041069030762e+00 8.359718322753906250e-02 9.412356466054916382e-02 -9.003926515579223633e-01 4.164675772190093994e-01
8.669927215576171875e+01 -3.649455642700195312e+01 1.510379552841186523e+00 9.437811374664306641e-02 7.909796386957168579e-02 -9.052028059959411621e-01 4.067483842372894287e-01
8.659407043457031250e+01 -3.644256210327148438e+01 1.486375689506530762e+00 1.052647903561592102e-01 6.293398141860961914e-02 -9.098809361457824707e-01 3.963273167610168457e-01
8.649583435058593750e+01 -3.639394378662109375e+01 1.462768554687500000e+00 1.161348149180412292e-01 4.589271917939186096e-02 -9.142850637435913086e-01 3.853431642055511475e-01
8.640454864501953125e+01 -3.634854507446289062e+01 1.440197706222534180e+00 1.268672496080398560e-01 2.823907509446144104e-02 -9.182979464530944824e-01 3.739467263221740723e-01
8.632014465332031250e+01 -3.630632019042968750e+01 1.419000864028930664e+00 1.373435854911804199e-01 1.024052873253822327e-02 -9.218289852142333984e-01 3.623024523258209229e-01
8.624259948730468750e+01 -3.626723861694335938e+01 1.399444580078125000e+00 1.474489122629165649e-01 -7.834400981664657593e-03 -9.248175024986267090e-01 3.505851328372955322e-01
8.615782928466796875e+01 -3.622497177124023438e+01 1.378828048706054688e+00 1.570721268653869629e-01 -2.571733295917510986e-02 -9.272314906120300293e-01 3.389815688133239746e-01
8.606578063964843750e+01 -3.617927551269531250e+01 1.357954025268554688e+00 1.661067008972167969e-01 -4.314163327217102051e-02 -9.290682673454284668e-01 3.276880979537963867e-01
8.596636199951171875e+01 -3.613024902343750000e+01 1.336616158485412598e+00 1.744511872529983521e-01 -5.984340235590934753e-02 -9.303513169288635254e-01 3.169100284576416016e-01
8.585951232910156250e+01 -3.607777786254882812e+01 1.315186142921447754e+00 1.820085644721984863e-01 -7.556279748678207397e-02 -9.311287403106689453e-01 3.068589568138122559e-01
8.574514770507812500e+01 -3.602152633666992188e+01 1.294622182846069336e+00 1.886865496635437012e-01 -9.004446864128112793e-02 -9.314686059951782227e-01 2.977510988712310791e-01
8.562318420410156250e+01 -3.596157073974609375e+01 1.274722218513488770e+00 1.943966448307037354e-01 -1.030374318361282349e-01 -9.314535260200500488e-01 2.898062169551849365e-01
8.549359130859375000e+01 -3.589776611328125000e+01 1.255897760391235352e+00 1.990525722503662109e-01 -1.142950132489204407e-01 -9.311752319335937500e-01 2.832443416118621826e-01
8.535523986816406250e+01 -3.582949066162109375e+01 1.241356730461120605e+00 1.998555660247802734e-01 -1.144723594188690186e-01 -9.318999052047729492e-01 2.802076637744903564e-01
8.520931243896484375e+01 -3.575738906860351562e+01 1.228154301643371582e+00 2.002339661121368408e-01 -1.146414130926132202e-01 -9.323776960372924805e-01 2.782720923423767090e-01
8.505571746826171875e+01 -3.568180465698242188e+01 1.215950846672058105e+00 2.002170383930206299e-01 -1.148088127374649048e-01 -9.326496124267578125e-01 2.773027420043945312e-01
8.489434051513671875e+01 -3.560305404663085938e+01 1.204757690429687500e+00 1.998481154441833496e-01 -1.149776652455329895e-01 -9.327477812767028809e-01 2.771683335304260254e-01
8.472497558593750000e+01 -3.552162170410156250e+01 1.194514751434326172e+00 1.991805136203765869e-01 -1.151485592126846313e-01 -9.326995015144348145e-01 2.777399718761444092e-01
8.454732513427734375e+01 -3.543823242187500000e+01 1.185090899467468262e+00 1.982747316360473633e-01 -1.153199151158332825e-01 -9.325278997421264648e-01 2.788907289505004883e-01
8.436094665527343750e+01 -3.535398483276367188e+01 1.176252365112304688e+00 1.971963942050933838e-01 -1.154881715774536133e-01 -9.322543144226074219e-01 2.804958522319793701e-01
8.416519165039062500e+01 -3.527055740356445312e+01 1.167616605758666992e+00 1.960134357213973999e-01 -1.156483665108680725e-01 -9.318996667861938477e-01 2.824311256408691406e-01
8.395915985107421875e+01 -3.519065856933593750e+01 1.158557057380676270e+00 1.947946697473526001e-01 -1.157944500446319580e-01 -9.314854741096496582e-01 2.845721840858459473e-01
8.374202728271484375e+01 -3.511748886108398438e+01 1.148093819618225098e+00 1.936083287000656128e-01 -1.159195154905319214e-01 -9.310352802276611328e-01 2.867952585220336914e-01
8.351412200927734375e+01 -3.505175399780273438e+01 1.134788751602172852e+00 1.925208270549774170e-01 -1.160164773464202881e-01 -9.305745363235473633e-01 2.889755368232727051e-01
8.327624511718750000e+01 -3.499329757690429688e+01 1.115048766136169434e+00 1.915959268808364868e-01 -1.160782724618911743e-01 -9.301308393478393555e-01 2.909868657588958740e-01
8.303140258789062500e+01 -3.493492507934570312e+01 1.082180142402648926e+00 1.908944547176361084e-01 -1.160983294248580933e-01 -9.297341704368591309e-01 2.927023172378540039e-01
8.278179168701171875e+01 -3.487137985229492188e+01 1.034395694732666016e+00 1.904745548963546753e-01 -1.160708144307136536e-01 -9.294161796569824219e-01 2.939940690994262695e-01
8.252113342285156250e+01 -3.481607437133789062e+01 9.909942150115966797e-01 1.903911381959915161e-01 -1.159913539886474609e-01 -9.292092323303222656e-01 2.947328686714172363e-01
8.224792480468750000e+01 -3.477338409423828125e+01 9.619604349136352539e-01 1.906976252794265747e-01 -1.158571839332580566e-01 -9.291455745697021484e-01 2.947878837585449219e-01
8.196454620361328125e+01 -3.473814010620117188e+01 9.440057277679443359e-01 1.914463490247726440e-01 -1.156676113605499268e-01 -9.292560815811157227e-01 2.940277159214019775e-01
8.168685150146484375e+01 -3.470352554321289062e+01 9.311736822128295898e-01 1.926903277635574341e-01 -1.154242157936096191e-01 -9.295678734779357910e-01 2.923201322555541992e-01
8.141551208496093750e+01 -3.466611099243164062e+01 9.200750589370727539e-01 1.944851279258728027e-01 -1.151312440633773804e-01 -9.301028847694396973e-01 2.895321846008300781e-01
8.115081787109375000e+01 -3.462482452392578125e+01 9.092382788658142090e-01 1.968905627727508545e-01 -1.147960871458053589e-01 -9.308751225471496582e-01 2.855300009250640869e-01
8.089296722412109375e+01 -3.457931518554687500e+01 8.980285525321960449e-01 1.998951286077499390e-01 -1.142692118883132935e-01 -9.318991899490356445e-01 2.802649736404418945e-01
8.064205932617187500e+01 -3.452978515625000000e+01 8.860070705413818359e-01 2.035745382308959961e-01 -1.140727251768112183e-01 -9.330633282661437988e-01 2.737469375133514404e-01
8.039801025390625000e+01 -3.447675323486328125e+01 8.732177615165710449e-01 2.076818048954010010e-01 -1.137479245662689209e-01 -9.343669414520263672e-01 2.662479877471923828e-01
8.016107177734375000e+01 -3.441955184936523438e+01 8.592767119407653809e-01 2.121654748916625977e-01 -1.134897619485855103e-01 -9.357315301895141602e-01 2.578996121883392334e-01
7.993076324462890625e+01 -3.436041259765625000e+01 8.450658917427062988e-01 2.169213891029357910e-01 -1.133264750242233276e-01 -9.371050596237182617e-01 2.488701641559600830e-01
7.970666503906250000e+01 -3.430081558227539062e+01 8.309881687164306641e-01 2.218404710292816162e-01 -1.132828146219253540e-01 -9.384433627128601074e-01 2.393279224634170532e-01
7.948876953125000000e+01 -3.424071121215820312e+01 8.171777129173278809e-01 2.268081456422805786e-01 -1.133788675069808960e-01 -9.397122859954833984e-01 2.294425219297409058e-01
7.927688598632812500e+01 -3.418070602416992188e+01 8.040502667427062988e-01 2.317038327455520630e-01 -1.136297434568405151e-01 -9.408889412879943848e-01 2.193846702575683594e-01
7.907073211669921875e+01 -3.412168884277343750e+01 7.914904356002807617e-01 2.364013195037841797e-01 -1.140446662902832031e-01 -9.419611692428588867e-01 2.093257755041122437e-01
7.887033843994140625e+01 -3.406334304809570312e+01 7.800927758216857910e-01 2.407692074775695801e-01 -1.146265566349029541e-01 -9.429289102554321289e-01 1.994391232728958130e-01
7.867543029785156250e+01 -3.400647735595703125e+01 7.696642875671386719e-01 2.446719855070114136e-01 -1.153719648718833923e-01 -9.438022971153259277e-01 1.898998916149139404e-01
7.848598480224609375e+01 -3.395106124877929688e+01 7.603417634963989258e-01 2.479713112115859985e-01 -1.162710785865783691e-01 -9.446014165878295898e-01 1.808849871158599854e-01
7.830179595947265625e+01 -3.389752197265625000e+01 7.528118491172790527e-01 2.505267262458801270e-01 -1.173082590103149414e-01 -9.453533887863159180e-01 1.725745648145675659e-01
7.812290191650390625e+01 -3.384576416015625000e+01 7.460845708847045898e-01 2.521975040435791016e-01 -1.184630021452903748e-01 -9.460908770561218262e-01 1.651512384414672852e-01
7.794892120361328125e+01 -3.379666519165039062e+01 7.424023151397705078e-01 2.528437972068786621e-01 -1.197113841772079468e-01 -9.468480348587036133e-01 1.588015258312225342e-01
7.778000640869140625e+01 -3.374987792968750000e+01 7.401580810546875000e-01 2.523281872272491455e-01 -1.210281401872634888e-01 -9.476571679115295410e-01 1.537153273820877075e-01
7.761591339111328125e+01 -3.370598220825195312e+01 7.405962944030761719e-01 2.505165338516235352e-01 -1.223891600966453552e-01 -9.485441446304321289e-01 1.500873416662216187e-01
7.745671844482421875e+01 -3.366495132446289062e+01 7.443535923957824707e-01 2.472805529832839966e-01 -1.237748116254806519e-01 -9.495230317115783691e-01 1.481152176856994629e-01
7.730252075195312500e+01 -3.362623977661132812e+01 7.501916289329528809e-01 2.424987703561782837e-01 -1.251732707023620605e-01 -9.505899548530578613e-01 1.480018794536590576e-01
7.715328216552734375e+01 -3.359015274047851562e+01 7.596637010574340820e-01 2.360602021217346191e-01 -1.265844255685806274e-01 -9.517171978950500488e-01 1.499547958374023438e-01
7.700844573974609375e+01 -3.355605316162109375e+01 7.742486596107482910e-01 2.268709242343902588e-01 -1.215725392103195190e-01 -9.536871314048767090e-01 1.556614041328430176e-01
7.686884307861328125e+01 -3.352380752563476562e+01 7.916887998580932617e-01 2.158768624067306519e-01 -1.155093163251876831e-01 -9.556638598442077637e-01 1.635887026786804199e-01
7.673468017578125000e+01 -3.349333572387695312e+01 8.123956322669982910e-01 2.032607942819595337e-01 -1.085083708167076111e-01 -9.575046896934509277e-01 1.734813451766967773e-01
7.660652923583984375e+01 -3.346420669555664062e+01 8.375042676925659180e-01 1.892082542181015015e-01 -1.006848067045211792e-01 -9.590661525726318359e-01 1.850811094045639038e-01
7.648427581787109375e+01 -3.343618392944335938e+01 8.647460937500000000e-01 1.739097088575363159e-01 -9.215624630451202393e-02 -9.602122902870178223e-01 1.981287747621536255e-01
7.636793518066406250e+01 -3.340927886962890625e+01 8.936425447463989258e-01 1.575619131326675415e-01 -8.304397016763687134e-02 -9.608222246170043945e-01 2.123642116785049438e-01
7.625823974609375000e+01 -3.338267898559570312e+01 9.254125952720642090e-01 1.403687000274658203e-01 -7.347300648689270020e-02 -9.607960581779479980e-01 2.275284528732299805e-01
7.615457916259765625e+01 -3.335687637329101562e+01 9.574499130249023438e-01 1.225413754582405090e-01 -6.357222050428390503e-02 -9.600600004196166992e-01 2.433657497167587280e-01
7.605700683593750000e+01 -3.333189010620117188e+01 9.896929860115051270e-01 1.042981222271919250e-01 -5.347425863146781921e-02 -9.585705399513244629e-01 2.596245110034942627e-01
7.596593475341796875e+01 -3.330683898925781250e+01 1.021976351737976074e+00 8.586293458938598633e-02 -4.331484809517860413e-02 -9.563170671463012695e-01 2.760599851608276367e-01
7.588059234619140625e+01 -3.328308868408203125e+01 1.053076148033142090e+00 6.746502220630645752e-02 -3.323180973529815674e-02 -9.533231258392333984e-01 2.924364209175109863e-01
7.580179595947265625e+01 -3.325892257690429688e+01 1.083329439163208008e+00 4.933628812432289124e-02 -2.336476370692253113e-02 -9.496476054191589355e-01 3.085276484489440918e-01
7.572865295410156250e+01 -3.323625564575195312e+01 1.111909747123718262e+00 3.171058371663093567e-02 -1.385361887514591217e-02 -9.453828930854797363e-01 3.241199254989624023e-01
7.566167449951171875e+01 -3.321386718750000000e+01 1.138740181922912598e+00 1.482168398797512054e-02 -4.838165361434221268e-03 -9.406530857086181641e-01 3.390111625194549561e-01
7.560061645507812500e+01 -3.319236373901367188e+01 1.163681626319885254e+00 -1.098067732527852058e-03 3.542775753885507584e-03 -9.356113076210021973e-01 3.530123531818389893e-01
7.554495239257812500e+01 -3.317287445068359375e+01 1.186540484428405762e+00 -1.581902056932449341e-02 1.115219667553901672e-02 -9.304347038269042969e-01 3.659462034702301025e-01
7.549549865722656250e+01 -3.315338134765625000e+01 1.207045316696166992e+00 -2.911412715911865234e-02 1.785437017679214478e-02 -9.253198504447937012e-01 3.776463866233825684e-01
7.545156860351562500e+01 -3.313550949096679688e+01 1.225293517112731934e+00 -4.076102003455162048e-02 2.351578697562217712e-02 -9.204751253128051758e-01 3.879574835300445557e-01
7.541291046142578125e+01 -3.311972808837890625e+01 1.241263985633850098e+00 -5.053912848234176636e-02 2.800450474023818970e-02 -9.161164164543151855e-01 3.967266678810119629e-01
7.537953186035156250e+01 -3.310596847534179688e+01 1.254886388778686523e+00 -5.823159217834472656e-02 3.118920885026454926e-02 -9.124562144279479980e-01 4.038068354129791260e-01
7.535186004638671875e+01 -3.309307861328125000e+01 1.265825152397155762e+00 -6.368965655565261841e-02 3.298605233430862427e-02 -9.096654653549194336e-01 4.091017842292785645e-01
7.532948303222656250e+01 -3.308198165893554688e+01 1.274341344833374023e+00 -6.703464686870574951e-02 3.349670767784118652e-02 -9.077665805816650391e-01 4.127276837825775146e-01
7.531217956542968750e+01 -3.307318878173828125e+01 1.280608534812927246e+00 -6.845289468765258789e-02 3.286906704306602478e-02 -9.067193865776062012e-01 4.148420989513397217e-01
7.529988098144531250e+01 -3.306673049926757812e+01 1.284675240516662598e+00 -6.812936812639236450e-02 3.124978765845298767e-02 -9.064576625823974609e-01 4.155916273593902588e-01
7.529260253906250000e+01 -3.306262969970703125e+01 1.286595463752746582e+00 -6.624819338321685791e-02 2.878504060208797455e-02 -9.068973064422607422e-01 4.151141345500946045e-01
7.529033660888671875e+01 -3.306093597412109375e+01 1.286422133445739746e+00 -6.299148499965667725e-02 2.562031522393226624e-02 -9.079418778419494629e-01 4.135422706604003906e-01
7.528465270996093750e+01 -3.305709457397460938e+01 1.287302255630493164e+00 -5.854196473956108093e-02 2.190138585865497589e-02 -9.094876050949096680e-01 4.110051393508911133e-01
7.527555847167968750e+01 -3.305114746093750000e+01 1.289292573928833008e+00 -5.308184400200843811e-02 1.777361333370208740e-02 -9.114290475845336914e-01 4.076317250728607178e-01
7.526302337646484375e+01 -3.304313278198242188e+01 1.292449951171875000e+00 -4.679406434297561646e-02 1.338282041251659393e-02 -9.136615991592407227e-01 4.035512804985046387e-01
7.524705505371093750e+01 -3.303307723999023438e+01 1.296831607818603516e+00 -3.986213728785514832e-02 8.875234983861446381e-03 -9.160863757133483887e-01 3.988958299160003662e-01
7.522763061523437500e+01 -3.302101135253906250e+01 1.302495718002319336e+00 -3.247024491429328918e-02 4.397193901240825653e-03 -9.186115264892578125e-01 3.938010036945343018e-01
7.520509338378906250e+01 -3.300614547729492188e+01 1.309170484542846680e+00 -2.480272576212882996e-02 9.551458060741424561e-05 -9.211544990539550781e-01 3.884059190750122070e-01
7.517947387695312500e+01 -3.298838806152343750e+01 1.316872477531433105e+00 -1.704500988125801086e-02 -3.883102210238575935e-03 -9.236431121826171875e-01 3.828549087047576904e-01
7.515041351318359375e+01 -3.296848678588867188e+01 1.325930714607238770e+00 -9.382687509059906006e-03 -7.391978055238723755e-03 -9.260153770446777344e-01 3.772966861724853516e-01
7.511789703369140625e+01 -3.294645309448242188e+01 1.336399555206298828e+00 -2.001593587920069695e-03 -1.028442475944757462e-02 -9.282200932502746582e-01 3.718838393688201904e-01
7.508187103271484375e+01 -3.292232131958007812e+01 1.348327636718750000e+00 4.913229495286941528e-03 -1.241374108940362930e-02 -9.302149415016174316e-01 3.667721748352050781e-01
7.504317474365234375e+01 -3.289434432983398438e+01 1.360849618911743164e+00 1.117629185318946838e-02 -1.363370474427938461e-02 -9.319645762443542480e-01 3.621202409267425537e-01
7.500151824951171875e+01 -3.286305618286132812e+01 1.374276757240295410e+00 1.660278625786304474e-02 -1.379807759076356888e-02 -9.334381818771362305e-01 3.580881357192993164e-01
7.495635223388671875e+01 -3.282949829101562500e+01 1.389182090759277344e+00 2.100843749940395355e-02 -1.276056282222270966e-02 -9.346055984497070312e-01 3.548355400562286377e-01
7.490798950195312500e+01 -3.279307174682617188e+01 1.405211091041564941e+00 2.420910634100437164e-02 -1.037475839257240295e-02 -9.354333281517028809e-01 3.525205850601196289e-01
7.485781097412109375e+01 -3.275131607055664062e+01 1.420789718627929688e+00 2.606690488755702972e-02 -6.542794872075319290e-03 -9.358922839164733887e-01 3.512594997882843018e-01
7.480419921875000000e+01 -3.270709228515625000e+01 1.437738656997680664e+00 2.662815712392330170e-02 -1.362199895083904266e-03 -9.359927773475646973e-01 3.510079085826873779e-01
7.474771881103515625e+01 -3.265953445434570312e+01 1.455194711685180664e+00 2.598485723137855530e-02 5.020561162382364273e-03 -9.357461929321289062e-01 3.516795337200164795e-01
7.468919372558593750e+01 -3.260726547241210938e+01 1.471819400787353516e+00 2.422909066081047058e-02 1.245895307511091232e-02 -9.351571798324584961e-01 3.531836569309234619e-01
7.462743377685546875e+01 -3.255235290527343750e+01 1.489529371261596680e+00 2.145291492342948914e-02 2.080561965703964233e-02 -9.342255592346191406e-01 3.554285168647766113e-01
7.456343078613281250e+01 -3.249312591552734375e+01 1.505803227424621582e+00 1.774845831096172333e-02 2.991386130452156067e-02 -9.329499006271362305e-01 3.583218157291412354e-01
7.449663543701171875e+01 -3.243056869506835938e+01 1.522072076797485352e+00 1.320841629058122635e-02 3.963513672351837158e-02 -9.313303828239440918e-01 3.617712855339050293e-01
7.442700958251953125e+01 -3.236466598510742188e+01 1.537514567375183105e+00 7.925854995846748352e-03 4.982142895460128784e-02 -9.293702244758605957e-01 3.656852245330810547e-01
7.435469818115234375e+01 -3.229516601562500000e+01 1.551404356956481934e+00 1.994267106056213379e-03 6.032405793666839600e-02 -9.270790219306945801e-01 3.699750006198883057e-01
7.427931976318359375e+01 -3.222271347045898438e+01 1.564572095870971680e+00 -4.492536187171936035e-03 7.099442183971405029e-02 -9.244725704193115234e-01 3.745531141757965088e-01
7.420078277587890625e+01 -3.214714431762695312e+01 1.575042128562927246e+00 -1.144026964902877808e-02 8.168382197618484497e-02 -9.215753078460693359e-01 3.793363571166992188e-01
7.411892700195312500e+01 -3.206892395019531250e+01 1.584270596504211426e+00 -1.875450089573860168e-02 9.224404394626617432e-02 -9.184201955795288086e-01 3.842442035675048828e-01
7.403327941894531250e+01 -3.198836517333984375e+01 1.590149521827697754e+00 -2.634087577462196350e-02 1.025275588035583496e-01 -9.150506854057312012e-01 3.891997933387756348e-01
7.394367980957031250e+01 -3.190588760375976562e+01 1.593451499938964844e+00 -3.410532698035240173e-02 1.123880296945571899e-01 -9.115188717842102051e-01 3.941307365894317627e-01
7.385945892333984375e+01 -3.183053970336914062e+01 1.593706011772155762e+00 -4.195396974682807922e-02 1.216801181435585022e-01 -9.078863263130187988e-01 3.989690542221069336e-01
7.378047943115234375e+01 -3.176271820068359375e+01 1.591250538825988770e+00 -4.979368671774864197e-02 1.302593946456909180e-01 -9.042230844497680664e-01 4.036504030227661133e-01
7.370700836181640625e+01 -3.170201873779296875e+01 1.586660146713256836e+00 -5.753212422132492065e-02 1.379838436841964722e-01 -9.006072282791137695e-01 4.081141650676727295e-01
7.363970947265625000e+01 -3.164770889282226562e+01 1.581436753273010254e+00 -6.507769227027893066e-02 1.447117924690246582e-01 -8.971229791641235352e-01 4.123028516769409180e-01
7.357740020751953125e+01 -3.160157966613769531e+01 1.573283076286315918e+00 -7.233980298042297363e-02 1.503032445907592773e-01 -8.938595056533813477e-01 4.161622822284698486e-01
7.352201843261718750e+01 -3.156054115295410156e+01 1.565936803817749023e+00 -7.922899723052978516e-02 1.546188890933990479e-01 -8.909089565277099609e-01 4.196390509605407715e-01
7.347296142578125000e+01 -3.152470588684082031e+01 1.557542681694030762e+00 -8.331897854804992676e-02 1.526316702365875244e-01 -8.892073631286621094e-01 4.231685996055603027e-01
7.343013763427734375e+01 -3.149557876586914062e+01 1.548303842544555664e+00 -8.746301382780075073e-02 1.505790352821350098e-01 -8.876847624778747559e-01 4.262531399726867676e-01
7.339442443847656250e+01 -3.147128868103027344e+01 1.540597558021545410e+00 -9.160777926445007324e-02 1.484912037849426270e-01 -8.863279819488525391e-01 4.289301037788391113e-01
7.336582946777343750e+01 -3.145185279846191406e+01 1.534422516822814941e+00 -9.569453448057174683e-02 1.464019715785980225e-01 -8.851228952407836914e-01 4.312381446361541748e-01
7.334434509277343750e+01 -3.143727874755859375e+01 1.529779672622680664e+00 -9.966149181127548218e-02 1.443474739789962769e-01 -8.840556144714355469e-01 4.332172274589538574e-01
7.331807708740234375e+01 -3.141928482055664062e+01 1.524085640907287598e+00 -1.034437716007232666e-01 1.423657089471817017e-01 -8.831104636192321777e-01 4.349105954170227051e-01
7.328680419921875000e+01 -3.139854240417480469e+01 1.516414165496826172e+00 -1.069740504026412964e-01 1.404962837696075439e-01 -8.822722434997558594e-01 4.363633394241333008e-01
7.325052642822265625e+01 -3.137500572204589844e+01 1.506842017173767090e+00 -1.101837083697319031e-01 1.387792974710464478e-01 -8.815240859985351562e-01 4.376245141029357910e-01
7.320938110351562500e+01 -3.134825897216796875e+01 1.495980858802795410e+00 -1.130021512508392334e-01 1.372555345296859741e-01 -8.808480501174926758e-01 4.387459456920623779e-01
7.316336059570312500e+01 -3.131831550598144531e+01 1.483832955360412598e+00 -1.153585389256477356e-01 1.359654366970062256e-01 -8.802252411842346191e-01 4.397831559181213379e-01
7.311240386962890625e+01 -3.128558731079101562e+01 1.469680786132812500e+00 -1.171812340617179871e-01 1.349492818117141724e-01 -8.796351552009582520e-01 4.407937824726104736e-01
7.305643463134765625e+01 -3.125057029724121094e+01 1.452668428421020508e+00 -1.183983236551284790e-01 1.342468857765197754e-01 -8.790556788444519043e-01 4.418376982212066650e-01
7.299553680419921875e+01 -3.121251869201660156e+01 1.434172987937927246e+00 -1.189370751380920410e-01 1.338981389999389648e-01 -8.784630298614501953e-01 4.429762065410614014e-01
7.292982482910156250e+01 -3.117170143127441406e+01 1.413308739662170410e+00 -1.187254935503005981e-01 1.339421719312667847e-01 -8.778309226036071777e-01 4.442708194255828857e-01
7.285936737060546875e+01 -3.112832641601562500e+01 1.389464020729064941e+00 -1.176901459693908691e-01 1.344191431999206543e-01 -8.771310448646545410e-01 4.457819461822509766e-01
7.278392791748046875e+01 -3.108197021484375000e+01 1.363680362701416016e+00 -1.153041869401931763e-01 1.344806700944900513e-01 -8.764694333076477051e-01 4.476839900016784668e-01
7.270448303222656250e+01 -3.103238868713378906e+01 1.334182739257812500e+00 -1.120261996984481812e-01 1.352212727069854736e-01 -8.756529092788696289e-01 4.498859047889709473e-01
7.262023925781250000e+01 -3.097986412048339844e+01 1.303015708923339844e+00 -1.079896986484527588e-01 1.370881795883178711e-01 -8.745821714401245117e-01 4.523835182189941406e-01
7.253294372558593750e+01 -3.092276573181152344e+01 1.268466711044311523e+00 -1.031751260161399841e-01 1.402273178100585938e-01 -8.731982707977294922e-01 4.552099704742431641e-01
7.244171142578125000e+01 -3.086174011230468750e+01 1.231892704963684082e+00 -9.756235778331756592e-02 1.447835266590118408e-01 -8.714323639869689941e-01 4.583938419818878174e-01
7.234778594970703125e+01 -3.079504394531250000e+01 1.192153930664062500e+00 -9.004329144954681396e-02 1.487667411565780640e-01 -8.695825338363647461e-01 4.621545374393463135e-01
7.225267791748046875e+01 -3.072086906433105469e+01 1.150145292282104492e+00 -8.137568831443786621e-02 1.534030586481094360e-01 -8.674545288085937500e-01 4.662275612354278564e-01
7.215634918212890625e+01 -3.063950920104980469e+01 1.105993032455444336e+00 -7.169400155544281006e-02 1.586288660764694214e-01 -8.650718927383422852e-01 4.704758822917938232e-01
7.206002044677734375e+01 -3.054980850219726562e+01 1.059793114662170410e+00 -6.113493815064430237e-02 1.643736809492111206e-01 -8.624598383903503418e-01 4.747700989246368408e-01
7.196508026123046875e+01 -3.045071792602539062e+01 1.011806607246398926e+00 -4.983751103281974792e-02 1.705597937107086182e-01 -8.596469163894653320e-01 4.789913296699523926e-01
7.187310028076171875e+01 -3.034124755859375000e+01 9.625024199485778809e-01 -3.794389218091964722e-02 1.771019995212554932e-01 -8.566638231277465820e-01 4.830342531204223633e-01
7.178591918945312500e+01 -3.022048759460449219e+01 9.126086235046386719e-01 -2.559858188033103943e-02 1.839088499546051025e-01 -8.535459041595458984e-01 4.868076443672180176e-01
7.170568084716796875e+01 -3.008760261535644531e+01 8.632043004035949707e-01 -1.294859498739242554e-02 1.908835768699645996e-01 -8.503318428993225098e-01 4.902361929416656494e-01
7.163507843017578125e+01 -2.994182395935058594e+01 8.158660531044006348e-01 -1.432225108146667480e-04 1.979259252548217773e-01 -8.470644950866699219e-01 4.932616055011749268e-01
7.158056640625000000e+01 -2.978124427795410156e+01 7.744238376617431641e-01 1.266670972108840942e-02 2.049339860677719116e-01 -8.437905907630920410e-01 4.958416521549224854e-01
7.153723144531250000e+01 -2.960948944091796875e+01 7.390087842941284180e-01 2.532903850078582764e-02 2.118059396743774414e-01 -8.405610322952270508e-01 4.979495406150817871e-01
7.149331665039062500e+01 -2.943097114562988281e+01 7.062621712684631348e-01 3.769147396087646484e-02 2.184422910213470459e-01 -8.374298810958862305e-01 4.995733201503753662e-01
7.143895721435546875e+01 -2.924914169311523438e+01 6.720935106277465820e-01 4.960153251886367798e-02 2.247470617294311523e-01 -8.344545364379882812e-01 5.007135868072509766e-01
7.137234497070312500e+01 -2.906539154052734375e+01 6.348980665206909180e-01 6.090828031301498413e-02 2.306293547153472900e-01 -8.316959142684936523e-01 5.013802051544189453e-01
7.129454040527343750e+01 -2.887999916076660156e+01 5.944262742996215820e-01 7.146265357732772827e-02 2.360043376684188843e-01 -8.292176127433776855e-01 5.015907883644104004e-01
7.120749664306640625e+01 -2.869247817993164062e+01 5.511370897293090820e-01 8.111906051635742188e-02 2.407933175563812256e-01 -8.270860314369201660e-01 5.013649463653564453e-01
7.111294555664062500e+01 -2.850214767456054688e+01 5.056738257408142090e-01 8.973710983991622925e-02 2.449243813753128052e-01 -8.253713250160217285e-01 5.007208585739135742e-01
7.101151275634765625e+01 -2.830876922607421875e+01 4.583642482757568359e-01 9.718353301286697388e-02 2.483314871788024902e-01 -8.241468071937561035e-01 4.996687471866607666e-01
7.090321350097656250e+01 -2.811240959167480469e+01 4.094189405441284180e-01 1.033338531851768494e-01 2.509542405605316162e-01 -8.234891891479492188e-01 4.982063174247741699e-01
7.078703308105468750e+01 -2.791373062133789062e+01 3.590301573276519775e-01 1.080766096711158752e-01 2.527373135089874268e-01 -8.234801888465881348e-01 4.963099360466003418e-01
7.066245269775390625e+01 -2.771118927001953125e+01 3.044323623180389404e-01 1.183779388666152954e-01 2.418977618217468262e-01 -8.277065157890319824e-01 4.923150837421417236e-01
7.052783203125000000e+01 -2.750782012939453125e+01 2.484747320413589478e-01 1.282804161310195923e-01 2.284080684185028076e-01 -8.329257965087890625e-01 4.874510765075683594e-01
7.037698364257812500e+01 -2.730860328674316406e+01 1.921252459287643433e-01 1.377505362033843994e-01 2.125748097896575928e-01 -8.388814330101013184e-01 4.817827641963958740e-01
7.019851684570312500e+01 -2.712522315979003906e+01 1.377661079168319702e-01 1.467545032501220703e-01 1.947093158960342407e-01 -8.453204035758972168e-01 4.753786027431488037e-01
6.997029876708984375e+01 -2.700615119934082031e+01 9.550964087247848511e-02 1.552594304084777832e-01 1.751300990581512451e-01 -8.520003557205200195e-01 4.683153629302978516e-01
6.970944976806640625e+01 -2.697109603881835938e+01 8.338073641061782837e-02 1.632350236177444458e-01 1.541645377874374390e-01 -8.586965799331665039e-01 4.606819152832031250e-01
6.944540405273437500e+01 -2.693996047973632812e+01 7.820800691843032837e-02 1.706545054912567139e-01 1.321478635072708130e-01 -8.652075529098510742e-01 4.525813758373260498e-01
6.917918395996093750e+01 -2.690704536437988281e+01 7.401122897863388062e-02 1.774958521127700806e-01 1.094235107302665710e-01 -8.713596463203430176e-01 4.441330432891845703e-01
6.891106414794921875e+01 -2.687012481689453125e+01 7.029540836811065674e-02 1.837429255247116089e-01 8.634077012538909912e-02 -8.770104646682739258e-01 4.354727268218994141e-01
6.864051818847656250e+01 -2.683316993713378906e+01 6.661377102136611938e-02 1.893854588270187378e-01 6.325420737266540527e-02 -8.820505142211914062e-01 4.267539978027343750e-01
6.836765289306640625e+01 -2.679495048522949219e+01 6.293579190969467163e-02 1.944199800491333008e-01 4.052038863301277161e-02 -8.864047527313232422e-01 4.181453883647918701e-01
6.809228515625000000e+01 -2.675635719299316406e+01 5.941222980618476868e-02 1.988493651151657104e-01 1.849609240889549255e-02 -8.900312781333923340e-01 4.098305702209472656e-01
6.781429290771484375e+01 -2.671779441833496094e+01 5.615295469760894775e-02 2.026829570531845093e-01 -2.463579177856445312e-03 -8.929192423820495605e-01 4.020059108734130859e-01
6.753368377685546875e+01 -2.667841339111328125e+01 5.274718999862670898e-02 2.059352397918701172e-01 -2.200723439455032349e-02 -8.950848579406738281e-01 3.948790729045867920e-01
6.725029754638671875e+01 -2.663900375366210938e+01 4.973144456744194031e-02 2.086255103349685669e-01 -3.978814184665679932e-02 -8.965669274330139160e-01 3.886643648147583008e-01
6.696401977539062500e+01 -2.659957695007324219e+01 4.719177260994911194e-02 2.107759416103363037e-01 -5.546483397483825684e-02 -8.974196314811706543e-01 3.835819959640502930e-01
6.667482757568359375e+01 -2.655963516235351562e+01 4.439514130353927612e-02 2.124104499816894531e-01 -6.870044767856597900e-02 -8.977043628692626953e-01 3.798539042472839355e-01
6.638259124755859375e+01 -2.651957511901855469e+01 4.211181402206420898e-02 2.135522365570068359e-01 -7.916262000799179077e-02 -8.974807858467102051e-01 3.776995837688446045e-01
6.608722686767578125e+01 -2.647941017150878906e+01 4.048584029078483582e-02 2.142221927642822266e-01 -8.652046322822570801e-02 -8.967951536178588867e-01 3.773347139358520508e-01
6.579809570312500000e+01 -2.644019889831542969e+01 3.844421356916427612e-02 2.144359648227691650e-01 -9.044393151998519897e-02 -8.956691026687622070e-01 3.789643645286560059e-01
6.551504516601562500e+01 -2.640211296081542969e+01 3.710998594760894775e-02 2.139076888561248779e-01 -9.000585973262786865e-02 -8.941711187362670898e-01 3.828843832015991211e-01
6.523839569091796875e+01 -2.636520004272460938e+01 3.617553785443305969e-02 2.135652899742126465e-01 -8.750183880329132080e-02 -8.920986652374267578e-01 3.884498178958892822e-01
6.496797943115234375e+01 -2.632921600341796875e+01 3.488342091441154480e-02 2.125335931777954102e-01 -8.112563937902450562e-02 -8.896505236625671387e-01 3.959420025348663330e-01
6.470394897460937500e+01 -2.629432106018066406e+01 3.373779356479644775e-02 2.111314833164215088e-01 -7.187233120203018188e-02 -8.867161273956298828e-01 4.049595594406127930e-01
6.444636535644531250e+01 -2.626063728332519531e+01 3.320922702550888062e-02 2.093745470046997070e-01 -6.003701686859130859e-02 -8.832418918609619141e-01 4.152609109878540039e-01
6.419536590576171875e+01 -2.622798919677734375e+01 3.221740573644638062e-02 2.072775959968566895e-01 -4.591731727123260498e-02 -8.791701197624206543e-01 4.265999495983123779e-01
6.395106124877929688e+01 -2.619637680053710938e+01 3.064269945025444031e-02 2.048572152853012085e-01 -2.981467545032501221e-02 -8.744485378265380859e-01 4.387304484844207764e-01
6.371347045898437500e+01 -2.616603851318359375e+01 2.955322153866291046e-02 2.021331191062927246e-01 -1.203525066375732422e-02 -8.690379261970520020e-01 4.514094591140747070e-01
6.348270416259765625e+01 -2.613689613342285156e+01 2.849731408059597015e-02 1.991300731897354126e-01 7.110111415386199951e-03 -8.629187941551208496e-01 4.644003510475158691e-01
6.325893402099609375e+01 -2.610858345031738281e+01 2.561767585575580597e-02 1.958791613578796387e-01 2.730655670166015625e-02 -8.560966849327087402e-01 4.774769246578216553e-01
6.304210662841796875e+01 -2.608151817321777344e+01 2.308410592377185822e-02 1.924180388450622559e-01 4.823622107505798340e-02 -8.486056327819824219e-01 4.904254376888275146e-01
6.283229446411132812e+01 -2.605566024780273438e+01 2.081909216940402985e-02 1.887918114662170410e-01 6.957994401454925537e-02 -8.405114412307739258e-01 5.030476450920104980e-01
6.262968063354492188e+01 -2.603052520751953125e+01 1.654846221208572388e-02 1.850531399250030518e-01 9.101943671703338623e-02 -8.319121003150939941e-01 5.151630640029907227e-01
6.243420791625976562e+01 -2.600631713867187500e+01 1.161193847656250000e-02 1.812616735696792603e-01 1.122391000390052795e-01 -8.229384422302246094e-01 5.266107916831970215e-01
6.224583053588867188e+01 -2.598314476013183594e+01 6.838988978415727615e-03 1.774840056896209717e-01 1.329281926155090332e-01 -8.137524724006652832e-01 5.372489094734191895e-01
6.206459426879882812e+01 -2.596077537536621094e+01 1.699218759313225746e-03 1.737928837537765503e-01 1.527824103832244873e-01 -8.045447468757629395e-01 5.469563007354736328e-01
6.189064407348632812e+01 -2.593867301940917969e+01 -5.460815504193305969e-03 1.702660620212554932e-01 1.715053617954254150e-01 -7.955315113067626953e-01 5.556302070617675781e-01
6.172374725341796875e+01 -2.591735458374023438e+01 -1.251892093569040298e-02 1.669855713844299316e-01 1.888088583946228027e-01 -7.869498729705810547e-01 5.631847381591796875e-01
6.156388473510742188e+01 -2.589672088623046875e+01 -1.951416023075580597e-02 1.640362888574600220e-01 2.044134140014648438e-01 -7.790526151657104492e-01 5.695474743843078613e-01
6.141113662719726562e+01 -2.587626075744628906e+01 -2.745361253619194031e-02 1.615050584077835083e-01 2.180460244417190552e-01 -7.721022367477416992e-01 5.746565461158752441e-01
6.126554489135742188e+01 -2.585566329956054688e+01 -3.622558340430259705e-02 1.548772305250167847e-01 2.264171540737152100e-01 -7.678577899932861328e-01 5.789151787757873535e-01
6.112683486938476562e+01 -2.583560943603515625e+01 -4.486633092164993286e-02 1.494879871606826782e-01 2.332002818584442139e-01 -7.646503448486328125e-01 5.818769335746765137e-01
6.099496841430664062e+01 -2.581612968444824219e+01 -5.335266143083572388e-02 1.452924013137817383e-01 2.385257035493850708e-01 -7.624347209930419922e-01 5.836856961250305176e-01
6.087005615234375000e+01 -2.579680061340332031e+01 -6.235473603010177612e-02 1.422341763973236084e-01 2.425078749656677246e-01 -7.611564993858337402e-01 5.844656229019165039e-01
6.075205993652343750e+01 -2.577767944335937500e+01 -7.182128727436065674e-02 1.402488797903060913e-01 2.452490031719207764e-01 -7.607551217079162598e-01 5.843241214752197266e-01
6.064083862304687500e+01 -2.575929069519042969e+01 -8.098815381526947021e-02 1.392654478549957275e-01 2.468412518501281738e-01 -7.611646056175231934e-01 5.833548903465270996e-01
6.053637695312500000e+01 -2.574166107177734375e+01 -8.983459323644638062e-02 1.392076462507247925e-01 2.473694682121276855e-01 -7.623156905174255371e-01 5.816393494606018066e-01
6.043867874145507812e+01 -2.572482872009277344e+01 -9.833922982215881348e-02 1.399952173233032227e-01 2.469132244586944580e-01 -7.641361951828002930e-01 5.792503356933593750e-01
6.034796905517578125e+01 -2.570797348022460938e+01 -1.072167977690696716e-01 1.415455043315887451e-01 2.455483227968215942e-01 -7.665532827377319336e-01 5.762524604797363281e-01
6.026402664184570312e+01 -2.569197654724121094e+01 -1.157104447484016418e-01 1.437732875347137451e-01 2.433489859104156494e-01 -7.694920301437377930e-01 5.727062821388244629e-01
6.018685531616210938e+01 -2.567693519592285156e+01 -1.237438917160034180e-01 1.465929746627807617e-01 2.403889447450637817e-01 -7.728778719902038574e-01 5.686681866645812988e-01
6.011645507812500000e+01 -2.566287994384765625e+01 -1.312982141971588135e-01 1.499179452657699585e-01 2.367419302463531494e-01 -7.766357660293579102e-01 5.641939043998718262e-01
6.005282974243164062e+01 -2.564983749389648438e+01 -1.383532732725143433e-01 1.536625325679779053e-01 2.324834316968917847e-01 -7.806919217109680176e-01 5.593383312225341797e-01
5.999599456787109375e+01 -2.563784599304199219e+01 -1.448882967233657837e-01 1.577414423227310181e-01 2.276915758848190308e-01 -7.849729061126708984e-01 5.541585683822631836e-01
5.994607162475585938e+01 -2.562638664245605469e+01 -1.510717719793319702e-01 1.620713174343109131e-01 2.224471718072891235e-01 -7.894073128700256348e-01 5.487131476402282715e-01
5.990294647216796875e+01 -2.561600494384765625e+01 -1.567034870386123657e-01 1.665706634521484375e-01 2.168346792459487915e-01 -7.939251661300659180e-01 5.430651307106018066e-01
5.986659622192382812e+01 -2.560685729980468750e+01 -1.617217957973480225e-01 1.711604893207550049e-01 2.109425663948059082e-01 -7.984590530395507812e-01 5.372806191444396973e-01
5.983705520629882812e+01 -2.559888076782226562e+01 -1.660443097352981567e-01 1.733807027339935303e-01 2.034321725368499756e-01 -8.036931753158569336e-01 5.316312313079833984e-01
5.981427764892578125e+01 -2.559219169616699219e+01 -1.697051972150802612e-01 1.749664098024368286e-01 1.955145001411437988e-01 -8.089650273323059082e-01 5.260574817657470703e-01
5.979825210571289062e+01 -2.558684730529785156e+01 -1.726965308189392090e-01 1.764053255319595337e-01 1.876261532306671143e-01 -8.140380382537841797e-01 5.205954909324645996e-01
5.978895187377929688e+01 -2.558287811279296875e+01 -1.749975532293319702e-01 1.776716709136962891e-01 1.798755228519439697e-01 -8.188529014587402344e-01 5.153225660324096680e-01
5.978638458251953125e+01 -2.558029937744140625e+01 -1.766003370285034180e-01 1.787645220756530762e-01 1.723147481679916382e-01 -8.233746886253356934e-01 5.102989077568054199e-01
5.977764511108398438e+01 -2.557669830322265625e+01 -1.787945479154586792e-01 1.796897202730178833e-01 1.649817675352096558e-01 -8.275756835937500000e-01 5.055799484252929688e-01
5.976273345947265625e+01 -2.557208633422851562e+01 -1.815765351057052612e-01 1.804536581039428711e-01 1.579146832227706909e-01 -8.314297199249267578e-01 5.012225508689880371e-01
5.974163055419921875e+01 -2.556647682189941406e+01 -1.849377453327178955e-01 1.810625344514846802e-01 1.511520892381668091e-01 -8.349118828773498535e-01 4.972842633724212646e-01
5.971432876586914062e+01 -2.555987930297851562e+01 -1.888751238584518433e-01 1.815233677625656128e-01 1.447318047285079956e-01 -8.379982113838195801e-01 4.938228726387023926e-01
5.968082046508789062e+01 -2.555230903625488281e+01 -1.933819502592086792e-01 1.818430274724960327e-01 1.386922150850296021e-01 -8.406656384468078613e-01 4.908958971500396729e-01
5.964107131958007812e+01 -2.554377365112304688e+01 -1.984509229660034180e-01 1.820280700922012329e-01 1.330711543560028076e-01 -8.428910374641418457e-01 4.885616302490234375e-01
5.959509277343750000e+01 -2.553424263000488281e+01 -2.040746957063674927e-01 1.820855736732482910e-01 1.279064416885375977e-01 -8.446510434150695801e-01 4.868771433830261230e-01
5.954302597045898438e+01 -2.552289962768554688e+01 -2.101837098598480225e-01 1.820219606161117554e-01 1.232351884245872498e-01 -8.459213376045227051e-01 4.858993589878082275e-01
5.948469924926757812e+01 -2.551051712036132812e+01 -2.168298363685607910e-01 1.818436533212661743e-01 1.190944761037826538e-01 -8.466761112213134766e-01 4.856838285923004150e-01
5.942012405395507812e+01 -2.549710655212402344e+01 -2.240081727504730225e-01 1.815562546253204346e-01 1.155207753181457520e-01 -8.468876481056213379e-01 4.862855374813079834e-01
5.934927749633789062e+01 -2.548268318176269531e+01 -2.317126393318176270e-01 1.811650246381759644e-01 1.125501319766044617e-01 -8.465248942375183105e-01 4.877574443817138672e-01
5.927215576171875000e+01 -2.546726036071777344e+01 -2.399383485317230225e-01 1.806742101907730103e-01 1.102177053689956665e-01 -8.455538153648376465e-01 4.901505708694458008e-01
5.918898391723632812e+01 -2.544957733154296875e+01 -2.481365948915481567e-01 1.800874620676040649e-01 1.085582226514816284e-01 -8.439360260963439941e-01 4.935134351253509521e-01
5.909966659545898438e+01 -2.543015861511230469e+01 -2.565222084522247314e-01 1.794070899486541748e-01 1.076053753495216370e-01 -8.416280150413513184e-01 4.978919327259063721e-01
5.900408554077148438e+01 -2.540965270996093750e+01 -2.653564512729644775e-01 1.786343604326248169e-01 1.073918268084526062e-01 -8.385804891586303711e-01 5.033284425735473633e-01
5.890242004394531250e+01 -2.538715934753417969e+01 -2.739721536636352539e-01 1.777689903974533081e-01 1.079492196440696716e-01 -8.347374200820922852e-01 5.098612308502197266e-01
5.879494857788085938e+01 -2.536130714416503906e+01 -2.813543677330017090e-01 1.768092513084411621e-01 1.093078851699829102e-01 -8.300359249114990234e-01 5.175237059593200684e-01
5.868127441406250000e+01 -2.533424758911132812e+01 -2.890453934669494629e-01 1.757513284683227539e-01 1.114962473511695862e-01 -8.244040012359619141e-01 5.263440608978271484e-01
5.856171798706054688e+01 -2.530451774597167969e+01 -2.952459752559661865e-01 1.745880395174026489e-01 1.145243644714355469e-01 -8.177824616432189941e-01 5.363160967826843262e-01
5.843608093261718750e+01 -2.527318382263183594e+01 -3.012799024581909180e-01 1.733029931783676147e-01 1.183344051241874695e-01 -8.101897835731506348e-01 5.473166108131408691e-01
5.830406188964843750e+01 -2.524146461486816406e+01 -3.062060475349426270e-01 1.718784570693969727e-01 1.228505596518516541e-01 -8.016660809516906738e-01 5.591931939125061035e-01
5.816552734375000000e+01 -2.521026039123535156e+01 -3.111053407192230225e-01 1.702966690063476562e-01 1.279978752136230469e-01 -7.922544479370117188e-01 5.717940330505371094e-01
5.801997375488281250e+01 -2.518177986145019531e+01 -3.161224424839019775e-01 1.685416996479034424e-01 1.337001472711563110e-01 -7.820038795471191406e-01 5.849684476852416992e-01
5.786633682250976562e+01 -2.516373634338378906e+01 -3.233306705951690674e-01 1.665986478328704834e-01 1.398820281028747559e-01 -7.709696292877197266e-01 5.985682010650634766e-01
5.770550537109375000e+01 -2.516026878356933594e+01 -3.345202505588531494e-01 1.644541770219802856e-01 1.464685946702957153e-01 -7.592148780822753906e-01 6.124496459960937500e-01
5.753952026367187500e+01 -2.517737579345703125e+01 -3.517956435680389404e-01 1.620978116989135742e-01 1.533851772546768188e-01 -7.468121051788330078e-01 6.264733076095581055e-01
5.737163543701171875e+01 -2.521770477294921875e+01 -3.764044046401977539e-01 1.595199555158615112e-01 1.605589687824249268e-01 -7.338428497314453125e-01 6.405068039894104004e-01
5.720430374145507812e+01 -2.527928352355957031e+01 -4.081372022628784180e-01 1.567146778106689453e-01 1.679176241159439087e-01 -7.203990221023559570e-01 6.544229388236999512e-01
5.703763198852539062e+01 -2.535734748840332031e+01 -4.456207156181335449e-01 1.536771506071090698e-01 1.753917485475540161e-01 -7.065818309783935547e-01 6.681042909622192383e-01
5.687134170532226562e+01 -2.544864654541015625e+01 -4.877496361732482910e-01 1.504058986902236938e-01 1.829127669334411621e-01 -6.925028562545776367e-01 6.814401745796203613e-01
5.670572662353515625e+01 -2.555193328857421875e+01 -5.340783596038818359e-01 1.469014436006546021e-01 1.904151290655136108e-01 -6.782829761505126953e-01 6.943299770355224609e-01
5.653821182250976562e+01 -2.566271018981933594e+01 -5.832281112670898438e-01 1.431661099195480347e-01 1.978361904621124268e-01 -6.640517115592956543e-01 7.066820859909057617e-01
5.636848831176757812e+01 -2.578041458129882812e+01 -6.350372433662414551e-01 1.392048001289367676e-01 2.051155120134353638e-01 -6.499469280242919922e-01 7.184140682220458984e-01
5.619753646850585938e+01 -2.590603256225585938e+01 -6.897930502891540527e-01 1.350241601467132568e-01 2.121956199407577515e-01 -6.361132860183715820e-01 7.294527888298034668e-01
5.602348327636718750e+01 -2.603704452514648438e+01 -7.467559576034545898e-01 1.306316703557968140e-01 2.190222889184951782e-01 -6.227021217346191406e-01 7.397342324256896973e-01
5.584604263305664062e+01 -2.617307472229003906e+01 -8.058190941810607910e-01 1.260367333889007568e-01 2.255439162254333496e-01 -6.098691821098327637e-01 7.492023706436157227e-01
5.566546630859375000e+01 -2.631436920166015625e+01 -8.670586943626403809e-01 1.212494224309921265e-01 2.317116856575012207e-01 -5.977745652198791504e-01 7.578085660934448242e-01
5.548075103759765625e+01 -2.645974540710449219e+01 -9.301342368125915527e-01 1.162799149751663208e-01 2.374787032604217529e-01 -5.865809917449951172e-01 7.655100226402282715e-01
5.534362030029296875e+01 -2.656884765625000000e+01 -9.769036769866943359e-01 1.100350692868232727e-01 2.414347976446151733e-01 -5.767940878868103027e-01 7.725995779037475586e-01
