7.983587646484375000e+01 -2.992838478088378906e+01 4.523852467536926270e-01 -4.461342468857765198e-02 1.583639681339263916e-01 -9.308335781097412109e-01 3.263118565082550049e-01
8.011175537109375000e+01 -2.997009277343750000e+01 4.861041009426116943e-01 -4.795281961560249329e-02 1.451502740383148193e-01 -9.324144124984741211e-01 3.274680376052856445e-01
8.038755798339843750e+01 -3.000201416015625000e+01 5.275262594223022461e-01 -5.009311437606811523e-02 1.304807811975479126e-01 -9.343611001968383789e-01 3.277725279331207275e-01
8.066271972656250000e+01 -3.002836799621582031e+01 5.740490555763244629e-01 -5.113492533564567566e-02 1.146052852272987366e-01 -9.365425109863281250e-01 3.273209035396575928e-01
8.093711853027343750e+01 -3.005203628540039062e+01 6.239318847656250000e-01 -5.117886513471603394e-02 9.777604788541793823e-02 -9.388326406478881836e-01 3.262114524841308594e-01
8.121065521240234375e+01 -3.007485580444335938e+01 6.763347983360290527e-01 -5.032682791352272034e-02 8.024746179580688477e-02 -9.411149024963378906e-01 3.245460987091064453e-01
8.148712921142578125e+01 -3.009913253784179688e+01 7.313256859779357910e-01 -4.868172109127044678e-02 6.227680295705795288e-02 -9.432867765426635742e-01 3.224310278892517090e-01
8.176631927490234375e+01 -3.012781715393066406e+01 7.883263826370239258e-01 -4.634764045476913452e-02 4.412370175123214722e-02 -9.452608823776245117e-01 3.199791908264160156e-01
8.204761505126953125e+01 -3.016626167297363281e+01 8.465399146080017090e-01 -4.342943802475929260e-02 2.604908868670463562e-02 -9.469690918922424316e-01 3.173085451126098633e-01
8.232795715332031250e+01 -3.022915649414062500e+01 9.049682617187500000e-01 -4.003277793526649475e-02 8.315284736454486847e-03 -9.483620524406433105e-01 3.145436644554138184e-01
8.259471130371093750e+01 -3.034414672851562500e+01 9.602904915809631348e-01 -3.626422584056854248e-02 -8.815073408186435699e-03 -9.494096040725708008e-01 3.118149638175964355e-01
8.281122589111328125e+01 -3.054474067687988281e+01 1.002488374710083008e+00 -3.223032876849174500e-02 -2.508100494742393494e-02 -9.501005411148071289e-01 3.092588782310485840e-01
8.297273254394531250e+01 -3.079013633728027344e+01 1.028890967369079590e+00 -2.803697809576988220e-02 -4.022172093391418457e-02 -9.504407644271850586e-01 3.070154488086700439e-01
8.312329864501953125e+01 -3.103731346130371094e+01 1.050722599029541016e+00 -2.379032969474792480e-02 -5.397894978523254395e-02 -9.504498243331909180e-01 3.052298128604888916e-01
8.327931213378906250e+01 -3.128710937500000000e+01 1.072344899177551270e+00 -1.959591172635555267e-02 -6.609642505645751953e-02 -9.501586556434631348e-01 3.040492832660675049e-01
8.343687438964843750e+01 -3.153098297119140625e+01 1.093644976615905762e+00 -1.555770263075828552e-02 -7.631957530975341797e-02 -9.496032595634460449e-01 3.036228418350219727e-01
8.359528350830078125e+01 -3.176933288574218750e+01 1.114597201347351074e+00 -1.177888736128807068e-02 -8.439552783966064453e-02 -9.488213658332824707e-01 3.040996193885803223e-01
8.375353240966796875e+01 -3.200286483764648438e+01 1.134999990463256836e+00 -8.362231776118278503e-03 -9.007249772548675537e-02 -9.478443861007690430e-01 3.056272864341735840e-01
8.391170501708984375e+01 -3.223152923583984375e+01 1.154811382293701172e+00 -5.409393459558486938e-03 -9.309856593608856201e-02 -9.466908574104309082e-01 3.083501458168029785e-01
8.406901550292968750e+01 -3.245589065551757812e+01 1.173826932907104492e+00 -3.021093085408210754e-03 -9.322092682123184204e-02 -9.453580379486083984e-01 3.124078214168548584e-01
8.422499847412109375e+01 -3.267626571655273438e+01 1.191916465759277344e+00 -1.267010346055030823e-03 -9.027987718582153320e-02 -9.438221454620361328e-01 3.178797662258148193e-01
8.437969207763671875e+01 -3.289260101318359375e+01 1.209158897399902344e+00 -9.061023592948913574e-05 -8.449188619852066040e-02 -9.420601129531860352e-01 3.246287703514099121e-01
8.453275299072265625e+01 -3.310507202148437500e+01 1.225578546524047852e+00 5.947370082139968872e-04 -7.616731524467468262e-02 -9.400369524955749512e-01 3.324584066867828369e-01
8.468395996093750000e+01 -3.331378936767578125e+01 1.241232275962829590e+00 8.765794336795806885e-04 -6.561671942472457886e-02 -9.377087950706481934e-01 3.411684930324554443e-01
8.483350372314453125e+01 -3.351853179931640625e+01 1.256258487701416016e+00 8.424241095781326294e-04 -5.315240845084190369e-02 -9.350315332412719727e-01 3.505568206310272217e-01
8.498072052001953125e+01 -3.371974182128906250e+01 1.270610928535461426e+00 5.796570330858230591e-04 -3.908937424421310425e-02 -9.319691658020019531e-01 3.604234457015991211e-01
8.512625122070312500e+01 -3.391688156127929688e+01 1.284547090530395508e+00 1.755608245730400085e-04 -2.374567836523056030e-02 -9.285001754760742188e-01 3.705716431140899658e-01
8.526938629150390625e+01 -3.411045455932617188e+01 1.297994971275329590e+00 -2.820948138833045959e-04 -7.442024536430835724e-03 -9.246227145195007324e-01 3.808114528656005859e-01
8.541030883789062500e+01 -3.430030059814453125e+01 1.311107158660888672e+00 -7.061993237584829330e-04 9.498522616922855377e-03 -9.203577637672424316e-01 3.909614086151123047e-01
8.554907989501953125e+01 -3.448636245727539062e+01 1.324000835418701172e+00 -1.009737141430377960e-03 2.675148099660873413e-02 -9.157532453536987305e-01 4.008482992649078369e-01
8.568527221679687500e+01 -3.466897201538085938e+01 1.336660146713256836e+00 -1.106317155063152313e-03 4.399273172020912170e-02 -9.108827114105224609e-01 4.103121757507324219e-01
8.581947326660156250e+01 -3.484775161743164062e+01 1.349338293075561523e+00 -9.101480245590209961e-04 6.089884787797927856e-02 -9.058473110198974609e-01 4.192029535770416260e-01
8.595111083984375000e+01 -3.502313232421875000e+01 1.361971378326416016e+00 -3.359671682119369507e-04 7.714901864528656006e-02 -9.007728099822998047e-01 4.273831248283386230e-01
8.608043670654296875e+01 -3.519503021240234375e+01 1.374703288078308105e+00 7.006824016571044922e-04 9.242587536573410034e-02 -8.958071470260620117e-01 4.347256720066070557e-01
8.620755767822265625e+01 -3.536340332031250000e+01 1.387651920318603516e+00 2.284303307533264160e-03 1.064158156514167786e-01 -8.911165595054626465e-01 4.411139786243438721e-01
8.633064270019531250e+01 -3.552661132812500000e+01 1.400582909584045410e+00 4.498947411775588989e-03 1.188091486692428589e-01 -8.868802785873413086e-01 4.464387297630310059e-01
8.645048522949218750e+01 -3.568414688110351562e+01 1.413823843002319336e+00 7.429007440805435181e-03 1.293001621961593628e-01 -8.832839131355285645e-01 4.505949616432189941e-01
8.656620025634765625e+01 -3.583674621582031250e+01 1.427141070365905762e+00 1.116004958748817444e-02 1.375848799943923950e-01 -8.805129528045654297e-01 4.534786045551300049e-01
8.667858886718750000e+01 -3.598386764526367188e+01 1.440923452377319336e+00 1.577861607074737549e-02 1.433609277009963989e-01 -8.787434101104736328e-01 4.549821317195892334e-01
8.678698730468750000e+01 -3.612610626220703125e+01 1.454972505569458008e+00 2.137329429388046265e-02 1.463242322206497192e-01 -8.781327009201049805e-01 4.549895226955413818e-01
8.689172363281250000e+01 -3.626323318481445312e+01 1.469524502754211426e+00 2.800044789910316467e-02 1.462613493204116821e-01 -8.787704706192016602e-01 4.534159898757934570e-01
8.699251556396484375e+01 -3.639540863037109375e+01 1.484555602073669434e+00 3.557875752449035645e-02 1.433271765708923340e-01 -8.805562257766723633e-01 4.503466486930847168e-01
8.708904266357421875e+01 -3.652279281616210938e+01 1.500043272972106934e+00 4.399162158370018005e-02 1.377664208412170410e-01 -8.833230137825012207e-01 4.458984136581420898e-01
8.718032836914062500e+01 -3.664603042602539062e+01 1.516132831573486328e+00 5.312053859233856201e-02 1.298215985298156738e-01 -8.868852853775024414e-01 4.401805996894836426e-01
8.725052642822265625e+01 -3.677307128906250000e+01 1.533111572265625000e+00 6.284545361995697021e-02 1.197358369827270508e-01 -8.910480141639709473e-01 4.332979321479797363e-01
8.712456512451171875e+01 -3.675830078125000000e+01 1.523452758789062500e+00 7.304518669843673706e-02 1.077536121010780334e-01 -8.956144452095031738e-01 4.253567457199096680e-01
8.700236511230468750e+01 -3.670820236206054688e+01 1.508895277976989746e+00 8.359718322753906250e-02 9.412356466054916382e-02 -9.003926515579223633e-01 4.164675772190093994e-01
8.688710784912109375e+01 -3.665870666503906250e+01 1.493774414062500000e+00 9.437811374664306641e-02 7.909796386957168579e-02 -9.052028059959411621e-01 4.067483842372894287e-01
8.677768707275390625e+01 -3.661204528808593750e+01 1.478604674339294434e+00 1.052647903561592102e-01 6.293398141860961914e-02 -9.098809361457824707e-01 3.963273167610168457e-01
8.667466735839843750e+01 -3.656864547729492188e+01 1.464164972305297852e+00 1.161348149180412292e-01 4.589271917939186096e-02 -9.142850637435913086e-01 3.853431642055511475e-01
8.657802581787109375e+01 -3.652822875976562500e+01 1.450952172279357910e+00 1.268672496080398560e-01 2.823907509446144104e-02 -9.182979464530944824e-01 3.739467263221740723e-01
8.648783874511718750e+01 -3.649063491821289062e+01 1.439160704612731934e+00 1.373435854911804199e-01 1.024052873253822327e-02 -9.218289852142333984e-01 3.623024523258209229e-01
8.640412139892578125e+01 -3.645575332641601562e+01 1.428913593292236328e+00 1.474489122629165649e-01 -7.834400981664657593e-03 -9.248175024986267090e-01 3.505851328372955322e-01
8.631296539306640625e+01 -3.641718673706054688e+01 1.417373061180114746e+00 1.570721268653869629e-01 -2.571733295917510986e-02 -9.272314906120300293e-01 3.389815688133239746e-01
8.621440887451171875e+01 -3.637465667724609375e+01 1.405209898948669434e+00 1.661067008972167969e-01 -4.314163327217102051e-02 -9.290682673454284668e-01 3.276880979537963867e-01
8.610857391357421875e+01 -3.632824325561523438e+01 1.392097115516662598e+00 1.744511872529983521e-01 -5.984340235590934753e-02 -9.303513169288635254e-01 3.169100284576416016e-01
8.599548339843750000e+01 -3.627783966064453125e+01 1.378290414810180664e+00 1.820085644721984863e-01 -7.556279748678207397e-02 -9.311287403106689453e-01 3.068589568138122559e-01
8.587532043457031250e+01 -3.622314453125000000e+01 1.364650249481201172e+00 1.886865496635437012e-01 -9.004446864128112793e-02 -9.314686059951782227e-01 2.977510988712310791e-01
8.574814605712890625e+01 -3.616427230834960938e+01 1.350878238677978516e+00 1.943966448307037354e-01 -1.030374318361282349e-01 -9.314535260200500488e-01 2.898062169551849365e-01
8.561408233642578125e+01 -3.610112380981445312e+01 1.337302803993225098e+00 1.990525722503662109e-01 -1.142950132489204407e-01 -9.311752319335937500e-01 2.832443416118621826e-01
8.547436523437500000e+01 -3.603367996215820312e+01 1.322695851325988770e+00 1.998555660247802734e-01 -1.144723594188690186e-01 -9.318999052047729492e-01 2.802076637744903564e-01
8.532757568359375000e+01 -3.596210098266601562e+01 1.309458017349243164e+00 2.002339661121368408e-01 -1.146414130926132202e-01 -9.323776960372924805e-01 2.782720923423767090e-01
8.517355346679687500e+01 -3.588676834106445312e+01 1.297249674797058105e+00 2.002170383930206299e-01 -1.148088127374649048e-01 -9.326496124267578125e-01 2.773027420043945312e-01
8.501211547851562500e+01 -3.580803298950195312e+01 1.286076068878173828e+00 1.998481154441833496e-01 -1.149776652455329895e-01 -9.327477812767028809e-01 2.771683335304260254e-01
8.484302520751953125e+01 -3.572642135620117188e+01 1.275874614715576172e+00 1.991805136203765869e-01 -1.151485592126846313e-01 -9.326995015144348145e-01 2.777399718761444092e-01
8.466591644287109375e+01 -3.564269638061523438e+01 1.266509413719177246e+00 1.982747316360473633e-01 -1.153199151158332825e-01 -9.325278997421264648e-01 2.788907289505004883e-01
8.448030090332031250e+01 -3.555797958374023438e+01 1.257740497589111328e+00 1.971963942050933838e-01 -1.154881715774536133e-01 -9.322543144226074219e-01 2.804958522319793701e-01
8.428546905517578125e+01 -3.547398757934570312e+01 1.249182701110839844e+00 1.960134357213973999e-01 -1.156483665108680725e-01 -9.318996667861938477e-01 2.824311256408691406e-01
8.408042907714843750e+01 -3.539345932006835938e+01 1.240203857421875000e+00 1.947946697473526001e-01 -1.157944500446319580e-01 -9.314854741096496582e-01 2.845721840858459473e-01
8.386431121826171875e+01 -3.531964111328125000e+01 1.229819893836975098e+00 1.936083287000656128e-01 -1.159195154905319214e-01 -9.310352802276611328e-01 2.867952585220336914e-01
8.363739776611328125e+01 -3.525327301025390625e+01 1.216586828231811523e+00 1.925208270549774170e-01 -1.160164773464202881e-01 -9.305745363235473633e-01 2.889755368232727051e-01
8.340044403076171875e+01 -3.519422531127929688e+01 1.196909189224243164e+00 1.915959268808364868e-01 -1.160782724618911743e-01 -9.301308393478393555e-01 2.909868657588958740e-01
8.315640258789062500e+01 -3.513534927368164062e+01 1.164088129997253418e+00 1.908944547176361084e-01 -1.160983294248580933e-01 -9.297341704368591309e-01 2.927023172378540039e-01
8.290736389160156250e+01 -3.507143020629882812e+01 1.116334199905395508e+00 1.904745548963546753e-01 -1.160708144307136536e-01 -9.294161796569824219e-01 2.939940690994262695e-01
8.264701080322265625e+01 -3.501591110229492188e+01 1.072941303253173828e+00 1.903911381959915161e-01 -1.159913539886474609e-01 -9.292092323303222656e-01 2.947328686714172363e-01
8.237382507324218750e+01 -3.497322082519531250e+01 1.043892741203308105e+00 1.906976252794265747e-01 -1.158571839332580566e-01 -9.291455745697021484e-01 2.947878837585449219e-01
8.209009552001953125e+01 -3.493822479248046875e+01 1.025892972946166992e+00 1.914463490247726440e-01 -1.156676113605499268e-01 -9.292560815811157227e-01 2.940277159214019775e-01
8.181159210205078125e+01 -3.490414047241210938e+01 1.012985229492187500e+00 1.926903277635574341e-01 -1.154242157936096191e-01 -9.295678734779357910e-01 2.923201322555541992e-01
8.153895568847656250e+01 -3.486756896972656250e+01 1.001771807670593262e+00 1.944851279258728027e-01 -1.151312440633773804e-01 -9.301028847694396973e-01 2.895321846008300781e-01
8.127240753173828125e+01 -3.482747268676757812e+01 9.907775521278381348e-01 1.968905627727508545e-01 -1.147960871458053589e-01 -9.308751225471496582e-01 2.855300009250640869e-01
8.101213836669921875e+01 -3.478351593017578125e+01 9.792834520339965820e-01 1.998951286077499390e-01 -1.142692118883132935e-01 -9.318991899490356445e-01 2.802649736404418945e-01
8.075816345214843750e+01 -3.473580932617187500e+01 9.670898318290710449e-01 2.035745382308959961e-01 -1.140727251768112183e-01 -9.330633282661437988e-01 2.737469375133514404e-01
8.051058959960937500e+01 -3.468483734130859375e+01 9.540063142776489258e-01 2.076818048954010010e-01 -1.137479245662689209e-01 -9.343669414520263672e-01 2.662479877471923828e-01
8.026969909667968750e+01 -3.462985610961914062e+01 9.397332668304443359e-01 2.121654748916625977e-01 -1.134897619485855103e-01 -9.357315301895141602e-01 2.578996121883392334e-01
8.003507995605468750e+01 -3.457302474975585938e+01 9.251574277877807617e-01 2.169213891029357910e-01 -1.133264750242233276e-01 -9.371050596237182617e-01 2.488701641559600830e-01
7.980639648437500000e+01 -3.451576232910156250e+01 9.106890559196472168e-01 2.218404710292816162e-01 -1.132828146219253540e-01 -9.384433627128601074e-01 2.393279224634170532e-01
7.958371734619140625e+01 -3.445796203613281250e+01 8.964697122573852539e-01 2.268081456422805786e-01 -1.133788675069808960e-01 -9.397122859954833984e-01 2.294425219297409058e-01
7.936692810058593750e+01 -3.440018081665039062e+01 8.829223513603210449e-01 2.317038327455520630e-01 -1.136297434568405151e-01 -9.408889412879943848e-01 2.193846702575683594e-01
7.915584564208984375e+01 -3.434327697753906250e+01 8.699462413787841797e-01 2.364013195037841797e-01 -1.140446662902832031e-01 -9.419611692428588867e-01 2.093257755041122437e-01
7.895056152343750000e+01 -3.428688430786132812e+01 8.581445217132568359e-01 2.407692074775695801e-01 -1.146265566349029541e-01 -9.429289102554321289e-01 1.994391232728958130e-01
7.875092315673828125e+01 -3.423178863525390625e+01 8.473400473594665527e-01 2.446719855070114136e-01 -1.153719648718833923e-01 -9.438022971153259277e-01 1.898998916149139404e-01
7.855699920654296875e+01 -3.417794036865234375e+01 8.376843333244323730e-01 2.479713112115859985e-01 -1.162710785865783691e-01 -9.446014165878295898e-01 1.808849871158599854e-01
7.836866760253906250e+01 -3.412575149536132812e+01 8.298785090446472168e-01 2.505267262458801270e-01 -1.173082590103149414e-01 -9.453533887863159180e-01 1.725745648145675659e-01
7.818608856201171875e+01 -3.407510757446289062e+01 8.229485750198364258e-01 2.521975040435791016e-01 -1.184630021452903748e-01 -9.460908770561218262e-01 1.651512384414672852e-01
7.800897216796875000e+01 -3.402688980102539062e+01 8.191528320312500000e-01 2.528437972068786621e-01 -1.197113841772079468e-01 -9.468480348587036133e-01 1.588015258312225342e-01
7.783757781982421875e+01 -3.398073577880859375e+01 8.168975710868835449e-01 2.523281872272491455e-01 -1.210281401872634888e-01 -9.476571679115295410e-01 1.537153273820877075e-01
7.767176818847656250e+01 -3.393722915649414062e+01 8.174419999122619629e-01 2.505165338516235352e-01 -1.223891600966453552e-01 -9.485441446304321289e-01 1.500873416662216187e-01
7.751173400878906250e+01 -3.389632415771484375e+01 8.214300274848937988e-01 2.472805529832839966e-01 -1.237748116254806519e-01 -9.495230317115783691e-01 1.481152176856994629e-01
7.735768127441406250e+01 -3.385745620727539062e+01 8.276305794715881348e-01 2.424987703561782837e-01 -1.251732707023620605e-01 -9.505899548530578613e-01 1.480018794536590576e-01
7.720970153808593750e+01 -3.382089996337890625e+01 8.375994563102722168e-01 2.360602021217346191e-01 -1.265844255685806274e-01 -9.517171978950500488e-01 1.499547958374023438e-01
7.706888580322265625e+01 -3.378654479980468750e+01 8.498772978782653809e-01 2.268709242343902588e-01 -1.215725392103195190e-01 -9.536871314048767090e-01 1.556614041328430176e-01
7.693454742431640625e+01 -3.375375366210937500e+01 8.645403981208801270e-01 2.158768624067306519e-01 -1.155093163251876831e-01 -9.556638598442077637e-01 1.635887026786804199e-01
7.680670928955078125e+01 -3.372240447998046875e+01 8.819757103919982910e-01 2.032607942819595337e-01 -1.085083708167076111e-01 -9.575046896934509277e-01 1.734813451766967773e-01
7.668576049804687500e+01 -3.369201278686523438e+01 9.032952785491943359e-01 1.892082542181015015e-01 -1.006848067045211792e-01 -9.590661525726318359e-01 1.850811094045639038e-01
7.657138824462890625e+01 -3.366231155395507812e+01 9.262194633483886719e-01 1.739097088575363159e-01 -9.215624630451202393e-02 -9.602122902870178223e-01 1.981287747621536255e-01
7.646340942382812500e+01 -3.363328170776367188e+01 9.502685070037841797e-01 1.575619131326675415e-01 -8.304397016763687134e-02 -9.608222246170043945e-01 2.123642116785049438e-01
7.636238861083984375e+01 -3.360409164428710938e+01 9.766772389411926270e-01 1.403687000274658203e-01 -7.347300648689270020e-02 -9.607960581779479980e-01 2.275284528732299805e-01
7.626750946044921875e+01 -3.357524108886718750e+01 1.002877116203308105e+00 1.225413754582405090e-01 -6.357222050428390503e-02 -9.600600004196166992e-01 2.433657497167587280e-01
7.617865753173828125e+01 -3.354675674438476562e+01 1.028861641883850098e+00 1.042981222271919250e-01 -5.347425863146781921e-02 -9.585705399513244629e-01 2.596245110034942627e-01
7.609606933593750000e+01 -3.351779556274414062e+01 1.054539799690246582e+00 8.586293458938598633e-02 -4.331484809517860413e-02 -9.563170671463012695e-01 2.760599851608276367e-01
7.601886749267578125e+01 -3.348978042602539062e+01 1.078780531883239746e+00 6.746502220630645752e-02 -3.323180973529815674e-02 -9.533231258392333984e-01 2.924364209175109863e-01
7.594771575927734375e+01 -3.346105575561523438e+01 1.102034330368041992e+00 4.933628812432289124e-02 -2.336476370692253113e-02 -9.496476054191589355e-01 3.085276484489440918e-01
7.588164520263671875e+01 -3.343363571166992188e+01 1.123596787452697754e+00 3.171058371663093567e-02 -1.385361887514591217e-02 -9.453828930854797363e-01 3.241199254989624023e-01
7.582109069824218750e+01 -3.340639495849609375e+01 1.143527865409851074e+00 1.482168398797512054e-02 -4.838165361434221268e-03 -9.406530857086181641e-01 3.390111625194549561e-01
7.576574707031250000e+01 -3.338005065917968750e+01 1.161831021308898926e+00 -1.098067732527852058e-03 3.542775753885507584e-03 -9.356113076210021973e-01 3.530123531818389893e-01
7.571511077880859375e+01 -3.335585403442382812e+01 1.178458213806152344e+00 -1.581902056932449341e-02 1.115219667553901672e-02 -9.304347038269042969e-01 3.659462034702301025e-01
7.566996765136718750e+01 -3.333190917968750000e+01 1.193287968635559082e+00 -2.911412715911865234e-02 1.785437017679214478e-02 -9.253198504447937012e-01 3.776463866233825684e-01
7.562963867187500000e+01 -3.330997848510742188e+01 1.206564307212829590e+00 -4.076102003455162048e-02 2.351578697562217712e-02 -9.204751253128051758e-01 3.879574835300445557e-01
7.559392547607421875e+01 -3.329064178466796875e+01 1.218411207199096680e+00 -5.053912848234176636e-02 2.800450474023818970e-02 -9.161164164543151855e-01 3.967266678810119629e-01
7.556285095214843750e+01 -3.327395248413085938e+01 1.228900074958801270e+00 -5.823159217834472656e-02 3.118920885026454926e-02 -9.124562144279479980e-01 4.038068354129791260e-01
7.553688049316406250e+01 -3.325885009765625000e+01 1.237794160842895508e+00 -6.368965655565261841e-02 3.298605233430862427e-02 -9.096654653549194336e-01 4.091017842292785645e-01
7.551569366455078125e+01 -3.324625015258789062e+01 1.245304584503173828e+00 -6.703464686870574951e-02 3.349670767784118652e-02 -9.077665805816650391e-01 4.127276837825775146e-01
7.549912261962890625e+01 -3.323659896850585938e+01 1.251508116722106934e+00 -6.845289468765258789e-02 3.286906704306602478e-02 -9.067193865776062012e-01 4.148420989513397217e-01
7.548717498779296875e+01 -3.322988510131835938e+01 1.256354928016662598e+00 -6.812936812639236450e-02 3.124978765845298767e-02 -9.064576625823974609e-01 4.155916273593902588e-01
7.547988128662109375e+01 -3.322605514526367188e+01 1.259792447090148926e+00 -6.624819338321685791e-02 2.878504060208797455e-02 -9.068973064422607422e-01 4.151141345500946045e-01
7.547727203369140625e+01 -3.322509765625000000e+01 1.261766314506530762e+00 -6.299148499965667725e-02 2.562031522393226624e-02 -9.079418778419494629e-01 4.135422706604003906e-01
7.547090911865234375e+01 -3.322239303588867188e+01 1.265312433242797852e+00 -5.854196473956108093e-02 2.190138585865497589e-02 -9.094876050949096680e-01 4.110051393508911133e-01
7.546084594726562500e+01 -3.321791076660156250e+01 1.270374059677124023e+00 -5.308184400200843811e-02 1.777361333370208740e-02 -9.114290475845336914e-01 4.076317250728607178e-01
7.544706726074218750e+01 -3.321161270141601562e+01 1.276894450187683105e+00 -4.679406434297561646e-02 1.338282041251659393e-02 -9.136615991592407227e-01 4.035512804985046387e-01
7.542959594726562500e+01 -3.320347976684570312e+01 1.284816265106201172e+00 -3.986213728785514832e-02 8.875234983861446381e-03 -9.160863757133483887e-01 3.988958299160003662e-01
7.540843200683593750e+01 -3.319346237182617188e+01 1.294082641601562500e+00 -3.247024491429328918e-02 4.397193901240825653e-03 -9.186115264892578125e-01 3.938010036945343018e-01
7.538397979736328125e+01 -3.318071365356445312e+01 1.304309606552124023e+00 -2.480272576212882996e-02 9.551458060741424561e-05 -9.211544990539550781e-01 3.884059190750122070e-01
7.535632324218750000e+01 -3.316509246826171875e+01 1.315402746200561523e+00 -1.704500988125801086e-02 -3.883102210238575935e-03 -9.236431121826171875e-01 3.828549087047576904e-01
7.532514190673828125e+01 -3.314727783203125000e+01 1.327583551406860352e+00 -9.382687509059906006e-03 -7.391978055238723755e-03 -9.260153770446777344e-01 3.772966861724853516e-01
7.529050445556640625e+01 -3.312725067138671875e+01 1.340800166130065918e+00 -2.001593587920069695e-03 -1.028442475944757462e-02 -9.282200932502746582e-01 3.718838393688201904e-01
7.525242614746093750e+01 -3.310498046875000000e+01 1.355002403259277344e+00 4.913229495286941528e-03 -1.241374108940362930e-02 -9.302149415016174316e-01 3.667721748352050781e-01
7.521183776855468750e+01 -3.307868576049804688e+01 1.369226098060607910e+00 1.117629185318946838e-02 -1.363370474427938461e-02 -9.319645762443542480e-01 3.621202409267425537e-01
7.516853332519531250e+01 -3.304884719848632812e+01 1.383689522743225098e+00 1.660278625786304474e-02 -1.379807759076356888e-02 -9.334381818771362305e-01 3.580881357192993164e-01
7.512203216552734375e+01 -3.301646041870117188e+01 1.398872017860412598e+00 2.100843749940395355e-02 -1.276056282222270966e-02 -9.346055984497070312e-01 3.548355400562286377e-01
7.507274627685546875e+01 -3.298088455200195312e+01 1.414331078529357910e+00 2.420910634100437164e-02 -1.037475839257240295e-02 -9.354333281517028809e-01 3.525205850601196289e-01
7.502209472656250000e+01 -3.293960189819335938e+01 1.428430199623107910e+00 2.606690488755702972e-02 -6.542794872075319290e-03 -9.358922839164733887e-01 3.512594997882843018e-01
7.496845245361328125e+01 -3.289548873901367188e+01 1.443049907684326172e+00 2.662815712392330170e-02 -1.362199895083904266e-03 -9.359927773475646973e-01 3.510079085826873779e-01
7.491233062744140625e+01 -3.284768295288085938e+01 1.457415103912353516e+00 2.598485723137855530e-02 5.020561162382364273e-03 -9.357461929321289062e-01 3.516795337200164795e-01
7.485448455810546875e+01 -3.279481887817382812e+01 1.470272779464721680e+00 2.422909066081047058e-02 1.245895307511091232e-02 -9.351571798324584961e-01 3.531836569309234619e-01
7.479367828369140625e+01 -3.273897552490234375e+01 1.483623623847961426e+00 2.145291492342948914e-02 2.080561965703964233e-02 -9.342255592346191406e-01 3.554285168647766113e-01
7.473084259033203125e+01 -3.267848205566406250e+01 1.495029211044311523e+00 1.774845831096172333e-02 2.991386130452156067e-02 -9.329499006271362305e-01 3.583218157291412354e-01
7.466536712646484375e+01 -3.261434173583984375e+01 1.506005167961120605e+00 1.320841629058122635e-02 3.963513672351837158e-02 -9.313303828239440918e-01 3.617712855339050293e-01
7.459713745117187500e+01 -3.254655838012695312e+01 1.515812993049621582e+00 7.925854995846748352e-03 4.982142895460128784e-02 -9.293702244758605957e-01 3.656852245330810547e-01
7.452626037597656250e+01 -3.247490692138671875e+01 1.523810386657714844e+00 1.994267106056213379e-03 6.032405793666839600e-02 -9.270790219306945801e-01 3.699750006198883057e-01
7.445228576660156250e+01 -3.240004730224609375e+01 1.530914902687072754e+00 -4.492536187171936035e-03 7.099442183971405029e-02 -9.244725704193115234e-01 3.745531141757965088e-01
7.437511444091796875e+01 -3.232186126708984375e+01 1.535233736038208008e+00 -1.144026964902877808e-02 8.168382197618484497e-02 -9.215753078460693359e-01 3.793363571166992188e-01
7.429450988769531250e+01 -3.224084472656250000e+01 1.538307428359985352e+00 -1.875450089573860168e-02 9.224404394626617432e-02 -9.184201955795288086e-01 3.842442035675048828e-01
7.420999908447265625e+01 -3.215737152099609375e+01 1.538114547729492188e+00 -2.634087577462196350e-02 1.025275588035583496e-01 -9.150506854057312012e-01 3.891997933387756348e-01
7.412139129638671875e+01 -3.207190322875976562e+01 1.535508394241333008e+00 -3.410532698035240173e-02 1.123880296945571899e-01 -9.115188717842102051e-01 3.941307365894317627e-01
7.403801727294921875e+01 -3.199354743957519531e+01 1.530101299285888672e+00 -4.195396974682807922e-02 1.216801181435585022e-01 -9.078863263130187988e-01 3.989690542221069336e-01
7.395972442626953125e+01 -3.192276763916015625e+01 1.522308945655822754e+00 -4.979368671774864197e-02 1.302593946456909180e-01 -9.042230844497680664e-01 4.036504030227661133e-01
7.388681793212890625e+01 -3.185922050476074219e+01 1.512785553932189941e+00 -5.753212422132492065e-02 1.379838436841964722e-01 -9.006072282791137695e-01 4.081141650676727295e-01
7.381994628906250000e+01 -3.180224037170410156e+01 1.503109097480773926e+00 -6.507769227027893066e-02 1.447117924690246582e-01 -8.971229791641235352e-01 4.123028516769409180e-01
7.375795745849609375e+01 -3.175368881225585938e+01 1.491055250167846680e+00 -7.233980298042297363e-02 1.503032445907592773e-01 -8.938595056533813477e-01 4.161622822284698486e-01
7.370281219482421875e+01 -3.171054077148437500e+01 1.480437636375427246e+00 -7.922899723052978516e-02 1.546188890933990479e-01 -8.909089565277099609e-01 4.196390509605407715e-01
7.365474700927734375e+01 -3.167352485656738281e+01 1.472053170204162598e+00 -8.331897854804992676e-02 1.526316702365875244e-01 -8.892073631286621094e-01 4.231685996055603027e-01
7.361273956298828125e+01 -3.164339447021484375e+01 1.462830185890197754e+00 -8.746301382780075073e-02 1.505790352821350098e-01 -8.876847624778747559e-01 4.262531399726867676e-01
7.357770538330078125e+01 -3.161827087402343750e+01 1.455144643783569336e+00 -9.160777926445007324e-02 1.484912037849426270e-01 -8.863279819488525391e-01 4.289301037788391113e-01
7.354967498779296875e+01 -3.159815025329589844e+01 1.448996543884277344e+00 -9.569453448057174683e-02 1.464019715785980225e-01 -8.851228952407836914e-01 4.312381446361541748e-01
7.352864074707031250e+01 -3.158302116394042969e+01 1.444386601448059082e+00 -9.966149181127548218e-02 1.443474739789962769e-01 -8.840556144714355469e-01 4.332172274589538574e-01
7.350275421142578125e+01 -3.156457710266113281e+01 1.438729166984558105e+00 -1.034437716007232666e-01 1.423657089471817017e-01 -8.831104636192321777e-01 4.349105954170227051e-01
7.347178649902343750e+01 -3.154346275329589844e+01 1.431096792221069336e+00 -1.069740504026412964e-01 1.404962837696075439e-01 -8.822722434997558594e-01 4.363633394241333008e-01
7.343576812744140625e+01 -3.151962089538574219e+01 1.421563744544982910e+00 -1.101837083697319031e-01 1.387792974710464478e-01 -8.815240859985351562e-01 4.376245141029357910e-01
7.339485931396484375e+01 -3.149258995056152344e+01 1.410740375518798828e+00 -1.130021512508392334e-01 1.372555345296859741e-01 -8.808480501174926758e-01 4.387459456920623779e-01
7.334906768798828125e+01 -3.146236801147460938e+01 1.398626685142517090e+00 -1.153585389256477356e-01 1.359654366970062256e-01 -8.802252411842346191e-01 4.397831559181213379e-01
7.329837036132812500e+01 -3.142933273315429688e+01 1.384501338005065918e+00 -1.171812340617179871e-01 1.349492818117141724e-01 -8.796351552009582520e-01 4.407937824726104736e-01
7.324268341064453125e+01 -3.139394950866699219e+01 1.367507338523864746e+00 -1.183983236551284790e-01 1.342468857765197754e-01 -8.790556788444519043e-01 4.418376982212066650e-01
7.318214416503906250e+01 -3.135543823242187500e+01 1.349017858505249023e+00 -1.189370751380920410e-01 1.338981389999389648e-01 -8.784630298614501953e-01 4.429762065410614014e-01
7.311687469482421875e+01 -3.131404495239257812e+01 1.328146338462829590e+00 -1.187254935503005981e-01 1.339421719312667847e-01 -8.778309226036071777e-01 4.442708194255828857e-01
7.304696655273437500e+01 -3.126993370056152344e+01 1.304280996322631836e+00 -1.176901459693908691e-01 1.344191431999206543e-01 -8.771310448646545410e-01 4.457819461822509766e-01
7.297235870361328125e+01 -3.122271728515625000e+01 1.278936743736267090e+00 -1.153041869401931763e-01 1.344806700944900513e-01 -8.764694333076477051e-01 4.476839900016784668e-01
7.289388275146484375e+01 -3.117204856872558594e+01 1.249779582023620605e+00 -1.120261996984481812e-01 1.352212727069854736e-01 -8.756529092788696289e-01 4.498859047889709473e-01
7.281066131591796875e+01 -3.111814117431640625e+01 1.218641996383666992e+00 -1.079896986484527588e-01 1.370881795883178711e-01 -8.745821714401245117e-01 4.523835182189941406e-01
7.272445678710937500e+01 -3.105932807922363281e+01 1.183761000633239746e+00 -1.031751260161399841e-01 1.402273178100585938e-01 -8.731982707977294922e-01 4.552099704742431641e-01
7.263437652587890625e+01 -3.099619865417480469e+01 1.146447062492370605e+00 -9.756235778331756592e-02 1.447835266590118408e-01 -8.714323639869689941e-01 4.583938419818878174e-01
7.254202270507812500e+01 -3.092718124389648438e+01 1.106664419174194336e+00 -9.004329144954681396e-02 1.487667411565780640e-01 -8.695825338363647461e-01 4.621545374393463135e-01
7.244865417480468750e+01 -3.085041999816894531e+01 1.064639925956726074e+00 -8.137568831443786621e-02 1.534030586481094360e-01 -8.674545288085937500e-01 4.662275612354278564e-01
7.235416412353515625e+01 -3.076625251770019531e+01 1.020515680313110352e+00 -7.169400155544281006e-02 1.586288660764694214e-01 -8.650718927383422852e-01 4.704758822917938232e-01
7.225972747802734375e+01 -3.067359733581542969e+01 9.743975400924682617e-01 -6.113493815064430237e-02 1.643736809492111206e-01 -8.624598383903503418e-01 4.747700989246368408e-01
7.216670989990234375e+01 -3.057145500183105469e+01 9.265600442886352539e-01 -4.983751103281974792e-02 1.705597937107086182e-01 -8.596469163894653320e-01 4.789913296699523926e-01
7.207663726806640625e+01 -3.045890235900878906e+01 8.774804472923278809e-01 -3.794389218091964722e-02 1.771019995212554932e-01 -8.566638231277465820e-01 4.830342531204223633e-01
7.199131774902343750e+01 -3.033508682250976562e+01 8.278906345367431641e-01 -2.559858188033103943e-02 1.839088499546051025e-01 -8.535459041595458984e-01 4.868076443672180176e-01
7.191287994384765625e+01 -3.019921875000000000e+01 7.788732647895812988e-01 -1.294859498739242554e-02 1.908835768699645996e-01 -8.503318428993225098e-01 4.902361929416656494e-01
7.184397125244140625e+01 -3.005058288574218750e+01 7.320025563240051270e-01 -1.432225108146667480e-04 1.979259252548217773e-01 -8.470644950866699219e-01 4.932616055011749268e-01
7.179106140136718750e+01 -2.988731384277343750e+01 6.911035180091857910e-01 1.266670972108840942e-02 2.049339860677719116e-01 -8.437905907630920410e-01 4.958416521549224854e-01
7.174919128417968750e+01 -2.971308326721191406e+01 6.562975645065307617e-01 2.532903850078582764e-02 2.118059396743774414e-01 -8.405610322952270508e-01 4.979495406150817871e-01
7.170660400390625000e+01 -2.953232383728027344e+01 6.242114305496215820e-01 3.769147396087646484e-02 2.184422910213470459e-01 -8.374298810958862305e-01 4.995733201503753662e-01
7.165343475341796875e+01 -2.934853172302246094e+01 5.907409787178039551e-01 4.960153251886367798e-02 2.247470617294311523e-01 -8.344545364379882812e-01 5.007135868072509766e-01
7.158786010742187500e+01 -2.916310691833496094e+01 5.542608499526977539e-01 6.090828031301498413e-02 2.306293547153472900e-01 -8.316959142684936523e-01 5.013802051544189453e-01
7.151093292236328125e+01 -2.897635269165039062e+01 5.144994854927062988e-01 7.146265357732772827e-02 2.360043376684188843e-01 -8.292176127433776855e-01 5.015907883644104004e-01
7.142459869384765625e+01 -2.878780364990234375e+01 4.718939065933227539e-01 8.111906051635742188e-02 2.407933175563812256e-01 -8.270860314369201660e-01 5.013649463653564453e-01
7.133056640625000000e+01 -2.859679222106933594e+01 4.270642101764678955e-01 8.973710983991622925e-02 2.449243813753128052e-01 -8.253713250160217285e-01 5.007208585739135742e-01
7.122948455810546875e+01 -2.840309906005859375e+01 3.803137242794036865e-01 9.718353301286697388e-02 2.483314871788024902e-01 -8.241468071937561035e-01 4.996687471866607666e-01
7.112131500244140625e+01 -2.820681381225585938e+01 3.318310379981994629e-01 1.033338531851768494e-01 2.509542405605316162e-01 -8.234891891479492188e-01 4.982063174247741699e-01
7.100504302978515625e+01 -2.800863265991210938e+01 2.817877233028411865e-01 1.080766096711158752e-01 2.527373135089874268e-01 -8.234801888465881348e-01 4.963099360466003418e-01
7.088051605224609375e+01 -2.781074333190917969e+01 2.334619015455245972e-01 1.183779388666152954e-01 2.418977618217468262e-01 -8.277065157890319824e-01 4.923150837421417236e-01
7.074548339843750000e+01 -2.761293220520019531e+01 1.846160888671875000e-01 1.282804161310195923e-01 2.284080684185028076e-01 -8.329257965087890625e-01 4.874510765075683594e-01
7.059369659423828125e+01 -2.741995048522949219e+01 1.361450105905532837e-01 1.377505362033843994e-01 2.125748097896575928e-01 -8.388814330101013184e-01 4.817827641963958740e-01
7.041372680664062500e+01 -2.724327659606933594e+01 9.035278111696243286e-02 1.467545032501220703e-01 1.947093158960342407e-01 -8.453204035758972168e-01 4.753786027431488037e-01
7.018339538574218750e+01 -2.713115692138671875e+01 5.725891143083572388e-02 1.552594304084777832e-01 1.751300990581512451e-01 -8.520003557205200195e-01 4.683153629302978516e-01
6.991982269287109375e+01 -2.710309791564941406e+01 5.479064956307411194e-02 1.632350236177444458e-01 1.541645377874374390e-01 -8.586965799331665039e-01 4.606819152832031250e-01
6.965246582031250000e+01 -2.707881355285644531e+01 5.965820327401161194e-02 1.706545054912567139e-01 1.321478635072708130e-01 -8.652075529098510742e-01 4.525813758373260498e-01
6.938239288330078125e+01 -2.705243110656738281e+01 6.575316935777664185e-02 1.774958521127700806e-01 1.094235107302665710e-01 -8.713596463203430176e-01 4.441330432891845703e-01
6.910994720458984375e+01 -2.702157974243164062e+01 7.244262844324111938e-02 1.837429255247116089e-01 8.634077012538909912e-02 -8.770104646682739258e-01 4.354727268218994141e-01
6.883471679687500000e+01 -2.699010848999023438e+01 7.912719249725341797e-02 1.893854588270187378e-01 6.325420737266540527e-02 -8.820505142211914062e-01 4.267539978027343750e-01
6.855690765380859375e+01 -2.695670890808105469e+01 8.562500029802322388e-02 1.944199800491333008e-01 4.052038863301277161e-02 -8.864047527313232422e-01 4.181453883647918701e-01
6.827650451660156250e+01 -2.692220687866210938e+01 9.192810207605361938e-02 1.988493651151657104e-01 1.849609240889549255e-02 -8.900312781333923340e-01 4.098305702209472656e-01
6.799352264404296875e+01 -2.688698959350585938e+01 9.799255430698394775e-02 2.026829570531845093e-01 -2.463579177856445312e-03 -8.929192423820495605e-01 4.020059108734130859e-01
6.770814514160156250e+01 -2.685020446777343750e+01 1.032562255859375000e-01 2.059352397918701172e-01 -2.200723439455032349e-02 -8.950848579406738281e-01 3.948790729045867920e-01
6.742037963867187500e+01 -2.681267929077148438e+01 1.081103459000587463e-01 2.086255103349685669e-01 -3.978814184665679932e-02 -8.965669274330139160e-01 3.886643648147583008e-01
6.713029479980468750e+01 -2.677446937561035156e+01 1.125042736530303955e-01 2.107759416103363037e-01 -5.546483397483825684e-02 -8.974196314811706543e-01 3.835819959640502930e-01
6.683802795410156250e+01 -2.673513412475585938e+01 1.155743375420570374e-01 2.124104499816894531e-01 -6.870044767856597900e-02 -8.977043628692626953e-01 3.798539042472839355e-01
6.654362487792968750e+01 -2.669511222839355469e+01 1.179650872945785522e-01 2.135522365570068359e-01 -7.916262000799179077e-02 -8.974807858467102051e-01 3.776995837688446045e-01
6.624715423583984375e+01 -2.665447998046875000e+01 1.196984872221946716e-01 2.142221927642822266e-01 -8.652046322822570801e-02 -8.967951536178588867e-01 3.773347139358520508e-01
6.595811462402343750e+01 -2.661430168151855469e+01 1.195794641971588135e-01 2.144359648227691650e-01 -9.044393151998519897e-02 -8.956691026687622070e-01 3.789643645286560059e-01
6.567659759521484375e+01 -2.657476425170898438e+01 1.183013916015625000e-01 2.139076888561248779e-01 -9.000585973262786865e-02 -8.941711187362670898e-01 3.828843832015991211e-01
6.540232086181640625e+01 -2.653592681884765625e+01 1.166857853531837463e-01 2.135652899742126465e-01 -8.750183880329132080e-02 -8.920986652374267578e-01 3.884498178958892822e-01
6.513547515869140625e+01 -2.649754142761230469e+01 1.130450442433357239e-01 2.125335931777954102e-01 -8.112563937902450562e-02 -8.896505236625671387e-01 3.959420025348663330e-01
6.487590026855468750e+01 -2.645973968505859375e+01 1.083532720804214478e-01 2.111314833164215088e-01 -7.187233120203018188e-02 -8.867161273956298828e-01 4.049595594406127930e-01
6.462347412109375000e+01 -2.642261505126953125e+01 1.031958013772964478e-01 2.093745470046997070e-01 -6.003701686859130859e-02 -8.832418918609619141e-01 4.152609109878540039e-01
6.437814331054687500e+01 -2.638594436645507812e+01 9.661437571048736572e-02 2.072775959968566895e-01 -4.591731727123260498e-02 -8.791701197624206543e-01 4.265999495983123779e-01
6.413983154296875000e+01 -2.634969139099121094e+01 8.861754834651947021e-02 2.048572152853012085e-01 -2.981467545032501221e-02 -8.744485378265380859e-01 4.387304484844207764e-01
6.390840148925781250e+01 -2.631408119201660156e+01 8.040527254343032837e-02 2.021331191062927246e-01 -1.203525066375732422e-02 -8.690379261970520020e-01 4.514094591140747070e-01
6.368377685546875000e+01 -2.627903556823730469e+01 7.166747748851776123e-02 1.991300731897354126e-01 7.110111415386199951e-03 -8.629187941551208496e-01 4.644003510475158691e-01
6.346598434448242188e+01 -2.624421882629394531e+01 6.069335713982582092e-02 1.958791613578796387e-01 2.730655670166015625e-02 -8.560966849327087402e-01 4.774769246578216553e-01
6.325484085083007812e+01 -2.621009635925292969e+01 4.980041459202766418e-02 1.924180388450622559e-01 4.823622107505798340e-02 -8.486056327819824219e-01 4.904254376888275146e-01
6.305027389526367188e+01 -2.617671012878417969e+01 3.906371816992759705e-02 1.887918114662170410e-01 6.957994401454925537e-02 -8.405114412307739258e-01 5.030476450920104980e-01
6.285238647460937500e+01 -2.614368438720703125e+01 2.635436877608299255e-02 1.850531399250030518e-01 9.101943671703338623e-02 -8.319121003150939941e-01 5.151630640029907227e-01
6.266106414794921875e+01 -2.611136245727539062e+01 1.315612718462944031e-02 1.812616735696792603e-01 1.122391000390052795e-01 -8.229384422302246094e-01 5.266107916831970215e-01
6.247621917724609375e+01 -2.607999038696289062e+01 4.302978341002017260e-04 1.774840056896209717e-01 1.329281926155090332e-01 -8.137524724006652832e-01 5.372489094734191895e-01
6.229789352416992188e+01 -2.604952621459960938e+01 -1.223266590386629105e-02 1.737928837537765503e-01 1.527824103832244873e-01 -8.045447468757629395e-01 5.469563007354736328e-01
6.212624740600585938e+01 -2.601960563659667969e+01 -2.637756243348121643e-02 1.702660620212554932e-01 1.715053617954254150e-01 -7.955315113067626953e-01 5.556302070617675781e-01
6.196111297607421875e+01 -2.599094390869140625e+01 -3.978820890188217163e-02 1.669855713844299316e-01 1.888088583946228027e-01 -7.869498729705810547e-01 5.631847381591796875e-01
6.180250930786132812e+01 -2.596363449096679688e+01 -5.242553725838661194e-02 1.640362888574600220e-01 2.044134140014648438e-01 -7.790526151657104492e-01 5.695474743843078613e-01
6.165058898925781250e+01 -2.593737411499023438e+01 -6.522583216428756714e-02 1.615050584077835083e-01 2.180460244417190552e-01 -7.721022367477416992e-01 5.746565461158752441e-01
6.150534057617187500e+01 -2.591246032714843750e+01 -7.832275331020355225e-02 1.548772305250167847e-01 2.264171540737152100e-01 -7.678577899932861328e-01 5.789151787757873535e-01
6.136673736572265625e+01 -2.588912963867187500e+01 -9.053283184766769409e-02 1.494879871606826782e-01 2.332002818584442139e-01 -7.646503448486328125e-01 5.818769335746765137e-01
6.123481369018554688e+01 -2.586733627319335938e+01 -1.018804907798767090e-01 1.452924013137817383e-01 2.385257035493850708e-01 -7.624347209930419922e-01 5.836856961250305176e-01
6.110973358154296875e+01 -2.584659576416015625e+01 -1.130822747945785522e-01 1.422341763973236084e-01 2.425078749656677246e-01 -7.611564993858337402e-01 5.844656229019165039e-01
6.099152374267578125e+01 -2.582688903808593750e+01 -1.241332963109016418e-01 1.402488797903060913e-01 2.452490031719207764e-01 -7.607551217079162598e-01 5.843241214752197266e-01
6.088003921508789062e+01 -2.580867576599121094e+01 -1.343109160661697388e-01 1.392654478549957275e-01 2.468412518501281738e-01 -7.611646056175231934e-01 5.833548903465270996e-01
6.077529144287109375e+01 -2.579191589355468750e+01 -1.436370760202407837e-01 1.392076462507247925e-01 2.473694682121276855e-01 -7.623156905174255371e-01 5.816393494606018066e-01
6.067727279663085938e+01 -2.577658081054687500e+01 -1.521307379007339478e-01 1.399952173233032227e-01 2.469132244586944580e-01 -7.641361951828002930e-01 5.792503356933593750e-01
6.058620834350585938e+01 -2.576179122924804688e+01 -1.605468690395355225e-01 1.415455043315887451e-01 2.455483227968215942e-01 -7.665532827377319336e-01 5.762524604797363281e-01
6.050186920166015625e+01 -2.574837303161621094e+01 -1.681677252054214478e-01 1.437732875347137451e-01 2.433489859104156494e-01 -7.694920301437377930e-01 5.727062821388244629e-01
6.042422866821289062e+01 -2.573634910583496094e+01 -1.749584972858428955e-01 1.465929746627807617e-01 2.403889447450637817e-01 -7.728778719902038574e-01 5.686681866645812988e-01
6.035329055786132812e+01 -2.572569847106933594e+01 -1.809381097555160522e-01 1.499179452657699585e-01 2.367419302463531494e-01 -7.766357660293579102e-01 5.641939043998718262e-01
6.028903198242187500e+01 -2.571638679504394531e+01 -1.861279308795928955e-01 1.536625325679779053e-01 2.324834316968917847e-01 -7.806919217109680176e-01 5.593383312225341797e-01
6.023145294189453125e+01 -2.570837783813476562e+01 -1.905474811792373657e-01 1.577414423227310181e-01 2.276915758848190308e-01 -7.849729061126708984e-01 5.541585683822631836e-01
6.018068313598632812e+01 -2.570110321044921875e+01 -1.944067329168319702e-01 1.620713174343109131e-01 2.224471718072891235e-01 -7.894073128700256348e-01 5.487131476402282715e-01
6.013658142089843750e+01 -2.569503784179687500e+01 -1.975494325160980225e-01 1.665706634521484375e-01 2.168346792459487915e-01 -7.939251661300659180e-01 5.430651307106018066e-01
6.009914398193359375e+01 -2.569027519226074219e+01 -1.999554336071014404e-01 1.711604893207550049e-01 2.109425663948059082e-01 -7.984590530395507812e-01 5.372806191444396973e-01
6.006832504272460938e+01 -2.568687438964843750e+01 -2.017059326171875000e-01 1.733807027339935303e-01 2.034321725368499756e-01 -8.036931753158569336e-01 5.316312313079833984e-01
6.004417037963867188e+01 -2.568471145629882812e+01 -2.027667164802551270e-01 1.749664098024368286e-01 1.955145001411437988e-01 -8.089650273323059082e-01 5.260574817657470703e-01
6.002669906616210938e+01 -2.568373680114746094e+01 -2.031457424163818359e-01 1.764053255319595337e-01 1.876261532306671143e-01 -8.140380382537841797e-01 5.205954909324645996e-01
6.001592636108398438e+01 -2.568392181396484375e+01 -2.028637677431106567e-01 1.776716709136962891e-01 1.798755228519439697e-01 -8.188529014587402344e-01 5.153225660324096680e-01
6.001186370849609375e+01 -2.568525123596191406e+01 -2.019287049770355225e-01 1.787645220756530762e-01 1.723147481679916382e-01 -8.233746886253356934e-01 5.102989077568054199e-01
6.000166702270507812e+01 -2.568528175354003906e+01 -2.016387879848480225e-01 1.796897202730178833e-01 1.649817675352096558e-01 -8.275756835937500000e-01 5.055799484252929688e-01
5.998534011840820312e+01 -2.568400573730468750e+01 -2.020001113414764404e-01 1.804536581039428711e-01 1.579146832227706909e-01 -8.314297199249267578e-01 5.012225508689880371e-01
5.996290969848632812e+01 -2.568140792846679688e+01 -2.030175775289535522e-01 1.810625344514846802e-01 1.511520892381668091e-01 -8.349118828773498535e-01 4.972842633724212646e-01
5.993437957763671875e+01 -2.567747688293457031e+01 -2.046978771686553955e-01 1.815233677625656128e-01 1.447318047285079956e-01 -8.379982113838195801e-01 4.938228726387023926e-01
5.989976501464843750e+01 -2.567220115661621094e+01 -2.070452868938446045e-01 1.818430274724960327e-01 1.386922150850296021e-01 -8.406656384468078613e-01 4.908958971500396729e-01
5.985908126831054688e+01 -2.566557502746582031e+01 -2.100671380758285522e-01 1.820280700922012329e-01 1.330711543560028076e-01 -8.428910374641418457e-01 4.885616302490234375e-01
5.981235885620117188e+01 -2.565753936767578125e+01 -2.137658596038818359e-01 1.820855736732482910e-01 1.279064416885375977e-01 -8.446510434150695801e-01 4.868771433830261230e-01
5.975975418090820312e+01 -2.564725494384765625e+01 -2.180853188037872314e-01 1.820219606161117554e-01 1.232351884245872498e-01 -8.459213376045227051e-01 4.858993589878082275e-01
5.970113754272460938e+01 -2.563548278808593750e+01 -2.230883687734603882e-01 1.818436533212661743e-01 1.190944761037826538e-01 -8.466761112213134766e-01 4.856838285923004150e-01
5.963653182983398438e+01 -2.562220001220703125e+01 -2.287811189889907837e-01 1.815562546253204346e-01 1.155207753181457520e-01 -8.468876481056213379e-01 4.862855374813079834e-01
5.956592559814453125e+01 -2.560739517211914062e+01 -2.351684570312500000e-01 1.811650246381759644e-01 1.125501319766044617e-01 -8.465248942375183105e-01 4.877574443817138672e-01
5.948934555053710938e+01 -2.559106445312500000e+01 -2.422564625740051270e-01 1.806742101907730103e-01 1.102177053689956665e-01 -8.455538153648376465e-01 4.901505708694458008e-01
5.940700912475585938e+01 -2.557190704345703125e+01 -2.495074421167373657e-01 1.800874620676040649e-01 1.085582226514816284e-01 -8.439360260963439941e-01 4.935134351253509521e-01
5.931883621215820312e+01 -2.555042266845703125e+01 -2.571411132812500000e-01 1.794070899486541748e-01 1.076053753495216370e-01 -8.416280150413513184e-01 4.978919327259063721e-01
5.922472000122070312e+01 -2.552721595764160156e+01 -2.654284536838531494e-01 1.786343604326248169e-01 1.073918268084526062e-01 -8.385804891586303711e-01 5.033284425735473633e-01
5.912482452392578125e+01 -2.550135421752929688e+01 -2.737084925174713135e-01 1.777689903974533081e-01 1.079492196440696716e-01 -8.347374200820922852e-01 5.098612308502197266e-01
5.901939392089843750e+01 -2.547142028808593750e+01 -2.809674143791198730e-01 1.768092513084411621e-01 1.093078851699829102e-01 -8.300359249114990234e-01 5.175237059593200684e-01
5.890803146362304688e+01 -2.543951034545898438e+01 -2.887512147426605225e-01 1.757513284683227539e-01 1.114962473511695862e-01 -8.244040012359619141e-01 5.263440608978271484e-01
5.879100418090820312e+01 -2.540414237976074219e+01 -2.952569425106048584e-01 1.745880395174026489e-01 1.145243644714355469e-01 -8.177824616432189941e-01 5.363160967826843262e-01
5.866805648803710938e+01 -2.536640548706054688e+01 -3.017901480197906494e-01 1.733029931783676147e-01 1.183344051241874695e-01 -8.101897835731506348e-01 5.473166108131408691e-01
5.853876876831054688e+01 -2.532756805419921875e+01 -3.073925673961639404e-01 1.718784570693969727e-01 1.228505596518516541e-01 -8.016660809516906738e-01 5.591931939125061035e-01
5.840292739868164062e+01 -2.528859519958496094e+01 -3.131219446659088135e-01 1.702966690063476562e-01 1.279978752136230469e-01 -7.922544479370117188e-01 5.717940330505371094e-01
5.825996398925781250e+01 -2.525174522399902344e+01 -3.191033899784088135e-01 1.685416996479034424e-01 1.337001472711563110e-01 -7.820038795471191406e-01 5.849684476852416992e-01
5.810873031616210938e+01 -2.522481155395507812e+01 -3.273931741714477539e-01 1.665986478328704834e-01 1.398820281028747559e-01 -7.709696292877197266e-01 5.985682010650634766e-01
5.795004653930664062e+01 -2.521199607849121094e+01 -3.397607207298278809e-01 1.644541770219802856e-01 1.464685946702957153e-01 -7.592148780822753906e-01 6.124496459960937500e-01
5.778588867187500000e+01 -2.521937751770019531e+01 -3.582958877086639404e-01 1.620978116989135742e-01 1.533851772546768188e-01 -7.468121051788330078e-01 6.264733076095581055e-01
5.761945724487304688e+01 -2.524969100952148438e+01 -3.842303454875946045e-01 1.595199555158615112e-01 1.605589687824249268e-01 -7.338428497314453125e-01 6.405068039894104004e-01
5.745318222045898438e+01 -2.530105209350585938e+01 -4.173425137996673584e-01 1.567146778106689453e-01 1.679176241159439087e-01 -7.203990221023559570e-01 6.544229388236999512e-01
5.728714370727539062e+01 -2.536878395080566406e+01 -4.562493860721588135e-01 1.536771506071090698e-01 1.753917485475540161e-01 -7.065818309783935547e-01 6.681042909622192383e-01
5.712104797363281250e+01 -2.544973564147949219e+01 -4.998370110988616943e-01 1.504058986902236938e-01 1.829127669334411621e-01 -6.925028562545776367e-01 6.814401745796203613e-01
5.695518875122070312e+01 -2.554275894165039062e+01 -5.476574301719665527e-01 1.469014436006546021e-01 1.904151290655136108e-01 -6.782829761505126953e-01 6.943299770355224609e-01
5.678701019287109375e+01 -2.564344215393066406e+01 -5.983282327651977539e-01 1.431661099195480347e-01 1.978361904621124268e-01 -6.640517115592956543e-01 7.066820859909057617e-01
5.661623382568359375e+01 -2.575131797790527344e+01 -6.516912579536437988e-01 1.392048001289367676e-01 2.051155120134353638e-01 -6.499469280242919922e-01 7.184140682220458984e-01
5.644386672973632812e+01 -2.586746788024902344e+01 -7.080364823341369629e-01 1.350241601467132568e-01 2.121956199407577515e-01 -6.361132860183715820e-01 7.294527888298034668e-01
5.626810455322265625e+01 -2.598945808410644531e+01 -7.666326761245727539e-01 1.306316703557968140e-01 2.190222889184951782e-01 -6.227021217346191406e-01 7.397342324256896973e-01
5.608871841430664062e+01 -2.611698722839355469e+01 -8.273815512657165527e-01 1.260367333889007568e-01 2.255439162254333496e-01 -6.098691821098327637e-01 7.492023706436157227e-01
5.590601348876953125e+01 -2.625038528442382812e+01 -8.903729319572448730e-01 1.212494224309921265e-01 2.317116856575012207e-01 -5.977745652198791504e-01 7.578085660934448242e-01
5.571908187866210938e+01 -2.638854408264160156e+01 -9.552782773971557617e-01 1.162799149751663208e-01 2.374787032604217529e-01 -5.865809917449951172e-01 7.655100226402282715e-01
5.557972717285156250e+01 -2.649124526977539062e+01 -1.004026412963867188e+00 1.100350692868232727e-01 2.414347976446151733e-01 -5.767940878868103027e-01 7.725995779037475586e-01
