number of images, 98
x-range, -5.204948425292969, 8.80085277557373
y-range, -7.0784783363342285, 4.2239766120910645
z-range, -2.5672554969787598, 4.564090728759766
image 0, 1, 93, 87, 90, 39, 3, 58, 8, 4, 85, 32, 12, 17, 46, 79, 47, 59, 45, 64, 74
image 1, 93, 0, 87, 90, 4, 47, 74, 39, 3, 12, 58, 46, 67, 85, 8, 79, 59, 64, 17, 32
image 2, 77, 49, 95, 43, 41, 3, 88, 7, 53, 6, 21, 80, 51, 56, 38, 15, 81, 96, 34, 33
image 3, 43, 81, 79, 95, 45, 0, 84, 90, 12, 96, 85, 32, 49, 76, 8, 50, 98, 37, 1, 86
image 4, 93, 47, 1, 74, 90, 0, 12, 92, 42, 64, 59, 87, 3, 66, 79, 85, 39, 50, 11, 46
image 5, 29, 68, 71, 27, 69, 26, 65, 74, 28
image 6, 42, 50, 62, 95, 43, 49, 45, 88, 65, 40, 96, 7, 3, 90, 15, 18, 81, 41, 33, 12
image 7, 49, 95, 79, 43, 50, 38, 81, 84, 45, 77, 6, 41, 76, 15, 96, 86, 20, 98, 21, 85
image 8, 39, 58, 37, 86, 10, 85, 76, 79, 99, 9, 45, 31, 17, 81, 98, 20, 84, 19, 90, 43
image 9, 31, 10, 19, 99, 57, 82, 20, 16, 97, 33, 14, 86, 37, 76, 98, 32, 84, 8, 96, 38
image 10, 99, 9, 31, 19, 37, 86, 76, 20, 57, 32, 84, 16, 8, 82, 98, 81, 96, 33, 15, 45
image 11, 18, 46, 42, 40, 50, 65, 58, 59, 17, 85, 79, 62, 76, 15, 10, 84, 90, 39, 20, 37
image 12, 90, 85, 79, 47, 3, 17, 87, 18, 66, 4, 32, 81, 1, 0, 42, 49, 39, 93, 74, 76
image 13, 78, 83, 60, 16, 14, 34, 23, 57, 21, 80, 82, 54, 19, 97, 56, 89, 38, 9, 48, 33
image 14, 82, 16, 57, 23, 34, 19, 97, 9, 15, 33, 13, 60, 21, 31, 20, 78, 38, 80, 83, 84
image 15, 82, 16, 14, 34, 57, 10, 19, 99, 41, 23, 31, 81, 33, 76, 84, 20, 96, 9, 37, 98
image 16, 82, 19, 57, 14, 20, 34, 9, 84, 23, 33, 15, 31, 10, 97, 96, 38, 98, 13, 21, 81
image 17, 85, 58, 37, 76, 32, 86, 46, 39, 79, 8, 18, 90, 10, 45, 84, 81, 99, 12, 9, 11
image 18, 11, 46, 85, 79, 17, 76, 84, 86, 90, 50, 45, 37, 58, 10, 32, 20, 42, 99, 39, 59
image 19, 57, 82, 16, 9, 20, 10, 31, 14, 99, 33, 97, 98, 84, 86, 37, 76, 96, 38, 15, 34
image 20, 98, 31, 19, 84, 16, 96, 86, 57, 10, 99, 33, 9, 38, 37, 82, 97, 76, 81, 45, 14
image 21, 60, 34, 80, 33, 16, 14, 83, 57, 97, 13, 41, 53, 23, 78, 82, 38, 51, 19, 96, 20
image 22, 24, 70, 25, 35, 30, 71, 26, 27, 29, 52, 28, 94, 69, 44, 48, 73, 54, 63, 72, 55
image 23, 34, 14, 82, 16, 57, 83, 13, 78, 21, 15, 19, 60, 97, 80, 9, 33, 20, 31, 56, 38
image 24, 35, 22, 25, 70, 27, 29, 26, 28, 68, 69, 71, 52
image 25, 70, 27, 29, 28, 69, 26, 24, 22, 71, 35, 52, 68, 30, 44, 94, 97, 56, 89, 38
image 26, 28, 69, 29, 27, 71, 70, 25, 68, 52, 94, 44, 22, 30, 48, 24, 89, 73, 54, 55, 75
image 27, 69, 29, 28, 26, 25, 70, 52, 68, 71, 24, 22, 35, 5, 30, 44, 55, 87, 67, 75, 74
image 28, 26, 29, 69, 27, 70, 25, 71, 68, 52, 22, 35, 24, 94, 44, 75, 67, 30, 48, 89, 54
image 29, 69, 28, 27, 70, 26, 25, 68, 71, 52, 22, 24, 5, 44, 35, 75, 67, 94, 30, 66, 54
image 30, 48, 54, 44, 55, 89, 52, 73, 94, 22, 60, 83, 13, 21, 78, 80, 70, 34, 63, 26, 71
image 31, 9, 33, 99, 20, 10, 19, 57, 98, 86, 97, 37, 82, 96, 16, 76, 38, 60, 14, 84, 15
image 32, 37, 39, 76, 86, 85, 99, 10, 79, 17, 9, 58, 81, 31, 45, 84, 20, 98, 19, 46, 18
image 33, 31, 97, 96, 98, 60, 57, 20, 38, 19, 9, 16, 82, 41, 21, 99, 14, 84, 10, 81, 37
image 34, 23, 14, 21, 16, 82, 60, 83, 57, 15, 13, 19, 78, 33, 97, 80, 31, 9, 20, 38, 84
image 35, 24, 22, 25, 70, 27, 28, 68, 29, 26, 69, 71
image 37, 86, 76, 10, 32, 99, 84, 8, 31, 20, 79, 98, 81, 9, 85, 17, 19, 96, 45, 33, 16
image 38, 96, 98, 20, 33, 97, 84, 16, 80, 31, 56, 95, 77, 86, 81, 19, 57, 14, 53, 21, 43
image 39, 8, 58, 32, 85, 17, 87, 37, 46, 86, 79, 99, 0, 10, 90, 76, 9, 18, 59, 45, 31
image 40, 42, 62, 65, 6, 11, 46, 58, 92, 50, 96, 59, 45, 33, 43, 18, 87, 64, 98, 3, 90
image 41, 33, 97, 96, 15, 21, 99, 81, 98, 38, 60, 86, 37, 31, 84, 76, 57, 53, 95, 88, 20
image 42, 6, 65, 50, 62, 40, 59, 11, 18, 64, 92, 90, 46, 43, 45, 95, 12, 96, 79, 4, 58
image 43, 95, 45, 49, 96, 81, 79, 50, 98, 77, 84, 76, 3, 86, 38, 20, 99, 90, 33, 37, 85
image 44, 48, 89, 73, 54, 30, 55, 94, 52, 80, 21, 13, 78, 60, 51, 83, 34, 56, 53, 63, 70
image 45, 79, 43, 76, 86, 84, 50, 96, 98, 95, 37, 20, 10, 46, 8, 99, 49, 85, 81, 31, 90
image 46, 58, 18, 17, 76, 45, 90, 11, 85, 39, 86, 79, 59, 37, 10, 87, 64, 32, 31, 8, 99
image 47, 74, 4, 93, 1, 12, 90, 87, 64, 59, 66, 0, 92, 42, 65, 62, 67, 50, 39, 85, 11
image 48, 89, 54, 44, 55, 30, 52, 73, 51, 80, 13, 78, 60, 83, 21, 53, 56, 34, 94, 16, 88
image 49, 7, 95, 43, 50, 45, 77, 79, 38, 96, 81, 6, 15, 88, 41, 84, 3, 33, 98, 76, 2
image 50, 42, 6, 45, 43, 49, 95, 96, 62, 79, 18, 84, 59, 7, 15, 90, 98, 20, 65, 85, 76
image 51, 53, 88, 80, 56, 21, 77, 89, 38, 60, 78, 48, 33, 97, 98, 54, 14, 91, 13, 96, 16
image 52, 55, 48, 89, 54, 44, 30, 73, 78, 13, 60, 83, 51, 21, 80, 69, 26, 27, 56, 53, 34
image 53, 51, 88, 80, 56, 77, 21, 38, 33, 97, 98, 60, 96, 41, 31, 14, 57, 16, 20, 95, 89
image 54, 48, 89, 55, 44, 30, 52, 13, 78, 21, 83, 80, 73, 60, 51, 56, 53, 34, 16, 57, 14
image 55, 52, 48, 54, 89, 30, 44, 13, 51, 83, 60, 78, 73, 80, 53, 21, 56, 34, 14, 16, 57
image 56, 80, 77, 51, 38, 53, 88, 78, 13, 21, 33, 98, 97, 95, 14, 60, 96, 20, 83, 16, 89
image 57, 19, 82, 16, 14, 31, 9, 20, 33, 10, 99, 97, 98, 23, 34, 60, 96, 21, 15, 84, 13
image 58, 39, 46, 8, 17, 87, 85, 32, 86, 37, 45, 76, 90, 59, 79, 18, 10, 99, 64, 0, 31
image 59, 64, 87, 90, 58, 46, 79, 92, 85, 50, 42, 45, 18, 39, 11, 47, 76, 86, 17, 93, 1
image 60, 21, 83, 33, 97, 34, 57, 13, 31, 78, 14, 80, 16, 82, 23, 19, 9, 20, 38, 41, 96
image 62, 65, 42, 6, 50, 40, 11, 46, 7, 15, 45, 18, 96, 95, 91, 47, 43, 79, 59, 90, 3
image 63, 72, 91, 73, 44, 94, 52, 48, 89, 55, 54, 30, 51, 21, 53, 60, 88, 83, 78, 41, 80
image 64, 59, 87, 90, 92, 46, 58, 79, 42, 85, 45, 50, 47, 39, 93, 18, 17, 1, 8, 76, 86
image 65, 62, 42, 6, 40, 50, 11, 46, 59, 18, 92, 66, 47, 58, 79, 90, 7, 12, 17, 39, 64
image 66, 74, 12, 47, 67, 4, 65, 87, 92, 93, 59, 85, 90, 75, 1, 0, 17, 39, 18, 79, 58
image 67, 75, 93, 74, 1, 66, 0, 68, 47, 87, 69, 29, 12, 26, 28, 17, 58, 59, 27, 46, 11
image 68, 29, 75, 69, 28, 26, 27, 67, 70, 25, 35, 24, 5, 74, 66, 71, 93, 18, 11, 22, 52
image 69, 29, 27, 26, 28, 70, 25, 68, 52, 71, 22, 24, 75, 67, 44, 35, 30, 5, 55, 94, 54
image 70, 29, 25, 69, 26, 28, 27, 71, 22, 94, 52, 44, 24, 68, 30, 35, 48, 54, 89, 55, 63
image 71, 26, 28, 70, 22, 94, 69, 25, 27, 29, 44, 48, 52, 30, 73, 54, 89, 55, 24, 63, 5
image 72, 63, 91, 94, 22, 44, 89, 73, 41, 80, 71, 53, 2, 88, 7, 97, 78, 13, 83, 77, 49
image 73, 44, 94, 48, 89, 54, 30, 55, 52, 63, 51, 80, 21, 56, 13, 78, 60, 53, 83, 34, 91
image 74, 47, 4, 93, 66, 1, 67, 12, 87, 0, 90, 59, 64, 92, 65, 39, 85, 79, 17, 42, 58
image 75, 67, 68, 66, 69, 29, 26, 28, 74, 93, 22, 12, 17, 47, 27, 58, 0, 1, 85
image 76, 37, 86, 84, 79, 10, 85, 81, 99, 45, 32, 20, 98, 31, 8, 9, 17, 19, 46, 43, 96
image 77, 95, 56, 88, 38, 53, 43, 80, 49, 51, 2, 96, 21, 97, 41, 33, 98, 60, 84, 81, 20
image 78, 13, 83, 60, 80, 23, 14, 16, 57, 97, 21, 34, 82, 56, 38, 19, 54, 89, 33, 51, 98
image 79, 85, 86, 76, 45, 84, 37, 81, 32, 8, 43, 90, 18, 99, 10, 98, 20, 17, 49, 31, 95
image 80, 56, 51, 53, 21, 38, 78, 60, 13, 83, 33, 88, 77, 14, 97, 98, 96, 16, 34, 57, 23
image 81, 84, 76, 98, 86, 37, 96, 20, 79, 43, 10, 99, 16, 97, 38, 57, 33, 95, 19, 82, 32
image 82, 16, 14, 57, 19, 9, 23, 34, 20, 31, 97, 15, 33, 10, 98, 84, 99, 81, 96, 60, 21
image 83, 13, 60, 78, 34, 21, 23, 80, 97, 14, 33, 16, 57, 82, 54, 89, 31, 9, 19, 56, 38
image 84, 76, 86, 98, 20, 81, 37, 96, 79, 38, 16, 10, 45, 19, 33, 99, 57, 9, 31, 82, 43
image 85, 79, 76, 17, 32, 86, 37, 8, 90, 18, 58, 39, 81, 84, 45, 46, 12, 10, 43, 99, 59
image 86, 37, 76, 10, 84, 99, 79, 20, 98, 31, 45, 32, 81, 85, 8, 9, 96, 19, 17, 38, 33
image 87, 90, 64, 58, 59, 0, 1, 39, 46, 93, 79, 8, 45, 85, 12, 32, 86, 47, 37, 10, 76
image 88, 53, 51, 77, 80, 56, 95, 38, 96, 33, 41, 21, 98, 6, 97, 49, 31, 43, 60, 14, 84
image 89, 48, 54, 55, 44, 52, 30, 51, 73, 78, 83, 13, 60, 80, 53, 21, 56, 34, 38, 16, 88
image 90, 87, 12, 85, 64, 79, 46, 59, 1, 45, 0, 58, 93, 43, 18, 39, 86, 76, 17, 8, 32
image 91, 51, 63, 88, 53, 62, 80, 7, 6, 41, 21, 77, 48, 73, 50, 72, 49, 54, 96, 15, 97
image 92, 64, 59, 42, 4, 40, 47, 6, 50, 65, 87, 74, 90, 93, 66, 11, 62, 12, 39, 0, 1
image 93, 1, 0, 4, 47, 90, 74, 87, 67, 64, 59, 12, 79, 85, 46, 3, 58, 39, 17, 8, 45
image 94, 73, 44, 30, 48, 70, 89, 71, 63, 54, 52, 55, 26, 22, 72, 28, 51, 29, 21, 60, 56
image 95, 43, 77, 49, 96, 45, 38, 50, 81, 6, 84, 79, 88, 98, 76, 3, 33, 7, 20, 41, 86
image 96, 98, 38, 20, 33, 84, 31, 81, 16, 86, 45, 43, 95, 99, 57, 10, 97, 19, 37, 41, 82
image 97, 33, 31, 60, 14, 38, 98, 9, 20, 19, 82, 57, 16, 96, 81, 41, 21, 78, 83, 80, 84
image 98, 20, 96, 84, 38, 33, 86, 31, 81, 97, 37, 19, 76, 57, 99, 9, 10, 16, 45, 82, 43
image 99, 10, 31, 9, 86, 37, 20, 19, 76, 57, 32, 98, 33, 96, 81, 8, 84, 15, 79, 82, 45
