3.7914172589 -0.5494202427 1.0570246471 3.7914695589 -0.5491097762 1.8680204295 
8 8
image_id_list 24 25 26 27 28 29 69 70 
line_id_list 114 124 125 87 160 78 12 142 
line2d_list
564.9465332031 143.9840087891 607.8221435547 0.6476787329 
329.5494384766 304.0436706543 304.9223937988 49.9106140137 
320.0975036621 233.7902069092 291.4126892090 83.7299575806 
547.0804443359 236.9928436279 533.0003662109 78.9109039307 
392.4186706543 173.8923492432 351.8935546875 16.2844924927 
461.2228393555 174.0437011719 467.4095764160 0.9431570172 
429.3541564941 261.2649841309 459.7462463379 105.9503479004 
198.8428039551 105.0286178589 179.8741607666 0.8408496976 
node_id_list 10544 10545 10546 10547 10548 10549 10550 10551 
score_list 6.8547816817 5.8802508140 4.9659578827 5.9940011484 4.9837078089 5.9668690833 5.9683422062 6.7423345386 
line3d_list
3.7920688585 -0.5495308674 1.0570246475 3.7918068658 -0.5494633574 1.2812916866 
3.7914940479 -0.5493918458 1.0593656652 3.7913031375 -0.5493306526 1.8688700961 
3.7914130931 -0.5493723111 1.0572839633 3.7904958514 -0.5491355033 1.8668772689 
3.7914602860 -0.5493524265 1.0569740737 3.7905093610 -0.5491299930 1.8665539560 
3.7913188960 -0.5493495701 1.0554540520 3.7910431952 -0.5492678193 1.8680205175 
3.7921313309 -0.5495458757 1.0622113229 3.7906212690 -0.5491670718 1.7998472402 
3.7920632863 -0.5495294316 1.0617944961 3.7911207774 -0.5492865667 1.8685865158 
3.7915087247 -0.5493301780 1.0590267232 3.7932022974 -0.5483161880 1.4352032725 
END
