2.1257426129 0.0892194444 0.6294509732 2.7265719331 0.0865210461 0.6309918623 
7 7
image_id_list 26 29 67 68 69 28 66 
line_id_list 122 115 91 16 187 134 126 
line2d_list
128.3739776611 391.1486511230 48.5971298218 449.8120422363 
228.1904449463 327.2727966309 138.7836608887 389.6901245117 
548.0391235352 391.7346496582 346.9530639648 385.5185852051 
588.2854614258 153.6424865723 423.3996276855 226.8994903564 
200.3825836182 351.0349426270 146.9247894287 370.7965393066 
214.7078094482 345.6671142578 139.5534820557 411.6306152344 
799.3243408203 311.3825073242 745.0618896484 282.8821716309 
node_id_list 10865 10866 10867 10868 10869 11300 13281 
score_list 2.9881404684 4.9824979619 7.8782318203 5.7571701637 3.9239359679 3.9836239597 2.0340124729 
line3d_list
2.7265846667 0.0885552122 0.6295889616 2.2076396024 0.0883600032 0.6302156043 
2.7231940493 0.0871608764 0.6305914138 2.1970413253 0.0883469534 0.6301905025 
2.7391676034 0.0863951847 0.6310566502 2.1091517185 0.0905641679 0.6286330628 
2.7274780738 0.0864725375 0.6310116821 2.1257500928 0.0904543320 0.6286969145 
2.7114499663 0.0885881494 0.6300247651 2.3598545454 0.0897324235 0.6292166040 
2.7244017357 0.0879159422 0.6301725104 2.1782655659 0.0884965863 0.6301167463 
2.2223759360 0.0880895040 0.6298630623 2.1044369165 0.0894950210 0.6291215590 
END
