3.6600589799 -0.9173243328 0.7471771984 3.6596065747 -0.6699311952 0.7476179941 
4 4
image_id_list 24 26 70 71 
line_id_list 77 48 223 36 
line2d_list
675.9617919922 360.2614746094 533.9276733398 339.4948120117 
387.0498352051 288.6817932129 341.9254760742 291.9803466797 
227.9990081787 191.9598388672 295.9818420410 190.2697906494 
125.9648132324 13.4494180679 71.0612258911 16.9580287933 
node_id_list 10497 10498 10499 13366 
score_list 5.8303888128 3.6879817962 3.4686736277 1.5648197100 
line3d_list
3.6607743438 -0.8199586724 0.7466388067 3.6600556555 -0.5645529025 0.7472874538 
3.6544164063 -0.9309767160 0.7517528726 3.6557397590 -0.6699438489 0.7507510771 
3.6602854061 -0.6462011208 0.7470800940 3.6610483128 -0.9173211237 0.7463915379 
3.6526745916 -0.9446428700 0.7494771487 3.6525065368 -0.6729916422 0.7499444102 
END
