2.5280912185 -3.0002060382 0.3851168346 2.5271416766 -2.9995030900 0.6412707629 
5 5
image_id_list 13 21 30 89 78 
line_id_list 89 81 82 86 83 
line2d_list
332.9076232910 311.9087829590 327.7933654785 373.1497497559 
100.4143524170 222.8801574707 105.2526855469 279.9785766602 
648.7879028320 348.9650878906 638.9057617188 408.9844665527 
308.4869689941 382.9686889648 307.4716796875 432.0097656250 
301.4032897949 387.9928894043 300.5928649902 456.0189819336 
node_id_list 7861 7862 7863 7864 9637 
score_list 2.5821506141 1.9921105571 2.9555260252 2.9683443970 1.5999129951 
line3d_list
2.5279507717 -3.0015817576 0.6405571167 2.5290050206 -3.0013146804 0.3713421889 
2.5268478120 -3.0024026331 0.6534015376 2.5278127437 -3.0033395384 0.3886715007 
2.5276832656 -2.9968031386 0.6412653612 2.5281717526 -2.9995889770 0.3769651903 
2.5268954727 -2.9998167260 0.6283285477 2.5280334692 -2.9998909459 0.3879763900 
2.5267587137 -2.9998078066 0.6572129192 2.5280470133 -2.9998918293 0.3851158084 
END
