3.8156849086 -0.8755243299 0.6678672407 3.8102941490 -0.6034544958 0.6696699239 
4 4
image_id_list 25 26 69 28 
line_id_list 248 197 273 221 
line2d_list
355.9871520996 409.1749572754 428.1854248047 414.4735717773 
342.0439758301 297.6506042480 388.0366516113 294.5423889160 
426.9747619629 334.0996093750 475.8764038086 346.4879150391 
418.8736877441 237.9972229004 466.0075988770 232.0602874756 
node_id_list 10730 10731 10732 11349 
score_list 6.0665297087 3.1913068923 5.2282247643 5.3232935335 
line3d_list
3.8096512595 -0.6034696638 0.6700366572 3.8079722735 -0.8680428930 0.6716913777 
3.8174192334 -0.5983065749 0.6669583617 3.8177782434 -0.8769969483 0.6666647660 
3.8145791082 -0.6092128209 0.6691339013 3.8150780259 -0.8820565751 0.6687334886 
3.8174259457 -0.5971581441 0.6669532946 3.8182481002 -0.8754631910 0.6663048372 
END
