1.0893969028 -1.3534917199 -0.0096181109 0.9895615392 -1.1877088040 -0.0016944336 
16 16
image_id_list 0 32 3 76 84 9 16 17 19 23 37 82 10 12 85 18 
line_id_list 318 268 231 235 266 275 246 267 260 199 214 250 275 233 297 352 
line2d_list
198.9342498779 599.9535522461 210.5557708740 588.5672607422 
504.9253540039 562.7652587891 543.1896362305 550.5962524414 
733.1694335938 562.3674316406 760.3779907227 549.8196411133 
418.9712829590 564.7974853516 463.0773925781 558.5460815430 
526.9466552734 549.3179321289 570.9901123047 545.8738403320 
490.9587097168 565.1188964844 527.0072021484 564.3276977539 
602.9869384766 464.2836914062 646.9996337891 463.9494628906 
192.5055999756 531.2845458984 230.6423797607 504.9295349121 
489.0895996094 519.5585327148 529.0595092773 522.0427246094 
707.1830444336 375.3459472656 754.1433105469 388.4878540039 
423.7655334473 570.0142822266 465.9927978516 559.9697265625 
576.9798583984 428.5416564941 616.0000000000 428.0021972656 
342.0392456055 557.2001342773 383.0386657715 559.2123413086 
323.7710876465 441.8599548340 352.2726440430 416.3040771484 
364.4332580566 563.6536254883 414.1330871582 530.7093505859 
174.2979888916 561.0332031250 224.0299835205 543.2823486328 
node_id_list 1552 1553 3524 3525 3526 6210 6211 6212 6213 6214 6215 6216 6737 7244 7245 9227 
score_list 2.9777541958 1.8651113450 4.5793833441 2.6339867294 6.4344559715 6.9345205605 6.0071000237 2.8422458847 4.2429805552 1.6914345753 2.9066802038 1.6352305887 3.2751554851 3.5175386300 4.7565185639 3.5183591992 
line3d_list
1.0283165130 -1.2646329304 -0.0087154295 1.0046097653 -1.1997643319 0.0045256212 
1.0807184151 -1.3441380634 -0.0114491018 0.9937926546 -1.1825718337 0.0054141513 
1.0584769234 -1.3306789934 -0.0193432227 1.0190927190 -1.2178132410 0.0016788605 
1.0743472271 -1.3426348075 -0.0134323964 1.0177670338 -1.1946411313 0.0100378352 
1.0622093305 -1.3536288608 -0.0254293076 1.0162861615 -1.2060279769 0.0042698547 
1.0872632794 -1.3547108260 -0.0109942539 1.0067557715 -1.2031208350 0.0012166746 
1.0723388390 -1.3615977152 -0.0232232648 1.0080164168 -1.2036527542 0.0009977656 
1.0929481785 -1.3499121434 -0.0079478889 0.9883998878 -1.1883167530 -0.0036110093 
1.0900562351 -1.3528817641 -0.0088723664 1.0173265825 -1.1961374359 0.0092694342 
1.0954308222 -1.3624335126 -0.0091224205 1.0157992569 -1.1918619422 0.0106763954 
1.0886076519 -1.3497598298 -0.0085110295 1.0152942313 -1.1917573859 0.0097763871 
1.0725386406 -1.3620883319 -0.0232985014 1.0076566975 -1.2027694565 0.0011332203 
1.0851113655 -1.3532169325 -0.0118154973 1.0260178377 -1.1933266236 0.0164695106 
1.0857610863 -1.3313202819 -0.0016269986 0.9918217578 -1.1993006580 -0.0083364606 
1.1011694493 -1.3480621671 0.0034273943 0.9683468630 -1.1535805307 0.0002319249 
1.0711961019 -1.3591280296 -0.0215957905 1.0081490288 -1.2079055376 0.0012729763 
END
