1.3761544336 -2.2694783796 0.4530865352 1.2910969125 -2.1733027455 0.4359790216 
6 6
image_id_list 10 16 20 82 84 14 
line_id_list 204 197 158 134 176 160 
line2d_list
136.8408203125 408.9993591309 167.0305633545 413.8081054688 
385.9906921387 344.2324218750 417.9963989258 344.4744873047 
269.9054260254 466.3922729492 299.9704589844 468.4348449707 
379.9850158691 317.3345336914 406.0223693848 318.5000000000 
254.9767303467 427.6091003418 284.0522766113 425.8782043457 
484.9569396973 297.6814575195 508.0542907715 299.1404418945 
node_id_list 6641 6642 6643 6644 6645 8482 
score_list 2.4853629854 5.8213887631 5.7791878660 2.9884466497 5.0931060199 5.3676946108 
line3d_list
1.3770547299 -2.2597501668 0.4557899402 1.2917757757 -2.1727177952 0.4358922497 
1.3548338629 -2.2465674216 0.4486799630 1.2637841782 -2.1386650960 0.4315083736 
1.3566550830 -2.2533293245 0.4482249260 1.2803227693 -2.1610243817 0.4341488323 
1.3768665763 -2.2726782316 0.4528352405 1.2943685262 -2.1749103865 0.4372764536 
1.3826389424 -2.2629035473 0.4578085788 1.3155951610 -2.1856152395 0.4446582738 
1.3810268233 -2.2833785371 0.4525711194 1.3140481339 -2.2036510706 0.4398951805 
END
