2.5285822712 0.1257539326 0.9365277211 2.5325203790 0.2770599744 0.9389861256 
5 5
image_id_list 26 67 27 68 75 
line_id_list 223 252 106 156 150 
line2d_list
73.0452423096 345.8340454102 45.0192222595 347.3543701172 
489.9588928223 291.5130310059 474.9325256348 261.0187683105 
361.0056457520 344.6343078613 338.9954528809 344.2940368652 
545.1416625977 49.4157905579 496.6014709473 37.6432418823 
361.0935974121 62.9971084595 359.1755065918 0.9327665567 
node_id_list 11034 11035 11193 13335 13336 
score_list 0.7703104866 4.1113302581 0.8343915929 0.8616841333 0.8452839749 
line3d_list
2.5283063417 0.1256691401 0.9421884069 2.5324319323 0.2770373430 0.9405206875 
2.5329146362 0.1338576697 0.9370119205 2.5405869237 0.4831907649 0.9432404787 
2.5280468332 0.1087413832 0.9379197543 2.5302934112 0.2017063169 0.9432343244 
2.5280176357 0.1046522230 0.9361494462 2.5320193780 0.2584074249 0.9386246362 
2.5287003453 0.1308833339 0.9365717212 2.5350367977 0.3743429238 0.9404909951 
END
