0.1868305266 0.1367194965 1.2147446363 0.1909748612 0.1334073837 1.3063508433 
12 9
image_id_list 18 39 18 39 85 46 59 64 74 93 58 59 
line_id_list 171 54 193 135 201 188 147 125 132 198 207 227 
line2d_list
631.5560913086 100.8127746582 628.5569458008 123.9425582886 
678.1912841797 320.5591430664 673.7696533203 338.7001342773 
625.8293457031 123.8780059814 628.4388427734 98.8373107910 
671.3668823242 336.6709594727 674.8143310547 319.5596618652 
658.2111206055 124.9990386963 658.2366333008 103.9966430664 
509.9926147461 206.0948028564 508.8593750000 182.1011047363 
549.1412963867 183.7894134521 545.9584960938 211.8820037842 
702.9163208008 267.6836547852 694.4085693359 296.8273315430 
271.5853271484 47.0324134827 273.6174316406 73.0299072266 
371.7073364258 92.0242309570 373.2010192871 110.0661468506 
452.6122436523 270.9397888184 453.4819335938 250.8907775879 
542.8562622070 209.8995513916 545.3989257812 180.9472045898 
node_id_list 9136 9137 9157 9158 9159 12043 12044 12045 12046 12047 12580 12581 
score_list 1.6547508041 2.6883436134 2.5773315577 3.5984820654 0.9521300334 3.9861250663 5.7231964461 7.2647040499 4.6189309791 5.5535166433 3.1075371271 5.5498612245 
line3d_list
0.1979056014 0.1429033106 1.3031950121 0.1880165726 0.1458600395 1.2221957843 
0.1899494202 0.1465447518 1.3049603961 0.1844901073 0.1472126318 1.2091197546 
0.1594029310 0.1436479245 1.2162359858 0.1661389980 0.1394519977 1.3040729940 
0.1608184479 0.1433690466 1.2138696529 0.1644008519 0.1398787512 1.3040662474 
0.1600488269 0.1434683638 1.2169631644 0.1818009695 0.1354941825 1.3080182372 
0.1901521365 0.1357618990 1.2198691202 0.1939266762 0.1329614061 1.3062011762 
0.1772921245 0.1493716180 1.2995608958 0.1760424937 0.1491601928 1.2158408222 
0.1757835039 0.1503289201 1.3002561893 0.1763512434 0.1490240237 1.2207131794 
0.1819484293 0.1464960491 1.3040544936 0.1804186293 0.1464618415 1.2204161270 
0.1803762432 0.1487029033 1.3042834480 0.1761655178 0.1491701402 1.2222399771 
0.1950569470 0.1310409051 1.2187670034 0.1993420724 0.1277466540 1.3047426911 
0.1874334834 0.1306741589 1.2231880701 0.1895807073 0.1279750045 1.3086367842 
END
