0.0008537170 -1.6837460707 0.8772088396 0.0028515249 -1.6837356410 0.9312446390 
7 7
image_id_list 4 50 79 6 7 45 49 
line_id_list 123 97 104 36 39 36 53 
line2d_list
110.0242004395 332.9859619141 120.7939682007 351.5391235352 
383.4461975098 200.9961395264 383.3344726562 217.0093078613 
396.6108093262 226.9719696045 396.3877868652 238.0279998779 
409.4438476562 178.0257568359 410.4628906250 200.0248870850 
670.1171264648 50.2679786682 665.8164062500 68.1958465576 
412.9936218262 308.8617858887 411.1670532227 322.1603088379 
614.5994262695 257.5417785645 608.9191284180 274.3113403320 
node_id_list 3782 3783 3784 3992 3993 3994 3995 
score_list 1.7462935643 4.8939983000 1.7238224838 2.9902289400 3.7585406395 1.9123931925 5.6342874365 
line3d_list
0.0023220319 -1.6834185110 0.9312641541 0.0005821512 -1.6834240147 0.8757288937 
0.0001604618 -1.6843523401 0.9296021165 -0.0012677285 -1.6842605575 0.8770208135 
0.0061227440 -1.6837936758 0.9293542595 0.0054251110 -1.6835369941 0.8803073506 
0.0029588932 -1.6836499988 0.9323903729 -0.0001293759 -1.6842771622 0.8772452889 
0.0023754478 -1.6840530045 0.9310103512 0.0002061790 -1.6840653071 0.8786718955 
0.0047771057 -1.6835489685 0.9305358115 0.0022386434 -1.6841173861 0.8784379127 
0.0029777042 -1.6836461786 0.9327262684 -0.0000281836 -1.6842566122 0.8790522108 
END
