2.1673837933 -2.9891601602 1.1159136040 2.3933339791 -3.0396267371 1.1079098607 
3 3
image_id_list 34 52 60 
line_id_list 143 293 116 
line2d_list
257.2008972168 111.5345916748 206.2879180908 118.1994094849 
642.9410400391 298.4243774414 579.9661865234 295.8164062500 
269.0398254395 288.3803100586 218.0822296143 289.8503417969 
node_id_list 11842 11843 11844 
score_list 1.6567504387 6.3069757749 3.8819587728 
line3d_list
2.1632402359 -3.0069669710 1.1112172022 2.3939084769 -3.0517256958 1.1094839995 
1.9878222547 -2.9490546114 1.1222741407 2.3933339791 -3.0396267371 1.1079098607 
2.1631281714 -2.9978904998 1.1116445622 2.3930741513 -3.0694494013 1.1080377091 
END
