3.1073232868 -2.6453346885 0.9746828018 3.1037396229 -2.6466419299 1.0744952253 
9 9
image_id_list 26 30 44 48 52 54 55 73 89 
line_id_list 276 34 49 29 244 121 150 118 95 
line2d_list
762.6486206055 248.0463104248 763.7729492188 208.0217132568 
488.3977355957 253.1735534668 491.3164978027 229.6667938232 
374.6507568359 144.0616149902 377.1262207031 117.9172668457 
189.6653594971 250.9763336182 188.7761840820 225.9723968506 
430.5198364258 314.0998535156 431.7102050781 295.9809570312 
224.0342712402 323.9949951172 220.6763153076 301.0473632812 
383.8008728027 336.9291992188 382.1263732910 317.9888305664 
16.2123756409 45.8851737976 0.2681704462 16.3956813812 
147.4270782471 305.9990234375 147.3792572021 284.9968566895 
node_id_list 11087 11088 11089 11090 11091 11092 11093 11094 11095 
score_list 6.7084908546 5.7032099356 4.5925354000 3.3687693472 3.9114355501 4.5281478675 4.3832686377 5.4142301995 3.3613423122 
line3d_list
3.1060639262 -2.6453663848 0.9764642403 3.1026812507 -2.6477584000 1.1341401485 
3.1060679646 -2.6453635291 0.9762759987 3.1040163836 -2.6468142781 1.0719058943 
3.1024969207 -2.6395171195 0.9740508927 3.1050693884 -2.6479309204 1.0745260873 
3.1032127284 -2.6405174296 0.9763454441 3.1009461293 -2.6415242124 1.0704493951 
3.1052544578 -2.6425678509 0.9782909697 3.1033015803 -2.6480321722 1.0806702005 
3.1077979614 -2.6462431842 0.9738028040 3.0996356932 -2.6413182999 1.0702240796 
3.0940698190 -2.6309312930 0.9753236852 3.0941206906 -2.6345192711 1.0739084956 
3.1106540964 -2.6479586064 0.9775925288 3.0974091152 -2.6399802543 1.0707959513 
3.1029866858 -2.6400432241 0.9745964027 3.1038076744 -2.6460859255 1.0646619623 
END
