-0.0022236874 -1.1105467590 0.9019034465 0.0000280308 -1.1186882631 0.9318360492 
3 3
image_id_list 6 42 47 
line_id_list 151 159 206 
line2d_list
665.7891845703 269.2768554688 663.4771728516 250.8150024414 
386.0578308105 253.4892730713 379.6629333496 241.1750488281 
47.8962516785 184.6111297607 41.1229858398 172.3782196045 
node_id_list 4161 4162 12252 
score_list 0.9132562791 3.2371357049 3.1781350609 
line3d_list
0.0002389628 -1.1079935856 0.8983854568 0.0010376495 -1.1187976489 0.9340520795 
-0.0026231046 -1.1091025924 0.8965939035 0.0000280308 -1.1186882631 0.9318360492 
-0.0028680925 -1.1129319254 0.9013031705 -0.0037804001 -1.1213316517 0.9365770948 
END
