1.4042833224 -0.4498230338 0.6232981548 1.4879116574 -0.3952077060 0.5454863723 
4 3
image_id_list 8 76 86 8 
line_id_list 240 165 212 278 
line2d_list
623.6319580078 599.1489868164 613.7351684570 574.7023925781 
747.3458862305 548.7143554688 704.8013916016 458.0314941406 
797.4241943359 597.8870239258 758.5454101562 528.8187866211 
608.7156982422 564.1086425781 603.7423706055 551.0984497070 
node_id_list 5102 5103 5104 5163 
score_list 1.5748410640 0.9061901903 0.9110994832 1.5792198091 
line3d_list
1.5094377620 -0.3831903980 0.5288749471 1.4623393254 -0.4183033459 0.5790224473 
1.4853632867 -0.3936195795 0.5438621973 1.3200849618 -0.4929695248 0.6860452432 
1.4876794735 -0.3860191785 0.5330797667 1.3882963494 -0.4713888669 0.6548639921 
1.4301458259 -0.4323934076 0.5953965866 1.4083420359 -0.4525845690 0.6257219690 
END
