0.0035526419 -0.0026714252 0.0261399743 0.0000958296 -0.0023640153 1.9871706686 
35 17
image_id_list 0 39 58 87 87 0 1 4 12 39 46 47 59 64 66 66 90 93 1 47 59 74 92 47 47 65 65 74 74 92 12 12 59 59 59 
line_id_list 279 273 210 77 133 297 305 215 204 297 293 223 164 78 215 229 221 276 263 243 145 243 111 125 163 76 115 248 267 166 225 226 113 244 230 
line2d_list
382.7931518555 119.9228134155 368.0630187988 159.3966827393 
661.2668457031 181.8479156494 654.2159423828 215.8373565674 
417.4042968750 88.9623641968 414.6907043457 131.9172821045 
387.9485168457 99.9779281616 383.6235046387 305.9920959473 
381.7738342285 533.9951782227 390.9835510254 99.9996490479 
291.4802856445 393.1661071777 386.5686035156 118.1966323853 
394.9601135254 362.9949645996 435.4626770020 43.0585708618 
483.7495727539 206.0585021973 435.8017578125 0.8126992583 
515.1343383789 231.1288909912 541.2923583984 0.9195926785 
599.0481567383 484.2272949219 612.1030883789 424.0223693848 
453.6011962891 5.0114936829 455.7906799316 80.9772109985 
353.6364746094 242.0124664307 345.3684082031 0.9530649185 
467.0707092285 263.9300231934 447.2666931152 526.9447631836 
677.1276855469 0.7701064348 647.2676391602 114.0705413818 
217.0817413330 148.2433319092 177.9934844971 0.7367333174 
174.6919555664 1.0844662189 200.2270050049 94.2119522095 
596.4511108398 455.2261352539 667.2260131836 1.0352156162 
351.5969848633 289.0610351562 309.0388183594 7.9941205978 
432.6038208008 42.9446525574 424.3856811523 101.7744903564 
347.8741149902 157.0298767090 350.1816101074 243.9951782227 
454.0956726074 477.0837097168 490.4746093750 0.9598571062 
245.3651885986 370.9470520020 191.7163848877 0.8961407542 
570.1345825195 472.4035034180 737.8026123047 0.9298090339 
350.7091369629 247.0116729736 353.3193359375 312.0273132324 
355.6663818359 310.9738769531 353.1597290039 246.9937438965 
705.0799560547 0.6819949150 628.0090332031 223.6574707031 
631.1097412109 223.3850708008 708.3525390625 0.7753375173 
233.9084320068 305.8734741211 243.1350860596 372.1204528809 
222.6897125244 233.1806182861 232.4806060791 304.2094421387 
545.1593627930 541.4174194336 569.3841552734 474.1383361816 
518.7469482422 179.9733581543 513.7969360352 226.9786224365 
525.2894287109 115.9172897339 518.4205322266 174.9325561523 
487.4869689941 0.9602333307 475.5493774414 154.9650726318 
449.1316528320 537.0098876953 453.4056701660 480.1055908203 
474.7742919922 166.9031066895 467.5817260742 257.8878784180 
node_id_list 1447 1448 1449 1450 1451 1492 1493 1494 1495 1496 1497 1498 1499 1500 1501 1502 1503 1504 2062 3856 3857 3858 3859 7222 7223 7224 7225 7226 7227 7228 7239 7240 12592 12625 13134 
score_list 6.6084425485 5.7270554044 5.5107958840 7.8390069573 9.9040050088 9.1566487195 9.1379090579 11.9107656644 10.2670477939 6.5205335410 7.0360270893 10.9402872911 6.4326105475 4.4625388623 10.7823458220 7.5029815121 7.9264187963 8.1939045912 7.3941454632 7.7613229447 7.5698540202 9.6996301673 8.0680030800 4.0546361194 4.9658805323 5.7084732554 6.1297147496 5.5386625098 7.4658119900 4.6991197988 2.8166775060 7.4450394761 6.5025139609 2.4506052096 5.5124605807 
line3d_list
-0.0030249311 -0.0123943535 1.9718585776 -0.0155018690 -0.0063376154 1.7415274601 
-0.0028778708 -0.0124889074 1.9787508545 -0.0064286756 -0.0101534698 1.8028837973 
0.0014380098 -0.0139438667 1.9864722050 0.0039453175 -0.0164158440 1.8041413545 
-0.0064939373 -0.0101008622 1.9890473969 0.0066191909 -0.0188037221 1.1113144323 
0.0037859737 -0.0006587671 0.0368311119 -0.0009653151 0.0015873703 1.9895358058 
0.0183961665 -0.0061777398 0.3196748052 0.0137382393 -0.0063741089 1.9871953454 
0.0176789064 -0.0059797750 0.3533924305 0.0091665227 -0.0048914753 1.9862514206 
0.0063310672 -0.0008665590 0.3624101251 0.0051040321 -0.0017947999 1.2114736708 
0.0047742108 -0.0016392831 0.0343673510 -0.0015905671 0.0032770425 1.1501925058 
0.0025986695 -0.0025472678 0.3116703819 -0.0012207659 0.0000007190 0.6626468605 
0.0039562202 -0.0139178525 1.9521042272 0.0073439483 -0.0172161750 1.6839060916 
0.0084252719 -0.0056822919 0.3559253443 0.0068603696 -0.0052695911 1.2563033849 
0.0156433451 -0.0210140501 1.0268052049 0.0170092154 -0.0208425565 0.0790725597 
0.0034895350 -0.0135360068 1.9628428343 0.0020825904 -0.0132904549 1.6679526491 
0.0107383337 -0.0066801910 0.0331514872 0.0090247010 -0.0060891823 0.6576465055 
0.0227861175 -0.0254345135 0.6667226727 0.0201995868 -0.0218904599 0.2975428099 
0.0016015073 0.0014961027 0.0380627853 0.0038782491 -0.0025865368 1.9775902644 
0.0124887463 -0.0032273276 0.3515693318 0.0075128216 -0.0035173730 1.6910790441 
-0.0015634610 -0.0130279198 1.9851543627 -0.0089596389 -0.0086990013 1.7154332010 
0.0002660876 -0.0132074765 0.7097991741 -0.0092634432 -0.0082182584 0.3425625697 
0.0022671709 -0.0019076318 0.2634652526 0.0002232608 -0.0024360539 1.8130111785 
-0.0001209920 0.0028593177 0.0256607188 -0.0000899809 0.0011421930 1.4530500593 
0.0021615397 -0.0019349411 0.3435472563 0.0004800573 -0.0023696630 1.6183264652 
-0.0045003142 -0.0105265383 0.3313406628 0.0009885416 -0.0142232551 0.0279703017 
0.0050311882 -0.0039104391 0.0302013617 0.0011963930 -0.0021655755 0.3302351684 
-0.0021773898 -0.0102682742 0.8781406473 -0.0010167406 -0.0113774879 0.2604057931 
0.0095309569 -0.0066748214 0.2709767790 0.0091234212 -0.0070475138 0.8830604279 
0.0041697400 -0.0145877100 0.3525740130 -0.0024080315 -0.0094137822 0.0272079487 
0.0000042219 -0.0130378192 0.6629734253 -0.0053821927 -0.0101291241 0.3554075271 
-0.0035896749 0.0042683522 0.0120361020 -0.0021297837 0.0031458904 0.3293070450 
0.0020638917 -0.0123160671 0.3214625057 -0.0043630509 -0.0068273675 0.0550208170 
0.0230802195 -0.0281518313 0.6549820441 0.0261721550 -0.0320188592 0.3610773197 
0.0120920922 -0.0179812857 1.8098720938 0.0140155884 -0.0195881398 1.3684284378 
0.0020099491 -0.0030721727 0.0261373177 0.0032841302 -0.0041790671 0.2526318350 
0.0135473311 -0.0188996652 1.3322252782 0.0153742671 -0.0207020301 1.0464021359 
END
