0.5675863075 -1.5207515278 0.0059206891 0.9502080475 -1.1398448975 0.0046162534 
36 16
image_id_list 0 3 4 4 4 12 12 66 66 93 0 0 79 62 11 11 7 50 50 62 91 91 7 62 7 7 7 18 65 65 18 63 72 72 72 63 
line_id_list 77 75 10 70 168 121 185 26 235 2 117 191 161 38 172 54 16 30 38 62 2 7 17 44 43 62 108 195 32 42 289 4 16 19 20 14 
line2d_list
211.1363830566 574.4653930664 129.1171264648 553.5408935547 
770.0234985352 533.9478149414 683.4489135742 495.0021057129 
514.8580322266 570.6138916016 626.2396240234 529.6516113281 
626.0751953125 528.2031860352 584.2509155273 543.6782226562 
578.9274291992 548.8063964844 516.1287231445 572.3434448242 
364.1348876953 401.5792541504 328.9080200195 390.2868957520 
338.1550598145 394.5390319824 363.0311584473 402.9073791504 
0.9972577691 459.8490905762 68.0114746094 458.6313171387 
60.0010414124 457.1005249023 0.9970113039 457.7112731934 
389.8179626465 541.3037109375 268.7286376953 572.9620971680 
129.8564300537 556.5836181641 169.8935699463 566.4326171875 
174.0157165527 566.9401245117 208.0333862305 575.8728637695 
473.7301330566 544.3223266602 500.9249267578 567.0896606445 
260.9827270508 527.9985961914 274.1189575195 368.9272460938 
34.4572525024 478.6255493164 0.6222411394 437.3093566895 
1.1492615938 434.8818054199 45.2584381104 490.5871887207 
613.0989379883 422.9266662598 644.1888427734 464.8599853516 
363.8952331543 599.0476684570 349.2563476562 566.8833618164 
350.4960632324 565.7669677734 366.2677612305 599.3439331055 
276.5100708008 368.9600524902 272.2654418945 421.0216369629 
504.7902526855 599.4822387695 550.4485473633 524.6635131836 
553.3544311523 524.8308715820 515.6031494141 586.3699951172 
652.3997802734 475.7091674805 723.1121215820 572.9183959961 
272.0783081055 423.0063476562 263.6601257324 527.0534057617 
724.5506591797 571.5973510742 702.1160278320 540.9151611328 
719.8096923828 572.1383056641 649.4896850586 475.3708190918 
642.5726928711 465.3144836426 612.1072387695 423.9210815430 
182.8839263916 458.1049499512 247.4395599365 529.5067138672 
121.6312332153 536.6965332031 41.9119186401 380.0448303223 
43.4612426758 377.7645874023 123.1576690674 533.9195556641 
229.1693267822 510.8423767090 202.6373138428 482.3375854492 
314.7421875000 510.4188232422 508.7210998535 424.3712463379 
426.0199890137 526.4548339844 347.0405578613 529.9235229492 
212.9497222900 533.9423828125 343.9863586426 527.7131958008 
347.9703063965 527.3107299805 425.9548034668 523.9507446289 
509.8791503906 426.7265014648 442.2664794922 456.6030578613 
node_id_list 626 627 628 629 630 631 632 633 634 635 924 1180 1181 3069 3580 3813 4259 4260 4261 4262 4263 4264 4265 4266 4346 4362 4405 6817 6818 6819 9202 13169 13170 13171 13172 13177 
score_list 2.8814294506 1.7725781937 5.4203925179 4.6273913478 3.5210585352 5.3886746988 4.0192162210 4.9285300576 4.1072024285 2.8010396875 1.7435989928 2.7973023455 0.0000000000 7.4693855523 2.8305746663 2.8693139068 1.9821104619 1.9634234297 2.4562981074 4.8572864379 4.6160426511 4.9391817252 1.9182326883 5.7440101084 0.0000000000 0.6749752442 1.8686689600 0.9595133110 5.4160142388 5.5063694566 0.7521735521 1.9726584253 0.9966149781 0.9790427451 0.9741507370 1.9885853910 
line3d_list
0.9376370850 -1.1490581484 0.0071150346 0.7145032812 -1.3704561395 0.0064580146 
0.9472214806 -1.1471109799 0.0117554618 0.7159864178 -1.3720447072 0.0085331505 
0.7176567754 -1.3770948262 0.0108501349 0.9465044137 -1.1520225114 0.0124191819 
0.9447498072 -1.1477995393 0.0126405765 0.8580902451 -1.2324113046 0.0110814436 
0.8449726524 -1.2430411652 -0.0036017110 0.7161471236 -1.3720889224 -0.0039457082 
0.9535362041 -1.1411528850 0.0119771783 0.8471411272 -1.2446195309 0.0104734671 
0.8697101948 -1.2158345988 -0.0006292415 0.9432339688 -1.1423596318 -0.0028892395 
0.8006075382 -1.2842249236 -0.0025183146 0.9387070099 -1.1462703822 0.0022505607 
0.9192494836 -1.1602062044 0.0041970788 0.8007303191 -1.2807529228 0.0051510929 
0.9279502351 -1.1642021315 0.0123383275 0.6350164216 -1.4502138129 0.0070680175 
0.7212164727 -1.3683003763 -0.0027029008 0.8291458083 -1.2619928614 -0.0006912104 
0.8349073864 -1.2464802646 -0.0029424091 0.9281374116 -1.1526384786 -0.0043543629 
0.8353539863 -1.2525642840 0.0044299345 0.9349314621 -1.1554587915 0.0053882466 
0.9500289044 -1.1396482127 0.0095030453 0.5768198077 -1.5129132317 0.0092546184 
0.8917294273 -1.2004393658 0.0033259430 0.6974680809 -1.3949407573 0.0026751577 
0.6830490565 -1.3996454326 0.0015218246 0.9364534958 -1.1488005631 -0.0033429398 
0.5738094129 -1.5081596312 -0.0023475415 0.6944117199 -1.3885003676 -0.0005312523 
0.6658118010 -1.4267888086 0.0021917173 0.5762830619 -1.5159473837 0.0030804023 
0.5781041038 -1.5110851699 0.0105992886 0.6721930135 -1.4167549491 0.0112236314 
0.5679766397 -1.5152434058 -0.0011611921 0.7080400915 -1.3752394588 -0.0000696214 
0.7421317616 -1.3501782499 0.0017185856 0.5724709256 -1.5202339765 0.0011297972 
0.5639405425 -1.5196241637 -0.0011433583 0.7066631884 -1.3776848902 0.0001491994 
0.7235434764 -1.3596123339 0.0005535725 0.9418872644 -1.1428605567 -0.0008356754 
0.7132863585 -1.3698286312 0.0006529050 0.9419578679 -1.1424469247 -0.0011807059 
0.9448381008 -1.1419672712 0.0091636496 0.8825481833 -1.2041629915 0.0098478014 
0.9438001258 -1.1502110108 -0.0007140194 0.7264801494 -1.3669127718 0.0006060837 
0.6905615198 -1.3921303925 -0.0082988913 0.5714902343 -1.5102810744 -0.0096675065 
0.5838109628 -1.4978628214 0.0020091386 0.9466743320 -1.1440074351 0.0055012575 
0.9517609378 -1.1405669532 0.0029503452 0.5737030059 -1.5181434736 0.0040288770 
0.5660589551 -1.5177485519 0.0039508323 0.9443540710 -1.1407109530 0.0009171527 
0.8701219962 -1.2288491672 0.0131261672 0.7341213044 -1.3678531643 0.0170522646 
0.9462193178 -1.1460333755 0.0020047843 0.5697295673 -1.5218868466 0.0022265861 
0.5651122176 -1.5183891175 -0.0009574120 0.7077152601 -1.3772713234 -0.0014306225 
0.9476268839 -1.1459268684 -0.0012079522 0.7169392834 -1.3757838338 0.0000180593 
0.7100282109 -1.3830972213 0.0008587400 0.5688138273 -1.5219944324 0.0030421555 
0.5657709305 -1.5178046647 -0.0010283200 0.7060548445 -1.3782819889 -0.0007802436 
END
