-0.0267273921 -2.2193858591 0.4273139772 -0.0113457301 -1.6500185354 0.4457248157 
5 5
image_id_list 10 31 86 14 15 
line_id_list 233 197 204 198 186 
line2d_list
349.0586547852 358.7719726562 410.1333312988 374.4817199707 
438.0809936523 420.3317260742 522.0592041016 430.5115356445 
378.0210876465 375.6178894043 459.0501708984 380.0909729004 
655.9940795898 234.0709838867 763.0809936523 243.0318908691 
278.0378417969 194.5192260742 351.0578002930 200.2655639648 
node_id_list 6682 6683 6684 8519 8520 
score_list 2.8026574746 3.8643449943 2.3617080860 6.0898282942 3.3442537472 
line3d_list
-0.0325910794 -2.0720997952 0.4228317602 0.0441756602 -1.6334949526 0.4667456071 
-0.0693273171 -2.2704464660 0.4130500299 0.0177940979 -1.6591276284 0.4555935985 
-0.0308926591 -2.0982876574 0.4226756404 0.0336454807 -1.6341098289 0.4625928767 
-0.0682306705 -2.2840878050 0.4138994160 0.0029569190 -1.6505267744 0.4494930396 
-0.0516492309 -2.2184147460 0.4181030563 -0.0032008296 -1.6781516708 0.4481937774 
END
