-0.1689901716 -0.9455926712 1.3338088293 -0.1709214088 -0.3407713066 1.3342304794 
65 36
image_id_list 0 1 4 39 45 46 58 59 93 8 8 17 32 39 46 58 64 79 85 87 90 3 43 45 76 3 32 76 17 19 20 31 79 85 86 99 99 10 19 31 84 87 9 15 9 15 20 37 86 10 11 18 11 37 42 50 92 59 74 50 18 43 42 90 64 
line_id_list 170 124 22 202 116 93 157 82 63 156 174 74 38 227 92 102 104 67 76 76 132 130 5 109 86 145 70 79 18 131 110 72 98 50 76 108 117 175 157 54 42 108 64 88 65 85 122 43 83 161 142 42 111 86 20 29 16 119 127 69 220 89 31 36 130 
line2d_list
237.0761718750 194.7254486084 203.1878051758 185.3231201172 
289.0107421875 175.7678985596 253.9896240234 176.2575073242 
303.7622375488 14.5306091309 231.5482635498 51.1081466675 
556.0423583984 287.7163391113 466.1053771973 274.2939147949 
799.1915893555 254.6701354980 647.1770629883 232.7709960938 
361.9531555176 180.2272186279 232.9421386719 188.0453186035 
319.0321350098 234.1778411865 201.0170135498 229.5648040771 
341.0384216309 158.8126220703 168.0254058838 153.2149810791 
183.0906524658 120.3417816162 143.6804199219 130.7951354980 
589.0124511719 291.9445800781 495.9974365234 271.0113525391 
489.8867492676 272.4965209961 594.4636230469 296.3515014648 
316.9551086426 133.7387847900 219.8997802734 150.4168243408 
583.9538574219 225.4737396240 693.0355834961 222.1781005859 
459.8113708496 276.2520751953 565.8156738281 292.2232666016 
225.0007476807 192.0125274658 369.0872192383 183.4715728760 
193.9384765625 232.5237731934 323.9687500000 237.7739410400 
464.2157897949 202.9707489014 286.0795288086 165.6207122803 
579.8453979492 137.5588684082 729.9531250000 144.0791473389 
513.9133300781 108.4829788208 403.9842529297 126.9061203003 
283.9714965820 254.2331695557 163.9514923096 258.6954956055 
526.9992675781 167.4830322266 412.9995117188 167.6438751221 
752.9591064453 129.4207153320 799.0360717773 130.7470397949 
775.0689697266 214.4057312012 799.0603027344 213.2285461426 
637.5438842773 235.0932006836 799.1585083008 258.9251098633 
589.9335327148 168.8476867676 727.9706420898 173.8153381348 
799.0158081055 127.0727005005 754.9945068359 126.3213653564 
686.9677734375 219.1009216309 589.9849243164 222.5794830322 
722.0321655273 170.0314788818 597.0040283203 165.8782806396 
215.0315093994 154.1866607666 322.1858825684 136.1013488770 
799.0765380859 209.2001342773 717.0618286133 201.3536224365 
799.0693969727 238.2023315430 729.9834594727 232.1904144287 
799.0291748047 254.1272735596 676.9815063477 257.2844543457 
718.0370483398 140.1679229736 588.0275878906 134.3803405762 
398.1783142090 131.0774383545 521.1207885742 110.7297058105 
739.0003662109 202.6808624268 618.0001220703 202.6446838379 
516.9638671875 288.4218750000 628.9978637695 298.0252380371 
626.0410156250 294.4997863770 522.9963378906 286.0444946289 
572.0186157227 242.9014587402 692.6836547852 265.6760253906 
709.9423828125 203.5562438965 799.1251831055 212.7910308838 
668.9893188477 260.4379272461 799.0373535156 257.9649353027 
717.9621582031 125.1677093506 799.0103149414 126.1353073120 
158.0216064453 262.5495300293 298.0411071777 257.0458679199 
767.0067749023 272.6173706055 665.0032958984 270.8129882812 
554.0227661133 22.1393089294 490.9880065918 23.3997726440 
658.9681396484 273.3947448730 771.9776611328 275.9766235352 
483.9953918457 26.6810188293 554.0241088867 25.6674079895 
721.8662719727 234.3558502197 799.1011352539 241.9745941162 
550.0283813477 201.7641906738 670.0294799805 199.8354492188 
609.9898681641 205.7204895020 745.9910278320 206.5218048096 
689.0833740234 261.5477294922 580.0993041992 241.4611358643 
326.1130981445 49.1131629944 187.9371948242 31.4924640656 
334.9999694824 78.9772949219 480.0009460449 78.8083724976 
179.9777679443 34.1734275818 329.6963195801 53.3685569763 
665.9945678711 196.6705932617 556.9913330078 198.4747772217 
719.0634155273 20.7882938385 462.9507446289 41.3874969482 
799.1307983398 85.5337448120 665.9749145508 78.4730224609 
448.0627441406 135.6041870117 222.8943939209 158.9829101562 
158.9477844238 157.8861999512 348.9959411621 163.1468200684 
30.8177452087 66.3119659424 0.8045593500 74.2621841431 
652.7799072266 82.5050735474 799.0821533203 91.6919631958 
473.9981689453 75.2649002075 341.9989929199 75.5963973999 
799.0626220703 209.2462005615 783.9500122070 210.0053558350 
452.1287536621 48.7840385437 475.0813903809 47.1276092529 
406.0183410645 171.3063507080 542.0097656250 170.2250976562 
276.6406250000 169.7919921875 482.3877258301 211.0530242920 
node_id_list 1136 1137 1138 1139 1140 1141 1142 1143 1144 1803 1804 1805 1806 1807 1808 1809 1810 1811 1812 1813 1814 3258 3259 3260 3261 3329 3330 3331 4923 4924 4925 4926 4927 4928 4929 4930 4931 4945 4946 4947 4948 4949 5458 5459 5460 5461 5462 5463 5464 6533 6534 6535 6574 6920 6921 6922 6923 8906 8941 9048 9175 9436 12180 12271 13230 
score_list 9.0419411844 12.4256801685 8.1810870620 10.6627200658 10.2713596397 15.6959300988 14.2854570003 12.2012608547 10.8041150743 8.2632612278 10.9018975006 10.6134989275 12.2295147905 10.3390958665 13.9046301204 12.5993631798 14.8420733187 5.1160904309 12.2613322494 7.8611907998 11.6743715686 4.1672482669 10.5063876946 10.6067678126 10.5111941289 8.0892155909 11.4400421520 9.9066926891 11.4954898709 3.5628288722 8.2139726965 6.1470706557 7.1681817074 13.1036610952 9.1759672496 11.5965336260 11.5199035463 5.3133783596 4.5639669429 6.7602643416 6.8407506499 5.2574096018 4.6670146598 3.2170785587 5.2327372228 3.7269102995 7.5105551252 8.3902316658 7.9996785579 6.1695682766 8.9096423526 12.6348920715 9.1800078490 5.8434610180 9.7651314692 8.3501002625 11.1076546078 9.9567610770 7.6640762264 7.2523127064 10.8554007907 3.6103647337 1.8407909271 7.7374677618 9.2937680173 
line3d_list
-0.1869140531 -0.6644240869 1.3340581663 -0.1774475591 -0.8833805937 1.3338489710 
-0.1809697949 -0.6767529536 1.3334715143 -0.1800680877 -0.8696873428 1.3331852217 
-0.1976888404 -0.4867971415 1.3324835013 -0.1771179603 -0.8588247838 1.3331507231 
-0.1782159398 -0.3995489819 1.3355013770 -0.1744401769 -0.9049298172 1.3344077700 
-0.1832823103 -0.4226382088 1.3333161054 -0.1786935699 -0.9119061619 1.3334676653 
-0.1776954351 -0.3903360987 1.3340145282 -0.1820250908 -0.9125614844 1.3330664136 
-0.1896474409 -0.3903754499 1.3333751859 -0.1751005129 -0.9100851430 1.3338656787 
-0.1856938989 -0.3918145759 1.3325597411 -0.1772696021 -0.9123468027 1.3330621544 
-0.1832064063 -0.6703532276 1.3335690396 -0.1658582243 -0.8814614617 1.3343451583 
-0.1605935124 -0.3952542910 1.3369522168 -0.1605098984 -0.9101757752 1.3356679627 
-0.1739471869 -0.9397482680 1.3191666585 -0.1706596085 -0.3587407543 1.3193269137 
-0.1716970522 -0.3944387806 1.3355825455 -0.1704584157 -0.9115007676 1.3344356003 
-0.1671289739 -0.9372253304 1.3204023328 -0.1685238407 -0.3657810293 1.3181798783 
-0.1673389502 -0.9382113845 1.3192972984 -0.1859117718 -0.3389568019 1.3180162285 
-0.1721151704 -0.9440224915 1.3194473870 -0.1691788184 -0.3623313395 1.3195539013 
-0.1667748917 -0.9393564378 1.3202557096 -0.1756155975 -0.3691941269 1.3185803315 
-0.1725195515 -0.4045170678 1.3344856478 -0.1719222042 -0.9126006310 1.3338508448 
-0.1715296745 -0.9444734637 1.3190458667 -0.1869746820 -0.3411306789 1.3190548424 
-0.1646832608 -0.3959536822 1.3356541402 -0.1677677740 -0.9102098363 1.3344672662 
-0.1855336751 -0.4046011265 1.3337911458 -0.1669265532 -0.9122635263 1.3334531254 
-0.1728349969 -0.4199081850 1.3344640866 -0.1675447037 -0.9149850286 1.3338784443 
-0.1740034404 -0.9163608824 1.3197666468 -0.1455225751 -0.7223189066 1.3213650775 
-0.1743209884 -0.9380408096 1.3196933679 -0.1739262490 -0.8681702618 1.3196502810 
-0.1647929823 -0.9424802054 1.3207124434 -0.1566263797 -0.4247853960 1.3198748831 
-0.1647602635 -0.9384169378 1.3203586924 -0.1622920079 -0.3630616833 1.3199494836 
-0.1537587433 -0.7212247802 1.3363960275 -0.1560765957 -0.9194852535 1.3355212408 
-0.1497367582 -0.4007398942 1.3373688851 -0.1562657526 -0.9054693255 1.3361705511 
-0.1738644452 -0.3871125327 1.3343119626 -0.1673888002 -0.9086086493 1.3345254651 
-0.1646635928 -0.9399351365 1.3203729262 -0.1711858929 -0.3687875088 1.3188228814 
-0.1594884999 -0.5506997982 1.3353624634 -0.1719635816 -0.9106071317 1.3344215117 
-0.1581369492 -0.6398838019 1.3360415638 -0.1588645150 -0.9063473965 1.3354548918 
-0.1719414580 -0.4062493278 1.3338971966 -0.1730469059 -0.9066201201 1.3343030017 
-0.1638881137 -0.3966869527 1.3349579546 -0.1546128153 -0.9146261580 1.3353552354 
-0.1718920014 -0.9394379975 1.3194786052 -0.1718057601 -0.3620030611 1.3191547476 
-0.1676268503 -0.3939836726 1.3352225930 -0.1562695841 -0.9064145183 1.3361693168 
-0.1790957917 -0.9427417854 1.3189299760 -0.1579383454 -0.3638903866 1.3194929971 
-0.1535375618 -0.3790146499 1.3358113217 -0.1719135057 -0.9091624357 1.3344252888 
-0.1769803273 -0.9464328031 1.3189610659 -0.1703882993 -0.3638951164 1.3193011319 
-0.1866144095 -0.9456384922 1.3188129225 -0.1566863541 -0.5475149060 1.3194371195 
-0.1613030606 -0.9396886440 1.3211375915 -0.1743422307 -0.4067118408 1.3176011182 
-0.1865230741 -0.9416001152 1.3188159833 -0.1649054097 -0.6475627954 1.3192695002 
-0.1647610584 -0.9354293566 1.3197536237 -0.1810858283 -0.3407939524 1.3201589597 
-0.1223418343 -0.3796401282 1.3400461536 -0.1585120542 -0.9020675310 1.3354976459 
-0.1523495268 -0.5999236447 1.3353283467 -0.1687517290 -0.9047407228 1.3344690170 
-0.1927721215 -0.9446507925 1.3172315295 -0.1394637383 -0.3584619647 1.3217771202 
-0.1851974214 -0.9460591894 1.3188345872 -0.1626428675 -0.6023212405 1.3193228886 
-0.2002035499 -0.9446974593 1.3166286146 -0.1604892439 -0.6378166211 1.3199661442 
-0.1717811577 -0.9406485130 1.3190435570 -0.1607750163 -0.3693331018 1.3194470537 
-0.1840172942 -0.9427134687 1.3183162165 -0.1357016047 -0.3688098040 1.3222833127 
-0.1671527031 -0.3832966713 1.3356561360 -0.1690074396 -0.9059068655 1.3344636663 
-0.1649529475 -0.3768596560 1.3348965152 -0.1613595189 -0.9090746047 1.3349180010 
-0.1686523820 -0.9388395520 1.3198103316 -0.1803805566 -0.3615496154 1.3182755426 
-0.1763397630 -0.9428338487 1.3190246521 -0.1805271414 -0.3620886033 1.3182608277 
-0.1839197258 -0.3862342743 1.3328294748 -0.1484443937 -0.9049697986 1.3373260423 
-0.1682722861 -0.4047097060 1.3342325335 -0.1709073447 -0.9131864749 1.3333498133 
-0.1684617501 -0.5819536724 1.3340997766 -0.1703827482 -0.9107884364 1.3334768729 
-0.1684214263 -0.4749495099 1.3352276041 -0.1707084980 -0.9136655615 1.3330609674 
-0.1670749374 -0.9379182356 1.3196034542 -0.1632334908 -0.3716489551 1.3211977936 
-0.1838767374 -0.4842713025 1.3336222805 -0.1745384477 -0.5876121794 1.3340448708 
-0.1566831779 -0.9429102462 1.3217904447 -0.1795499189 -0.5775089744 1.3181043730 
-0.1354926081 -0.3873794757 1.3384960286 -0.1348032827 -0.9050557194 1.3378419248 
-0.1700822314 -0.8693835672 1.3335588422 -0.1714054370 -0.9129141517 1.3334119061 
-0.1640980513 -0.9370426775 1.3212618180 -0.1644808028 -0.8863078736 1.3209360047 
-0.1644373333 -0.9437172235 1.3203932496 -0.2245799384 -0.3186300644 1.3157843967 
-0.1745589830 -0.9337141824 1.3187387433 -0.1500241508 -0.3548807784 1.3231383751 
END
