1.6907519112 -3.1149524177 1.2807154010 1.7236206212 -3.1036855216 1.2820592637 
3 3
image_id_list 51 56 77 
line_id_list 89 150 134 
line2d_list
157.0275726318 186.9148559570 143.9791412354 187.3081207275 
229.0825347900 221.0789031982 217.0762939453 221.9973907471 
36.3527717590 315.8982849121 21.3155918121 321.8036193848 
node_id_list 12829 12830 12831 
score_list 1.6107452350 1.3477522584 2.4330161409 
line3d_list
1.6818732893 -3.1096326667 1.2807627917 1.7231497601 -3.0978509515 1.2831187178 
1.6882842211 -3.1078027677 1.2811287068 1.7257649299 -3.0971044927 1.2832679832 
1.6834898685 -3.1174417360 1.2804184867 1.7236206212 -3.1036855216 1.2820592637 
END
