1.2944054983 -3.0220458774 1.3482555365 1.4933134124 -3.0137513210 1.3466618248 
3 3
image_id_list 20 21 56 
line_id_list 65 83 12 
line2d_list
146.0175628662 225.1110382080 105.9138412476 231.4553527832 
384.0032958984 69.9272460938 337.0549011230 67.7926712036 
367.9748535156 190.7294311523 298.8284606934 197.1535491943 
node_id_list 9400 9401 9639 
score_list 2.4249472139 2.4827059441 2.4230399624 
line3d_list
1.2941011640 -3.0144734741 1.3496831690 1.4930436896 -3.0070401144 1.3479270951 
1.2833696164 -3.0225060790 1.3483439594 1.5045171654 -3.0132841191 1.3465720569 
1.2693419188 -3.0373295120 1.3457810296 1.4995744372 -3.0224155348 1.3449346485 
END
