-0.1971160200 -0.9006399488 0.6962690329 -0.1977600395 -0.3853947027 0.6955834935 
23 21
image_id_list 4 11 12 42 46 47 50 59 64 66 79 87 90 92 58 62 62 65 84 18 45 74 92 
line_id_list 8 76 8 12 14 6 51 4 47 55 28 3 10 11 40 42 82 40 53 54 40 6 49 
line2d_list
368.2133483887 181.4630737305 311.4474487305 228.5395507812 
313.0001525879 198.9984436035 195.8323974609 186.5815277100 
433.1811523438 101.6262283325 331.2210388184 112.9841461182 
699.9610595703 288.3937683105 492.9549560547 282.6123046875 
373.0528869629 330.7619018555 253.0065765381 339.0947570801 
230.4640502930 175.4954528809 104.2090454102 214.6736755371 
799.2976074219 316.1346435547 635.8317260742 290.0547180176 
336.0984191895 348.5172119141 178.9165344238 358.7132263184 
414.9168090820 413.9630432129 247.8676757812 399.5316162109 
41.1417312622 10.4011240005 0.5554190874 24.7417640686 
690.9951171875 286.0662536621 574.8875122070 277.5303955078 
283.2447509766 398.5282592773 169.7914276123 416.6976318359 
511.1492919922 313.0434570312 406.1253662109 320.7159423828 
427.5096130371 368.8977966309 400.3218383789 376.1985473633 
315.0140075684 369.2263793945 202.0058898926 370.5158081055 
799.4617309570 166.4234466553 701.4926147461 137.7324523926 
610.6552734375 111.1931304932 700.9215698242 137.2714385986 
516.9274902344 27.8716468811 322.8562316895 11.7284708023 
799.1645507812 275.1914367676 714.8616943359 267.5199890137 
468.0072021484 225.5989685059 352.9724426270 223.5374145508 
768.8555297852 435.6505432129 618.7100830078 402.3055725098 
97.4648742676 262.7251281738 -0.0095632672 315.1218872070 
236.3812255859 418.4565734863 424.7219848633 372.6363220215 
node_id_list 3559 3560 3561 3562 3563 3564 3565 3566 3567 3568 3569 3570 3571 3572 6835 6836 6837 6838 6839 9051 9052 12598 13159 
score_list 11.6663097495 6.3353413486 5.0984891326 12.7007369117 5.8961100884 10.1638114512 6.5151704598 6.0236984067 7.4256995025 7.1224982684 3.3115840212 5.6417939394 6.8396262919 13.4420724757 4.9244882003 8.9281496544 9.7074654413 12.6215102307 1.8408467666 4.7092783452 2.9273640570 8.6673651062 13.1689055453 
line3d_list
-0.2014615474 -0.4300035958 0.6948479709 -0.1955390625 -0.7955079280 0.6967142040 
-0.1999181072 -0.3857390058 0.6960174057 -0.1990146920 -0.8920030859 0.6959472937 
-0.2055001328 -0.3996015237 0.6927052372 -0.1904952042 -0.9041116311 0.6991094481 
-0.1974808694 -0.3828226307 0.6957836349 -0.1959712507 -0.8963311351 0.6968834267 
-0.1981372498 -0.3853951300 0.6956166700 -0.1943112965 -0.8958565760 0.6971285214 
-0.1968274834 -0.4118380845 0.6960417136 -0.1988618322 -0.8944055476 0.6949362516 
-0.1967502279 -0.4399083551 0.6956296216 -0.1927520372 -0.8979998172 0.6980631596 
-0.1980266706 -0.3864649585 0.6956450907 -0.1882775900 -0.8989132996 0.6986175310 
-0.1947695151 -0.4008937873 0.6964631629 -0.1926080136 -0.8982272531 0.6975505440 
-0.2004762844 -0.4069910598 0.6945005637 -0.2005938223 -0.5487738556 0.6938425168 
-0.2037360902 -0.3866250915 0.6941878488 -0.2049377731 -0.8914008032 0.6945815314 
-0.1878637753 -0.4078827192 0.6991293750 -0.1880289220 -0.9006247716 0.6991393357 
-0.1978842736 -0.4087533086 0.6957164050 -0.1929530073 -0.9001984987 0.6976613405 
-0.2005695155 -0.4112720500 0.6943885268 -0.2000526889 -0.4895532462 0.6946230506 
-0.1915222663 -0.3860543939 0.6982110903 -0.1912261291 -0.8983541855 0.6983385837 
-0.1976752528 -0.4413974891 0.6957929379 -0.1985261916 -0.6558354983 0.6958228046 
-0.1990038945 -0.8857987502 0.6959618992 -0.2004201323 -0.6579374870 0.6953588319 
-0.1922437016 -0.3842885400 0.6976602695 -0.2010628467 -0.8866082837 0.6941763683 
-0.1957389865 -0.5650348736 0.6964826215 -0.2053438083 -0.8938956202 0.6944810697 
-0.1827277722 -0.3884000821 0.7004132969 -0.2074894463 -0.8970293841 0.6942664420 
-0.1919658595 -0.3862449769 0.6971999958 -0.1963722437 -0.8964913294 0.6967810122 
-0.1818468123 -0.4315923380 0.7009917188 -0.2031993835 -0.7861259003 0.6944198952 
-0.2045108661 -0.9021473637 0.6939186712 -0.1828118940 -0.4303262698 0.7022707508 
END
