-0.0104293797 -0.2491018351 0.9948802931 -0.0131828534 -0.0718458063 0.9936463669 
12 6
image_id_list 12 47 74 12 47 74 92 92 59 64 59 64 
line_id_list 25 29 98 40 68 136 50 108 91 147 106 186 
line2d_list
521.9838256836 36.8312377930 486.9225463867 40.1921310425 
326.7230224609 80.7723083496 295.7217407227 87.7666549683 
189.6100921631 151.1552734375 163.6104736328 163.1560974121 
487.0713500977 42.7874145508 522.0559692383 39.6175346375 
296.1080932617 90.4827194214 327.1205749512 83.5384674072 
164.3648986816 165.7937774658 190.3831176758 153.8334350586 
598.8688354492 289.4650268555 553.8770141602 300.4984436035 
553.6301269531 303.5112609863 598.1140136719 292.4588928223 
454.9749755859 269.7272644043 401.9954528809 270.7692871094 
566.1746215820 345.7151489258 514.1835327148 338.6496276855 
409.0026245117 273.2362976074 454.0081787109 272.7384033203 
512.9315185547 341.5018310547 565.9003906250 348.7299804688 
node_id_list 7061 7062 7063 7088 7089 7090 7091 7092 12602 12603 12611 12612 
score_list 2.0368886712 3.5681495908 6.8509405295 3.0646938060 4.2114021445 7.8372272085 7.7921518368 7.9226370436 2.4696825401 2.0713286983 1.5106804272 1.5140176519 
line3d_list
0.0069002640 -0.0790194416 1.0094919427 0.0041893285 -0.2486503435 1.0075251600 
0.0006389219 -0.1039220125 1.0061591755 0.0022002217 -0.2488245981 1.0065233351 
0.0012914940 -0.1191564697 1.0066455819 0.0022977685 -0.2473825108 1.0066234645 
-0.0043656966 -0.2424934630 0.9943437375 -0.0025785846 -0.0716708841 0.9951111531 
0.0011989542 -0.2471046163 0.9971373297 -0.0014636778 -0.1006868362 0.9958915929 
0.0008900291 -0.2447426924 0.9968704437 -0.0017079265 -0.1141607525 0.9955522438 
-0.0147888513 -0.1044437636 0.9920006146 -0.0125465986 -0.2371365750 0.9930795542 
0.0012457253 -0.2496765504 0.9971592119 -0.0011144368 -0.1198915497 0.9960549885 
-0.0009192530 -0.0542543299 1.0050957561 0.0024845174 -0.2368254583 1.0068726361 
-0.0063039673 -0.0749760365 1.0041556477 -0.0052359015 -0.2458167296 1.0043599986 
0.0021692809 -0.2128681932 0.9983240792 -0.0030689575 -0.0558968532 0.9947767811 
0.0015820171 -0.2516687686 0.9974545837 -0.0009440914 -0.0771751920 0.9965703924 
END
