0.0017339911 -1.1774817016 1.5419395694 0.0015474156 -1.1776626065 1.5968830325 
13 13
image_id_list 18 40 45 59 64 79 84 85 86 90 43 92 93 
line_id_list 142 29 7 59 65 26 19 104 158 84 82 117 97 
line2d_list
258.3375244141 7.8501358032 260.0345764160 22.9961261749 
60.6034088135 199.8365478516 64.9830398560 216.0045928955 
580.1160888672 144.8296813965 576.9644165039 161.1858367920 
52.7393417358 44.0202789307 54.5179901123 66.8818969727 
199.2815856934 19.0433082581 195.4099884033 44.2168502808 
530.4906616211 66.9521636963 529.1610107422 81.1090469360 
656.1922607422 58.9424018860 655.1838378906 73.0844116211 
335.4624938965 80.9104995728 337.9956970215 94.0008316040 
555.4344482422 148.9969177246 555.4602050781 161.0011596680 
360.6780395508 96.9676055908 360.2843933105 113.0314712524 
700.6062622070 140.9929199219 700.3003540039 158.0233612061 
20.5572299957 25.6798610687 30.2738304138 72.9437026978 
82.3295288086 65.1886978149 87.5046310425 83.5765380859 
node_id_list 9112 9113 9114 9115 9116 9117 9118 9119 9120 9121 12111 12112 12510 
score_list 6.0577037778 5.8916712537 1.9811405827 5.6864704192 6.6643491021 4.9445130778 2.6998796622 4.3984017392 1.4937851915 8.6857384502 5.0073094774 3.6478160187 5.8992770293 
line3d_list
0.0023737062 -1.1787871789 1.5946532280 -0.0022413575 -1.1789405218 1.5431669374 
0.0019755895 -1.1776010479 1.5955952847 0.0024779232 -1.1774174368 1.5422614441 
0.0001702808 -1.1778750459 1.5968776566 0.0032231465 -1.1785085687 1.5415566175 
-0.0002081057 -1.1777647299 1.5958809469 -0.0007569044 -1.1773955854 1.5427743516 
0.0060221864 -1.1778703972 1.5958428013 0.0026900774 -1.1776977174 1.5445937875 
0.0025024374 -1.1787829016 1.5960893711 -0.0021980486 -1.1789390828 1.5436500969 
0.0004464037 -1.1787173960 1.5975128355 -0.0015547716 -1.1789538633 1.5442449824 
0.0203434433 -1.1772443600 1.5967657714 0.0153774459 -1.1767031844 1.5423428219 
0.0202360225 -1.1772326536 1.5955885346 0.0154092001 -1.1767066448 1.5426908196 
-0.0005890482 -1.1776518576 1.5944301190 0.0000057839 -1.1776064036 1.5419332903 
0.0046956315 -1.1781165243 1.5953397913 0.0015001997 -1.1785222080 1.5430792771 
-0.0009277811 -1.1775613673 1.5955793788 -0.0008333918 -1.1773738938 1.5427230036 
0.0012184203 -1.1776365141 1.5973447905 0.0011390682 -1.1771984935 1.5413696856 
END
