2.2572842715 0.1849572145 0.6126968955 2.7635923290 0.1815833094 0.6141515148 
3 3
image_id_list 26 75 28 
line_id_list 315 3 338 
line2d_list
39.1786003113 446.2498474121 126.7487182617 383.6484985352 
451.0033569336 164.8246002197 172.9998321533 165.9585266113 
129.8518066406 409.9919433594 213.2924194336 338.3405456543 
node_id_list 11155 11156 11401 
score_list 2.2350206548 2.9740020598 3.1138408288 
line3d_list
2.2572641637 0.1838568379 0.6171435537 2.8427575973 0.1860376907 0.6148575369 
2.7636171313 0.1857429074 0.6151665351 2.0813520494 0.1832015984 0.6178303899 
2.2187946873 0.1852136991 0.6125863153 2.8365024471 0.1810974553 0.6143609850 
END
