-0.2982739452 -1.8197833729 1.0013751410 -0.1891548681 -1.8576181181 1.0151473675 
8 8
image_id_list 8 45 20 76 82 98 84 86 
line_id_list 274 177 247 215 251 222 253 222 
line2d_list
321.0249023438 288.7844543457 332.9808044434 290.1662292480 
391.9416198730 275.3377075195 408.3165893555 278.1691284180 
528.9741210938 274.1808471680 538.0282592773 273.8947143555 
401.9649963379 222.4013214111 413.0330200195 222.6777343750 
609.0006103516 150.9665985107 617.0167846680 151.1192779541 
549.9406127930 295.7619934082 563.0945434570 296.7867126465 
507.9587707520 187.5875091553 520.0380249023 186.3801269531 
426.9750061035 262.7199707031 439.0572814941 261.6419372559 
node_id_list 5152 5153 9551 9552 9553 9554 12540 12541 
score_list 0.5168873960 3.5920769726 3.5328133479 2.1431306549 0.9317711541 1.4070533232 2.1491712672 0.9175760665 
line3d_list
-0.2578479881 -1.8521598186 1.0044806872 -0.3666058292 -1.7994239532 0.9948498334 
-0.1879080495 -1.8539378145 1.0153791134 -0.2969780113 -1.8183023157 1.0011655838 
-0.1724544777 -1.8472596688 1.0195728552 -0.2601166146 -1.8335919581 1.0071203664 
-0.1891306501 -1.8458673610 1.0171600909 -0.2756095768 -1.8139740957 1.0055448409 
-0.1426861893 -1.8341946012 1.0266808301 -0.2601532025 -1.8427403522 1.0056265524 
-0.2224958699 -1.8573275055 1.0095584594 -0.3374217919 -1.8241471724 0.9957149650 
-0.1997930543 -1.8576949536 1.0127470160 -0.2734222798 -1.8200295437 1.0050815909 
-0.2024651137 -1.8578497018 1.0134021889 -0.2978763121 -1.8187579675 1.0010416148 
END
