1.8178278319 -2.9928035181 0.7022243475 1.8986625467 -3.0084489684 0.6576591043 
6 6
image_id_list 14 78 21 34 60 23 
line_id_list 204 192 192 187 148 185 
line2d_list
312.2953796387 250.2128601074 298.9985961914 262.1155395508 
470.6918640137 360.2505493164 449.9536743164 371.7238159180 
267.2489318848 210.5253295898 249.0667877197 219.1409454346 
335.9230651855 182.5313415527 320.5757751465 193.7852172852 
341.2617797852 365.7310180664 325.5178222656 374.8901062012 
394.6416931152 132.3844451904 379.6474914551 141.1123809814 
node_id_list 8521 8522 9735 9736 9737 10382 
score_list 1.8021274931 3.7620546446 4.5304456581 2.9942140118 4.0207585309 2.1949934859 
line3d_list
1.8229505392 -2.9894131699 0.7017272844 1.9010824683 -2.9989947519 0.6605926423 
1.8203841702 -2.9895984971 0.7028922383 1.9036819993 -3.0071135643 0.6563199288 
1.8073014921 -3.0234034796 0.6953952393 1.8891954005 -3.0379644330 0.6508490587 
1.8123016423 -3.0113059685 0.6986962887 1.8964884155 -3.0291031291 0.6515915295 
1.8109445648 -3.0110190811 0.6994556100 1.8893510888 -3.0275942918 0.6555850554 
1.8229243284 -2.9902157609 0.7035716790 1.8936256724 -3.0227110109 0.6558762733 
END
