0.0251744275 -1.2837609471 0.2511329081 0.0187311952 -1.2740170764 0.7112869080 
11 10
image_id_list 0 3 47 64 79 1 1 4 93 7 49 
line_id_list 101 40 182 50 137 96 275 181 270 81 72 
line2d_list
120.7511367798 287.9211120605 88.1655502319 390.7355346680 
670.0314941406 271.0446166992 652.4084472656 362.6939697266 
53.4821968079 423.1618957520 11.4846334457 288.8484497070 
89.7286071777 429.7963867188 80.5777740479 486.9323730469 
487.0149841309 296.9086914062 482.6524963379 343.9677734375 
193.5243530273 314.9242248535 186.9996337891 441.9999694824 
192.1343994141 405.0012207031 192.3956451416 376.0035705566 
267.4896545410 321.2278747559 315.8432617188 429.5165100098 
156.6709289551 396.7716674805 142.5110626221 355.1664123535 
791.9352416992 164.9736785889 753.0516357422 260.6144409180 
728.3833007812 387.7049560547 684.1873168945 480.0895996094 
node_id_list 773 774 775 776 777 1742 2068 2972 13224 4375 4376 
score_list 10.3517658236 13.8252219749 5.0649290705 8.6500116407 8.4928349345 8.8151640441 7.9032552504 6.5685455304 7.3050232272 7.8085417851 6.5544197580 
line3d_list
0.0158480823 -1.2711821215 0.8307991979 0.0218141874 -1.2803811281 0.3512027902 
0.0270378443 -1.2720223088 0.7113609809 0.0268578731 -1.2812520062 0.2508673357 
0.0388991472 -1.2837526268 0.2330047436 0.0149191205 -1.2767933478 0.6644544019 
0.0211355088 -1.2745417425 0.6713689638 0.0284746009 -1.2762812211 0.5358243647 
0.0053288415 -1.2777991709 0.6436100080 0.0143027965 -1.2811120817 0.4237391069 
0.0197323084 -1.2721923411 0.8411738658 0.0201857952 -1.2797951911 0.2980441601 
0.0363945786 -1.2736485085 0.4680355221 0.0276702095 -1.2718363718 0.5895466902 
0.0149872621 -1.2747762297 0.6713251045 0.0239854186 -1.2829885399 0.2510999033 
0.0431288877 -1.2758907919 0.4472953532 0.0276449326 -1.2742484849 0.6162225222 
0.0148785946 -1.2745951185 0.6746508366 0.0156283364 -1.2813550154 0.3471000528 
0.0279058369 -1.2740115218 0.6742887340 0.0018236074 -1.2851901751 0.3394312302 
END
