1.6770433380 -2.9982227763 1.5429880714 1.6780368205 -2.9983080067 1.5975063660 
8 8
image_id_list 38 51 53 56 77 88 89 98 
line_id_list 69 78 114 43 75 67 55 41 
line2d_list
132.2996978760 165.9367828369 133.1293334961 182.9937133789 
136.2346496582 92.1207885742 138.9009704590 109.0156250000 
149.3734893799 109.9831237793 149.5580749512 125.0054321289 
233.4514770508 109.0354843140 234.8686828613 130.9438018799 
11.8335342407 196.0600738525 19.6645717621 217.7601776123 
27.4082126617 61.0227508545 28.1006317139 79.0345764160 
511.8427429199 180.9282684326 510.9051208496 196.0561065674 
46.8049278259 134.0086822510 47.6023864746 151.9286956787 
node_id_list 11952 11953 11954 11955 11956 11957 11958 11959 
score_list 4.6197100666 6.8463843235 8.7390766769 5.3138986547 6.6517646829 6.8088482548 3.8583877803 1.7585314504 
line3d_list
1.6780971801 -2.9989257547 1.5975043003 1.6770188825 -2.9989850804 1.5429873253 
1.6781138478 -2.9986345299 1.5963553727 1.6772227750 -2.9978845416 1.5438103020 
1.6780753610 -2.9989269551 1.5964011650 1.6770522823 -2.9989832428 1.5446759631 
1.6751777618 -3.0045955386 1.5963215385 1.6775566032 -2.9996189147 1.5391580881 
1.6778231369 -2.9970015880 1.5968972487 1.6767749793 -2.9968066643 1.5456296987 
1.6781324999 -2.9986483011 1.5974071785 1.6770529259 -2.9981797498 1.5447227773 
1.6774290966 -2.9939754177 1.5977968727 1.6768594708 -2.9977909619 1.5431453745 
1.6789318616 -2.9974664638 1.5982880819 1.6802555512 -2.9931595877 1.5411400566 
END
