2.5304434473 0.1144729240 0.9328449043 2.7411561075 0.1167169297 0.9313683826 
6 5
image_id_list 27 28 29 67 75 27 
line_id_list 62 125 122 199 94 297 
line2d_list
373.2998352051 329.4429931641 361.8280029297 343.8631896973 
188.2116088867 286.8953552246 160.0143737793 307.0201416016 
215.3788299561 246.7461853027 184.9191284180 261.8367919922 
557.0592041016 297.6791992188 489.9251403809 294.6704406738 
461.9996032715 70.0427398682 364.9711914062 69.1569976807 
361.0162963867 348.0147705078 374.8374633789 332.7586975098 
node_id_list 11177 11178 11179 11180 11181 11256 
score_list 4.4585963349 1.6525997941 2.7923256551 3.5178526778 1.5827171407 4.2742829974 
line3d_list
2.7469944709 0.1263948331 0.9283520282 2.5516802671 0.1138094692 0.9329130841 
2.7411017410 0.1223429657 0.9321602105 2.5182903316 0.1075033125 0.9378456492 
2.7450056453 0.1255806591 0.9290841965 2.5304883782 0.1113463012 0.9345051279 
2.7404596216 0.1259737502 0.9285046327 2.5293531439 0.1123707875 0.9334344761 
2.7402329443 0.1168024488 0.9312653123 2.5360735667 0.1146673930 0.9327167636 
2.5333199075 0.1130251345 0.9220391190 2.7127197072 0.1096810857 0.9242765705 
END
