0.0008950046 -2.1902381363 0.8756186460 0.0021333617 -2.1897299694 0.9314379900 
9 9
image_id_list 2 6 7 49 51 80 50 91 42 
line_id_list 36 43 22 26 17 11 105 26 114 
line2d_list
690.5302124023 115.9110031128 687.0654907227 134.2018280029 
251.5884246826 132.0709075928 255.0504302979 152.1636199951 
508.0679931641 24.9033775330 506.2817993164 42.1328849792 
456.1626281738 210.2529449463 452.6582031250 226.3607635498 
761.7099609375 323.9745178223 759.9440917969 344.0829162598 
764.8307495117 305.9589538574 761.1170654297 321.2709350586 
248.1861267090 183.9311828613 249.0569152832 198.9386749268 
794.8939819336 67.9392166138 783.4785156250 87.8477783203 
24.6804141998 238.1664886475 33.3541336060 254.8155059814 
node_id_list 2278 2279 2280 2281 2282 2283 4008 4009 12235 
score_list 4.9181660015 3.8825033479 0.9832277216 3.1961079201 1.8378343102 0.9980381731 3.8423334115 5.2100361565 0.9975932373 
line3d_list
0.0022467048 -2.1894760912 0.9310507534 0.0003259217 -2.1902712770 0.8767133685 
0.0018744576 -2.1899345056 0.9313408216 0.0005703278 -2.1899544805 0.8759605431 
0.0018519702 -2.1899348501 0.9303858863 0.0005876585 -2.1899542151 0.8766964971 
0.0009543103 -2.1909083678 0.9313810932 0.0036710520 -2.1887813985 0.8788428854 
0.0016266926 -2.1903062564 0.9327489380 -0.0001561446 -2.1919006419 0.8771947320 
0.0016859019 -2.1902533057 0.9345939338 -0.0001037505 -2.1918537860 0.8788273620 
0.0029314567 -2.1895166688 0.9283616143 0.0013863370 -2.1903597658 0.8756088530 
0.0016875075 -2.1901823074 0.9310332094 -0.0008274922 -2.1928662958 0.8752351250 
0.0022556042 -2.1895794372 0.9314339076 0.0001560582 -2.1905425080 0.8753500124 
END
