-0.1394691177 -0.3306607893 1.0289682756 -0.1442862472 -0.3321323519 1.3308240611 
26 18
image_id_list 1 4 17 17 32 32 46 58 59 79 85 85 87 11 9 10 10 37 76 86 18 37 76 86 58 99 
line_id_list 1 99 176 230 117 186 100 201 129 93 194 265 187 88 168 10 132 113 107 121 163 47 68 70 216 19 
line2d_list
344.4801940918 235.0395965576 347.2852478027 201.0235290527 
369.2404785156 82.9248580933 343.5834960938 0.8176710606 
336.8401489258 188.0285949707 327.8931884766 138.0191040039 
330.2240905762 138.9608764648 337.7165527344 181.8748931885 
697.4866333008 275.0083312988 698.3601684570 223.9890441895 
700.6796875000 225.0112457275 699.8693237305 274.0143737793 
376.5072021484 180.9676666260 381.1632995605 253.9895935059 
328.4636535645 300.9804077148 330.6571350098 240.9509277344 
363.1630859375 162.0049133301 360.3643188477 255.0410461426 
735.6662597656 146.1211395264 722.8981323242 216.3451232910 
532.1787109375 171.9835052490 526.6447753906 112.0327911377 
529.1111450195 111.9023895264 534.3877563477 171.9659423828 
303.7933044434 319.9910583496 303.0604553223 254.9993133545 
337.0916748047 52.0071716309 331.1451110840 128.0113525391 
777.7368164062 276.0174255371 776.4117431641 332.0333862305 
683.0844116211 326.7841186523 696.5015869141 269.8824768066 
699.0538330078 269.0124206543 685.6557006836 327.1510925293 
678.6953125000 199.9871520996 676.2052001953 259.0508117676 
736.3496093750 173.9177703857 727.8542480469 241.1080017090 
754.9203491211 206.9935760498 749.7582397461 271.0610961914 
488.0750122070 77.0031356812 484.8954162598 153.0374450684 
673.6238403320 259.0273437500 676.2135620117 199.9655151367 
724.9782104492 240.9971771240 733.7030029297 173.8315277100 
746.9244995117 271.0771789551 752.1961059570 207.9328918457 
333.3503417969 240.0135040283 330.9977111816 301.0384521484 
627.7645874023 356.8869934082 632.6964111328 302.9722290039 
node_id_list 1559 1560 1561 1562 1563 1564 1565 1566 1567 1568 1569 1570 1571 3760 5869 5870 5871 5872 5873 5874 6229 6230 6231 6232 6490 11753 
score_list 8.8376224346 6.4717471544 8.1711962798 9.5021874970 8.6586078988 9.2173373838 11.5063515473 8.2242497033 11.6916848335 7.7033010311 7.6683684370 10.0246354851 10.7653712392 8.7024227564 3.9474457663 4.8970908855 3.9034042562 6.5082053910 7.5146378853 6.5370745569 10.6919563281 6.0120018513 6.7775296996 6.2140380282 9.8590889995 5.2681202996 
line3d_list
-0.1422819843 -0.3285557494 1.0473417099 -0.1462355689 -0.3290452011 1.2146753813 
-0.1399216590 -0.3303496848 1.0379679169 -0.1447332657 -0.3316612837 1.3252947863 
-0.1374566426 -0.3417042401 1.0349340012 -0.1502647457 -0.3429631312 1.3065460298 
-0.1426073530 -0.3324695311 1.3006147517 -0.1381818080 -0.3312089561 1.0672469384 
-0.1398584863 -0.3420243191 1.0331201435 -0.1483821984 -0.3427103717 1.3091507031 
-0.1365389391 -0.3333834117 1.3042722792 -0.1290365908 -0.3323186012 1.0399829406 
-0.1417567168 -0.3323644634 1.3285920541 -0.1314571854 -0.3322289960 1.0329601148 
-0.1404052112 -0.3430611705 1.0318341353 -0.1363807329 -0.3442539095 1.3075484337 
-0.1344883094 -0.3340075736 1.3278006734 -0.1390122595 -0.3304953127 1.0307024532 
-0.1339029534 -0.3338790376 1.3179449958 -0.1303164326 -0.3320533296 1.0303274064 
-0.1284683626 -0.3433885845 1.0362841872 -0.1391738858 -0.3442077469 1.3142217570 
-0.1315746418 -0.3345547575 1.3141570165 -0.1252611676 -0.3336557356 1.0354000838 
-0.1547776929 -0.3257056773 1.0481233614 -0.1428316453 -0.3361575345 1.3321588869 
-0.1393467829 -0.3325582176 1.3332484710 -0.1373600465 -0.3310250375 1.0339977562 
-0.1409343529 -0.3321411192 1.3221386160 -0.1472813911 -0.3295214357 1.0279242569 
-0.1412433969 -0.3417451806 1.0278152237 -0.1490013738 -0.3421570170 1.3054291860 
-0.1426942642 -0.3318864192 1.3123288412 -0.1404918265 -0.3302620849 1.0289538985 
-0.1438925876 -0.3318055104 1.3197263204 -0.1395464074 -0.3303819639 1.0316453798 
-0.1379243723 -0.3332723476 1.3224456052 -0.1341744703 -0.3311707922 1.0341155399 
-0.1407634590 -0.3326429829 1.3196903146 -0.1366312418 -0.3306467096 1.0337751880 
-0.1426586005 -0.3321786481 1.3308498100 -0.1327051171 -0.3319512152 1.0336134630 
-0.1221756868 -0.3440809312 1.0348875642 -0.1336365932 -0.3440803740 1.3210856447 
-0.1249550657 -0.3436983211 1.0352672967 -0.1356146346 -0.3438148568 1.3225795901 
-0.1249739866 -0.3436985280 1.0357772803 -0.1353789355 -0.3438122801 1.3162266835 
-0.1205707045 -0.3347714759 1.3131606187 -0.1191956299 -0.3348809078 1.0348663662 
-0.1041672157 -0.3375035229 1.0314566435 -0.1098464336 -0.3389733765 1.2976043314 
END
