0.0065822168 -2.5345966285 0.9904460798 0.0066275293 -1.2694451787 0.9908450749 
16 15
image_id_list 2 6 7 49 77 80 4 12 12 42 50 64 87 45 91 53 
line_id_list 25 76 67 66 82 139 34 86 153 62 86 118 58 123 96 74 
line2d_list
799.0271606445 97.8395156860 566.9903564453 92.4109802246 
585.1159057617 201.5709686279 163.1140594482 87.5777435303 
799.2391357422 47.3620147705 477.0983581543 0.3263236284 
771.0955810547 282.6708984375 362.0403747559 163.8609771729 
799.0841674805 281.3238525391 659.1366577148 263.9020385742 
799.2812500000 300.0915527344 713.1751708984 273.4341430664 
221.8722839355 223.8220672607 0.2232283503 382.9178161621 
113.9248580933 78.1369781494 0.9108893871 87.9765014648 
249.9659576416 65.6247482300 115.9802093506 77.7818603516 
314.0000305176 220.3083038330 2.9999842644 220.2916412354 
511.1656494141 197.6128387451 166.0716094971 156.4003753662 
110.8781204224 290.9320068359 0.7990280390 276.5368347168 
75.0317306519 367.2717285156 0.8753440380 375.9326782227 
525.9676513672 314.1766357422 477.1392517090 305.2392272949 
799.3202514648 37.6952400208 764.2090454102 0.8010320067 
778.8859863281 378.2890930176 637.2281494141 322.4215698242 
node_id_list 2228 2229 2230 2231 2232 2233 3648 3649 3650 3651 3652 3653 3654 4057 4058 12930 
score_list 5.8049425141 5.9648368147 2.8822777105 5.8474870988 4.7782541488 2.9518683703 7.0411384318 2.7529245168 3.4552163096 6.7413216436 2.9238818144 3.5651852838 3.1089554092 2.5103683620 5.9826709905 2.5920823891 
line3d_list
0.0068167471 -1.9280938888 0.9906614085 0.0085519258 -2.5345970065 0.9914210608 
0.0053634578 -1.2750466910 0.9900601894 0.0002637148 -2.5372833493 0.9870924866 
0.0065956443 -1.3595537385 0.9906832092 0.0079933296 -2.3011476157 0.9911857328 
0.0071880678 -1.2735026969 0.9910133343 0.0068669997 -2.5426712066 0.9905392793 
0.0111205108 -1.8623735516 0.9915375646 0.0070735908 -2.2918316834 0.9906590704 
0.0073968306 -2.0661804653 0.9909999241 0.0067406477 -2.4322517564 0.9899828949 
0.0006530855 -1.2694443219 0.9888070256 -0.0019120125 -1.9330797737 0.9872777983 
-0.0000752538 -1.7730434608 0.9873701597 0.0039175891 -2.1476050902 0.9894041074 
0.0044127163 -1.2731210352 0.9898082605 0.0022970438 -1.7657158232 0.9886165282 
0.0054422861 -1.2739970219 0.9903485113 -0.0069655742 -2.2471138511 0.9836753906 
0.0074274844 -1.2740325195 0.9911382246 0.0055471217 -2.5289853215 0.9898533715 
0.0067149231 -1.2725607109 0.9910167236 0.0054420532 -1.4863324614 0.9903133578 
0.0045051807 -1.2684456455 0.9908907559 0.0021156012 -1.4879007599 0.9891159591 
0.0103699991 -1.2614302712 0.9918523956 -0.0021243192 -1.4438713790 0.9887342633 
0.0068123040 -2.2209245585 0.9903615249 0.0067637503 -2.3916201684 0.9902364638 
0.0160594258 -1.7720827276 0.9936156398 0.0060841319 -2.4500912181 0.9897952548 
END
