3.7907035530 -0.9505663416 0.1586189823 3.7904239147 -0.5497710763 0.1589441544 
11 11
image_id_list 22 24 25 26 27 28 29 35 69 70 71 
line_id_list 14 65 147 19 69 44 203 87 124 36 19 
line2d_list
336.4715270996 282.6443481445 255.1370697021 314.3515930176 
624.2077636719 508.5178527832 463.1488342285 485.9383239746 
457.2141418457 551.4619140625 352.1621093750 536.8356933594 
412.9689025879 377.9671936035 347.9676208496 379.9241638184 
634.9757080078 391.1526489258 560.9505615234 393.2760314941 
495.9358520508 316.1311035156 430.9210205078 320.9298400879 
534.1572875977 362.7468566895 455.1466064453 352.8317565918 
771.1831054688 307.6019592285 639.0914306641 290.3016967773 
468.4126281738 440.5744323730 399.1380615234 420.5230407715 
321.9936523438 302.7223510742 234.9705200195 304.7078857422 
167.9297637939 114.7779312134 96.9343948364 118.8586044312 
node_id_list 9831 9832 9833 9834 9835 9836 9837 9838 9839 9840 9841 
score_list 8.9200379680 8.9673255827 8.9251138105 4.7193887121 6.6616685142 7.8505213567 5.9515987980 8.9745203423 8.8580495481 8.6694971732 4.8686851586 
line3d_list
3.7917465450 -0.9454985388 0.1580647836 3.7921588424 -0.6059875489 0.1580198682 
3.7912742989 -0.9484617762 0.1577683234 3.7905179018 -0.5503258039 0.1588314443 
3.7904969698 -0.9502881794 0.1586684042 3.7906168820 -0.5501851254 0.1587928974 
3.7912834693 -0.9532887255 0.1577554343 3.7905173662 -0.5500438577 0.1588321971 
3.7899195748 -0.9459632775 0.1594752777 3.7909785602 -0.5494399239 0.1582514955 
3.7909868647 -0.9491594214 0.1584314134 3.7904200795 -0.5542835905 0.1588864385 
3.7902727287 -0.9488203918 0.1590296913 3.7902665873 -0.5523799426 0.1591474025 
3.7911924565 -0.9491058004 0.1581530896 3.7903336099 -0.5523010863 0.1590019134 
3.7902538844 -0.9525148568 0.1588475487 3.7888312926 -0.5560417964 0.1601144086 
3.7904302430 -0.9483202926 0.1591841721 3.7922685270 -0.5491336942 0.1563803788 
3.7915377719 -0.9505647997 0.1574358984 3.7902451248 -0.5497713884 0.1591751580 
END
