0.5739318630 -0.4007244069 2.4007850068 0.9691098433 -0.3992604399 2.3989630013 
4 4
image_id_list 8 9 39 99 
line_id_list 116 207 124 198 
line2d_list
721.8801879883 44.7967185974 673.1304321289 73.5243301392 
742.1290283203 32.8790054321 711.6591186523 0.3819960654 
694.9219360352 44.8238372803 630.5916748047 73.3349609375 
622.8226318359 27.7135581970 613.3562622070 0.5277402401 
node_id_list 4843 4844 4845 4846 
score_list 1.9382513268 0.9401243996 1.9371220037 0.9694371578 
line3d_list
0.9691059368 -0.3984673113 2.3987529935 0.4043994637 -0.4024375858 2.4005177860 
0.6087537376 -0.4002843601 2.4005463403 1.1845074567 -0.3979404202 2.3971602289 
1.0462796290 -0.3983085184 2.3994257180 0.3925191278 -0.4026540575 2.4008714888 
0.5739301193 -0.4012456688 2.3999879772 0.8571264298 -0.3992546042 2.3991029462 
END
