1.7703127505 -0.0619968755 1.0918677281 1.7701556853 -0.0615972893 1.1301298254 
3 3
image_id_list 11 18 46 
line_id_list 23 79 11 
line2d_list
444.3949279785 403.2897033691 450.1011657715 375.8133239746 
713.8185424805 433.9555969238 720.9647216797 404.7467041016 
620.0102539062 374.0161132812 620.4257202148 347.9748840332 
node_id_list 6762 6763 6764 
score_list 2.4039228270 1.7723689717 1.8142822108 
line3d_list
1.7703536612 -0.0621009554 1.0819016348 1.7701228944 -0.0615138666 1.1381179075 
1.7714023913 -0.0623536764 1.0803039621 1.7707767180 -0.0616885079 1.1353261093 
1.7703127505 -0.0619968755 1.0918677281 1.7701556853 -0.0615972893 1.1301298254 
END
