2.5604382761 0.1073611861 0.9988745608 2.5601750737 0.4019209692 0.9951051338 
3 3
image_id_list 26 69 28 
line_id_list 69 232 65 
line2d_list
79.0435104370 330.5844726562 22.9079666138 334.7638549805 
186.7920074463 266.8870544434 121.3423233032 251.5401000977 
161.0335845947 290.2505187988 109.8803176880 297.1070861816 
node_id_list 10804 10805 11279 
score_list 1.8355590787 2.7523537260 1.7761693281 
line3d_list
2.5616767910 0.1025673119 0.9975092100 2.5609618677 0.4019100357 0.9941957987 
2.5604388679 0.1066988329 0.9988830368 2.5601723124 0.4050112887 0.9950655876 
2.5610094242 0.1073499310 0.9979551622 2.5622094021 0.4102929885 0.9922796002 
END
