2.9843281535 -1.7722704590 -0.0010582271 2.9846993762 -1.7723218989 2.1176578102 
15 15
image_id_list 22 25 26 28 29 30 44 48 52 54 55 69 70 71 94 
line_id_list 42 209 140 189 92 112 85 121 251 140 149 73 99 140 131 
line2d_list
644.5953979492 341.8655700684 757.9580078125 0.6538134217 
771.4989624023 599.1375122070 799.4021606445 295.0368957520 
552.1861572266 483.0801391602 504.7349548340 1.1245507002 
648.2318725586 420.9690551758 592.1653442383 0.8444797397 
736.0491943359 520.4180908203 799.7614746094 208.1553649902 
352.8320922852 578.0927124023 382.0373840332 0.9512882829 
198.0207672119 439.9189453125 163.1632995605 0.9076340795 
25.5306243896 599.0704345703 -0.2688998878 427.1904602051 
315.4612121582 529.9999389648 315.4450683594 76.9999160767 
147.7909698486 599.3010253906 -0.3357790411 4.3325634003 
305.9281616211 599.1486206055 236.2844238281 96.8219223022 
619.4404296875 598.1215209961 768.4188842773 58.1155586243 
526.6490478516 450.0443725586 557.3511352539 0.8872900009 
304.3099975586 209.1215057373 267.6094665527 0.7165684104 
196.4042053223 195.8466491699 122.2941818237 0.5089954734 
node_id_list 9901 9902 9903 9904 9905 9906 9907 9908 9909 9910 9911 9912 9913 9914 9915 
score_list 12.9008142618 7.6383951886 11.8093328213 9.8915661936 10.7954147713 11.5090799174 9.1780339943 6.6883959890 8.3283072344 7.3021348961 7.1990906458 11.3162913854 11.7857221819 12.9216654760 11.8621944481 
line3d_list
2.9841952582 -1.7721428354 0.0051275107 2.9841109685 -1.7719653394 1.1938842788 
2.9841535072 -1.7720604012 0.7478561245 2.9842178614 -1.7722493531 1.3397787228 
2.9849553687 -1.7724694341 -0.0061496091 2.9856638424 -1.7725327618 2.0097468760 
2.9845089646 -1.7720962383 -0.0007525695 2.9851769818 -1.7728232891 1.6997902158 
2.9837460727 -1.7723737385 0.0027436221 2.9841683284 -1.7724184993 1.1498959680 
2.9836593984 -1.7716120243 0.0011868949 2.9832147565 -1.7716992521 1.7840620754 
2.9814069148 -1.7709502829 0.0000773665 2.9815003048 -1.7708136774 1.4841998933 
2.9820339709 -1.7709138320 0.1093444011 2.9818116438 -1.7701013269 0.6590792525 
2.9838002942 -1.7736029749 -0.0010581669 2.9839234459 -1.7690463022 2.1192938768 
2.9780006793 -1.7652078547 0.3899334411 2.9770648315 -1.7642357892 2.0492081116 
2.9780426602 -1.7666292448 0.0360662234 2.9771774636 -1.7630285065 2.1180909377 
2.9843484693 -1.7725423937 0.0031448751 2.9839353724 -1.7715402413 2.1176579631 
2.9847567562 -1.7723586506 -0.0026597485 2.9849940632 -1.7726270599 1.4822958773 
2.9844247854 -1.7722413839 0.0023362778 2.9847772190 -1.7722785210 0.9577942925 
2.9835379043 -1.7715997669 -0.0005320080 2.9838020246 -1.7716812085 0.7454193329 
END
