-0.0346947960 -2.5287059384 1.0101279702 -0.1450311689 -2.5359483897 1.0047736176 
3 3
image_id_list 53 56 77 
line_id_list 142 147 123 
line2d_list
636.0325927734 312.2355041504 679.0396728516 314.0695800781 
779.9981079102 274.9890136719 799.2874755859 271.6717224121 
599.9287109375 248.8641052246 626.0776977539 235.1481323242 
node_id_list 12952 12953 13012 
score_list 2.6698820418 2.7604419095 6.1768320647 
line3d_list
-0.0314783898 -2.5268147237 1.0111956538 -0.1992659938 -2.5211568120 1.0105154586 
-0.0348313648 -2.5272531259 1.0109771084 -0.1455328234 -2.5306118133 1.0078927337 
-0.0174204646 -2.5275720557 1.0109662509 -0.2289649519 -2.5414577817 1.0007005177 
END
