3.8012740046 -0.8779399790 0.7401847714 3.8049649281 -0.5991612753 0.7400184802 
5 5
image_id_list 26 27 29 70 28 
line_id_list 206 282 256 226 277 
line2d_list
339.9432983398 286.1585693359 382.0217285156 283.3223266602 
565.0007934570 293.0115661621 615.0463256836 289.6999511719 
471.9289550781 241.8410644531 528.9444580078 246.6573944092 
226.9831542969 181.2581634521 294.0166931152 179.7353668213 
415.9333496094 226.5014495850 464.0098571777 220.0736389160 
node_id_list 11003 11004 11005 11006 11244 
score_list 3.9848694144 4.7317640401 4.8961699000 3.1797449163 2.6349594775 
line3d_list
3.8190870767 -0.5978438451 0.7363332958 3.8218332532 -0.8512262719 0.7340423989 
3.8142439980 -0.6163297012 0.7357373742 3.8166665285 -0.8766759536 0.7348395945 
3.8188038991 -0.6085192779 0.7365166574 3.8200251650 -0.8801174273 0.7352695763 
3.8229914431 -0.5994037732 0.7335914806 3.8254203191 -0.8809574146 0.7314827553 
3.8215049877 -0.5951302044 0.7346406199 3.8212840148 -0.8782083611 0.7343890224 
END
