3.0022560666 -1.7541464009 0.3368063239 3.0032027035 -1.5743858008 0.3354760708 
10 10
image_id_list 26 30 44 52 55 69 70 71 94 29 
line_id_list 217 31 16 77 57 274 119 61 27 292 
line2d_list
502.0260009766 413.8278503418 538.0219116211 412.6969909668 
311.0553894043 510.0989074707 350.1219177246 488.2176818848 
134.8514251709 375.5227966309 184.3462982178 360.1121826172 
279.9461669922 467.7734985352 309.1954956055 460.8226013184 
262.7758789062 551.6535644531 290.4751586914 533.7344970703 
591.5844726562 507.3819580078 630.9357299805 519.2138671875 
471.9889221191 370.3101196289 522.0081176758 369.5073852539 
250.0478210449 146.6718750000 284.0180664062 144.2537994385 
103.8182678223 140.5032196045 161.1887969971 119.5160903931 
692.0443725586 428.6814575195 746.1101074219 436.2093505859 
node_id_list 11016 11017 11018 11019 11020 11021 11022 11023 11024 11467 
score_list 5.2080413697 6.4706228881 3.7518379259 3.8051441487 1.9636126669 6.0334377800 7.1350689375 5.4014879911 5.5872992876 4.6371591057 
line3d_list
3.0001622600 -1.5822090942 0.3362600672 2.9950421515 -1.7404726238 0.3417048241 
3.0026009584 -1.5856086112 0.3340658594 3.0002952207 -1.7556002943 0.3370179409 
3.0026715829 -1.5804031761 0.3349503073 3.0003350413 -1.7526647116 0.3371165004 
2.9978888861 -1.5857922963 0.3380095369 2.9992017764 -1.7477033595 0.3378166877 
3.0024516527 -1.5966175670 0.3351774506 3.0003548050 -1.7512089874 0.3380488751 
2.9994976632 -1.5828763725 0.3369890890 3.0076827645 -1.7390912741 0.3331089956 
3.0041945812 -1.5743900385 0.3356092653 3.0042261638 -1.7419314397 0.3359103375 
3.0045727266 -1.5742506844 0.3335656663 3.0004796043 -1.7295042421 0.3377573490 
3.0025500655 -1.5717951009 0.3362248496 3.0028403172 -1.7555164920 0.3364585591 
2.9996366964 -1.5781726424 0.3384962149 2.9992392024 -1.7541124825 0.3392429424 
END
