1.7143997550 -3.0569826826 1.2517394454 1.6819839506 -3.1089584774 1.2479976907 
3 3
image_id_list 48 52 55 
line_id_list 76 188 32 
line2d_list
595.9761962891 194.0863647461 614.0113525391 194.4813842773 
713.9020996094 272.3140563965 726.0581054688 273.2199401855 
684.9677734375 265.6680297852 697.0480957031 264.4954223633 
node_id_list 12705 12706 12707 
score_list 2.6702284192 2.5117715814 3.4709626890 
line3d_list
1.7198645109 -3.0458735077 1.2526190592 1.6763127141 -3.1235210737 1.2467632180 
1.7044153075 -3.0508677278 1.2532960028 1.6725381278 -3.1031734022 1.2494702775 
1.7151610387 -3.0557620333 1.2518273203 1.6792274524 -3.1133782716 1.2476795083 
END
