1.6745065863 -0.0217093246 0.9479531209 1.7285146407 -0.0218036797 0.9453026741 
3 3
image_id_list 11 18 46 
line_id_list 207 203 234 
line2d_list
446.8099975586 416.0274047852 451.9978027344 452.0003051758 
697.6668701172 446.1495666504 714.7176513672 484.1267700195 
621.5690917969 440.3691101074 634.9764404297 456.0201721191 
node_id_list 6985 6986 6987 
score_list 2.2401498650 1.8966698412 1.9191961016 
line3d_list
1.6300461736 -0.0216316497 0.9501350169 1.7307088854 -0.0218075131 0.9451949915 
1.6300939312 -0.0194032241 0.9464718846 1.7284017983 -0.0209919571 0.9429743915 
1.6745065863 -0.0217093246 0.9479531209 1.7288336847 -0.0218042370 0.9452870170 
END
