-0.1902344617 -0.8994489122 1.7159509729 -0.2317633339 -0.6850374704 1.7166297309 
22 22
image_id_list 0 1 3 8 79 87 90 93 31 84 86 99 10 17 45 76 19 32 39 58 59 85 
line_id_list 251 259 191 164 157 251 207 209 71 102 99 192 174 158 183 137 144 182 231 270 240 197 
line2d_list
229.4741516113 108.9143447876 250.4111938477 118.0584869385 
258.9023437500 82.0067825317 284.0537109375 84.4461669922 
775.0000610352 34.9958076477 799.0314331055 35.4994888306 
515.7964477539 202.8993377686 542.2518310547 208.8872528076 
602.0304565430 36.7868499756 643.0297241211 37.8162078857 
162.0025787354 156.9488830566 205.0444335938 159.1187133789 
421.0700683594 62.6716766357 462.0615234375 64.8338470459 
114.9280166626 22.3101959229 146.0069885254 19.0669231415 
680.9298095703 174.1800994873 734.0540161133 169.6305999756 
740.9299316406 21.8631286621 785.0089721680 19.1452579498 
623.9655761719 118.2784042358 659.0288696289 116.6042404175 
533.9606933594 214.6178588867 571.9975585938 217.0379638672 
599.0261230469 165.8135681152 628.1552734375 169.8907470703 
205.9199523926 73.3849105835 251.9216613770 67.3980560303 
671.9211425781 125.9793014526 692.0323486328 127.5981292725 
606.9902343750 78.0908432007 642.9968261719 77.7031631470 
734.0163574219 121.3037643433 767.0216064453 122.0777587891 
590.9735717773 152.2215728760 631.9941406250 150.8282165527 
480.1386108398 205.1026916504 507.1128845215 209.2691040039 
205.0193634033 140.7327728271 239.0580291748 143.1991577148 
168.9833068848 14.1677646637 194.1323394775 16.6696929932 
393.8352355957 39.0575218201 428.0144348145 33.0826110840 
node_id_list 1347 1348 1349 1350 2045 2046 2047 2048 4936 4937 4938 4939 6573 8984 8985 8986 9285 11750 12078 12542 13084 13085 
score_list 5.0881306414 5.7324982015 1.6308066219 3.9536235204 3.2511120787 7.5262799773 3.7937937520 2.4209886872 6.1800224779 2.8137025329 2.5032886584 9.1263666377 1.7847674025 6.4419983466 8.5366130632 7.2758297792 0.9792956987 1.8752238289 8.3894306806 8.4162935990 9.1184720745 8.5297466901 
line3d_list
-0.1604566975 -0.8846815875 1.7161779769 -0.2289021349 -0.6979544541 1.7168765640 
-0.1895063450 -0.8669398157 1.7156147653 -0.2306237604 -0.7003794819 1.7167945947 
-0.1451117335 -0.9184877445 1.7161339665 -0.1842012544 -0.7925041886 1.7168032853 
-0.1775213357 -0.8920508508 1.7175436856 -0.2071748853 -0.7430575559 1.7175256802 
-0.1962661909 -0.9007551901 1.7156571571 -0.1998300042 -0.7408346568 1.7161197523 
-0.2024329427 -0.8988965272 1.7157341431 -0.2125606955 -0.7295787010 1.7158609192 
-0.2028380666 -0.8921235830 1.7157392143 -0.2130285135 -0.7217576262 1.7158667752 
-0.2127588808 -0.8513166067 1.7157286184 -0.2269670320 -0.6987202284 1.7165621005 
-0.1901386410 -0.8856770567 1.7165327122 -0.2424004317 -0.6709730200 1.7164088715 
-0.1857598772 -0.8982608852 1.7154672764 -0.2081343893 -0.7459825198 1.7162619705 
-0.1726095033 -0.8960355393 1.7160665366 -0.2272925400 -0.7458095843 1.7174210071 
-0.1849056490 -0.8872119577 1.7169446706 -0.2353805898 -0.6965109480 1.7169989989 
-0.1842717287 -0.8896069924 1.7169439882 -0.2201898966 -0.7539033982 1.7169826485 
-0.2219673724 -0.8955038411 1.7172284184 -0.1496623478 -0.6659873962 1.7151603108 
-0.2282119322 -0.8986660551 1.7162584718 -0.2197824470 -0.8320585702 1.7162661422 
-0.2250922274 -0.9005813709 1.7173501573 -0.1916016716 -0.7479342678 1.7167019562 
-0.1848735785 -0.8910488400 1.7163040962 -0.2338429759 -0.7574746513 1.7171905427 
-0.2376301695 -0.8942418749 1.7194403808 -0.2069923499 -0.6802328065 1.7144730149 
-0.2333227968 -0.8855505767 1.7170057284 -0.2439310099 -0.7329499674 1.7171820535 
-0.2098417078 -0.8986415318 1.7172031493 -0.2062017622 -0.7546596242 1.7168533689 
-0.2160835003 -0.8966864642 1.7160370459 -0.2191827818 -0.8282779921 1.7162643156 
-0.2109288863 -0.8955134133 1.7154172922 -0.2217392080 -0.7394433728 1.7163836143 
END
