-0.1905557079 -0.2576032139 0.3328516309 -0.2002778732 -0.2555875320 1.9334573244 
5 5
image_id_list 1 64 87 47 74 
line_id_list 310 211 309 246 265 
line2d_list
361.2676086426 98.9278945923 366.5714416504 45.0562591553 
433.5627441406 524.1306762695 555.1097412109 0.7932316065 
316.4783630371 469.9902648926 314.9625549316 84.0040740967 
274.1224975586 251.9877319336 248.9584808350 0.9039393067 
152.2491760254 327.9442749023 80.2677001953 6.1638131142 
node_id_list 2088 2089 2090 12668 12669 
score_list 6.5532266804 8.6270458946 8.5381517800 5.4266858061 7.8873206087 
line3d_list
-0.1999500079 -0.2495133841 1.6921264470 -0.2011580009 -0.2499437862 1.9350624616 
-0.2086395833 -0.2479561327 0.3327296397 -0.2144821547 -0.2479601770 1.9333614415 
-0.1596060437 -0.2567577219 0.3465525373 -0.2029930590 -0.2523146512 2.0501731384 
-0.2107046144 -0.2397275434 0.3262455825 -0.2008461846 -0.2515073614 1.2610205873 
-0.2073591365 -0.2423194630 0.3290679191 -0.2058584698 -0.2485220388 1.4576442986 
END
