2.4353825898 -2.9442429388 0.0086481269 2.8196108302 -2.5693916401 0.0029509750 
14 8
image_id_list 13 48 73 13 30 48 73 73 78 89 94 94 44 94 
line_id_list 92 126 89 116 139 116 66 110 147 152 115 121 135 84 
line2d_list
313.1613159180 484.2018127441 264.2442932129 523.3056030273 
283.9855346680 506.9042663574 248.8800659180 512.2058715820 
249.0373535156 296.1178588867 188.1330413818 315.4197692871 
257.6254882812 525.5256347656 331.9065856934 466.8816833496 
549.0021972656 504.2145080566 518.0053710938 504.5285644531 
247.8133544922 510.7453308105 311.0503234863 501.3382263184 
194.9450378418 310.8256835938 265.8346862793 288.4756469727 
273.6947631836 286.0152893066 325.9439392090 269.8190917969 
298.1247558594 580.1126708984 326.1244506836 549.1124267578 
196.8928833008 535.2877807617 251.9999694824 526.9998168945 
423.1061401367 143.3780212402 491.9779052734 155.1295013428 
490.9855346680 157.0855102539 413.9884948730 144.0680389404 
425.0007324219 394.9942932129 396.9431152344 391.4502868652 
501.0626525879 156.6361694336 570.2496337891 168.5502319336 
node_id_list 7876 7877 7878 7949 7950 7951 7952 7953 7954 7955 11573 11574 12480 13404 
score_list 0.9936162544 2.9725431829 4.0392388813 1.9479153473 1.9990774651 3.7436907976 2.7997620132 1.9537349628 0.9278439685 2.7104701119 2.5147869566 3.3980394522 1.8085555648 0.9929619564 
line3d_list
2.6146646142 -2.7433509972 0.0162036203 2.8305438419 -2.5260582364 0.0182217867 
2.7146481309 -2.6585725228 0.0032149759 2.8095340996 -2.5636310499 0.0036053153 
2.6437692976 -2.7262273367 0.0043988766 2.8038328028 -2.5587068896 0.0083843927 
2.8519749538 -2.5359645923 0.0042278133 2.5102770234 -2.8763884720 0.0026168282 
2.7172647619 -2.6615414421 -0.0013142296 2.8098192322 -2.5711154410 -0.0029807318 
2.8172352534 -2.5669146368 0.0057144933 2.6461601832 -2.7435937343 0.0020932684 
2.7970771874 -2.5892113690 0.0052268587 2.6002188967 -2.7785792139 0.0101749273 
2.5791080322 -2.8007259184 0.0094922456 2.4337157141 -2.9465993030 0.0081232427 
2.5927260765 -2.7900961717 0.0066154467 2.4380704084 -2.9470783437 0.0033613829 
2.8135344719 -2.5752218650 0.0033740687 2.6457979224 -2.7410409394 0.0040999982 
2.7940982513 -2.5911557571 0.0049938519 2.6120767900 -2.7747372520 0.0040770849 
2.6068030477 -2.7669879993 0.0025421024 2.8066818735 -2.5593766897 0.0068053876 
2.7171217288 -2.6600758172 -0.0002361075 2.7896396296 -2.5659226428 0.0139008277 
2.5808185549 -2.7920826953 0.0135847682 2.4136844716 -2.9778299981 0.0007676044 
END
