0.5067025056 -3.0031218876 0.6640797722 1.2677424225 -2.9915488262 0.6691013607 
20 19
image_id_list 9 10 32 98 31 57 79 81 99 13 14 78 83 45 49 88 51 91 53 88 
line_id_list 146 140 220 129 141 61 81 81 81 86 104 85 126 112 77 104 106 75 101 144 
line2d_list
314.7644653320 370.1085510254 259.6486816406 384.6703186035 
163.1446380615 296.8735046387 89.8365097046 309.0126647949 
50.9429969788 457.9035034180 260.1734313965 334.2935485840 
270.8982543945 347.6209106445 194.7471008301 368.0576782227 
275.0274963379 388.1041870117 163.6099395752 417.5227050781 
389.0327148438 288.6879272461 290.9692077637 293.3527832031 
49.3459320068 299.8363952637 7.6057929993 323.2987060547 
326.6037902832 303.4143676758 273.3160705566 339.4671630859 
123.0501480103 371.3962402344 47.9867553711 380.8953552246 
733.0010986328 305.8843994141 648.0012207031 305.7991943359 
493.7949829102 203.3038482666 431.8650817871 221.5418395996 
702.9918212891 343.9205627441 623.9030761719 352.0582580566 
707.9956665039 376.7608337402 584.9815673828 378.9757385254 
28.0639533997 329.3491210938 0.6998754740 334.3615417480 
130.2746276855 241.1680755615 71.0232086182 255.0987243652 
358.0014038086 349.2755737305 299.9989929199 349.2286987305 
489.0666809082 337.8493347168 360.9144592285 347.9104614258 
483.9832763672 3.8021271229 420.9955749512 4.6822123528 
443.0023803711 367.7546386719 388.0006713867 367.6497497559 
295.0042724609 348.8660888672 232.9976196289 348.6328430176 
node_id_list 5789 5790 5791 5792 6501 6502 6503 6504 6505 7855 8395 8396 8397 11686 12523 12745 12837 12838 12936 13522 
score_list 2.1518454187 5.5468951769 3.5962132763 4.7185200998 2.5537865306 2.8757727098 4.5618140935 2.9607341662 6.4243904287 1.7963990624 2.3985047312 3.5372117470 2.8267306910 4.2802728950 0.9481396036 3.9223926904 2.3492911819 2.9302036602 1.9487822362 2.3955874337 
line3d_list
0.5347699485 -2.9894260778 0.6684968683 1.0433758110 -2.9753173743 0.6754615889 
0.5357704545 -2.9989045622 0.6656069894 1.0256299206 -2.9955337631 0.6677870304 
1.7089224488 -2.9663672287 0.6795053185 -0.3014496669 -2.9714528295 0.6736613456 
0.5276481552 -2.9930973737 0.6669813529 1.0246642530 -2.9919816048 0.6686148437 
0.5208543233 -3.0159802414 0.6608843076 1.2549683608 -3.0223312176 0.6611721282 
0.5356786080 -2.9989051942 0.6656065807 1.2677792440 -2.9938674959 0.6688646770 
0.4961883261 -3.0099035890 0.6622295384 0.7574366381 -2.9993722397 0.6652878576 
0.5112055379 -3.0037389225 0.6636899989 0.9990188575 -3.0002851814 0.6656545672 
0.5268291807 -3.0036283063 0.6637529199 1.0173042314 -3.0001557201 0.6657282078 
0.5069128452 -3.0155239407 0.6607845741 1.0185255953 -3.0048622614 0.6651027788 
0.5483530330 -2.9695567020 0.6743410937 1.0468190729 -2.9735442482 0.6737775843 
0.5415338115 -2.9886809752 0.6678957131 1.0178698485 -2.9959903210 0.6661799713 
0.5615684893 -2.9696624208 0.6743261538 1.2759942165 -2.9753775656 0.6735185047 
0.5196890390 -3.0066585598 0.6638476479 0.6384541457 -3.0044532852 0.6637285943 
0.5095396502 -3.0187644979 0.6585831949 0.7569375865 -2.9876371575 0.6692736509 
0.5262261393 -3.0033154035 0.6642631370 0.7614011585 -2.9895009596 0.6685655805 
0.5302378729 -3.0095340936 0.6618240023 1.0118709070 -2.9837739707 0.6713439994 
0.5219304173 -3.0090628311 0.6621433236 0.7335044165 -3.0023713886 0.6638830398 
0.5269800921 -2.9830521524 0.6710802625 0.7519458835 -3.0055099115 0.6624461449 
0.7781200168 -3.0023715473 0.6651915234 1.0119064986 -2.9950407397 0.6677678720 
END
