-0.0483523154 -1.2899836498 0.9971970768 -0.0502919244 -1.2919149560 1.3374955691 
5 5
image_id_list 9 33 10 99 43 
line_id_list 44 55 31 9 137 
line2d_list
593.4591674805 269.9999084473 593.4494018555 328.0000610352 
650.2285156250 240.9856109619 655.4591064453 324.0340576172 
500.6462707520 228.4564361572 489.9158020020 294.6622009277 
443.1846008301 342.0160217285 447.7008056641 289.9740295410 
662.7077026367 297.0032653809 662.2626953125 256.9970703125 
node_id_list 5370 5371 6255 6256 11797 
score_list 8.3565646960 12.5500299972 9.9826233502 13.6028223608 10.7948025439 
line3d_list
-0.0379842211 -1.2747213174 1.3407946649 -0.0401710048 -1.2731456447 0.9973392693 
-0.0483279307 -1.2907598705 1.3397915489 -0.0490735269 -1.2906936488 0.9845938213 
-0.0456574374 -1.2909766362 1.3375273097 -0.0450554425 -1.2876637315 0.9868423542 
-0.0347091714 -1.2834496987 0.9987952129 -0.0401801831 -1.2843055757 1.2807361957 
-0.0491940166 -1.2909007798 1.0780356150 -0.0490921793 -1.2910425202 1.2184379354 
END
