0.0018953288 -2.7882617758 0.6686785957 0.0030946333 -2.7883217507 1.6419648107 
15 15
image_id_list 2 15 33 34 38 51 96 9 16 60 97 10 14 19 20 
line_id_list 99 187 150 116 122 95 137 213 194 109 115 152 163 166 168 
line2d_list
480.8767089844 86.0101318359 481.8591918945 0.9868174195 
190.6331176758 150.0776062012 159.2946166992 1.9376754761 
422.7108764648 368.1254882812 406.7166748047 203.8328704834 
634.2322998047 137.0163116455 643.7870483398 0.9850405455 
460.1816101074 346.1146850586 478.5297851562 157.0514221191 
651.6163330078 342.0333251953 667.6179199219 46.0334053040 
382.7505493164 346.0018615723 381.3687133789 160.9897766113 
386.1985473633 358.9945068359 382.4933471680 224.9587249756 
471.0400390625 201.9958648682 453.5367431641 32.8409843445 
661.7546386719 351.0331115723 669.3923339844 177.0172271729 
577.4841308594 366.0273132324 586.2310180664 211.0130310059 
253.1160430908 292.9169311523 268.1328125000 133.1064453125 
575.1943359375 187.9937896729 569.8542480469 20.9726867676 
393.4612731934 276.0112304688 397.1650390625 124.0283889771 
366.7055664062 315.9957580566 365.7009887695 148.9897613525 
node_id_list 2672 2673 2674 2675 2676 2677 2678 6040 6041 6042 6043 6524 8488 8489 8660 
score_list 5.7784069031 6.7808071757 7.9821460824 7.6880021197 5.6241233007 5.9455437034 5.9205522282 3.9626679185 8.2437708050 7.7704623914 7.8236105837 2.5583338130 6.5347138110 6.2020714398 3.9422897861 
line3d_list
0.0017276664 -2.7892016938 1.0026040916 0.0036319646 -2.7859584238 1.2417155914 
-0.0007742435 -2.7917787714 0.6686816685 -0.0036770939 -2.7945566230 1.5049057630 
0.0065418210 -2.7847099026 0.6644662415 0.0084973516 -2.7844117803 1.6359745773 
0.0079548274 -2.7838255273 0.6714386517 0.0071653935 -2.7850336661 1.4093934341 
0.0082136678 -2.7827564930 0.6763268464 0.0088441268 -2.7840104868 1.6403066064 
0.0022481782 -2.7872610557 0.6779812399 0.0030525541 -2.7882575491 1.6544551824 
0.0069839898 -2.7844455201 0.6794924615 0.0094245094 -2.7838346769 1.6438618592 
0.0073367158 -2.7837846092 0.6717795150 0.0105842361 -2.7819291409 1.6294294824 
0.0013141085 -2.7880127895 0.6708309640 0.0051104036 -2.7865533390 1.6418365839 
-0.0024092723 -2.7910580675 0.6710884886 -0.0070018366 -2.7964575204 1.6413900043 
0.0013248948 -2.7880086428 0.6735898528 0.0050820717 -2.7865642309 1.6345899197 
-0.0018414388 -2.7926144246 0.6666206021 0.0057190558 -2.7872703466 1.6418765630 
0.0020568648 -2.7898036645 0.6715200450 0.0034718375 -2.7889050313 1.6402484162 
0.0090865713 -2.7831134574 0.6731461889 0.0177130575 -2.7786046304 1.6407177328 
0.0077557935 -2.7832947836 0.6746710139 0.0109218190 -2.7815557228 1.6419555828 
END
