1.0089102509 -2.9984856851 0.6873861666 1.0096898734 -2.9975673911 0.9665868383 
4 4
image_id_list 2 7 38 95 
line_id_list 31 88 82 98 
line2d_list
299.0205383301 369.9962158203 276.6336975098 248.0672607422 
94.4007034302 150.1466064453 68.3534927368 43.6688995361 
284.5821533203 378.0422363281 286.1582641602 319.0042114258 
88.5437240601 408.8479309082 80.5842819214 328.0409545898 
node_id_list 2254 2255 2256 2257 
score_list 3.9664441093 1.7884958557 1.8513220716 1.9762948958 
line3d_list
1.0101376938 -2.9978365866 0.6768501738 1.0100594197 -2.9973288075 0.9829280774 
1.0051143199 -3.0029327805 0.6801287937 1.0044361112 -3.0043715050 0.9702868856 
1.0098960917 -2.9975334559 0.6927818133 1.0064141679 -3.0020921599 0.9556384038 
1.0110293338 -2.9962344797 0.6873728452 1.0090920801 -2.9990773205 0.9665934737 
END
