2.2676238825 0.0880146905 0.5156289717 2.7407603207 0.0874454698 0.5157450049 
6 6
image_id_list 26 29 67 68 69 66 
line_id_list 144 170 72 22 95 131 
line2d_list
136.1697998047 412.2136230469 68.3220443726 466.1471252441 
232.2588958740 354.3338623047 179.3067169189 395.3955383301 
544.0406494141 424.5830078125 345.9742126465 418.8978881836 
586.1770019531 191.3609771729 467.3161315918 249.6447296143 
200.2512207031 375.5686035156 181.0273895264 384.0619812012 
799.4509887695 358.1917419434 727.8624267578 318.2465820312 
node_id_list 10890 10891 10892 10893 10894 13282 
score_list 2.7116187330 1.7464581674 7.7658688488 2.9892075523 2.5143518198 1.9884702899 
line3d_list
2.7341771564 0.0865424245 0.5164014845 2.2709861810 0.0870238067 0.5164397031 
2.7362366400 0.0872739801 0.5157856349 2.3891637357 0.0879679987 0.5155345718 
2.7407599594 0.0871647008 0.5158409005 2.1101372913 0.0873865783 0.5159237462 
2.7408899327 0.0869516545 0.5161531157 2.2676246696 0.0886387257 0.5154805157 
2.7414639965 0.0912430441 0.5137251611 2.5924908584 0.0854453696 0.5167792903 
2.2679061336 0.0875671436 0.5157805633 2.1039289352 0.0883388762 0.5154317188 
END
