-0.0299264020 -2.2626590372 1.0190977930 -0.0295956662 -2.2655474005 1.1437434811 
43 42
image_id_list 2 15 21 33 34 38 41 43 49 53 77 81 88 95 96 2 3 32 8 10 19 20 31 45 76 79 84 98 9 14 23 37 60 86 97 99 57 85 82 16 18 50 51 
line_id_list 43 20 1 9 1 20 7 21 5 24 12 38 4 7 15 100 77 4 12 9 36 14 5 5 78 23 13 4 76 9 8 46 16 2 7 25 1 121 36 41 98 1 12 
line2d_list
672.6928710938 36.9633483887 668.0338745117 76.0040435791 
249.1415252686 70.8016815186 252.6608581543 91.0589218140 
722.3675537109 152.8516998291 716.0014648438 180.0003509521 
483.4963378906 288.8358459473 485.7119445801 309.0316162109 
721.8038330078 59.0775184631 719.5878295898 82.0566864014 
566.1203613281 279.0107727051 564.2416992188 300.0216064453 
291.8140258789 266.6111755371 296.3809509277 287.9183349609 
391.4038391113 288.2390136719 394.6697998047 310.0494384766 
453.3296203613 138.8489074707 445.8647155762 171.9695129395 
685.6551513672 288.2840270996 681.7081298828 325.1827087402 
672.1519165039 218.9550476074 672.7796020508 249.0046081543 
489.8621215820 178.8151245117 491.8674011230 199.0131683350 
610.2627563477 289.4356994629 603.1787719727 326.2269592285 
454.5410156250 258.9731445312 452.9017944336 286.9942626953 
468.4720458984 273.0053100586 468.2138977051 296.0024108887 
664.9402465820 62.8221244812 669.8388671875 33.6372604370 
450.8011779785 165.9640808105 451.1355285645 192.0367279053 
349.1962890625 267.0732116699 350.7486267090 284.1139831543 
244.0348358154 253.0066223145 240.4069061279 272.0773925781 
335.3227539062 233.9295043945 333.5291137695 251.1591796875 
466.5219116211 213.9964904785 466.3900146484 232.0028533936 
447.3172912598 247.9954681396 447.3825988770 267.0021362305 
427.8175659180 299.8647766113 429.1715087891 318.0616455078 
287.9082641602 230.9911651611 285.3051757812 258.0293884277 
313.2402343750 198.9590911865 313.9025573730 219.0362091064 
266.7454223633 169.8864288330 268.1877136230 192.0528564453 
417.0610046387 166.9178314209 418.6245727539 187.1065216064 
461.3381652832 263.0256652832 459.7416687012 284.0563049316 
449.2602539062 297.9670104980 449.6546936035 313.0352172852 
655.7117919922 106.9889144897 655.8414306641 127.0075073242 
777.2750244141 49.3314514160 771.3579101562 72.0930480957 
300.8447875977 241.7940216064 303.0017395020 261.1114501953 
745.6240234375 277.9854736328 744.7714843750 300.0298461914 
341.2232360840 243.8619995117 343.3900451660 263.0688171387 
665.5201416016 302.9752502441 664.5883178711 321.0303649902 
291.7889404297 299.9868774414 290.6017761230 319.0994873047 
554.0108642578 237.1923980713 550.2324829102 257.0442504883 
117.9519958496 224.3773040771 125.1293716431 244.3134460449 
532.9952392578 133.9175262451 533.7036132812 151.0535888672 
543.1410522461 123.8890609741 545.0954589844 143.9907226562 
7.7750763893 131.7669982910 15.3306932449 156.9005889893 
231.3735504150 118.8723373413 234.3650207520 151.0590209961 
760.8845825195 208.0558776855 762.8884887695 283.9237060547 
node_id_list 2345 2346 2347 2348 2349 2350 2351 2352 2353 2354 2355 2356 2357 2358 2359 2679 3074 3075 4515 4516 4517 4518 4519 4520 4521 4522 4523 4524 5482 5483 5484 5485 5486 5487 5488 5489 6227 6228 8145 8564 9085 9086 12788 
score_list 12.5684216214 15.4055435316 12.7305207483 16.6485843965 12.6969916908 7.6034276791 17.9071981894 10.4492131865 11.6817441327 13.3293152992 10.7672499337 14.5499444543 12.8269850476 11.5240197512 13.4014397151 11.6671644060 13.8322420313 13.1884765982 10.7798257682 11.4620779935 5.6699645445 8.9800263541 13.8625511785 12.3601399017 11.1855844820 11.8900439299 11.6494640041 11.9963145397 10.8718092769 8.5494053760 9.9484753267 11.7313564070 13.2627204917 7.1504162707 11.4346336751 13.1730758805 7.1135671287 6.1443810925 10.9566838771 6.7582928801 7.9968085253 9.3251720698 7.3371012016 
line3d_list
-0.0313448487 -2.2654435554 1.1373357958 -0.0323031679 -2.2626738386 1.0316066273 
-0.0319367527 -2.2670989500 1.1340883810 -0.0252099074 -2.2602195683 1.0264297734 
-0.0314455098 -2.2676901892 1.1409499097 -0.0304876497 -2.2641966038 1.0231429040 
-0.0265412097 -2.2634458137 1.1362640575 -0.0281011370 -2.2614595775 1.0275232155 
-0.0262740972 -2.2633806091 1.1388473026 -0.0272679247 -2.2610617916 1.0278898406 
-0.0342106573 -2.2677147610 1.1368615708 -0.0195981772 -2.2558208196 1.0414840258 
-0.0295489361 -2.2648865643 1.1351315004 -0.0293031695 -2.2620154467 1.0262822596 
-0.0306098554 -2.2651087293 1.1358121220 -0.0265372673 -2.2609239541 1.0491090225 
-0.0265562767 -2.2636695429 1.1403254299 -0.0353294008 -2.2658710835 1.0330330149 
-0.0337992497 -2.2669050810 1.1407295232 -0.0389184762 -2.2677548025 1.0213592633 
-0.0324266514 -2.2647603908 1.1377653557 -0.0367826547 -2.2652924553 1.0327079235 
-0.0254236747 -2.2628755270 1.1353012684 -0.0429460383 -2.2687663545 1.0296814308 
-0.0375519866 -2.2688473155 1.1371491392 -0.0371035519 -2.2656158044 1.0179578946 
-0.0388703934 -2.2696501159 1.1349761080 -0.0381482488 -2.2677913628 1.0274535781 
-0.0319932781 -2.2661124579 1.1363877673 -0.0268604132 -2.2608317039 1.0266630978 
-0.0459584794 -2.2751157022 1.0641626583 -0.0420039858 -2.2734196224 1.1435939856 
-0.0592088000 -2.2797408997 1.1516098938 -0.0498267470 -2.2736077141 1.0385820588 
-0.0358966644 -2.2684184392 1.1355828952 -0.0370328877 -2.2658464301 1.0348774064 
-0.0244855182 -2.2636457093 1.1383682569 -0.0449060326 -2.2701084532 1.0283564945 
-0.0313456428 -2.2670190610 1.1322272345 -0.0278118218 -2.2631152649 1.0316997934 
-0.0195694218 -2.2616276362 1.1366125697 -0.0301418640 -2.2624444959 1.0266250076 
-0.0250721034 -2.2619899413 1.1355483834 -0.0250767956 -2.2586398450 1.0315484970 
-0.0245716850 -2.2627200154 1.1349781717 -0.0280494299 -2.2629147574 1.0287343046 
-0.0331506203 -2.2669704135 1.1381312196 -0.0326855595 -2.2650382296 1.0277149204 
-0.0246187857 -2.2627226529 1.1335392614 -0.0279507128 -2.2629092296 1.0317500765 
-0.0299381242 -2.2656609989 1.1364391421 -0.0336579466 -2.2641516783 1.0388349482 
-0.0289717018 -2.2657006869 1.1326823741 -0.0285268653 -2.2620453655 1.0328115898 
-0.0192394454 -2.2601806572 1.1381857594 -0.0253763270 -2.2616569255 1.0314235967 
-0.0256549141 -2.2629295952 1.1329708118 -0.0155054551 -2.2554365103 1.0326804648 
-0.0333383421 -2.2689199916 1.1366609655 -0.0375271155 -2.2700722999 1.0291007745 
-0.0238841837 -2.2622812041 1.1415436570 -0.0231620740 -2.2590507393 1.0276838170 
-0.0283003553 -2.2656445184 1.1391408782 -0.0238885537 -2.2598484061 1.0326603684 
-0.0286000773 -2.2644315000 1.1354672206 -0.0287552459 -2.2617754969 1.0273794060 
-0.0349832074 -2.2696339180 1.1353793096 -0.0138343705 -2.2544031620 1.0382852196 
-0.0285979845 -2.2644673233 1.1369250728 -0.0287457860 -2.2619374200 1.0339689717 
-0.0311221867 -2.2670893079 1.1368924180 -0.0261294582 -2.2623737909 1.0226674812 
-0.0344813343 -2.2692451885 1.1390162103 -0.0422687019 -2.2740906415 1.0188656423 
-0.0261194384 -2.2638177412 1.1362125355 -0.0180015350 -2.2571524718 1.0419414199 
-0.0266295657 -2.2624587059 1.1323475358 -0.0259776079 -2.2596420214 1.0313959138 
-0.0270581775 -2.2641737729 1.1355198964 -0.0240362646 -2.2573341218 1.0287210490 
-0.0299683089 -2.2656487514 1.1356471273 -0.0339426144 -2.2640361741 1.0313655684 
-0.0268502629 -2.2637433162 1.1367300761 -0.0358164036 -2.2659932927 1.0270771309 
-0.0021948383 -2.2459382263 1.2239108374 -0.0478922805 -2.2757819602 1.0140435971 
END
