2.0964529614 0.0868314833 0.1078416243 2.0971911449 0.0889493430 0.8193657744 
9 8
image_id_list 26 29 67 69 75 28 28 68 66 
line_id_list 281 294 24 230 132 237 294 86 19 
line2d_list
12.3345136642 421.5509948730 22.0149345398 450.3220520020 
108.0564651489 344.8399353027 115.0496368408 390.9924926758 
345.1813354492 328.0068664551 337.5043640137 531.0568847656 
103.1400146484 334.1122741699 100.3804702759 362.1359252930 
156.8997955322 122.7699127197 208.0938720703 322.9759826660 
155.8505706787 486.6056823730 174.4747467041 526.7799072266 
106.9135513306 382.5726318359 120.7370758057 412.1229858398 
412.4062500000 148.9613189697 414.4714660645 224.0420379639 
774.0993652344 212.5191040039 677.2666625977 417.5980834961 
node_id_list 11123 11124 11125 11126 11127 11355 11380 11381 11468 
score_list 0.9927464003 5.7605713871 7.6806277504 4.8353939201 5.7640254094 0.9973673645 3.8181593639 4.5492460557 2.7084426933 
line3d_list
2.0980826095 0.0898512515 0.8156162627 2.0867755605 0.0793497728 0.7002445071 
2.0972149592 0.0891059965 0.8179351606 2.0970889401 0.0882197483 0.6747933673 
2.0972235144 0.0882845469 0.8178067214 2.0965693153 0.0863246989 0.1042130423 
2.0972193714 0.0889139063 0.8204550562 2.0971376937 0.0880376479 0.7243083661 
2.0972228256 0.0882824836 0.8170554777 2.0965749348 0.0863415338 0.1103427166 
2.0964703957 0.0879258123 0.3169111977 2.0959855818 0.0883440568 0.1041503092 
2.0968446056 0.0896035181 0.8191482212 2.0966583014 0.0894438870 0.6832607508 
2.0969822536 0.0891285392 0.8193654578 2.0970347262 0.0879278168 0.6471647801 
2.0972138642 0.0893656759 0.8196775577 2.0965750263 0.0861091076 0.1078436479 
END
