-0.1823715775 -1.5365235354 1.0503999647 -0.1734865857 -1.4432250166 1.0598867347 
4 4
image_id_list 9 20 96 31 
line_id_list 193 180 111 179 
line2d_list
575.0438232422 313.0802001953 560.0279541016 313.6894836426 
606.0515136719 276.5820007324 588.0026855469 275.9261474609 
652.0963745117 311.9378967285 627.9324340820 309.7447204590 
572.0693969727 312.9926757812 554.0177612305 314.2542419434 
node_id_list 5965 5966 5967 9499 
score_list 2.0556839043 3.4698333020 2.3540707869 2.1660488720 
line3d_list
-0.1760486537 -1.4415926686 1.0600203302 -0.1704419852 -1.5377485232 1.0512743634 
-0.1815880885 -1.4423995531 1.0593562335 -0.1813483397 -1.5333365529 1.0505496407 
-0.1729288673 -1.4358695541 1.0603398696 -0.1824381452 -1.5427686838 1.0499643551 
-0.1789341105 -1.4457401794 1.0589105200 -0.1681543099 -1.5432563291 1.0512340537 
END
