0.3979020571 -1.4250304616 0.5108151734 0.3437079084 -1.4980511125 0.4772027880 
3 3
image_id_list 20 98 96 
line_id_list 126 126 110 
line2d_list
548.0764160156 419.2975158691 562.9010009766 420.9100341797 
575.0106811523 450.8173522949 595.8808593750 452.0375976562 
587.9215698242 487.2604675293 570.0377807617 481.8745117188 
node_id_list 9443 9444 13528 
score_list 1.2979268231 1.6885626251 2.4027930605 
line3d_list
0.2984316300 -1.5061303216 0.4571539531 0.3762217108 -1.4061125963 0.5046731834 
0.3218810700 -1.5085918326 0.4646476580 0.3986762378 -1.4068540999 0.5121873406 
0.4270107162 -1.3858097471 0.5288689946 0.3437079084 -1.4980511125 0.4772027880 
END
