1.1070096414 -2.9992954737 1.3923055883 1.1067480606 -2.9977431994 1.4981530460 
35 35
image_id_list 2 3 21 33 34 38 51 53 56 77 80 88 95 96 37 81 84 86 98 10 16 31 13 14 54 57 60 78 83 89 20 82 97 19 99 
line_id_list 40 168 39 53 39 105 7 11 66 45 33 3 32 10 55 50 69 44 110 69 48 81 17 103 12 88 66 43 28 19 13 77 22 106 78 
line2d_list
205.0816650391 36.7495574951 196.7635040283 0.8232228756 
223.7547760010 148.0130004883 221.6342926025 108.0193939209 
422.9135437012 61.9923858643 425.0268859863 38.0023689270 
219.3831787109 266.9585266113 217.2197570801 246.9762115479 
449.0153808594 23.9996814728 448.5380249023 1.0095926523 
270.2113952637 216.0045776367 270.7741394043 189.9951171875 
319.0439147949 146.9967498779 316.6820983887 115.0234832764 
309.1156616211 179.0392303467 310.1040649414 150.9333190918 
419.4566650391 172.0096435547 419.6752319336 138.9912261963 
242.8243865967 215.8190917969 235.4301452637 182.1250610352 
394.3928222656 128.1395874023 397.1216430664 100.9119720459 
216.8571014404 147.9927215576 218.4382781982 116.9205322266 
34.0208740234 193.8923339844 30.3480529785 159.0687561035 
161.9044342041 229.0067291260 160.1424102783 203.9899749756 
22.4927635193 223.9243316650 18.8230628967 200.0271759033 
222.2799530029 177.9454650879 217.2536315918 152.1454010010 
117.9047851562 146.2098236084 113.0722427368 120.9861602783 
51.1927642822 224.9725189209 47.6396484375 200.0513763428 
181.2242889404 198.0227508545 181.7079315186 171.9945678711 
80.9377059937 162.9975738525 81.7944564819 140.9531402588 
283.2987060547 117.9464721680 279.5594787598 97.0789337158 
178.7958374023 272.0136108398 177.4651794434 252.0356292725 
668.2232055664 146.2840881348 673.4805908203 123.6471252441 
406.2677001953 87.0492935181 404.9184570312 67.0054855347 
761.6359863281 154.0607452393 762.6783447266 125.9880599976 
329.8193969727 161.9796142578 332.0730895996 142.0082550049 
469.1549072266 225.0302429199 469.6542663574 205.9647521973 
625.6001586914 190.1716003418 628.1901855469 166.0203857422 
628.6234130859 239.9521484375 631.2812500000 219.0357360840 
670.8660278320 256.9785156250 675.7102661133 226.7930145264 
182.5813598633 210.9616699219 181.0674438477 187.9955596924 
300.8968811035 114.1183471680 298.8475952148 95.0163497925 
431.3712158203 257.1036071777 432.8156433105 237.9860687256 
234.4425201416 170.0014038086 234.5030822754 150.9952239990 
40.3793601990 235.9497070312 42.0026893616 215.9191741943 
node_id_list 2318 2319 2320 2321 2322 2323 2324 2325 2326 2327 2328 2329 2330 2331 3404 3405 3406 3407 3408 6369 6370 6371 7390 7391 7392 7393 7394 7395 7396 7397 8392 8393 8394 8747 11672 
score_list 11.6104849213 6.5236169110 15.3381600749 15.6979567301 13.2145047634 11.0577282340 16.2860225563 16.1416972440 13.7654163267 12.5050443976 16.2043534615 13.7844180494 9.4897627403 14.6226621817 10.5640148928 13.5297011708 8.2123883361 9.0018319010 9.4690112363 6.6634901751 8.1737922545 12.7241585968 9.0045580030 8.5493701852 11.2800349799 4.9072520239 13.6629315454 11.8339485800 12.2930386392 12.5868810149 7.0777957347 8.3471596037 10.9963029585 5.3673394712 6.9130214430 
line3d_list
1.1085449745 -2.9952490498 1.4018342547 1.1076735007 -2.9970884754 1.4522837605 
1.1078906883 -2.9991258584 1.3943579347 1.1062937330 -2.9979098856 1.4965276252 
1.1066407351 -3.0004462345 1.3941802678 1.1084373038 -2.9945836112 1.4974136610 
1.1063321536 -3.0009191530 1.3924327952 1.1060506916 -2.9979017947 1.4940575740 
1.1116308793 -2.9937482686 1.3940146187 1.1087692015 -2.9940022219 1.5014701755 
1.1058265333 -2.9993924789 1.3967705038 1.1071387275 -2.9977404414 1.4983529124 
1.1075478000 -2.9982866767 1.3932254527 1.1071927953 -2.9969623347 1.4974870745 
1.1055908536 -3.0020812843 1.3944203764 1.1071703417 -2.9972864185 1.4980479027 
1.1071985109 -3.0000590475 1.3956460245 1.1065770181 -2.9967640750 1.4963468415 
1.1093863989 -2.9946609358 1.3998495534 1.1066320233 -2.9989028918 1.4974766034 
1.1084486368 -2.9978672419 1.3986802243 1.1088547675 -2.9940672723 1.4960829863 
1.1063738102 -3.0005908339 1.3927930050 1.1065726188 -2.9984791801 1.4960063110 
1.1077310774 -2.9978487980 1.3994376158 1.1065826828 -2.9984414870 1.4970935916 
1.1049885908 -3.0019640549 1.3937378804 1.1058594113 -2.9985360080 1.4965347808 
1.1055167806 -3.0010030827 1.3956011385 1.1059461343 -2.9984309072 1.4939912558 
1.1061286585 -3.0010339612 1.3947104581 1.1070005385 -2.9976575826 1.4955355116 
1.1042505848 -3.0020505180 1.3976717154 1.1030796272 -3.0025026073 1.4936420423 
1.1048282573 -3.0021725069 1.3976754335 1.1060973712 -2.9981335100 1.4957277905 
1.1066257548 -2.9990858742 1.3940812613 1.1048057450 -3.0003715966 1.4972217596 
1.0961949631 -3.0119336233 1.3913759132 1.0956296919 -3.0124183384 1.4940040371 
1.1063248716 -3.0008410876 1.3950620391 1.1060502383 -2.9978969344 1.4942212696 
1.1079315107 -2.9991161245 1.3932079292 1.1059365989 -2.9982953696 1.4958333467 
1.1077659571 -2.9979257496 1.3984042666 1.1044693136 -3.0004315284 1.4939419530 
1.1043362698 -3.0045740450 1.3946665367 1.1097132369 -2.9926068677 1.4931162171 
1.1073609712 -2.9994863788 1.4021388442 1.1043359091 -3.0007455922 1.4964497060 
1.1085779569 -2.9956901678 1.3925261925 1.1021033816 -3.0050929509 1.4982493532 
1.1025862348 -3.0066446952 1.3941370056 1.1022101040 -3.0027027276 1.4934870496 
1.1078889369 -2.9976711918 1.3958691507 1.1040351187 -3.0022095082 1.4972765389 
1.1071182269 -2.9982607874 1.3916027726 1.1065977161 -2.9971461655 1.4963765669 
1.1071389480 -2.9987937627 1.3935016160 1.1066293843 -2.9976934943 1.4959589576 
1.1066618994 -2.9990351781 1.3933939554 1.1050122289 -3.0000116784 1.4970981253 
1.1058356304 -3.0025906379 1.3962432488 1.1081701282 -2.9953131695 1.4963033469 
1.1020470307 -3.0066701118 1.3945982255 1.1098307570 -2.9917590957 1.4958334046 
1.0908760538 -3.0203766528 1.3925748771 1.0895262802 -3.0162198589 1.4914805748 
1.1049316604 -3.0019819970 1.3947596819 1.1030037058 -3.0008863934 1.4933237279 
END
