3.0043004776 -1.8393599977 -0.0006289816 3.0005256133 -1.5708346139 0.0022119766 
18 11
image_id_list 22 26 28 28 29 30 44 52 69 70 71 94 26 30 44 70 94 29 
line_id_list 88 258 250 284 228 32 17 117 253 94 62 21 141 24 23 201 23 242 
line2d_list
640.5787353516 339.8237609863 611.4829101562 360.2639160156 
548.0032348633 479.5379333496 507.0051879883 479.2530212402 
664.9902954102 420.7231750488 647.9912719727 420.8522338867 
643.0087890625 418.3958129883 600.9915771484 418.6607971191 
733.1045532227 517.3895263672 676.2315063477 507.6483764648 
348.4955444336 575.7108154297 313.6830444336 599.9797973633 
193.7673034668 437.3987731934 142.6794433594 457.1717834473 
310.3385925293 529.0734252930 277.7917175293 539.3396606445 
617.1350097656 595.5905151367 570.2819824219 580.1447143555 
523.0021972656 446.1993408203 469.9866333008 446.7816162109 
301.0270385742 207.5330810547 262.9221801758 209.4657592773 
191.7309570312 193.3251037598 139.6378936768 214.0916442871 
567.0227050781 482.1400756836 552.0331420898 481.7445373535 
366.2330627441 568.8986816406 353.7268676758 577.6077880859 
213.7930603027 433.4406127930 198.6462554932 439.0437011719 
546.0005493164 449.6388549805 527.0005493164 449.6308593750 
214.4736175537 188.6086120605 196.7416076660 195.3169860840 
756.2754516602 524.6016845703 736.2639160156 520.6600341797 
node_id_list 10112 10113 10114 10115 10116 10117 10118 10119 10120 10121 10122 10123 10881 10882 10883 10884 10885 11451 
score_list 8.9721670047 5.8431821472 2.8234216729 5.7367929354 6.7771447518 6.6444793516 3.8942237930 3.8073215624 8.6504900089 8.5436700149 7.6888887250 7.7465398426 2.9700248974 3.8949287097 1.8440635304 4.7500904556 5.0566302980 2.9287196105 
line3d_list
3.0039292320 -1.7795097609 -0.0003274287 3.0005688466 -1.5735816296 0.0021638310 
3.0036227829 -1.7535371866 -0.0002203892 3.0016452230 -1.5689800252 0.0001871853 
2.9805268791 -1.8396944240 0.0024148420 2.9863253918 -1.7709951180 -0.0014041832 
3.0038051835 -1.7501751817 -0.0005984802 3.0000183206 -1.5748090060 0.0031559997 
3.0035889105 -1.7656949400 0.0000424738 3.0005723298 -1.5700591473 0.0020988448 
3.0009661987 -1.7689652705 0.0028303275 3.0002293532 -1.6071220396 0.0031112642 
2.9952579830 -1.7614445539 0.0071512611 2.9982443446 -1.5716878391 0.0037181608 
2.9954046091 -1.7520992229 0.0056091559 2.9982129849 -1.5736877356 0.0041038054 
3.0036844029 -1.7645063659 -0.0001459219 3.0005758509 -1.5740108632 0.0021586382 
3.0000753839 -1.7610815111 0.0018694061 2.9973193784 -1.5710299299 0.0039767676 
3.0032644866 -1.7542010424 0.0004230852 2.9997411596 -1.5708695919 0.0035793806 
3.0020826630 -1.7613756678 0.0010511932 3.0014978598 -1.5708131957 0.0014793941 
2.9796936291 -1.8381766492 0.0031097947 2.9797987589 -1.7729124007 0.0041588038 
2.9868627845 -1.8427443759 -0.0034284909 2.9838449974 -1.7762600137 0.0003923495 
2.9846381080 -1.8353393999 -0.0007963632 2.9824880793 -1.7740600050 0.0019875128 
2.9791563152 -1.8397564829 0.0034367322 2.9779724483 -1.7723161362 0.0053722783 
2.9801450213 -1.8391231931 0.0027961780 2.9819693547 -1.7731866415 0.0027240160 
2.9845894789 -1.8399923816 -0.0007601845 2.9809965732 -1.7725463065 0.0037368827 
END
