0.3184739508 -1.5034241358 0.4645663562 0.2252523761 -1.4425976657 0.4454666310 
3 3
image_id_list 18 46 40 
line_id_list 103 65 22 
line2d_list
185.1144561768 322.4482727051 210.5019683838 315.9658813477 
63.5446510315 451.3627929688 94.5127410889 444.2243652344 
10.4577045441 562.0682373047 44.6141586304 547.4334106445 
node_id_list 9088 9089 12104 
score_list 2.4390841814 2.3643982986 2.9299702293 
line3d_list
0.3264098166 -1.5079439010 0.4675875341 0.2176593180 -1.4432906702 0.4408918186 
0.3232891922 -1.5096853501 0.4657608444 0.2270158834 -1.4397690639 0.4458675231 
0.3184739508 -1.5034241358 0.4645663562 0.2244894488 -1.4420998607 0.4453103185 
END
