0.2283799430 -1.5321972882 0.4681494427 0.1515062543 -1.4640152944 0.4473658650 
4 4
image_id_list 45 84 85 58 
line_id_list 137 181 256 223 
line2d_list
412.7782897949 452.5776367188 441.0628967285 456.5523071289 
545.0000610352 331.0243530273 568.0020751953 330.9758605957 
304.9284667969 352.7986450195 321.3437194824 346.9676513672 
18.2776393890 460.3754577637 51.1788253784 456.5299987793 
node_id_list 12530 12531 12532 13070 
score_list 3.0699164616 2.2723845154 2.3903091992 1.5645838796 
line3d_list
0.2240840047 -1.5406998918 0.4654950382 0.1616172562 -1.4525374781 0.4531286751 
0.2229875407 -1.5391523978 0.4652779743 0.1605942571 -1.4510936688 0.4529261549 
0.2290125694 -1.5268258968 0.4690452702 0.1563098188 -1.4576373706 0.4505218103 
0.2477511931 -1.5450676111 0.4737402322 0.1406647630 -1.4560054681 0.4439634974 
END
