-0.0971360440 -1.5148938224 1.0034297204 -0.0564843796 -1.4052085807 1.0159444702 
4 4
image_id_list 12 17 90 76 
line_id_list 133 105 158 118 
line2d_list
182.1042022705 60.9807243347 213.0733184814 57.6900825500 
115.9801712036 236.9108276367 139.9089202881 231.5903472900 
258.1610717773 262.2416076660 291.0798034668 260.6058654785 
461.0004882812 231.9365081787 484.0069885254 232.1188964844 
node_id_list 7179 7180 7181 13421 
score_list 4.6832371540 5.2480405006 7.2308680912 2.9087177376 
line3d_list
-0.0923695743 -1.5167583669 1.0042885540 -0.0674482592 -1.4008181124 1.0130782821 
-0.0764371773 -1.5120105637 1.0079222188 -0.0509379057 -1.3890445421 1.0175611115 
-0.0996428731 -1.5168995961 1.0028983811 -0.0595846865 -1.4044535055 1.0152132872 
-0.1221404089 -1.5193688040 0.9994233729 -0.0384502369 -1.3884021675 1.0198269154 
END
