1.6674569111 -0.8866097012 -0.0000464868 1.8936258982 -0.6610360663 0.0007479141 
7 5
image_id_list 14 23 23 15 82 82 34 
line_id_list 80 59 87 97 147 163 102 
line2d_list
763.6613159180 539.2294921875 799.2916870117 591.8023071289 
704.7847290039 599.0811157227 697.5051879883 490.0330200195 
700.0968017578 494.9933166504 707.2698974609 598.9813842773 
317.1976013184 495.9380493164 337.9183654785 562.0255737305 
643.3605957031 599.3110351562 619.3034667969 549.8524169922 
618.9712524414 546.0145874023 645.8336181641 599.0842285156 
656.5164184570 518.9965209961 657.0509643555 599.0063476562 
node_id_list 8341 8342 8343 8601 8602 8603 10370 
score_list 2.3981615471 1.8537384340 2.7091141243 1.8677817181 1.9685617552 2.6105260016 1.8238845344 
line3d_list
1.6415563251 -0.9095746318 -0.0149344626 1.8142532222 -0.7399405474 -0.0009111680 
2.0138226321 -0.5504102137 -0.0004421174 1.6876337818 -0.8762189988 -0.0005580739 
1.6931843436 -0.8583144479 -0.0053129743 2.0148262262 -0.5433243622 0.0089564870 
1.6675385986 -0.8867093177 0.0049833486 1.8945872398 -0.6620409140 0.0123811801 
1.8867264196 -0.6772353853 -0.0013243338 1.7297730282 -0.8348681060 0.0044896061 
1.7025065375 -0.8491850440 -0.0048994004 1.8857470649 -0.6697340690 0.0032299626 
1.6237232196 -0.9315100291 0.0053645501 1.8561914140 -0.6993179028 0.0102332649 
END
