2.1058589393 0.0892827903 0.6755800415 2.7339925972 0.0861499130 0.6769248373 
7 7
image_id_list 26 29 67 68 69 75 28 
line_id_list 123 76 50 15 116 103 137 
line2d_list
126.4792633057 381.6749877930 31.2210025787 449.3112487793 
227.6554412842 315.4819030762 115.4169998169 390.1233520508 
550.0539550781 378.3419494629 346.9761657715 371.7319335938 
590.9885253906 136.9729309082 416.5567016602 210.9548034668 
203.9453430176 339.8413696289 128.0040740967 366.0118103027 
450.0020446777 172.4980926514 174.0025939941 173.6311340332 
212.3282928467 336.3861083984 123.1672821045 412.1967468262 
node_id_list 10870 10871 10872 10873 10874 10875 11304 
score_list 2.9573113449 4.9274065259 7.9146290309 5.8212172759 3.8945269765 2.7976936469 2.8816170129 
line3d_list
2.7340175158 0.0900779015 0.6744365166 2.1312396407 0.0855023845 0.6780473540 
2.7237055799 0.0856580832 0.6772008094 2.1023925275 0.0911244378 0.6745256651 
2.7398055004 0.0862677205 0.6769418807 2.1075956177 0.0903926724 0.6748477873 
2.7301634910 0.0863306313 0.6769099431 2.1061600262 0.0904020392 0.6748430321 
2.7229709782 0.0858739271 0.6771843233 2.2458023653 0.0894865886 0.6750340157 
2.7410970473 0.0856219289 0.6773662107 2.1058567091 0.0889345440 0.6758104771 
2.7337657615 0.0892423565 0.6749874270 2.1030133363 0.0848497371 0.6785053572 
END
