1.3549706819 -2.1392567533 0.0011766051 2.5864893608 -0.9085847466 -0.0004077867 
65 26
image_id_list 7 15 15 21 76 81 81 7 84 9 10 16 16 19 19 23 23 34 34 57 57 76 82 9 10 84 13 13 14 15 15 15 15 15 21 21 21 23 23 34 34 34 34 14 82 91 91 91 63 22 26 28 70 70 71 94 22 29 94 28 72 72 63 63 71 
line_id_list 27 19 67 154 94 86 87 36 110 136 91 87 101 33 88 119 156 135 156 103 118 49 150 182 36 99 66 134 68 151 152 153 166 178 7 57 64 52 78 33 86 87 126 88 113 32 23 19 17 109 235 201 139 146 96 45 122 233 46 300 47 69 48 102 106 
line2d_list
295.8752441406 599.1981811523 287.7744140625 553.2159423828 
121.3564605713 440.9621276855 124.5924301147 385.9760131836 
126.8907623291 386.0540771484 123.6140594482 440.0372619629 
395.0283813477 444.0270385742 362.8192749023 477.8277893066 
191.9965820312 599.0010375977 180.2549743652 559.6257934570 
461.4561462402 562.6409301758 490.4297790527 599.4488525391 
487.5351867676 599.3546142578 459.8721313477 563.0975341797 
290.2006225586 553.9634399414 298.4209594727 599.1054687500 
306.3637390137 553.8969116211 319.2075500488 599.2245483398 
334.1500549316 557.9807739258 339.4022216797 598.9484252930 
155.2704772949 512.0151367188 150.4031829834 599.0225830078 
430.1098632812 599.0836791992 416.0935363770 449.9912109375 
418.4236755371 450.9602661133 432.3002624512 598.9718627930 
318.2388916016 595.0081787109 317.0000915527 480.0000000000 
319.1777954102 488.9977111816 320.5435180664 594.9929809570 
545.6698608398 318.1929321289 525.2541503906 389.0732116699 
523.2336425781 389.0666198730 543.2671508789 318.7910766602 
504.2555236816 358.0966796875 488.6807250977 399.2575683594 
486.9712524414 397.9889831543 502.7276000977 356.8955688477 
359.9804687500 491.9962158203 339.1896362305 599.0368041992 
336.9189453125 599.1770019531 357.5781250000 491.9187316895 
187.1466217041 575.9567871094 194.0257415771 599.2872924805 
412.1180725098 414.9857177734 434.4049377441 599.0720214844 
338.1392517090 598.9785766602 333.6594848633 569.8984375000 
147.8933258057 599.0551147461 153.2034149170 512.9508666992 
317.3913574219 599.1665039062 304.7074584961 552.8064575195 
674.8204345703 566.1824340820 667.4984130859 599.1108398438 
665.0291137695 599.0066528320 676.2587890625 549.8307495117 
520.6629028320 404.8846130371 554.4671630859 599.0927734375 
117.4367065430 551.9799194336 115.7581405640 599.0270385742 
120.7341842651 455.9850769043 119.3834304810 480.0215454102 
120.3702468872 510.0155639648 121.4204559326 485.0176696777 
119.2666549683 485.9540710449 117.4496154785 514.9655151367 
121.9665908813 480.0415954590 123.0441131592 455.0018920898 
350.8233337402 486.8310241699 305.8246459961 533.8757934570 
279.4398498535 565.4213867188 305.8703613281 537.8338623047 
308.8524169922 534.8004760742 355.8283081055 484.7778625488 
472.5625000000 564.8739013672 515.1634521484 417.0471191406 
520.6481933594 405.1849975586 465.3069458008 599.0875854492 
481.1709594727 413.7019958496 472.9336242676 436.6166687012 
465.5631103516 463.1978149414 474.3689880371 438.1296081543 
475.5042114258 436.1830139160 483.8119506836 413.2947082520 
452.2871398926 499.1046752930 425.3078918457 573.1122436523 
551.9814453125 599.1754150391 518.5582885742 405.0760498047 
432.0515136719 599.1128540039 408.7268676758 403.0325012207 
183.3051147461 416.3400268555 141.6463928223 453.7203674316 
136.4153900146 458.4626770020 32.5976371765 551.6657104492 
28.6046924591 555.5545043945 1.0237855911 580.0267944336 
103.6639328003 313.8988037109 198.9451446533 284.8202209473 
730.0031738281 541.9605712891 610.9654541016 532.4317626953 
347.0616455078 533.9431152344 407.5148315430 599.4477539062 
439.0828552246 480.9203796387 519.4573974609 564.5604858398 
325.3818359375 599.6167602539 264.4509887695 538.5477905273 
267.1581726074 537.8411254883 329.2947692871 599.7083129883 
106.9169998169 274.0982971191 268.4386291504 410.4805297852 
59.8396224976 419.6073608398 0.7358419895 404.0003662109 
633.9909057617 532.1160888672 729.1137084961 539.5435791016 
483.2415771484 544.7659912109 535.4016723633 598.6109008789 
0.8728855848 401.4809265137 62.0894966125 417.6614074707 
468.1146850586 513.8914184570 434.5661926270 478.4638366699 
205.0166473389 228.1134796143 139.9863281250 229.0852966309 
147.9964141846 226.5457458496 206.0006866455 226.0869445801 
149.1011657715 302.3265380859 103.1725616455 316.5569458008 
178.8316650391 292.4766235352 152.9372253418 300.8048095703 
267.5397033691 412.5489196777 229.4730224609 380.6284484863 
node_id_list 4310 4311 4312 4313 4314 4315 4316 4333 4334 5735 5736 5737 5738 5739 5740 5741 5742 5743 5744 5745 5746 5747 5748 5925 6260 6261 7770 7994 8291 8292 8293 8294 8295 8296 8297 8298 8299 8300 8301 8302 8303 8304 8305 8346 8347 8563 8648 8649 9564 10214 10215 10216 10217 10218 10219 10220 10234 10235 10236 11386 13178 13179 13191 13205 13376 
score_list 3.3233876156 9.7719736747 9.8198619708 6.9588071839 1.9056117903 5.9484921607 5.9278079055 3.6780270486 5.7753282340 4.5372902996 5.0628068016 8.9247161721 10.0959499756 5.3586473158 5.7907726480 8.4984672734 8.2369796211 8.8853651155 7.7467925597 8.8279186275 7.8083464560 3.7258548583 7.4825279390 3.6645115989 4.4640838272 4.7232244389 4.3213027660 2.4558376409 6.6697105752 1.8595444617 4.9787312022 3.9198682799 2.9863864122 4.9505913092 5.9740518486 2.9711647460 5.9657303222 2.9620668713 1.9825660249 6.4715011854 4.8484339868 6.7193028196 1.9970112272 6.6976447638 6.3285569037 1.8096427359 1.5992584244 1.7949310970 1.9779509251 1.6562070827 3.8046014186 1.9077936156 1.8739237288 2.9103255732 3.4538911302 0.9261031893 1.9224624338 2.9928999242 0.9876365232 0.9816389936 1.9742965943 1.9865174396 0.9985152284 0.9957576301 0.7614574812 
line3d_list
1.5107072246 -1.9935519492 -0.0000044050 1.4230496101 -2.0812770488 0.0007035543 
1.7071070914 -1.7991268208 0.0037432920 1.4055456644 -2.1003165087 0.0025822872 
1.3973174817 -2.0960983696 -0.0020879944 1.6981616974 -1.7964043330 0.0025495949 
1.4390931951 -2.0545466138 -0.0009788657 1.6237472742 -1.8703181266 -0.0001624232 
1.5233850248 -1.9826499059 0.0073302208 1.3607780693 -2.1450602486 0.0073031467 
1.4303083849 -2.0638654376 -0.0007266734 1.5821900574 -1.9120750036 0.0001994631 
1.5850389867 -1.9210305068 0.0010956064 1.4399737510 -2.0659421204 0.0044731614 
1.4231924881 -2.0737032669 0.0033828655 1.5090896053 -1.9873582094 0.0031456765 
1.4228535989 -2.0712212315 -0.0074499952 1.5880908029 -1.9060767865 -0.0069018502 
1.4710900374 -2.0224643266 0.0026832968 1.7231047490 -1.7702288940 -0.0117805050 
1.3317554956 -2.1622681951 -0.0077521969 1.7469123152 -1.7473444317 -0.0063749882 
2.0347882020 -1.4712282805 -0.0034998139 1.4478317611 -2.0583515289 0.0115270330 
1.4328066850 -2.0604620824 -0.0035882908 2.0346817546 -1.4605763511 0.0034326458 
1.9358686464 -1.5694427337 0.0006760481 1.3687864863 -2.1386915323 0.0106990994 
1.4053948140 -2.0881178749 -0.0014859190 1.9215554456 -1.5717802175 -0.0090991976 
1.4466021580 -2.0463007668 -0.0064064103 1.8861249533 -1.6080642063 -0.0024848152 
1.8938326196 -1.6116055752 -0.0024426917 1.4649308268 -2.0420748221 -0.0030035116 
1.4391776116 -2.0540509389 -0.0039576323 1.6913425439 -1.8030333146 0.0012562954 
1.6925296164 -1.8142370749 0.0018053072 1.4375863480 -2.0688249021 -0.0052026699 
1.4535770480 -2.0392399798 -0.0071139094 2.0004737976 -1.4942692871 0.0001232316 
2.0058560768 -1.4997252104 -0.0017652582 1.4834821808 -2.0234227561 0.0089741615 
1.4128031523 -2.0806339811 -0.0074383062 1.5028495337 -1.9905264816 -0.0111860877 
1.4304312841 -2.0631665190 -0.0049253345 2.2921449312 -1.2026429289 0.0052946406 
1.7785407067 -1.7275871794 0.0280736555 1.5519679292 -1.9547073420 -0.0042946800 
1.7593684962 -1.7469108681 0.0009815504 1.3728364315 -2.1330813546 0.0174394465 
1.6108595607 -1.8953490192 0.0179465334 1.4514063188 -2.0546616326 0.0260681248 
1.4086320404 -2.0849373585 -0.0117364122 1.5493397623 -1.9450074023 -0.0128302098 
1.5735106921 -1.9322196455 0.0027948614 1.3676788548 -2.1371315264 0.0132924374 
1.4387978839 -2.0550500426 0.0005316400 2.2820215112 -1.2125506284 -0.0045681246 
2.1403338804 -1.3543444797 0.0065400414 2.2734984879 -1.2210565995 -0.0012222939 
1.7746865031 -1.7315777166 0.0007396045 1.8794190190 -1.6265681215 0.0015008966 
1.9908716331 -1.5034030777 -0.0012308152 1.8965277372 -1.5977466873 0.0016039114 
1.9008733545 -1.6054176083 -0.0018939200 2.0141515309 -1.4919724978 0.0009257700 
1.8732881372 -1.6208532668 -0.0017409957 1.7668986792 -1.7272252500 0.0009340463 
1.6811830704 -1.8251224554 0.0029283288 1.8848768629 -1.6209139896 0.0040718705 
1.9888180309 -1.5060443474 0.0011299573 1.8873334886 -1.6072178564 0.0001227768 
1.8752299819 -1.6189715002 0.0000275319 1.6602005340 -1.8338503881 0.0019295839 
2.5610021757 -0.9437382993 0.0016635164 2.0312126159 -1.4742202513 -0.0022831724 
1.9678579004 -1.5263780356 -0.0017163956 2.6428055504 -0.8521600602 0.0001316978 
1.7759837958 -1.7301799677 0.0029606573 1.8845477108 -1.6213409612 0.0007287053 
1.9921349364 -1.5021432456 -0.0011633270 1.8864404295 -1.6078635022 0.0028052854 
1.8727011331 -1.6215194566 -0.0020925801 1.7620931865 -1.7320324062 -0.0014236301 
2.1329700389 -1.3614966690 0.0003253622 2.3692757413 -1.1253983277 -0.0004905431 
2.2912366198 -1.2139557958 0.0003911513 1.4445950998 -2.0624503101 -0.0003778474 
2.2856947272 -1.2195246884 -0.0097424635 1.3522365256 -2.1552154361 -0.0033727640 
1.5384535687 -1.9590327834 -0.0030932982 1.6453131120 -1.8561327693 -0.0075724901 
1.6561465891 -1.8394536527 -0.0002706919 1.8838458381 -1.6150117691 -0.0033778952 
1.8906035853 -1.6053470569 -0.0007831932 1.9452318694 -1.5547498701 -0.0045854884 
1.8818763471 -1.6211275856 0.0045957050 1.6666029844 -1.8378090509 0.0019836303 
2.3550361623 -1.1358885039 0.0037228272 2.5795980497 -0.9131202463 0.0013293222 
2.5709294130 -0.9323611814 0.0021395424 2.2080164738 -1.2933957569 0.0064365630 
2.5527237978 -0.9480795929 0.0059362384 2.1281159785 -1.3760664906 0.0026180129 
2.3658639297 -1.1251472204 0.0036074189 2.5870759727 -0.9057020512 0.0012496183 
2.5911545702 -0.9132529737 -0.0002588005 2.3655185113 -1.1363639786 0.0036736603 
2.5333781530 -0.9634764470 0.0134410981 1.7281609617 -1.7762914340 0.0025099232 
2.3596842687 -1.1340126653 0.0013712102 2.4968524033 -0.9973977234 0.0003657174 
2.5402714237 -0.9635666958 0.0006280080 2.3601899275 -1.1416329311 0.0037665286 
2.5843341685 -0.9188034731 0.0023675597 2.3876337657 -1.1172453650 -0.0001035359 
2.5048467897 -0.9994677687 0.0005157770 2.3614943812 -1.1414580850 0.0028117685 
2.3659447403 -1.1259281323 0.0028818187 2.5747005495 -0.9193018796 0.0002677880 
1.7289734004 -1.7695358313 -0.0028266850 1.8746189718 -1.6218935612 -0.0014003750 
1.8586514652 -1.6436167819 0.0059388603 1.7294319144 -1.7751760869 0.0022356508 
1.7796075255 -1.7166102189 -0.0015349984 1.8803841166 -1.6141487281 -0.0003969686 
1.7097982861 -1.7838992370 0.0019395700 1.7698234468 -1.7246556443 0.0005536487 
1.7227233203 -1.7732354731 -0.0015745160 1.8784500862 -1.6147263552 0.0002730923 
END
