0.0656137553 -1.2795808131 0.0961949567 0.0692364170 -1.2639826439 0.8592618632 
54 43
image_id_list 0 3 8 12 17 32 39 45 58 59 79 85 87 90 1 37 40 43 62 76 81 84 86 93 98 6 18 42 49 7 38 65 20 11 15 19 33 37 57 76 81 82 84 98 17 79 86 50 99 38 40 64 45 96 
line_id_list 111 155 124 127 202 140 163 39 197 127 4 250 23 159 108 142 83 43 112 147 52 34 148 237 113 100 66 151 3 83 96 160 67 227 141 195 133 185 174 190 173 202 225 199 259 195 199 13 196 169 58 73 176 181 
line2d_list
91.8689422607 400.6052551270 121.3537750244 316.1234741211 
652.4013061523 382.6646118164 675.6339721680 271.9232177734 
379.0291748047 477.7591857910 411.2009582520 348.0576782227 
272.7760925293 267.1962280273 258.3098144531 103.2373580933 
203.6234741211 393.3349609375 172.6571502686 266.0834350586 
524.7642211914 444.9954223633 525.2492065430 313.9824218750 
365.1939086914 489.8526611328 384.0256652832 386.8218994141 
479.2900695801 548.4839477539 515.0979614258 360.4473571777 
103.4723587036 525.9764404297 106.1250915527 353.9556579590 
48.5395278931 594.1998901367 34.8488845825 357.1820068359 
478.2272644043 411.9261169434 493.1511535645 255.8232421875 
370.9492492676 394.3513793945 347.0424194336 254.8213958740 
85.5916900635 599.0345458984 80.9790420532 411.0986938477 
328.3366088867 490.9184875488 335.4895629883 344.9259948730 
193.0110931396 450.9167480469 201.6634216309 348.1400451660 
480.7560424805 436.9957580566 481.2106628418 303.9938964844 
132.4681854248 592.4324340820 105.4870529175 496.8624877930 
669.7485351562 561.9745483398 671.8627319336 374.9419250488 
435.2481079102 284.1285095215 423.0111999512 117.2925643921 
493.4331665039 422.8826599121 504.3681945801 276.8777770996 
706.8444824219 380.9989013672 707.9140625000 228.9712524414 
607.3460083008 395.8647155762 619.7691040039 243.9811096191 
528.0745849609 455.0023498535 532.5399780273 313.9854431152 
170.7684783936 438.2918701172 144.8199005127 328.8056945801 
633.1046752930 522.6906738281 658.7375488281 365.6307678223 
528.0205078125 527.1587524414 561.0481567383 331.6566467285 
265.8053283691 366.1719665527 254.0188598633 215.7634277344 
366.5566101074 491.5627136230 336.0770263672 359.2125549316 
659.2757568359 553.8163452148 749.2738647461 346.6844787598 
728.4752807617 328.9617614746 795.2946777344 166.4762420654 
743.9434204102 581.4658203125 786.3756103516 418.0975646973 
188.1815948486 235.4680175781 156.1368255615 110.9647827148 
606.0397949219 480.7726135254 622.2368774414 341.1434631348 
77.6176071167 164.2251892090 83.0095596313 197.3242492676 
405.9057006836 135.0013885498 406.3034973145 162.0396728516 
615.4207763672 292.6714477539 611.9883422852 319.6163635254 
647.6251220703 359.0055541992 647.7628173828 393.0130920410 
476.5976562500 303.0144348145 477.5707397461 330.1231079102 
699.5443725586 335.3623962402 692.5344848633 362.3598327637 
500.3275451660 275.9018249512 499.2242431641 305.9347534180 
702.9400024414 232.0897369385 704.2916259766 263.1179809570 
691.6450805664 196.8358001709 689.6924438477 224.8390960693 
615.8291625977 242.8076477051 613.8272705078 275.8075256348 
654.4000244141 362.7231140137 650.9855957031 394.7854614258 
168.8649139404 266.3019714355 175.8532867432 292.5710754395 
488.9774780273 253.8347778320 486.0363159180 289.8395996094 
528.8217773438 311.9445800781 528.0588378906 341.9251403809 
481.1748352051 461.7813415527 506.0202026367 254.4033813477 
434.7465820312 372.8265686035 432.6629638672 399.8970947266 
780.6690063477 413.6932373047 776.1854858398 447.7611999512 
85.8180160522 415.8588256836 91.6374740601 449.5802917480 
63.8871459961 599.4760131836 101.2994537354 372.5547485352 
509.8515319824 357.6076049805 505.1114196777 395.6399841309 
661.6487426758 390.0012512207 661.7604370117 421.0080566406 
node_id_list 886 887 888 889 890 891 892 893 895 896 897 898 899 900 1766 3359 3360 3361 3362 3363 3364 3365 3366 3367 3368 4087 4088 4089 4090 4382 4383 4384 4848 7009 8636 8637 8638 8639 8640 8641 8642 8643 8644 8645 9018 9019 9020 9062 11746 11821 12121 12132 12538 12539 
score_list 13.4510759776 16.3224441905 13.6077118127 10.4367544299 14.5950530189 13.1753709752 11.7540986506 8.9819770041 10.8871663399 9.1622244887 12.4231031190 15.6841236826 11.4677801404 16.5713504240 12.4449448248 7.0713160763 11.4939105902 13.2457956913 12.5165714697 9.4969050960 10.2854509969 8.1600176004 8.8640136539 12.3443029013 5.5103853105 9.1140578179 12.2173981447 10.5013968739 9.4818424990 10.2401961775 3.3812174417 11.5616265360 6.9522147949 6.1115634189 9.3261579510 5.6396904335 10.1190869544 4.7838927118 2.8744950931 5.7358401442 9.7620548320 3.3203960258 8.9075348363 6.2978630121 5.0169601683 7.4011867418 5.4716342665 9.6659094008 8.8918238238 1.8878375078 4.4503867883 8.8025118339 3.4432105049 5.0595796601 
line3d_list
0.0617335919 -1.2754037194 0.3228534115 0.0738395486 -1.2672295083 0.7235847673 
0.0595585128 -1.2794086581 0.1613667188 0.0751068375 -1.2675634852 0.7235592432 
0.0788335797 -1.2768191120 0.1204332781 0.0691336241 -1.2633828784 0.8584026816 
0.0642542732 -1.2798045766 0.1119578872 0.0701708199 -1.2670758285 0.8614023619 
0.0780865330 -1.2780631882 0.1096564743 0.0657778440 -1.2648672353 0.8382186082 
0.0777554562 -1.2779537893 0.1168707174 0.0867324197 -1.2620560736 0.8725520096 
0.0679673115 -1.2787756214 0.1198362941 0.0766092565 -1.2644296577 0.7085422713 
0.0699761220 -1.2785671679 0.1080106869 0.0541786999 -1.2657286161 0.8285017168 
0.0572715909 -1.2804570883 0.1031565490 0.0728664704 -1.2637654704 0.8367776892 
0.0611045413 -1.2811211221 0.1036992696 0.0697918421 -1.2638124538 0.8178491879 
0.0717510405 -1.2773484889 0.1133052424 0.0651539269 -1.2650485553 0.8479683751 
0.0780031073 -1.2779737489 0.1145945112 0.0656696500 -1.2647512422 0.8446227077 
0.0583858515 -1.2794392935 0.1688397219 0.0859361312 -1.2699391250 0.8593043402 
0.0538695878 -1.2796723136 0.0992812380 0.0719450020 -1.2666262399 0.7272918586 
0.0584969854 -1.2759434840 0.2737790802 0.0750034320 -1.2675637557 0.7225902804 
0.0701188828 -1.2782767367 0.1081192297 0.0725483166 -1.2630776673 0.8360385924 
0.0606579637 -1.2814133035 0.1008379171 0.0705767409 -1.2718363785 0.5307680251 
0.0677036003 -1.2783262114 0.1067229166 0.0563210804 -1.2667101277 0.8359979784 
0.0631456541 -1.2819937748 0.0962406430 0.0692183964 -1.2670001274 0.6981464962 
0.0755585568 -1.2776509820 0.1130949201 0.0533459898 -1.2655711155 0.8344118060 
0.0718975371 -1.2776715039 0.1137616065 0.0663799348 -1.2652125138 0.8488199308 
0.0692208600 -1.2786558064 0.1089534345 0.0875454848 -1.2603478845 0.8567149839 
0.0759687710 -1.2772609786 0.1138609459 0.0689391286 -1.2637041250 0.8402490869 
0.0570530619 -1.2762396706 0.2693191481 0.0726120183 -1.2666346370 0.7248170518 
0.0692455119 -1.2778165157 0.1065956567 0.0638291907 -1.2655467763 0.8304795910 
0.0697570961 -1.2804572759 0.1033256641 0.0590432777 -1.2665800793 0.7234858379 
0.0807599742 -1.2772808919 0.1187682998 0.0474495679 -1.2655289173 0.8164459400 
0.0611433727 -1.2816707295 0.0962589007 0.0713321412 -1.2695559151 0.6182381564 
0.0670772612 -1.2792038129 0.1071007164 0.0448882147 -1.2674779655 0.8120785100 
0.0564813622 -1.2796780504 0.1014784003 0.0662729808 -1.2677094795 0.6914088475 
0.0719381868 -1.2777632925 0.1083462387 0.0665550267 -1.2656078791 0.8254940775 
0.0624741645 -1.2801662591 0.0959092507 0.0714288121 -1.2715124801 0.5278783759 
0.0744249879 -1.2777680763 0.1099415530 0.0683145490 -1.2642055507 0.8247662440 
0.0688605683 -1.2803466628 0.8338309470 0.0202876040 -1.2894019712 0.6806539681 
0.0312825918 -1.2895700633 0.8403994917 0.0653309639 -1.2800889911 0.7116354650 
0.0393576632 -1.2870348171 0.8408586667 0.0607227015 -1.2812067272 0.7006305792 
0.0286225284 -1.2902204158 0.8476517646 0.0586453961 -1.2810426498 0.7087086313 
0.0232413878 -1.2946928096 0.8282364577 0.0488521942 -1.2880472323 0.6911617381 
0.0267146819 -1.2920029352 0.8376824492 0.0591168267 -1.2810275066 0.7045053413 
0.0469956202 -1.2855767636 0.8359291316 0.0525647229 -1.2825991338 0.6939775910 
0.0426766963 -1.2859847658 0.8298669957 0.0591585238 -1.2819104692 0.6902274101 
0.0311376975 -1.2896319610 0.8416170009 0.0590505588 -1.2807564295 0.7017891036 
0.0446229874 -1.2846135566 0.8477149684 0.0572794823 -1.2827756305 0.7004239349 
0.0354953087 -1.2886644836 0.8327783832 0.0613656040 -1.2802438825 0.6971381828 
0.0492870514 -1.2848453488 0.8364967849 0.0428641100 -1.2858234728 0.6903176735 
0.0551174689 -1.2829731793 0.8524350894 0.0483502415 -1.2839364288 0.6904367207 
0.0364481815 -1.2859997929 0.8400945080 0.0517827784 -1.2860312156 0.6951573332 
0.0720491770 -1.2798561615 0.1109728098 0.0399147668 -1.2665913483 0.8273846813 
0.1069720792 -1.2621818731 0.8485904775 0.0967219521 -1.2653792303 0.7040838203 
0.0248267875 -1.2929270688 0.8210696650 0.0759554586 -1.2745323837 0.7030604931 
0.0578214169 -1.2660111279 0.8509666731 0.0820915479 -1.2648035875 0.7310465724 
0.0542517124 -1.2766640743 0.2688789776 0.0630726402 -1.2667763469 0.8218341493 
0.0602032719 -1.2847262252 0.8360051011 0.0393006340 -1.2823168666 0.6904610689 
0.0640489670 -1.2836338278 0.8247224247 0.0326010425 -1.2833213549 0.6878463133 
END
