-0.1973701769 -0.9035829707 1.2339669063 -0.1973272195 -0.3738206904 1.2347105849 
34 34
image_id_list 0 1 45 64 85 93 8 17 32 39 46 47 58 59 74 79 87 92 4 11 42 50 19 20 84 99 9 15 10 18 98 37 76 90 
line_id_list 136 66 79 105 26 15 132 17 45 177 41 25 93 68 27 3 49 8 30 80 2 23 38 54 1 77 21 51 113 22 69 8 13 4 
line2d_list
271.1356201172 223.4695434570 196.4176940918 204.3662567139 
330.9718933105 195.3720397949 250.9084625244 198.9538574219 
799.2803955078 284.1934509277 644.9628295898 260.2395324707 
460.1950988770 237.9716491699 281.7869873047 204.1227874756 
517.9959716797 128.9758453369 408.6986083984 147.1915893555 
235.0571289062 131.1969299316 147.5866088867 156.5751953125 
587.2201538086 310.0206604004 493.2478942871 288.8972167969 
323.0602111816 151.3410491943 226.5374145508 168.3794403076 
689.9696655273 237.0848999023 589.9138183594 240.3985290527 
556.3388061523 305.7234497070 463.3155212402 291.8798217773 
367.0136108398 204.2157287598 237.8969116211 212.3670959473 
217.9512176514 13.5927581787 61.7963638306 32.3001937866 
321.0398864746 255.7370605469 202.9997100830 252.0089874268 
343.0214233398 189.5301971436 172.0285491943 187.0395050049 
65.5494689941 93.4966964722 0.6814839244 112.9371948242 
716.0092163086 163.8034515381 587.1055297852 157.7523651123 
286.9984741211 276.9714965820 165.8636322021 283.4502868652 
472.9733886719 171.7971343994 227.9911193848 203.9322509766 
331.3290710449 34.7665023804 242.5007476807 83.0821228027 
325.0325622559 73.7318649292 192.0513000488 57.5777130127 
727.0161743164 67.2617034912 474.0560913086 82.9068679810 
799.1401367188 124.0352630615 663.1187133789 114.3354873657 
799.2947998047 230.2971954346 717.0732421875 221.3283691406 
799.2224731445 260.7811889648 730.0158691406 253.8415222168 
799.0241699219 146.6880035400 726.9933471680 145.3595581055 
626.2368774414 314.4133911133 523.9954223633 305.0497436523 
769.0825805664 291.6472473145 666.9627075195 288.0617980957 
553.0242309570 44.1945953369 493.9673767090 45.3936119080 
687.2456665039 281.7283935547 578.4427490234 260.7081909180 
475.0018310547 99.4457473755 346.9916687012 99.9713211060 
799.2705688477 280.6377868652 773.1550903320 277.6462707520 
667.0015258789 216.1012725830 557.9509277344 217.7438049316 
721.0914916992 192.5803527832 597.0420532227 187.8887634277 
531.0006713867 191.1178131104 412.9870910645 191.8145751953 
node_id_list 1017 1018 1019 1020 1021 1022 1668 1669 1670 1671 1672 1673 1674 1675 1676 1677 1678 1679 3635 3636 3637 3638 4869 4870 4871 4872 5281 5282 6463 6464 6465 6840 6841 8905 
score_list 9.9201116255 13.5689272015 9.6809699168 13.6772694904 12.1064291015 13.0503692094 8.9619325804 11.5499590626 12.2439741057 10.3318490602 14.9975985028 9.8568921215 14.1264494553 14.2488091541 13.3740674490 8.3353938485 10.0129534089 12.8191640834 13.7161839831 10.5220989443 10.6692328783 6.3778035617 4.8265746156 8.2031388557 7.0325409908 12.1720836494 4.3542353099 3.5335750922 5.5679351945 12.3537080651 6.6656568173 6.6925999521 9.7322313038 10.8282107548 
line3d_list
-0.1799665061 -0.3915063154 1.2355516749 -0.1954019231 -0.8740770312 1.2343695295 
-0.1987394831 -0.3902866003 1.2340230326 -0.1881342011 -0.8722317543 1.2349609660 
-0.1983004543 -0.3995265033 1.2349953555 -0.1854120939 -0.9014516320 1.2352554671 
-0.1940385604 -0.3828532788 1.2350864879 -0.1861182881 -0.9033415608 1.2353165205 
-0.1796018317 -0.3821429839 1.2373508851 -0.2105564344 -0.9000900372 1.2316476227 
-0.1911868989 -0.3932837404 1.2350429541 -0.1964344834 -0.8693284866 1.2339814550 
-0.2137547835 -0.3683947041 1.2330379537 -0.2110707473 -0.8979411431 1.2311163761 
-0.1878540223 -0.3758265772 1.2359222925 -0.2080118742 -0.8985645150 1.2319347549 
-0.2101368472 -0.3712223228 1.2336476448 -0.2036992543 -0.9027198269 1.2323630351 
-0.1825909030 -0.3775640851 1.2358152051 -0.1924831462 -0.9013680365 1.2331869721 
-0.2032019148 -0.3757624395 1.2343884582 -0.1981312822 -0.9054513820 1.2334809787 
-0.1992826325 -0.3817837049 1.2337366235 -0.1972102888 -0.8996541093 1.2340377354 
-0.2094894050 -0.3745081637 1.2331453597 -0.1816842090 -0.9006209736 1.2354904970 
-0.1970594458 -0.3791531253 1.2349411258 -0.1975936585 -0.9034260845 1.2338247890 
-0.2059726859 -0.3741035022 1.2326053448 -0.2005765512 -0.6013362481 1.2327985572 
-0.1967348645 -0.3782812419 1.2352768561 -0.2032955613 -0.9013233211 1.2327779802 
-0.1907739987 -0.3881230510 1.2351031183 -0.2011304582 -0.8978800037 1.2333189996 
-0.1987726256 -0.3788245517 1.2340166605 -0.1976634821 -0.9013990394 1.2337902907 
-0.1954141567 -0.3869601488 1.2347604685 -0.1950672636 -0.8485777180 1.2346015800 
-0.1931857749 -0.3747556676 1.2357793232 -0.1891398852 -0.9005056458 1.2347418315 
-0.1969978723 -0.3777207350 1.2347548448 -0.2002138459 -0.9028380224 1.2333624610 
-0.1924640536 -0.5580410521 1.2349986869 -0.1923447121 -0.9035846389 1.2348649750 
-0.1976205882 -0.5397655882 1.2345484872 -0.2074159396 -0.9052695298 1.2326050688 
-0.1932175459 -0.6289894332 1.2353982509 -0.1967730315 -0.9006402110 1.2335639585 
-0.1969594528 -0.6359122336 1.2343490596 -0.2307586268 -0.9010077480 1.2297297529 
-0.2015441252 -0.3746538766 1.2351104629 -0.2007664364 -0.9022334699 1.2328697760 
-0.2402820836 -0.3833036080 1.2292204813 -0.2079243706 -0.9027065301 1.2325428233 
-0.2090405749 -0.6174406139 1.2337820828 -0.1921774211 -0.8994983745 1.2332065869 
-0.2131552486 -0.3738187172 1.2342192406 -0.1816812460 -0.8980125707 1.2354589184 
-0.2022997771 -0.3774067372 1.2344386277 -0.1900727951 -0.8972726325 1.2339813873 
-0.1871108178 -0.8064373312 1.2356501916 -0.1899431916 -0.9024623531 1.2347307398 
-0.1932393819 -0.3766746742 1.2365300875 -0.1868979989 -0.9013011637 1.2352598505 
-0.1989426511 -0.3764890110 1.2355497522 -0.2047296467 -0.9021557807 1.2321883085 
-0.1770751564 -0.3873690913 1.2369884895 -0.2285439185 -0.8872538414 1.2298647158 
END
