3.9970984765 -0.2502118902 0.6642832433 3.9990412690 -0.0231679673 0.6639383301 
6 5
image_id_list 22 35 22 24 70 25 
line_id_list 37 38 97 49 245 236 
line2d_list
3.1422128677 189.6536560059 95.8860092163 169.4760589600 
585.8721923828 96.9511795044 495.8845214844 84.8594589233 
96.2450790405 172.1615753174 7.9556145668 190.7896270752 
371.8175354004 248.1725158691 272.0548095703 232.6477355957 
155.0201263428 184.7324371338 127.0138015747 185.5022430420 
283.0180969238 383.7812194824 256.0371704102 381.5505065918 
node_id_list 9892 9893 10146 10147 10148 10457 
score_list 0.9969694341 2.8808281005 1.9651385968 2.7440526644 2.7564455453 1.5814525755 
line3d_list
4.0009169128 -0.0134150100 0.6685634266 3.9990956670 -0.2507493149 0.6711392027 
3.9972832997 -0.2502137490 0.6641007205 3.9987988519 -0.0206483452 0.6638213742 
3.9972857909 -0.2498364018 0.6641002613 3.9987822312 -0.0231659238 0.6638244377 
4.0007587043 -0.2517152175 0.6619277107 3.9925851328 -0.0314433623 0.6691448256 
3.9974101990 -0.2190605325 0.6644097718 4.0011895107 -0.0897612313 0.6629778052 
3.9978609335 -0.2197425181 0.6637605559 3.9939099531 -0.1022220394 0.6674230154 
END
