1.7760859385 -1.2486691359 -0.0013469451 3.2547306502 0.2332561994 0.0000696115 
43 15
image_id_list 5 71 71 5 5 26 26 28 28 29 29 68 69 29 29 29 67 67 68 68 68 69 70 75 75 75 75 75 70 75 75 75 14 15 15 23 23 34 34 82 14 15 82 
line_id_list 65 142 203 84 112 203 279 263 307 224 226 68 316 197 337 355 34 190 57 82 88 364 103 30 31 66 92 109 87 11 71 68 91 138 147 43 94 101 113 189 100 167 158 
line2d_list
687.5540771484 228.3021850586 640.7174072266 159.1915130615 
55.5036010742 340.4696960449 0.5659934282 282.4106750488 
1.5136806965 280.5140380859 59.8321723938 342.1587829590 
643.2608032227 158.8229217529 690.6209716797 228.5783996582 
569.1945800781 49.8683471680 596.2372436523 89.8395080566 
292.3699035645 599.4212036133 195.8850555420 455.0768432617 
198.0323333740 454.9783020020 292.0029296875 594.9980468750 
392.0971069336 553.6324462891 285.9232177734 402.0537719727 
287.8025512695 401.4367675781 394.1138610840 552.9201049805 
348.9158935547 515.0629882812 318.1069335938 473.9199218750 
317.9259948730 471.0554504395 392.5093383789 570.6184692383 
624.7986450195 269.6849060059 738.6149902344 558.1519165039 
254.2026214600 496.8829650879 298.1272583008 572.9265136719 
390.2290039062 569.8259887695 350.9002685547 518.0758056641 
313.8714294434 468.0964965820 273.1782836914 413.8662109375 
274.6991882324 413.4768981934 316.1533813477 468.8852539062 
596.5834350586 598.6120605469 654.9067993164 535.9819946289 
655.6497802734 538.6047973633 599.2318725586 599.2158203125 
735.9459228516 557.0214843750 693.1125488281 449.3530578613 
692.3612670898 447.2522277832 661.6678466797 369.5260620117 
660.4020385742 366.2347717285 622.5368652344 269.7892150879 
276.2242736816 537.8691406250 252.7143249512 497.5831298828 
162.5961303711 599.3055419922 19.2414188385 409.8173522949 
390.5386047363 497.5780639648 463.1279602051 418.2025146484 
464.5516357422 416.5896301270 527.1375122070 348.2105712891 
464.3357238770 420.3057250977 391.4177246094 500.3804016113 
528.3309936523 350.3031311035 465.7265930176 418.6654052734 
574.3082885742 300.2832336426 530.2516479492 348.2312316895 
21.8491477966 409.3569641113 165.6589355469 599.2583007812 
299.2648925781 597.3276977539 387.1562500000 501.2283325195 
388.5270385742 503.4820251465 300.6372070312 599.5827636719 
529.4586791992 345.5022583008 574.0314331055 297.0289001465 
673.5122070312 599.1926879883 643.1548461914 522.3338012695 
228.1690521240 595.1080322266 214.8936004639 493.0138244629 
221.0853118896 522.9890136719 230.4827728271 595.9378051758 
584.5394287109 599.0584106445 602.4143676758 433.9366149902 
604.8126831055 433.0867309570 587.0908813477 599.1164550781 
556.3199462891 481.0590209961 535.1101074219 596.0203247070 
532.2064208984 599.2207641602 553.8753662109 480.7942199707 
535.8936767578 599.0325317383 510.1819152832 514.9443969727 
645.0976562500 522.9602050781 676.0861206055 598.9649047852 
217.0188293457 491.8662414551 220.7170562744 520.0371704102 
521.1853637695 543.9430541992 538.0905761719 598.9721679688 
node_id_list 3880 3881 3882 3891 3892 3893 3894 3895 3896 3897 3898 3899 3900 10988 10989 10990 10991 10992 10993 10994 10995 10996 10997 10998 10999 11000 11001 11002 11111 11438 11448 11479 8354 8355 8356 8357 8358 8359 8360 8361 8386 8387 8388 
score_list 0.9988498597 2.6312612774 2.8876949097 0.9942052285 3.9600787436 5.2407428436 5.3262375487 4.6622071185 4.7859282106 4.5723598417 5.7571989427 5.7315099286 5.9160929659 4.6464206653 4.4801753893 4.9417128963 3.9689411915 3.9744623974 2.4161265208 2.6874953578 4.0477718180 3.9135699924 2.7914464796 2.9644305488 2.9635909289 2.8753774463 2.9891002405 3.7989513751 2.9070523556 1.6820411516 1.5745161727 1.9805227974 2.9637323367 2.9663061807 2.8435746151 2.9636641975 2.9028593305 2.8523337489 2.9678683868 2.9337505692 2.9192774686 2.6507386946 2.9623626484 
line3d_list
2.1262119426 -0.8954930262 0.0009105043 2.3473997877 -0.6739448603 0.0003947499 
2.1195804495 -0.8969884490 0.0164021117 2.5107784778 -0.5062458414 0.0155762326 
2.5440674752 -0.4890680533 0.0006557947 2.1232122067 -0.9075681801 0.0032676333 
2.3523683566 -0.6804691533 0.0011296573 2.1290502855 -0.9035747611 0.0015572129 
2.7973546656 -0.2365657793 -0.0007680303 2.6186354613 -0.4149695106 -0.0006939405 
2.1800782967 -0.8427271668 -0.0021979784 3.2122423682 0.1915806144 -0.0034442335 
3.2034347465 0.1710145370 0.0025545282 2.2020211980 -0.8318897989 -0.0016107125 
2.1397053873 -0.8825896922 -0.0022103428 3.2083052154 0.1883995458 -0.0025842000 
3.2082222664 0.1743162445 0.0012690913 2.1396602428 -0.8921967472 0.0021979788 
2.5988045376 -0.4225049418 0.0040158997 2.8077756129 -0.2131590959 0.0039013279 
2.8305192988 -0.2026439651 0.0007567932 2.3747647433 -0.6577306845 0.0006283516 
3.2395301484 0.2067171949 0.0004269719 2.3622513454 -0.6687005178 0.0005175322 
2.8386964921 -0.1948381110 0.0005840930 2.4391872891 -0.5942075028 -0.0009376174 
2.3693177050 -0.6516319591 0.0067847126 2.5878930856 -0.4342010510 0.0014004421 
2.8419316330 -0.1801798171 0.0030886534 3.2013740480 0.1791334696 0.0013561548 
3.2071090990 0.1741873840 0.0011835059 2.8428350707 -0.1896852737 0.0006530562 
2.9286948671 -0.0932021809 -0.0003205474 3.2546619551 0.2333249686 -0.0001669732 
3.2506169140 0.2170841695 0.0005065609 2.9359956638 -0.0967983525 0.0005638682 
2.3604429353 -0.6634318144 0.0008596263 2.5918671613 -0.4309781758 -0.0006092270 
2.5897256282 -0.4284927711 0.0066866438 2.8165428994 -0.2016737334 0.0052346544 
2.8272219723 -0.1908673486 0.0055656696 3.2235253673 0.2067390938 0.0066794813 
2.5988634905 -0.4229436492 0.0023103603 2.8292241065 -0.1926052975 0.0006922575 
2.3680128979 -0.6543433923 0.0019738914 3.2508076735 0.2285785199 -0.0034990990 
2.5987129634 -0.4242881840 -0.0004616500 2.8249086009 -0.1974093964 -0.0008994685 
2.8294719384 -0.1931468569 0.0005066488 3.0597302073 0.0374092766 0.0007701049 
2.8288885754 -0.2007434917 -0.0075887342 2.6010798374 -0.4291452954 -0.0077062909 
3.0616953780 0.0288970411 0.0015489763 2.8315986774 -0.2009079876 0.0021706253 
3.2622874305 0.2329463902 -0.0121104231 3.0736762999 0.0448714835 -0.0109172980 
3.2461306196 0.2134989991 0.0023711799 2.3680827054 -0.6632874678 0.0020906582 
2.3617618349 -0.6621070481 0.0008512553 2.5890880851 -0.4337696138 -0.0005915881 
2.5928946001 -0.4368757430 -0.0085989313 2.3647490497 -0.6657404001 -0.0054494859 
3.0694181902 0.0479056331 -0.0000415886 3.2594728187 0.2377988153 -0.0006792416 
2.0657788306 -0.9689660699 0.0006270439 1.8265704921 -1.2089797538 0.0042996942 
2.1222092674 -0.9120004841 -0.0031942039 1.7938238793 -1.2414021849 0.0010834318 
1.8981667160 -1.1264628074 -0.0020600372 2.1246030010 -0.9000761427 0.0016071461 
2.3292644815 -0.7045933389 -0.0034183446 1.7927918563 -1.2428721125 0.0048183096 
1.7766021366 -1.2466891933 0.0002491217 2.3264550275 -0.6981466866 0.0023630953 
1.7709249082 -1.2532327396 -0.0050745955 2.1371034082 -0.8871653744 0.0009221088 
2.1485351167 -0.8855671394 -0.0037598821 1.7812911254 -1.2538643843 0.0003106422 
2.0884752179 -0.9456756147 -0.0014668689 1.7893698530 -1.2459426143 0.0005688031 
1.8105847722 -1.2117298274 -0.0084104776 2.0579125245 -0.9656737934 -0.0017892951 
1.7728026107 -1.2535516568 -0.0158146737 1.8772116487 -1.1491457038 -0.0166258412 
1.8981460641 -1.1257876600 -0.0014091492 2.0844611955 -0.9399633792 -0.0009750503 
END
