1.0523351617 -3.0701111415 1.0655787684 1.1889274947 -3.0168361228 1.0798584367 
3 3
image_id_list 54 89 88 
line_id_list 81 140 152 
line2d_list
776.1198730469 244.6801757812 730.0777587891 246.7390289307 
678.4997558594 347.0856933594 633.3884887695 339.7719421387 
228.7860870361 238.9974060059 184.7960357666 235.8580627441 
node_id_list 12978 12979 13523 
score_list 4.4417633469 6.3194413434 3.2072289669 
line3d_list
1.0476082906 -3.0584089642 1.0671348717 1.2098969889 -2.9909152715 1.0847360437 
1.0403210146 -3.0747970115 1.0643227825 1.1889274947 -3.0168361228 1.0798584367 
1.0430305366 -3.0654674146 1.0667650262 1.1977979129 -3.0310014370 1.0761904004 
END
