-0.2105344543 -2.1719529156 0.9916382609 -0.1313662223 -2.1498093678 1.1464423173 
17 17
image_id_list 8 10 9 37 38 76 84 98 79 19 86 96 97 20 99 85 57 
line_id_list 136 137 224 99 61 84 185 118 119 142 100 97 72 131 145 215 96 
line2d_list
264.5392761230 274.7225646973 268.0129699707 256.4326782227 
362.6609191895 254.3397064209 361.3015747070 236.9763946533 
475.6660766602 312.5749206543 471.8963623047 297.2718505859 
330.5424804688 257.5300598145 327.3253479004 240.1247100830 
596.3229980469 303.2115783691 599.9034423828 280.8246154785 
344.4691467285 217.8497467041 342.4345397949 197.9555664062 
449.4507141113 183.8422241211 447.1935424805 163.0877075195 
489.7138366699 285.1063842773 490.9698181152 264.8739624023 
299.9514160156 192.0011901855 299.3365783691 167.0163269043 
494.3370666504 231.3255767822 492.8789978027 214.9218750000 
372.1548156738 260.6895446777 369.3319396973 241.0962524414 
504.3577270508 294.6470642090 501.3529357910 273.0901794434 
693.6726074219 322.0395202637 694.0761108398 304.9545593262 
478.1619567871 265.9067993164 474.8122558594 248.0351867676 
319.6913146973 320.4125366211 317.5122985840 302.9361267090 
156.5173950195 235.8236541748 148.8694000244 213.3853607178 
579.3633422852 259.7964477539 580.7446899414 241.9030914307 
node_id_list 4879 4880 6081 6082 6083 6084 6085 6086 6498 9280 9281 9282 9283 9448 9449 11865 13020 
score_list 7.9786597330 4.7741305988 5.4735915916 5.8954967010 4.3236765799 7.0349057743 6.7668583628 7.5067744261 7.3724596222 4.3132501742 5.7857517090 6.2351356440 5.7344887927 5.1363268097 5.8867563982 4.4474266223 3.6199087334 
line3d_list
-0.2432430179 -2.1870651828 1.0122213336 -0.1808991511 -2.1711272418 1.1286010469 
-0.2434551653 -2.1897548554 1.0110206509 -0.1601890250 -2.1667402918 1.1260458046 
-0.2490314807 -2.1895563728 1.0113591636 -0.1296327968 -2.1486376676 1.1320489039 
-0.2258473421 -2.1766270215 1.0163416030 -0.1405243034 -2.1549146780 1.1304599060 
-0.2283095345 -2.1880858947 1.0068729741 -0.1239995750 -2.1434934068 1.1417714951 
-0.2169929370 -2.1759171339 1.0175984183 -0.1328785234 -2.1501346367 1.1325495893 
-0.2197116592 -2.1789513159 1.0135166300 -0.1247525468 -2.1460275219 1.1378486100 
-0.2348923043 -2.1865416520 1.0150103118 -0.1233069140 -2.1448229818 1.1355076770 
-0.2189011804 -2.1749783058 1.0085038935 -0.1269027787 -2.1480858203 1.1397916443 
-0.2026395758 -2.1700230340 1.0225203326 -0.1542368006 -2.1593381792 1.1294818729 
-0.2098301332 -2.1705590400 1.0139237339 -0.1329580007 -2.1508139859 1.1352293286 
-0.1985071504 -2.1695717134 1.0174450091 -0.1380816210 -2.1519026313 1.1351338810 
-0.2031973929 -2.1735895999 1.0211301650 -0.1376120188 -2.1504704358 1.1297756340 
-0.2436843110 -2.1869700182 1.0093528368 -0.1064905688 -2.1388137625 1.1368314656 
-0.2173625128 -2.1760304151 1.0170933543 -0.1356437221 -2.1509822171 1.1287706550 
-0.2216408823 -2.1755535118 1.0072676910 -0.1178067818 -2.1450648200 1.1432862786 
-0.1748163512 -2.1586271335 1.0263662533 -0.1359486403 -2.1496179272 1.1357648138 
END
