3.8078919817 -0.8780645672 0.6236528542 3.7883586188 -0.6093606478 0.6301280251 
4 4
image_id_list 26 27 69 28 
line_id_list 160 172 252 249 
line2d_list
343.9462585449 305.1662902832 389.0168151855 302.2611083984 
565.9409790039 312.9589843750 617.0601806641 310.0613403320 
424.9821472168 342.0685119629 474.0359802246 354.8620910645 
420.8457031250 245.7565460205 467.9883728027 239.9062194824 
node_id_list 10917 10918 10919 11210 
score_list 3.8113276119 4.0222298098 5.1566071274 3.6353108753 
line3d_list
3.8160006520 -0.6019793919 0.6211247177 3.8160814453 -0.8758399799 0.6209872407 
3.8148264110 -0.6124064613 0.6220718830 3.8160048082 -0.8802147683 0.6210480848 
3.8126227967 -0.6074456233 0.6238558197 3.8150292034 -0.8818375629 0.6218368804 
3.8175822782 -0.5972292411 0.6198465003 3.8163645823 -0.8773788890 0.6207577897 
END
