0.0015634726 -2.6951769586 0.8759727917 0.0026726671 -2.6958627636 0.9300371063 
5 5
image_id_list 2 6 77 95 50 
line_id_list 64 77 90 94 107 
line2d_list
511.3638000488 109.9936141968 511.1829528809 128.0118713379 
133.0879821777 97.9761123657 137.9820861816 116.0048599243 
558.1918334961 266.0860290527 559.5823974609 279.1508789062 
355.5607604980 290.9983520508 355.5469665527 303.0017700195 
131.6851196289 168.0441589355 133.7866821289 183.0299072266 
node_id_list 2478 2479 2480 2481 12775 
score_list 2.9626589377 0.9856137826 1.5544431291 1.4702201099 0.8968318563 
line3d_list
0.0026690597 -2.6957764293 0.9325336718 0.0015644181 -2.6951567222 0.8759730290 
-0.0000279822 -2.7000954465 0.9285216373 -0.0008085141 -2.6990129711 0.8737365416 
0.0020560098 -2.6972503453 0.9300321563 0.0024357315 -2.6945365906 0.8776481880 
-0.0000191762 -2.7001076591 0.9291397275 -0.0007511400 -2.6990925400 0.8777635975 
0.0027426748 -2.6955769633 0.9307676047 0.0016870230 -2.6949108350 0.8750162426 
END
