0.9640977745 -0.0137735700 0.0479087490 0.9688244498 -0.0184528663 0.2840239373 
9 6
image_id_list 4 12 12 47 47 90 93 4 74 
line_id_list 57 123 215 118 132 133 170 141 154 
line2d_list
723.1217041016 229.9951171875 724.7235107422 269.9710083008 
636.4779052734 288.3637084961 625.7544555664 331.9395751953 
626.9251098633 332.9819946289 636.8008422852 291.9520568848 
559.9036254883 341.9855346680 554.3419189453 379.0513000488 
555.4387207031 380.0726623535 561.7255859375 342.1201782227 
772.1025390625 541.0271606445 756.7611694336 598.9367065430 
525.5457153320 326.9815979004 526.2203979492 346.9925842285 
726.6488647461 287.0212707520 725.7515258789 229.9881744385 
462.5203247070 432.0422363281 466.4163208008 384.0337829590 
node_id_list 3693 3694 3695 3696 3697 3698 3699 3797 3798 
score_list 2.9455351866 3.8212155759 3.8025661253 3.3447351915 2.9379227500 0.9405998881 2.9365323696 3.6549719627 2.8237966322 
line3d_list
0.9571274386 -0.0042001700 0.2846619440 0.9584095276 -0.0074788395 0.1183228296 
0.9676604859 -0.0143914498 0.2652332188 0.9644367151 -0.0140152492 0.0505043353 
0.9597480197 -0.0022554145 0.0389528541 0.9651569250 -0.0062260241 0.2450596643 
0.9605014312 -0.0078986797 0.2835089868 0.9573536980 -0.0044984189 0.1292198205 
0.9618031588 -0.0043244933 0.1269582562 0.9660181192 -0.0058295481 0.2843302830 
0.9598307491 -0.0070172546 0.2822722560 0.9565983417 -0.0039201494 0.0442797147 
0.9596726269 -0.0066244722 0.2830486598 0.9591853390 -0.0074137948 0.1825145620 
0.9643975864 -0.0140106830 0.0478980482 0.9680470995 -0.0144365660 0.2909847682 
0.9630859638 -0.0127640181 0.0485153576 0.9682612548 -0.0148996676 0.2700026694 
END
