2.1827210258 0.0890151319 0.4001962328 2.7301739062 0.0870147503 0.4015210545 
5 5
image_id_list 28 29 67 68 66 
line_id_list 156 278 49 47 161 
line2d_list
231.5068969727 386.5068054199 161.4991607666 456.4990539551 
231.8341064453 383.8100585938 207.2465820312 405.2823486328 
538.9932861328 456.2698974609 344.9640197754 451.4472656250 
579.1002807617 229.1877899170 493.0712280273 275.1333618164 
799.4522705078 401.2333679199 713.2035522461 350.3499450684 
node_id_list 11314 11315 11316 11317 13289 
score_list 2.7537428980 1.9708636550 5.6077195649 1.9881174984 1.9223543813 
line3d_list
2.7301821396 0.0885390853 0.4004203935 2.1827013206 0.0856924905 0.4033220284 
2.7197894092 0.0894545949 0.4000821435 2.5376330492 0.0843694882 0.4029311349 
2.7382125591 0.0872247643 0.4013784396 2.1109252631 0.0905265880 0.3991720222 
2.7316043413 0.0884095945 0.4002861965 2.3665795861 0.0882886268 0.4009006625 
2.3130705528 0.0882463717 0.4005852672 2.1048208238 0.0897130905 0.3996388099 
END
