2.1092530458 -2.9943062566 1.4982380533 2.1837777406 -3.0003768906 1.4988696892 
14 14
image_id_list 14 16 55 83 53 56 80 21 34 44 48 78 89 52 
line_id_list 56 16 162 135 120 8 107 86 61 51 103 54 83 343 
line2d_list
225.1208496094 86.2313995361 212.1476745605 87.5046310425 
74.2405471802 143.1105651855 58.3368759155 146.5552978516 
587.0552368164 216.3237304688 574.0361938477 216.8670959473 
434.9827880859 211.4137725830 422.9620056152 210.9138946533 
13.9518709183 127.6796875000 0.8758149743 126.7537612915 
57.0564537048 154.3345489502 28.0237998962 155.5626525879 
95.9580993652 68.3465347290 73.9175872803 65.6815872192 
191.9010467529 20.1652393341 175.9312896729 18.8091392517 
253.0961914062 22.3581600189 240.0201263428 23.2842674255 
682.9075927734 27.6795196533 663.8519897461 25.0883979797 
479.0117492676 112.5669555664 461.9700317383 112.1042709351 
410.9787597656 159.3528442383 395.9129638672 158.4460906982 
400.8110351562 197.2911834717 385.8390197754 195.1000671387 
625.9985351562 219.1729583740 614.9907836914 219.0792236328 
node_id_list 8256 8257 8258 8259 8708 8709 8710 9647 11838 12407 12408 12409 12410 12918 
score_list 1.8507138222 0.9704205000 5.2986517814 2.5460848843 2.6379598897 2.3821259884 2.7456648075 2.5685091556 1.7349052486 3.3400225021 4.8641253111 1.4720761952 8.8479867826 4.8944859164 
line3d_list
2.1138463942 -3.0097132117 1.4980987836 2.1767281639 -3.0043796758 1.4988036950 
2.1162681018 -3.0034028722 1.4980448865 2.1787612361 -3.0028286225 1.4988081845 
2.1194658584 -2.9967682232 1.4979962574 2.1856381108 -3.0051465100 1.4989237890 
2.1171541262 -3.0094326549 1.4981358636 2.1765498381 -3.0043948011 1.4988016960 
2.1173810283 -2.9974680883 1.4986512407 2.1600425734 -3.0034601045 1.4985335814 
2.1186167156 -3.0043520669 1.4979764451 2.1817953493 -3.0150078412 1.4976239049 
2.1196658483 -3.0104936370 1.4980744268 2.1819003834 -3.0037476386 1.4988752723 
2.1165487622 -3.0276488699 1.4983634798 2.1790008117 -3.0199511541 1.4991489579 
2.1185121817 -3.0022018409 1.4978948392 2.1742656550 -3.0170463539 1.4990211234 
2.1079539379 -2.9771592665 1.4990017117 2.1783877246 -2.9909562911 1.4994491108 
2.1134669250 -2.9781987695 1.4990426868 2.1816485543 -2.9959951874 1.4988213590 
2.1272652421 -2.9823264045 1.4989203667 2.1856034190 -2.9856360309 1.5004873171 
2.1101666897 -2.9830935543 1.4982050890 2.1837801647 -3.0004120768 1.4982455027 
2.1090616260 -2.9815939136 1.4987364003 2.1640382282 -2.9740842495 1.5002659345 
END
