-0.2844854356 -2.5749578146 1.1655623512 -0.2067896788 -1.3314913083 1.1817787320 
18 18
image_id_list 8 17 85 86 10 33 14 19 20 97 15 16 99 32 37 76 82 57 
line_id_list 270 257 145 207 255 187 208 255 245 178 210 218 241 285 198 223 212 182 
line2d_list
417.7915344238 280.9141235352 211.0530700684 233.7672882080 
144.3279571533 192.8474273682 4.1304645538 217.7349395752 
321.1056518555 172.6321563721 75.6096801758 213.6647338867 
526.9942626953 232.4331817627 314.0184631348 229.6074523926 
490.8155517578 252.9261474609 319.0559082031 218.7192687988 
642.0134277344 274.5715332031 533.0264282227 277.1265258789 
799.0949707031 88.5107574463 716.0460815430 93.7325820923 
622.0560302734 220.5086517334 447.9250488281 200.6575622559 
621.9974975586 253.0228271484 428.1294250488 231.8167724609 
799.0363159180 306.6832580566 642.0346069336 288.6976623535 
400.0026245117 56.3595695496 234.9895172119 57.5675849915 
729.0111694336 105.5735626221 524.9328002930 109.5543212891 
440.0986633301 305.8312377930 342.9467468262 297.6308593750 
514.0433959961 251.5141296387 316.9758911133 257.1582946777 
472.0021667480 228.1819610596 274.9705810547 230.5184020996 
499.9933471680 194.1449127197 288.0721435547 184.4267425537 
695.0017089844 122.2723999023 516.0027465820 121.8465270996 
717.9199829102 262.3940429688 596.6423339844 237.7608947754 
node_id_list 5144 5145 5146 5147 6710 6711 8523 8524 8525 8526 8680 8681 8682 9015 9016 9550 11832 13030 
score_list 3.6427616695 5.4641123138 5.3337174446 4.4308558968 2.8431344220 6.9140098801 6.4726342232 2.6674858483 7.2481377045 3.1024548445 2.6603848542 6.0344358902 12.1906098193 4.8603461337 4.9809263687 3.7345207739 3.3443369541 6.2244843035 
line3d_list
-0.2336014749 -1.3181317489 1.1773273087 -0.2375234180 -2.5357348787 1.1747514440 
-0.2132869805 -1.3378594397 1.1797253159 -0.2389611219 -2.0324891442 1.1754498736 
-0.2193499920 -1.3306738402 1.1792743982 -0.2307985534 -2.5210999526 1.1760431509 
-0.2207636325 -1.3368901394 1.1793929271 -0.2244333407 -2.5135070169 1.1769233919 
-0.1946009363 -1.3724045318 1.1825588342 -0.2918919480 -2.5614698237 1.1629374041 
-0.2116130668 -1.4397874151 1.1802660689 -0.2722600517 -2.1271411002 1.1684711219 
-0.1956657825 -1.6053767748 1.1817193216 -0.2364073275 -2.0363553107 1.1739421461 
-0.1932339515 -1.3802790043 1.1826354380 -0.2792127809 -2.5752685573 1.1641277087 
-0.1946917353 -1.3785556962 1.1829357082 -0.2307235180 -2.5141241656 1.1724671823 
-0.2103230108 -1.6404860415 1.1802360248 -0.2917549891 -2.5489667806 1.1641755716 
-0.2235136954 -1.4248234343 1.1791651523 -0.3086183953 -2.5835871465 1.1610405856 
-0.2438269455 -1.3879046384 1.1762595573 -0.3281554565 -2.5786612317 1.1581074473 
-0.1983640176 -1.3823459790 1.1831388843 -0.2858242428 -2.0629792223 1.1681705460 
-0.2079270301 -1.3261055437 1.1805982071 -0.2450374623 -2.5293582503 1.1743888839 
-0.1882625826 -1.3470265512 1.1846817538 -0.3163564913 -2.5546466332 1.1618539537 
-0.2002782360 -1.3516029629 1.1827132390 -0.2054776882 -2.4967618444 1.1800440244 
-0.2066379893 -1.3834014644 1.1812336484 -0.3113025727 -2.5696366457 1.1608779255 
-0.1848839851 -1.3725539699 1.1852456746 -0.3300336612 -2.1663623401 1.1596914646 
END
