0.9689487795 -0.6411474102 0.0071442456 1.1028085807 -0.5091862288 0.0072857141 
6 5
image_id_list 11 18 65 85 65 66 
line_id_list 112 311 108 295 121 120 
line2d_list
239.0460510254 544.9538574219 199.0149993896 504.9849853516 
439.2358703613 579.7279052734 395.8765869141 542.1423339844 
357.5008239746 599.3414916992 334.4706115723 565.6780395508 
592.0872802734 525.7764282227 550.7501220703 509.6401672363 
332.1494140625 565.9017333984 354.2451782227 599.4964599609 
272.0027160645 362.2185058594 224.9998016357 362.0556945801 
node_id_list 6878 6879 6880 6881 9207 9208 
score_list 2.8741729560 1.9208650786 1.9904960717 0.9380675679 1.9289931901 1.6913768385 
line3d_list
1.1307403308 -0.4835573559 0.0099398467 0.9689266566 -0.6411251165 0.0072819443 
1.1193786252 -0.4861528793 0.0002500025 0.9699681739 -0.6332129732 -0.0009940019 
1.0140873311 -0.5971494365 0.0080237398 0.9504906647 -0.6590773568 0.0069791202 
1.0994482010 -0.5057697804 0.0000840600 0.9773080313 -0.6259885781 -0.0009328896 
0.9455413598 -0.6659936619 -0.0087403826 1.0114934255 -0.6048493783 -0.0030699587 
1.0808093889 -0.5316501741 0.0070628248 0.9749800503 -0.6355015060 0.0084369471 
END
