3.1119283896 -2.6981046767 0.0109339422 3.1094968595 -1.8919118611 0.0123650204 
36 18
image_id_list 22 26 26 28 28 30 30 44 44 48 48 52 52 54 55 63 63 70 70 71 71 73 73 94 94 22 54 55 69 89 89 69 29 29 72 72 
line_id_list 53 28 291 141 316 25 158 4 120 12 102 39 276 28 39 36 86 109 206 17 166 15 115 16 129 151 108 138 217 24 115 370 243 372 38 99 
line2d_list
724.8170776367 255.7098999023 668.7680053711 291.0458374023 
772.0090332031 465.6397094727 581.0041503906 464.3737487793 
579.9953613281 467.6624145508 772.0139770508 469.0090026855 
799.0420532227 398.9153747559 678.9901123047 401.5500793457 
677.9771118164 404.9038391113 799.0287475586 402.3793334961 
472.5609741211 464.3183898926 369.2625122070 530.8550415039 
371.6295471191 533.4269409180 473.4085083008 467.6319274902 
372.1356506348 351.3729553223 215.4086761475 408.3741149902 
216.5010681152 411.6333007812 373.4838867188 354.3255615234 
210.7089843750 475.5556640625 47.1388740540 582.6851806641 
48.7730560303 586.1358032227 212.7827911377 478.1893310547 
433.5017089844 479.3460083008 327.7597656250 511.2025756836 
329.3253479004 514.0749511719 434.1093139648 482.3611755371 
269.6384582520 528.7185058594 214.1953277588 599.9306640625 
407.2580261230 506.9801940918 315.2280578613 573.9390258789 
27.8520584106 130.7519073486 0.4563784301 147.0883636475 
0.1083835363 151.5342864990 29.7117404938 133.5261383057 
774.9941406250 421.4321899414 555.9865112305 423.6988830566 
556.0021362305 427.2002868652 774.0093994141 424.8874206543 
493.0576171875 183.0319976807 330.9486694336 192.0802764893 
330.9606323242 195.2885131836 493.0728454590 186.3162231445 
149.8272857666 272.8252563477 -0.0296900906 420.9583129883 
-0.0215285849 425.9666442871 151.8433532715 275.8415527344 
403.0245361328 86.0631942749 215.5492858887 158.8389434814 
216.3259582520 162.2644500732 404.4642944336 89.1954345703 
671.1018066406 293.1619262695 725.5762329102 258.9165649414 
218.6697540283 599.5213623047 271.6297302246 531.4902343750 
317.5404663086 576.3710937500 408.7825622559 509.7024230957 
682.6853027344 600.0313110352 649.9837036133 590.0534667969 
163.5141601562 502.2539672852 14.9865541458 598.9793701172 
20.4198818207 599.6424560547 165.0689086914 505.1054382324 
648.6634521484 593.1171875000 670.7662353516 599.7758789062 
799.2774658203 509.3179016113 766.8404541016 503.9672241211 
767.8928833008 507.6117248535 799.1597290039 513.0879516602 
57.7643814087 0.4814290702 4.3426046371 24.7540416718 
7.1870198250 27.4104995728 69.1675262451 -0.8272342086 
node_id_list 9940 9941 9942 9943 9944 9945 9946 9947 9948 9949 9950 9951 9952 9953 9954 9955 9956 9957 9958 9959 9960 9961 9962 9963 9964 10310 10311 10312 10764 10765 11134 11387 11452 11480 12357 12465 
score_list 11.9033212804 9.8336411644 10.7167481519 7.0938232700 7.4466969664 10.8300812172 10.8465511009 7.8020030703 7.7743071791 5.7654820400 5.2564651223 6.9396802824 6.9749807823 4.9843669368 4.8614661887 6.9662196302 6.9780814832 10.0708800124 8.9626733749 13.0878608241 12.2869999744 5.8655748931 5.6556897660 12.4166707581 12.4044209934 11.9024174622 4.9596047112 4.6256803842 4.9447615678 3.9624564858 3.9201234928 2.7494198146 3.4088481883 1.9600732807 3.5985001259 2.9603879056 
line3d_list
3.1112193447 -2.7017970811 0.0121991003 3.1125535109 -2.1833194824 0.0105086029 
3.1263209098 -2.6905200327 0.0007868964 3.1052983610 -1.8978347371 0.0156077564 
3.1094633982 -1.8918822903 -0.0043504743 3.1050859861 -2.6859901366 -0.0024197987 
3.1063370465 -2.3521163245 0.0149381919 3.1036965442 -1.8964816639 0.0157760210 
3.1144709489 -1.8902419006 -0.0085536803 3.1068105131 -2.3516618560 -0.0021185764 
3.1116166523 -2.6946627834 0.0115322600 3.1091830272 -1.9962545364 0.0130532441 
3.1055647678 -2.0064218653 -0.0010466673 3.1049401027 -2.6934682415 -0.0017538016 
3.1063615558 -2.6844747690 0.0158424943 3.1059615308 -1.9046575936 0.0151162496 
3.1117092438 -1.9110124889 -0.0060785779 3.1111562619 -2.6974645481 -0.0064167017 
3.1076533267 -2.6859388711 0.0146201533 3.1072525079 -1.9228223191 0.0140993951 
3.1161834520 -1.9324281262 -0.0090184962 3.1066582684 -2.6960875323 -0.0025670352 
3.1076543667 -2.6879188858 0.0146215045 3.1072590681 -1.9353122836 0.0141079184 
3.1092212477 -1.9465788447 -0.0042680107 3.1070895489 -2.6926832472 -0.0041401187 
3.1108270671 -2.6948599291 0.0124860107 3.1111579247 -2.2282841202 0.0116211524 
3.1009986215 -2.6779712580 0.0207149865 3.1009903301 -1.9521079136 0.0198146237 
3.1140402385 -2.6937153554 0.0097094176 3.1106835821 -2.5130946692 0.0123213141 
3.1051185152 -2.4972388550 -0.0015518349 3.1049434891 -2.6897436646 -0.0017499682 
3.0990129480 -2.6847378445 0.0204232553 3.1114756517 -1.8962846661 0.0106493547 
3.1092241204 -1.8970438879 -0.0042095159 3.1113940834 -2.6924990990 -0.0062194789 
3.1094755462 -2.6842618076 0.0128126247 3.1080119859 -1.8927961160 0.0137628726 
3.1129629346 -1.8898599201 -0.0073242887 3.1071466254 -2.6845171743 -0.0041702383 
3.1063634087 -2.6880868245 0.0158458582 3.1059746370 -1.9302070282 0.0151400438 
3.1163084797 -1.9224043161 -0.0091031782 3.1067336773 -2.6900418009 -0.0026181101 
3.1094803758 -2.6868735975 0.0128094890 3.1080166481 -1.8953173632 0.0137598456 
3.1101563853 -1.8944668358 -0.0046567911 3.1104280644 -2.6936513846 -0.0057541742 
3.1055797292 -2.1973580500 -0.0016868299 3.1018091790 -2.6981170329 0.0007013437 
3.1084183543 -2.2507453341 -0.0039002498 3.1027303621 -2.6934884428 0.0000042455 
3.1206538318 -1.9825255256 -0.0140793013 3.1116769042 -2.7019904336 -0.0080653613 
3.1047997593 -2.0265117351 0.0161537111 3.1140612477 -1.8984754561 0.0089951435 
3.1089599322 -2.6875834767 0.0139965915 3.1083096210 -1.9332443614 0.0136033892 
3.1135084603 -1.9570005753 -0.0079403268 3.1044925540 -2.6919710948 -0.0019282588 
3.1069013931 -1.8954664339 -0.0022442037 3.1003870132 -1.9821680077 0.0032478012 
3.1104988112 -2.0036701528 0.0113770378 3.1105848773 -1.8946550448 0.0113967984 
3.1014018601 -1.8981270561 0.0024076749 3.1074714992 -2.0051924528 -0.0027505322 
3.1137996047 -2.1396109622 0.0086379260 3.1064694029 -1.8941997977 0.0146611336 
3.0983612970 -1.8973865068 0.0050858612 3.1046906360 -2.1842735469 -0.0009493382 
END
