0.0118060645 -0.2620482163 0.2935243089 0.0040820974 -0.2622558195 2.3962747686 
88 31
image_id_list 0 1 4 8 12 17 32 39 46 47 58 59 59 59 64 66 79 85 87 87 90 90 93 93 0 1 12 47 58 59 64 64 79 87 87 90 0 8 32 39 58 58 58 87 87 59 74 1 32 32 46 59 64 85 87 1 11 42 42 74 92 4 42 92 9 10 37 76 86 99 9 10 10 37 86 99 76 18 76 65 12 47 46 79 74 64 92 66 
line_id_list 49 29 88 42 50 196 47 49 197 63 129 40 144 181 86 112 5 81 125 275 31 213 100 146 66 75 144 77 244 199 68 138 40 132 237 78 95 97 82 76 55 166 278 222 238 70 77 91 56 255 284 16 37 221 229 163 0 71 135 114 72 185 156 134 66 6 96 40 32 28 241 52 115 78 37 205 154 144 9 23 211 217 153 35 259 76 84 220 
line2d_list
312.7948913574 224.9314270020 258.3462219238 387.7814025879 
380.5612792969 179.9522857666 359.4503479004 374.0489807129 
390.5259704590 0.8592668176 454.8624572754 241.3043670654 
624.6335449219 284.9003295898 571.4140625000 480.5686340332 
485.8538513184 0.9226939678 473.4406433105 184.9622650146 
344.6181945801 116.0599975586 375.6228027344 313.3735351562 
722.3025512695 204.0096435547 715.8041992188 407.9618835449 
592.4855957031 281.0968627930 553.9295043945 474.3875122070 
395.8478698730 159.0084381104 409.8352355957 411.0091552734 
285.2532958984 0.9808030725 305.3488769531 266.1251525879 
356.7277221680 194.9881896973 345.3175964355 457.9703979492 
403.6998596191 84.9850540161 384.6825561523 466.8846130371 
397.0166931152 272.0008239746 402.2688903809 165.0131988525 
390.0769042969 407.0041809082 391.8151245117 374.9357604980 
545.9400634766 188.9855804443 456.7194519043 559.9324951172 
103.4671859741 0.4866843522 141.4940490723 109.1770095825 
775.5578613281 105.9082870483 718.3171997070 381.8583679199 
550.6193237305 86.0261611938 566.6428222656 319.2306823730 
334.0725402832 250.0004272461 332.7049865723 483.9982910156 
335.0467529297 451.0005493164 335.3465576172 425.9921569824 
583.7791137695 169.9720458984 554.3990478516 402.0505065918 
560.4134521484 368.9237670898 563.6578979492 343.9555358887 
282.5560302734 101.0781173706 319.5378723145 311.2572631836 
312.4173583984 255.9269104004 270.9597167969 19.1821689606 
275.1168212891 346.0389404297 336.3310241699 162.4435272217 
368.1153259277 319.0125732422 391.2256164551 106.9156188965 
481.1214294434 109.0088500977 488.9984741211 0.9270083308 
302.2692871094 191.9803161621 288.3037414551 0.9047105312 
356.0222473145 227.0664215088 357.9614562988 168.0315856934 
391.9216003418 371.9959716797 396.8989868164 274.9948120117 
512.9964599609 340.2333068848 592.3527221680 1.3167294264 
471.2620239258 511.0632324219 512.1050415039 341.7840576172 
739.1026611328 299.2152404785 796.5115356445 5.0998444557 
336.6952209473 332.9999694824 336.6912231445 177.0000305176 
335.8682556152 404.9999389648 335.8954162598 338.0003662109 
566.2390747070 329.0307006836 605.5299682617 22.9396667480 
381.8548583984 25.9511909485 352.8269653320 112.2780685425 
676.5346679688 95.8715438843 654.7120971680 174.9205322266 
729.1224365234 0.9676527977 725.9880981445 85.9995574951 
630.9831542969 90.9967269897 609.9855346680 198.9971923828 
362.9936828613 72.0448303223 360.1080627441 136.0048828125 
364.9711914062 0.9099498391 361.9913940430 68.0440063477 
357.9987792969 138.9999389648 361.0217285156 76.0010452271 
337.7167358398 0.9823615551 336.6579895020 78.0090408325 
337.8688659668 84.9978179932 337.1866149902 126.0031051636 
402.2972412109 163.0081176758 406.7245788574 0.9924736619 
178.3755645752 249.9289855957 131.2592163086 0.7618885636 
393.0477600098 96.0053863525 397.5675964355 55.9512062073 
727.3201293945 91.0133590698 724.9841308594 146.9993438721 
723.0513305664 147.0022125244 725.5049438477 89.9786987305 
389.2279357910 39.9834442139 390.9000854492 63.0072555542 
409.0608215332 0.9431855083 404.4618225098 76.9674453735 
593.4073486328 0.8516621590 573.8564453125 78.9640731812 
545.7832031250 1.0144443512 547.1807861328 21.9879531860 
336.6574707031 160.0713653564 338.2551879883 122.9679260254 
402.3405456543 0.8453071117 398.4159851074 42.9455604553 
333.6573486328 278.0629272461 360.1813964844 0.9216547012 
799.4633789062 159.0830230713 743.3359375000 472.3435058594 
771.9791259766 327.9961547852 792.9309692383 214.6176452637 
135.5839233398 38.0787391663 192.9127655029 341.0165100098 
616.6507568359 58.9038734436 495.0365295410 500.7348022461 
438.2342224121 169.9383239746 393.6989746094 0.8159368038 
792.9119262695 213.9841003418 799.5723266602 177.1033630371 
515.4296875000 437.1183776855 591.1449584961 162.3154602051 
786.4941406250 360.0185852051 795.4393920898 122.0165176392 
667.9678955078 461.7513122559 754.1047973633 104.2661972046 
700.9696044922 167.9416198730 687.9876098633 397.0559692383 
768.6091918945 121.9428024292 728.3451538086 397.0505065918 
783.3196411133 169.9322204590 757.3166503906 430.9319152832 
642.4334716797 352.0406799316 668.5445556641 73.8633880615 
796.4088745117 84.0348968506 798.5487060547 58.9614868164 
769.0922241211 42.0256805420 774.9492797852 20.9858760834 
767.4877319336 51.1161346436 755.8555908203 99.9656066895 
709.7114257812 0.9531784654 706.4752197266 90.0172653198 
799.9194946289 9.0878372192 789.1232299805 122.1072998047 
666.8505859375 104.0849990845 664.0606079102 132.0060577393 
772.3372802734 86.9038085938 784.8093261719 0.9723293781 
512.2545166016 40.9568519592 495.7025451660 326.9248962402 
787.0637207031 0.8609803319 774.4129028320 86.0613098145 
583.8339233398 0.7494778633 539.6328735352 206.4914550781 
477.3736572266 151.9541168213 479.8669738770 117.9169998169 
304.5251159668 233.0322875977 302.8962097168 209.0750427246 
406.8652648926 412.1170043945 384.3289184570 0.9271650314 
798.4302978516 1.0918109417 787.7906494141 50.9553375244 
187.7148132324 302.0520324707 183.7016601562 280.0544128418 
570.7929687500 91.9480438232 562.7648315430 123.9409866333 
592.3296508789 158.3470001221 624.3061523438 35.8189201355 
123.5210113525 49.8178558350 114.4412384033 23.8457431793 
node_id_list 421 422 423 424 425 426 427 428 429 430 431 432 433 434 435 436 437 438 439 440 441 442 443 444 549 550 551 552 553 554 555 556 557 558 559 560 724 725 726 727 728 729 730 731 732 1692 1693 1732 1733 1734 1735 1736 1737 1738 1739 1879 3732 3733 3734 3735 3736 3833 3834 3835 4621 4622 4623 4624 4625 4626 4764 4765 4766 4767 4768 4769 5465 6221 6222 7117 7229 7230 11733 11734 12661 13075 13108 13296 
score_list 15.4024747145 14.6088341715 15.7501395815 8.6136246162 15.0950020830 14.2012333226 11.4915210000 15.1345032875 13.5400184381 14.6321839204 16.0793463292 13.9242855327 10.2212615938 4.5954853557 14.5139366031 13.2941235385 8.7503810267 12.4631979736 16.4755184350 6.5425591057 16.4706515059 8.5120305564 13.5785213400 13.3697078286 14.4753151327 14.2363844432 10.8315778302 13.5939222386 6.6842237987 10.0399201342 11.8129303370 14.4068790061 5.2039587291 12.2315020209 13.0706230613 14.5803400015 3.9445934939 4.6639096049 4.3920522601 8.5607883285 7.4583843100 5.7912458644 6.9361706238 6.5497237799 8.0100128532 5.5862162903 11.7337433097 7.5781652548 6.5000780211 4.7301409015 6.6522985448 5.9770234891 7.5542599795 2.7932965152 8.4100174600 3.8998215440 11.0482766187 8.7596926541 5.3207509829 13.4563616405 7.5311961898 14.2373122171 2.6832793162 8.7521159280 5.3032132150 5.5575900464 7.2436504792 7.7128307174 6.5250941131 5.7431978601 1.9743193031 1.9473929449 2.5934615062 1.9343009695 3.9925596690 2.6156572984 4.6903637758 11.9393594754 4.9338528563 11.6047454487 10.6582534546 6.2398463825 10.5649100653 3.9212100666 6.9063391218 3.6416151793 2.7672688279 3.3473825830 
line3d_list
-0.0136049477 -0.2570807415 1.3041416000 -0.0045375433 -0.2585468314 0.3454559044 
-0.0110397884 -0.2584542830 1.3392247568 -0.0018751429 -0.2599802378 0.3425387287 
-0.0067504695 -0.2592398201 1.2843037500 -0.0015877705 -0.2599370802 0.3394343155 
-0.0002633433 -0.2617356861 1.4262584821 -0.0009760409 -0.2605901679 0.3328641190 
-0.0093204409 -0.2603466188 1.1639783133 -0.0037572058 -0.2592228401 0.3297992977 
-0.0061277038 -0.2593059089 1.4203262693 -0.0037435410 -0.2596563677 0.3128002251 
-0.0013216813 -0.2609756826 1.4197084308 -0.0035557224 -0.2597272338 0.3257780066 
-0.0101970241 -0.2595445126 1.4179291295 -0.0018234529 -0.2598002955 0.3297787042 
-0.0126523655 -0.2570345006 1.4106884350 -0.0077094120 -0.2583126340 0.3924176933 
-0.0052833167 -0.2604522236 1.2758918055 -0.0016440651 -0.2598908818 0.3398395264 
-0.0061834196 -0.2593289787 1.5186349817 -0.0016071057 -0.2604052307 0.3278027109 
-0.0062714515 -0.2585845738 1.5597328799 -0.0004283932 -0.2607899575 0.3357185198 
0.0051445433 -0.2541055913 1.0039626066 0.0014809050 -0.2533019106 1.3305948326 
-0.0011009580 -0.2521331215 0.5502478850 -0.0032286131 -0.2509571409 0.6610112767 
-0.0053942606 -0.2594321217 1.4151681959 -0.0010661086 -0.2601195008 0.3376218175 
-0.0017026100 -0.2618894125 0.7388388440 -0.0039036333 -0.2583977006 0.3273583525 
-0.0062707186 -0.2592848866 1.4867615928 -0.0037870020 -0.2596499791 0.3329893669 
-0.0106333320 -0.2592993010 1.4273970035 -0.0015618012 -0.2598573315 0.3057661848 
-0.0121944966 -0.2590112650 1.3619973816 -0.0040117181 -0.2590277626 0.3379947545 
0.0145589334 -0.2595387158 0.4954532069 0.0147216602 -0.2594397163 0.6079390991 
-0.0114104954 -0.2583908393 1.3481878371 -0.0015528694 -0.2600357291 0.3408862997 
0.0013577564 -0.2536725435 0.4998723565 -0.0002959854 -0.2528260391 0.6150150182 
-0.0103974086 -0.2585121792 1.3358074415 -0.0018040613 -0.2603645805 0.3374243202 
0.0112090867 -0.2592135960 0.6255502284 0.0016763846 -0.2576421917 1.6645641318 
0.0184032328 -0.2634921413 0.6074679269 0.0061268173 -0.2614326070 1.6607192688 
0.0163505705 -0.2631404139 0.6492574724 0.0054501569 -0.2613167806 1.6766941994 
0.0152275930 -0.2578994786 0.7105149408 0.0123496369 -0.2568995364 1.1675284771 
0.0129900113 -0.2616617100 0.6434457053 0.0116050485 -0.2623410885 1.2775073365 
0.0131072664 -0.2601714071 1.3806929461 0.0094660014 -0.2621589947 1.6332031231 
0.0153074475 -0.2579414972 0.6784449614 0.0150499229 -0.2576478098 0.9967455933 
0.0123012713 -0.2589136454 1.0032763844 -0.0048046040 -0.2570346719 1.8940197289 
0.0119131042 -0.2593784831 0.4982746528 0.0094518300 -0.2587490438 0.9980747315 
0.0334110005 -0.2588180674 0.7272628575 0.0054058018 -0.2633494214 1.8352062858 
0.0175279303 -0.2592129997 1.0154777962 0.0011481109 -0.2576141577 1.6610306093 
0.0241047421 -0.2632766244 0.7044978967 0.0161526472 -0.2620288586 0.9940628419 
0.0198287049 -0.2634407208 0.6914066811 0.0073811593 -0.2602782424 1.8849542602 
-0.0015939451 -0.2607928724 2.3978513030 0.0026000693 -0.2621995974 1.9355650963 
0.0131332236 -0.2636814979 2.3923004198 0.0076517009 -0.2634490663 1.9988269009 
0.0137657018 -0.2636357996 2.3981608082 0.0064552713 -0.2635606433 2.0014440585 
0.0018978969 -0.2625737862 2.3962667140 0.0098719545 -0.2610333121 1.8521633081 
-0.0043616018 -0.2556087884 2.0347675986 -0.0017794906 -0.2565960301 1.7691771346 
-0.0008942760 -0.2610275502 2.3207301182 0.0015660352 -0.2618527694 2.0495417443 
0.0227821942 -0.2700869161 1.7538040840 0.0175861370 -0.2677236001 2.0139497126 
0.0015232971 -0.2612540356 2.3414215972 -0.0022476887 -0.2604464623 2.0504204230 
0.0014291984 -0.2566662788 2.0234579701 -0.0003874983 -0.2568555712 1.8638075608 
0.0002693563 -0.2530882914 1.3364180595 0.0096485440 -0.2678346141 1.7847582221 
0.0123376561 -0.2631384850 0.7100752544 0.0069075470 -0.2619484639 1.4840899593 
0.0082044233 -0.2605992527 1.7253080820 0.0072728567 -0.2603415414 1.8989148199 
0.0273082438 -0.2616513442 1.9751381954 0.0187833948 -0.2619163991 1.7048261208 
-0.0089091779 -0.2643895631 1.7057532803 0.0013480418 -0.2639825499 1.9829625516 
0.0024155396 -0.2575647235 1.8415218874 -0.0071230884 -0.2556059676 1.7615484438 
-0.0008609060 -0.2570058511 1.7873682224 -0.0094179741 -0.2563123950 1.5823482401 
0.0002085307 -0.2573956453 1.8942048336 -0.0056148424 -0.2556254215 1.7014702715 
0.0023917178 -0.2590692356 1.7712839952 -0.0024036168 -0.2578160320 1.6892794589 
-0.0024802711 -0.2565263678 1.7289262800 0.0122834863 -0.2592334133 1.8747175183 
-0.0017749713 -0.2606881684 2.1288329752 0.0058522983 -0.2631267802 1.9537009137 
0.0132849098 -0.2633666221 0.4242049371 0.0082664985 -0.2622122416 1.5403209776 
-0.0050016088 -0.2591330477 1.1132972818 -0.0041109324 -0.2581785827 0.2726447357 
0.0046980951 -0.2554575079 0.7300605451 0.0037277992 -0.2550335684 1.0020688800 
-0.0044037896 -0.2603037992 1.3840002432 -0.0022314362 -0.2591647290 0.3358205290 
0.0022852440 -0.2636869959 1.5245495581 -0.0005783931 -0.2602104261 0.3390041875 
0.0041938613 -0.2544951248 0.6546847802 0.0037086729 -0.2559651909 1.2819610942 
0.0039240250 -0.2553126986 1.0035430012 0.0038642068 -0.2554939409 1.0808790002 
0.0097174820 -0.2611494662 0.5952682214 0.0080400836 -0.2619312120 1.3332096536 
-0.0005985981 -0.2611968314 0.9119229841 0.0001634962 -0.2624217450 2.0810999672 
0.0067537269 -0.2622455989 0.4062683123 0.0052101065 -0.2629512919 2.0528832133 
-0.0089132607 -0.2583625069 1.4772039004 -0.0034350221 -0.2597872208 0.3675870938 
-0.0098097988 -0.2580773454 1.5383147611 -0.0008151760 -0.2606975229 0.3674346829 
-0.0068606412 -0.2590808039 1.4888676484 -0.0032711221 -0.2598259874 0.3254491185 
0.0041670500 -0.2620621960 1.0730662366 0.0088439432 -0.2640296826 2.3734247463 
0.0102116836 -0.2633763382 2.2582700103 -0.0021829115 -0.2599221908 2.3762169065 
0.0092060445 -0.2629511110 2.3030378158 0.0000595736 -0.2603936665 2.3877089205 
0.0012039488 -0.2610314183 2.2685517584 -0.0030239228 -0.2605399375 2.0717295245 
0.0022444856 -0.2622965367 2.1854602514 0.0288490263 -0.2587817367 1.8161776680 
0.0148217748 -0.2607374792 2.1021613366 0.0190232344 -0.2597731715 1.6796263484 
-0.0037057540 -0.2598827889 2.2374162136 -0.0033565531 -0.2603495766 2.1080686674 
-0.0033231419 -0.2638273204 1.6710159705 -0.0003785952 -0.2641357931 1.9824974162 
-0.0153966761 -0.2576461812 1.4763362235 -0.0115763456 -0.2577877446 0.2934388396 
0.0215308918 -0.2598180546 1.9796090895 0.0169180963 -0.2600114227 1.6733680095 
-0.0047808392 -0.2595308223 0.8570603793 -0.0073260065 -0.2583990898 0.2840465288 
0.0209718196 -0.2639297146 0.5085130961 0.0209237211 -0.2639303692 0.6717259367 
0.0083404957 -0.2608052145 0.4809991213 0.0090301070 -0.2610299722 0.5764583014 
0.0521788159 -0.2740670748 0.4112039621 0.0209815252 -0.2684404672 1.9733816930 
0.0319727789 -0.2689924150 1.8466725457 0.0280958131 -0.2684854522 1.6809797813 
0.0012964803 -0.2529536504 0.4983905183 0.0021694377 -0.2536354062 0.5875631819 
0.0073234147 -0.2631720023 1.6659965229 -0.0008666352 -0.2590301443 1.5856448856 
-0.0006172165 -0.2527794528 1.3365374375 -0.0055291736 -0.2526660190 1.5610614812 
0.0033250706 -0.2530568174 0.5638592293 0.0087663620 -0.2559762004 0.6602806168 
END
