1.5824688779 -0.1076206032 1.1154554466 1.5747234746 -0.1068216997 1.2033055951 
4 4
image_id_list 27 67 68 69 
line_id_list 296 201 194 352 
line2d_list
314.5608825684 402.1090698242 305.9672241211 367.5113525391 
145.1407623291 237.1216888428 140.2628173828 202.6795196533 
206.0728759766 72.9803237915 186.4586029053 0.3361665308 
34.9544754028 275.0257873535 35.9545822144 237.9987792969 
node_id_list 11252 11253 11254 11255 
score_list 2.1182998160 3.8085370121 3.6348154662 1.6002752629 
line3d_list
1.5815613859 -0.1048032389 1.1142011190 1.5727858573 -0.1032488579 1.2113103416 
1.5824202571 -0.1077819795 1.1154526275 1.5746754444 -0.1069743237 1.2033027484 
1.5826302173 -0.1074357373 1.1148603217 1.5754542300 -0.1059617861 1.1997849735 
1.5812736957 -0.1043254042 1.1157603386 1.5737918045 -0.1051875955 1.2068778161 
END
