0.2223112158 0.2019306595 1.4616762870 0.8751056432 0.2048557382 1.4612174064 
10 10
image_id_list 0 85 8 58 64 93 39 59 87 90 
line_id_list 161 91 75 90 103 11 102 125 52 139 
line2d_list
401.5923156738 224.0457305908 509.0272521973 265.9301147461 
682.8446655273 64.1973266602 733.8935546875 70.8202667236 
734.6973266602 304.8216552734 766.7664794922 316.6339721680 
477.8637390137 214.8459930420 508.9894104004 217.1436309814 
747.8258056641 212.1743469238 799.1790771484 219.7927551270 
383.0945434570 54.2621192932 531.0880737305 43.1759605408 
700.6362304688 293.0106506348 744.1213989258 308.6626892090 
583.8989868164 129.1688079834 760.0292968750 137.3710784912 
457.8941955566 228.2195129395 576.0458984375 238.4710235596 
730.7468872070 149.5285949707 799.1884765625 160.8617553711 
node_id_list 1092 1093 4709 4710 4711 4712 12056 12057 12058 13048 
score_list 5.5561964858 3.0544000181 1.4470146121 2.1597759637 7.2883340427 4.6715413018 4.1189510227 4.6235417075 3.0335337569 5.6095692316 
line3d_list
0.2231512015 0.1751020391 1.4656755695 0.9601036974 0.1718950462 1.4651043254 
0.3031016429 0.1846148376 1.4661454210 0.6893062896 0.1873778174 1.4651214141 
0.2293235780 0.2076029986 1.4632190435 0.6137716422 0.1931421312 1.4644846749 
0.2314892520 0.2145211911 1.4618967780 0.5848291143 0.2006446669 1.4631712520 
0.2223303614 0.1977761320 1.4624298902 0.3706186127 0.2048947559 1.4613107849 
0.2333136819 0.1996247892 1.4619958122 0.9481699366 0.1992676583 1.4616295755 
0.2129753934 0.2167025328 1.4615538029 0.6572577885 0.2091414709 1.4612785325 
0.2390058657 0.2066488231 1.4614787001 0.8607197179 0.2063844402 1.4611568004 
0.1999162929 0.2262305240 1.4597945196 0.8751182180 0.2021360736 1.4617698621 
0.2394980424 0.2040319394 1.4616699220 0.5575147354 0.1934546982 1.4622693649 
END
