3.0867220091 -1.4291873529 0.9252267423 3.6729216554 -1.4623171551 0.8894368477 
8 6
image_id_list 22 22 27 30 44 52 44 55 
line_id_list 135 137 334 123 190 75 55 101 
line2d_list
614.0511474609 98.1662673950 481.8369750977 58.5440216064 
535.9732055664 78.0902862549 579.9605712891 91.1330642700 
735.0395507812 252.1278839111 749.6063232422 269.4913635254 
148.2942199707 289.1280517578 226.7924041748 315.6152038574 
35.5165977478 187.4166717529 28.1191539764 180.8654479980 
265.8699340820 344.1611328125 183.2348022461 334.9039916992 
44.5538101196 206.4396057129 13.7783336639 175.2036590576 
187.1402740479 421.9394226074 127.8547134399 414.0985412598 
node_id_list 10263 10284 10285 10286 10876 11264 11379 12421 
score_list 3.0011387071 3.3105082782 0.9926918385 1.2278269016 1.5418147777 1.8779456065 2.1061837210 1.1862596180 
line3d_list
3.1587340373 -1.4290461312 0.9225310525 3.6754619862 -1.4421355986 0.9123631521 
3.4523481114 -1.4497038242 0.9031117342 3.2868640823 -1.4505159335 0.9057446660 
3.8626461910 -1.4720673499 0.8779639443 3.3832812375 -1.4476368542 0.9068373139 
3.6297777224 -1.4558681413 0.9115602982 3.2348920964 -1.4576810437 0.9166142426 
3.2747875682 -1.4405145833 0.9263085116 3.3599542604 -1.4419071329 0.9248504195 
2.8301127537 -1.4137637348 0.9411951373 3.7346426653 -1.4648633809 0.8857983567 
3.0390091773 -1.4014373785 0.9395104129 3.5003675719 -1.4330454300 0.9089910974 
3.0887687737 -1.4048464502 0.9362187662 3.5384394948 -1.4356537694 0.9064726019 
END
