3.0058377181 -2.9986679287 0.0308011912 3.0020459200 -2.9948315005 1.6607102189 
13 9
image_id_list 30 44 44 44 48 48 54 55 71 73 89 94 89 
line_id_list 45 42 81 110 30 128 93 136 175 108 61 83 132 
line2d_list
572.1670532227 81.7752609253 534.8828125000 385.8630065918 
470.3836975098 0.9389579892 457.5067138672 130.9511413574 
458.2407531738 134.0253143311 450.5635375977 207.0592346191 
450.3682250977 212.1338195801 438.0481262207 338.1025085449 
265.0998229980 63.0259857178 274.3662719727 384.0182800293 
271.3482360840 218.9932861328 270.7120056152 185.9862823486 
258.1732177734 140.1401977539 295.8270874023 362.1988830566 
418.8507690430 136.9160003662 453.1209716797 483.9880676270 
578.1487426758 46.8239631653 582.5106811523 0.9534674883 
124.0665435791 0.5700166821 156.4235534668 80.8292388916 
218.6579589844 139.9883422852 224.5598602295 473.0078125000 
490.6521301270 3.0629649162 484.0918273926 71.0088653564 
222.6557006836 232.9860076904 221.1201171875 160.9974365234 
node_id_list 11503 11504 11505 11506 11507 11508 11509 11510 11511 11512 11513 12455 12982 
score_list 6.8998953837 6.2445724960 4.9728938471 4.4738242816 6.6974823836 1.7002419019 6.7072196231 7.0549593012 3.9263164434 5.9676037625 6.1349196346 2.8243134813 3.2293187548 
line3d_list
3.0052281264 -3.0022030370 1.6605612207 3.0083491281 -3.0059148570 0.3300777177 
3.0112756222 -3.0050043354 1.5068575275 3.0114137199 -3.0040884962 1.0106670623 
3.0206984627 -3.0198341872 0.9945669785 3.0206804253 -3.0166572819 0.6763286533 
3.0202416781 -3.0180935898 0.6529470301 3.0212086760 -3.0193239570 0.0203232874 
3.0114149776 -3.0073026546 1.6607613692 3.0119501658 -3.0066621447 0.3286906891 
3.0128429628 -3.0201030529 1.0539562719 3.0129866012 -3.0223534151 1.1884993973 
3.0120155892 -3.0139560169 1.6634240561 3.0122997527 -3.0122141562 0.6713934910 
3.0110745612 -3.0050690997 1.9715688843 3.0120116161 -3.0058752466 0.0308325184 
3.0078682493 -3.0037444238 0.6923027966 3.0065925736 -3.0017101287 0.8734167062 
3.0206270339 -3.0137469085 0.9646889695 3.0206321497 -3.0126855802 0.6831222689 
3.0112231912 -3.0051750295 1.6592849229 3.0119312738 -3.0050274813 0.0390566131 
3.0134274550 -3.0080286465 0.3147588008 3.0117078726 -3.0054282600 0.0214573915 
3.0208396559 -3.0328693860 1.2435778994 3.0207943222 -3.0308141272 1.5672197051 
END
