0.7546428871 -2.9971672512 1.3414368051 0.7549755597 -3.0002610012 1.6576372107 
35 22
image_id_list 10 15 33 84 96 96 19 20 41 21 21 34 83 20 38 43 41 53 56 77 86 95 95 38 51 56 77 80 88 88 89 89 51 43 53 
line_id_list 49 69 82 33 37 58 209 18 49 20 180 66 18 11 66 84 31 49 13 33 63 30 84 58 51 72 50 38 55 63 21 75 22 46 48 
line2d_list
139.8066253662 175.0358734131 140.6962280273 155.0309600830 
25.7725315094 53.7654342651 17.0351219177 24.9893360138 
281.7428894043 268.9037170410 278.2521057129 241.9673309326 
184.8228607178 145.0301666260 179.8824920654 116.0200119019 
234.4458618164 230.9721527100 231.8243713379 189.0109710693 
230.0599212646 195.9969940186 231.8659515381 232.0567932129 
284.7048950195 176.0124511719 284.9878540039 159.9997863770 
241.2658233643 211.9872741699 240.1174926758 187.9943695068 
45.4034576416 233.8993377686 53.1538238525 264.9616088867 
491.6005554199 78.0653457642 498.0154113770 19.1104850769 
494.2112426758 43.0287818909 489.7234497070 75.9623184204 
507.0160217285 25.9998683929 506.8097534180 0.9933206439 
690.0953979492 250.1353607178 693.4417724609 223.0545959473 
238.4687347412 188.9763641357 239.6806488037 213.0160980225 
333.4685974121 187.9717864990 331.7160644531 220.9849243164 
61.7378692627 245.0657653809 75.0764007568 298.2317199707 
55.6630439758 266.0921020508 39.0369720459 205.2632141113 
399.5681152344 199.0358734131 404.4936523438 121.0311737061 
511.4448547363 180.0078430176 512.1322631836 141.0023345947 
338.9533691406 203.0082244873 328.1877441406 141.9668884277 
111.1036071777 200.9876708984 113.9598693848 225.0047760010 
143.0459442139 198.9964752197 137.8320465088 130.9362640381 
136.5460815430 141.0279693604 140.1215972900 199.0541229248 
334.6676025391 222.0235900879 335.3047180176 176.9901580811 
423.2849121094 155.0278167725 419.5477294922 58.9786872864 
509.4975280762 143.9907684326 508.8173828125 181.0150146484 
326.4610595703 145.0915985107 336.4881286621 204.0870056152 
477.4205932617 149.0461883545 483.8937377930 90.0981445312 
317.3273620605 170.1145477295 325.0171813965 81.0014801025 
322.7338867188 78.8869247437 314.5190124512 170.8677368164 
799.2412719727 206.0464782715 786.3695068359 272.8785705566 
786.4671630859 284.8926696777 799.7127075195 219.1435852051 
416.9325256348 60.0398750305 420.5190734863 156.0553131104 
77.7889785767 298.8000183105 63.3679885864 241.9067230225 
402.3865661621 121.0279159546 396.8284912109 197.9876098633 
node_id_list 6284 6285 6286 6287 6288 6289 8587 8588 8589 9313 9314 9315 9316 9362 9363 9364 9370 9371 9372 9373 9374 9375 9376 9571 9572 9573 9574 9575 9576 9577 9578 9579 9723 11809 12798 
score_list 3.1750878960 5.3032824631 7.1368639375 2.5095464828 7.1397674129 6.2767317345 2.9381166571 0.9988822386 8.8090096480 9.1208300087 5.9752887693 5.7693471144 4.5239882478 2.4933442163 6.9961510004 3.5311168532 10.5285233109 12.5193559691 10.2429786472 12.1162218606 3.9038134836 8.3421874130 8.0192262804 7.0969476452 10.5878157967 6.8586256199 9.4911262586 10.7415438108 12.5245736702 11.7280506663 7.0224253023 8.8763988023 8.7750586514 2.9562346388 11.3581638309 
line3d_list
0.7633183637 -2.9862141834 1.3472948471 0.7589071945 -2.9926161517 1.4485563177 
0.7614761944 -2.9887840551 1.3462041763 0.7646284238 -2.9847007115 1.4794794191 
0.7519604744 -2.9985361277 1.3432548887 0.7548446469 -2.9976867298 1.4893027557 
0.7536393541 -2.9971445905 1.3478529702 0.7544408125 -2.9973832649 1.4706035743 
0.7495502985 -3.0029774146 1.3492794452 0.7592635435 -2.9912767942 1.5377318499 
0.7690486194 -2.9934850247 1.5075607850 0.7736790010 -2.9886474300 1.3481548068 
0.7519757080 -3.0011179793 1.3445965385 0.7646089454 -2.9830328138 1.4355333049 
0.7515427056 -2.9995151015 1.3514772269 0.7574869380 -2.9924771839 1.4710103029 
0.7614577325 -2.9977555627 1.4941759112 0.7628129284 -3.0006647099 1.3473060196 
0.7534891299 -2.9960989309 1.3414484716 0.7580903790 -2.9942032437 1.6022317292 
0.7653621104 -2.9888687478 1.4981272668 0.7644921348 -2.9963709547 1.3504603276 
0.7444777934 -3.0119218721 1.3481353286 0.7549647389 -2.9969682333 1.4719378809 
0.7536144481 -2.9960473005 1.3485510855 0.7560659132 -2.9950373116 1.4874918428 
0.7394200323 -3.0242158752 1.4628484911 0.7338558992 -3.0305412702 1.3419498481 
0.7513598563 -3.0135608094 1.4911160105 0.7498450494 -3.0167473183 1.3483912988 
0.7346042285 -3.0290577431 1.5118464755 0.7281367905 -3.0356765040 1.3395042440 
0.7539331133 -2.9983407841 1.3397942085 0.7511454965 -3.0069423145 1.6267137293 
0.7535422731 -2.9989407807 1.3419463961 0.7546408144 -3.0020491355 1.6371636700 
0.7537161519 -2.9982888995 1.3482075010 0.7546142949 -2.9976331879 1.4764707198 
0.7534102609 -2.9997331498 1.3477155404 0.7547102934 -2.9990836913 1.5439733434 
0.7678729580 -2.9932718322 1.4521686583 0.7544773458 -3.0080911838 1.3446126037 
0.7527300405 -3.0001918435 1.3466808808 0.7585147604 -2.9952837983 1.5644179694 
0.7640074001 -2.9976437040 1.5331311350 0.7637247054 -3.0000663333 1.3476814323 
0.7571296276 -2.9912900854 1.3483363217 0.7528617281 -3.0040280979 1.5387238320 
0.7549335740 -2.9954230499 1.3478042708 0.7543880195 -3.0041348399 1.6602804619 
0.7636733716 -2.9995966231 1.4670963041 0.7639425994 -2.9990615809 1.3454547100 
0.7631037154 -2.9996343040 1.5358511073 0.7680534119 -2.9944570565 1.3481533919 
0.7539093866 -2.9973586644 1.3478855278 0.7541933200 -3.0022778868 1.5697920561 
0.7542125468 -2.9980972694 1.3499081258 0.7539295038 -3.0034041346 1.6576075584 
0.7659941568 -2.9875897458 1.6630566712 0.7672209385 -2.9837320435 1.3477098355 
0.7646035389 -2.9847525970 1.6009014178 0.7629134888 -2.9861199445 1.3906529940 
0.7552651411 -2.9948772883 1.3510674654 0.7549363576 -3.0006290534 1.5597848405 
0.7657036625 -2.9853700722 1.6562542311 0.7662307529 -2.9830342586 1.3457810740 
0.7486900783 -3.0043281989 1.3433859677 0.7546503579 -2.9990670623 1.5248757437 
0.7663280760 -2.9850981175 1.6350502775 0.7693637759 -2.9761012736 1.3458554980 
END
