1.6571178906 -0.4257101388 0.0010438219 2.1984560194 0.1183086794 0.0016826338 
27 11
image_id_list 5 69 5 69 12 47 74 28 29 67 68 68 75 28 68 68 75 66 66 66 74 66 67 75 75 75 75 
line_id_list 6 47 39 83 197 176 36 126 84 55 8 9 8 146 45 106 5 3 50 51 20 60 7 73 10 42 70 
line2d_list
440.1907348633 191.3226776123 423.2723999023 148.8913879395 
102.1587448120 599.1431884766 92.6431350708 543.2308959961 
425.4383544922 147.8245544434 442.6201782227 190.7517700195 
94.7510375977 543.0443115234 104.7556533813 599.2216186523 
687.0393066406 504.8747558594 750.1087646484 524.6532592773 
746.9915161133 598.8532104492 799.0490722656 595.8514404297 
645.8353881836 598.5681152344 730.7020263672 566.2182006836 
210.8936920166 599.3051147461 195.7356414795 544.3487548828 
167.1326599121 598.9609375000 161.5874328613 580.1214599609 
293.4580383301 598.1462402344 340.5325622559 568.2636718750 
433.9165649414 599.0284423828 435.4710693359 548.9835815430 
435.2726440430 545.9822998047 437.7799682617 442.9703063965 
130.7187652588 427.6440734863 217.3562927246 359.1853637695 
199.1633758545 547.9559936523 212.9165039062 599.0224609375 
440.2950134277 441.9838562012 437.8877563477 547.0203247070 
438.0077209473 550.0274047852 436.6758728027 599.0183715820 
17.3172245026 517.1364746094 123.4081878662 433.2515258789 
427.9928588867 456.4233398438 541.9877319336 455.0097045898 
644.9998779297 456.9779663086 548.0039062500 457.6032104492 
547.9945068359 455.3453369141 661.9949340820 454.3917236328 
734.4840698242 564.6463623047 799.0192260742 540.0504150391 
669.0063476562 454.0508117676 710.0045166016 454.3252563477 
346.6259155273 564.3929443359 372.6160583496 548.3769531250 
125.5573043823 434.7052917480 18.9528770447 518.9403686523 
223.3079528809 354.0845031738 247.2394714355 335.9939270020 
207.3127441406 370.3978881836 131.6708984375 429.8535461426 
245.6016540527 339.4880676270 224.1438598633 356.1848754883 
node_id_list 3862 3863 3870 3871 7219 7220 7221 11294 11295 11296 11297 11298 11299 11308 11309 11310 11311 12655 13257 13258 13259 13261 13262 13342 13356 13357 13358 
score_list 0.9588454661 3.7018852188 0.9676457101 3.6272488195 1.9617175814 1.8122075165 0.9643095437 3.7547658971 2.7799488437 5.8876537872 2.8599956091 4.6173928901 5.7187017234 3.0630990554 3.4936055168 2.9951521420 2.3155134268 2.5518332688 1.7964942408 2.6759730204 0.9363149637 0.5264773126 1.9770868816 1.7387823270 1.5546466578 3.6373801548 1.4146461398 
line3d_list
1.8885708055 -0.1914980737 -0.0004564548 2.0314262159 -0.0477257740 0.0010087267 
1.9680340443 -0.1132798466 -0.0023052735 2.1985028057 0.1182666192 -0.0021457716 
2.0411421810 -0.0503340963 -0.0004853069 1.8939316283 -0.1970990661 0.0003091257 
2.1996554918 0.1103878429 0.0007692349 1.9638898016 -0.1258625040 0.0047418971 
1.7428285648 -0.3363852645 -0.0029146868 1.8724018701 -0.2081455300 -0.0009295664 
1.7316532119 -0.3481226592 -0.0022015087 1.8297715690 -0.2470789400 -0.0058385369 
1.6654333528 -0.4129839236 -0.0041004158 1.8827054832 -0.1979479618 -0.0007717105 
1.8439031444 -0.2368355241 0.0011947223 2.1054336246 0.0264998752 0.0031814806 
2.0497310024 -0.0331318024 0.0042456074 2.1135228985 0.0302668008 0.0052714405 
1.9716351467 -0.1097996124 0.0028936106 2.1115330099 0.0307807476 0.0019219778 
1.7954347767 -0.2866118077 0.0021376249 1.8829449112 -0.1998242870 0.0046085299 
1.8897439344 -0.1920401020 0.0015668677 2.1188320742 0.0381007966 0.0024231223 
1.8957314022 -0.1860251193 0.0015892469 2.1122528216 0.0314913095 0.0023985313 
2.0898084501 -0.0020368249 0.0004443709 1.8472212987 -0.2435490388 -0.0000786553 
2.1213386339 0.0310356606 0.0095460440 1.8876064459 -0.2028950302 0.0104146621 
1.8877592577 -0.2031123863 -0.0002507069 1.8013520516 -0.2888935534 -0.0013565157 
1.6560968088 -0.4248214838 -0.0011009766 1.8794084232 -0.2032901153 0.0032147338 
1.6590295754 -0.4276172224 0.0051475673 1.8726747746 -0.1874301380 -0.0227355796 
2.0863892311 -0.0180108203 0.0171579045 1.8994168408 -0.2023422786 0.0135197408 
1.8929311501 -0.1922606354 0.0055045118 2.1144582635 0.0225750459 0.0151757874 
1.8914166335 -0.1943683516 0.0066233522 2.0717538778 -0.0122662356 0.0046615546 
2.1252715636 0.0478538960 -0.0006463568 2.2051138837 0.1261927951 -0.0015436011 
2.1310400813 0.0514887375 0.0009113567 2.2183326894 0.1385016885 -0.0011625331 
1.8847231980 -0.2061264490 -0.0002895613 1.6603167327 -0.4289070409 -0.0031614357 
2.1283003796 0.0492170313 0.0024013378 2.1949764509 0.1153767740 -0.0001220453 
2.0832505007 0.0027527909 -0.0126937095 1.8953399321 -0.1860832059 -0.0110603295 
2.1909328809 0.1016473012 0.0009162113 2.1312591083 0.0418508590 0.0019217170 
END
