0.6924129507 -2.6829512959 0.0485573258 0.6669981102 -2.7888988540 0.2949491094 
59 36
image_id_list 7 15 38 76 81 86 96 98 8 9 10 19 20 31 37 79 99 13 16 23 33 34 57 60 82 83 97 9 10 15 16 19 20 23 31 37 76 82 83 96 97 98 45 45 84 13 14 21 34 57 14 56 78 80 80 91 78 95 99 
line_id_list 146 212 204 231 186 242 212 228 276 245 268 249 248 217 213 232 210 205 242 189 148 193 202 137 242 217 180 252 263 205 230 250 246 179 212 215 226 237 207 203 184 223 208 215 264 197 213 193 188 194 207 190 193 178 153 137 190 179 220 
line2d_list
246.4736938477 237.8145599365 252.7023162842 253.7250671387 
123.8792190552 249.0876312256 138.5272216797 279.2585144043 
369.6479492188 453.8869628906 372.2761535645 468.9518127441 
150.1219177246 391.5889892578 167.9922027588 440.3692016602 
363.5066528320 386.7341918945 370.9929809570 401.0036926270 
195.1573028564 440.5286254883 201.8854064941 457.0466918945 
288.4979248047 455.6710510254 292.7545166016 475.0538940430 
282.4416809082 438.9093017578 287.8070373535 465.0396118164 
58.1430091858 416.9671936035 61.7807006836 432.8208618164 
326.3609619141 435.6343994141 332.0937194824 456.9748229980 
168.7188873291 374.5521545410 175.2108001709 413.9652709961 
322.3324279785 355.4701538086 330.3838500977 390.9128112793 
291.3442687988 412.9151000977 296.2224731445 432.6985473633 
287.0611877441 463.4385986328 294.5289306641 490.8559265137 
162.4472351074 430.8042907715 173.1907348633 455.3541564941 
88.2347793579 406.8763122559 95.5282440186 420.7217407227 
128.1925354004 449.9684448242 131.3041381836 468.9501342773 
721.4149169922 395.9857788086 720.2463378906 444.0303039551 
406.0371704102 299.2414245605 421.6369323730 341.1351928711 
581.1387939453 190.9448852539 582.6886596680 222.9666748047 
337.4212341309 461.6294555664 345.1375122070 491.2248840332 
542.4581298828 222.8119964600 545.8046264648 248.7673339844 
387.7212219238 359.9549865723 389.3494873047 386.0406188965 
558.8100585938 431.8927001953 561.2220458984 450.1030273438 
402.1121826172 287.3110961914 412.2058105469 318.2590332031 
702.1376342773 459.9945678711 703.6751098633 499.0521545410 
507.9712219238 449.7911987305 516.4274902344 489.1230773926 
328.5440673828 457.7042846680 322.0307617188 434.9911804199 
171.4176483154 414.4495544434 164.5336456299 374.9071044922 
135.3794097900 281.3064575195 119.9360351562 250.0315856934 
418.6365966797 343.1390991211 402.1087951660 299.9583435059 
326.9366760254 391.4955749512 318.6159057617 356.8520812988 
300.8926086426 463.0302124023 287.0161132812 413.7140808105 
578.9151000977 222.0519409180 577.3820190430 190.0295867920 
290.6898803711 492.0804138184 283.4459533691 464.1436767578 
177.3593292236 477.3591003418 156.9314880371 434.0322875977 
162.6131896973 441.1476440430 144.2049407959 392.9217834473 
408.3586120605 318.5372924805 398.6233825684 288.7959594727 
699.8416137695 504.0071411133 697.8128662109 459.0084228516 
297.1413269043 513.1979980469 283.8555297852 455.5722045898 
512.0292968750 487.9934692383 503.7664184570 450.8295898438 
288.6725463867 494.0742187500 276.3458557129 439.6949157715 
42.7142333984 525.0564575195 28.4656505585 452.9080505371 
35.5811805725 451.8987731934 41.8725852966 488.0221862793 
266.3045349121 362.8868103027 272.5852050781 379.7824707031 
716.1807250977 443.0057983398 715.8415527344 395.0011291504 
511.2534790039 299.5587463379 503.7430419922 276.0822143555 
492.5902404785 323.0478515625 494.6228942871 297.9694213867 
543.2133178711 255.9700012207 538.4480590820 222.0776062012 
386.0456542969 386.1707153320 383.6747741699 359.0284118652 
507.9664611816 275.6995849609 515.2785644531 299.2242431641 
561.1110229492 481.8381652832 563.9040527344 501.0139770508 
706.0744018555 436.8755798340 712.1218872070 489.1016845703 
488.2439880371 418.9891967773 487.3591918945 480.9908447266 
483.2698974609 484.0012207031 483.1581726074 417.0014038086 
434.0621032715 150.0045166016 435.1575622559 134.9387512207 
706.8347167969 487.8909606934 700.1838378906 436.9759826660 
219.4225921631 490.9316711426 221.7049407959 505.0476989746 
127.3402938843 468.2993469238 123.8636932373 449.0245971680 
node_id_list 4474 4475 4476 4477 4478 4479 4480 4481 5154 5155 5156 5157 5158 5159 5160 5161 5162 6133 6134 6135 6136 6137 6138 6139 6140 6141 6142 6154 6155 6156 6157 6158 6159 6160 6161 6162 6163 6164 6165 6166 6167 6168 6726 6727 6728 8081 8082 8083 8084 8085 8086 8087 8088 8089 8529 8676 8877 9555 13431 
score_list 3.9739808928 15.2061570846 9.1421045915 8.7757548140 14.8969153787 10.3350124791 15.1274048063 12.5276239205 11.6806282989 12.7518318972 10.8689015979 10.8476293163 6.1008742458 17.6502856884 12.5335775104 4.4249005018 10.0488883248 10.4007572560 13.0185355241 12.4261365767 16.5448904426 10.9340008356 9.5791524754 14.4740726404 10.9884158185 13.5641613996 14.6599780693 10.4785952552 7.3143093630 12.5271218716 9.7819394131 9.3312368207 7.5911838865 10.7231298986 10.5096135177 9.9983621728 6.6902700006 8.7889846553 10.4988817679 10.4994915052 13.3721320028 9.9204236081 5.0509825017 7.7471704202 5.3458490043 6.2044610361 11.9073136328 11.2760829254 11.3144456493 6.7349904856 11.9303771342 9.5511333221 11.4070787958 11.4185439870 10.8496812136 2.9566895826 9.7172062950 6.5152681302 5.4176232629 
line3d_list
0.6720756142 -2.7831613461 0.2979399515 0.6753479518 -2.7607310592 0.2443804106 
0.6720609039 -2.7809707047 0.2890724076 0.6835284480 -2.7139161415 0.1169086158 
0.6748173217 -2.7788981965 0.2993219866 0.6782734406 -2.7540827316 0.2336561707 
0.6754899612 -2.7798926412 0.2916677127 0.7010759738 -2.6819004041 0.0722823246 
0.6743821477 -2.7801553181 0.2946389889 0.6859200379 -2.7458958337 0.2264064040 
0.6716415354 -2.7815264244 0.2920771992 0.6794636652 -2.7484108766 0.2130447723 
0.6714653194 -2.7815895266 0.2917541248 0.6784474876 -2.7470654261 0.2059166674 
0.6714542055 -2.7815894534 0.2916963395 0.6803372822 -2.7361092858 0.1769890613 
0.6709056659 -2.7813117364 0.2863191988 0.6861751303 -2.7446459492 0.2219494493 
0.6731258041 -2.7787476006 0.2856297019 0.6810550207 -2.7285546568 0.1545925904 
0.6723430688 -2.7834173706 0.2928389263 0.6887914134 -2.7006056948 0.0918243852 
0.6701516133 -2.7862362376 0.2954639079 0.6915911957 -2.6989444480 0.0986803196 
0.6616421003 -2.7930358874 0.2896562657 0.6889069640 -2.7366789296 0.2013606411 
0.6762060202 -2.7765589847 0.2889621218 0.6842584520 -2.7219790063 0.1445868246 
0.6669987720 -2.7877351996 0.2938170456 0.6816196597 -2.7334434003 0.1716442004 
0.6556608324 -2.7957758227 0.2876304692 0.6773867319 -2.7578855885 0.2421800164 
0.6791211146 -2.7726810815 0.2818604786 0.6880253183 -2.7329187143 0.1874824541 
0.6662257707 -2.7873189479 0.2883079488 0.6881190059 -2.6990426969 0.0826960563 
0.6711328931 -2.7834939128 0.2931400235 0.6879950398 -2.6896546882 0.0561582671 
0.6696392965 -2.7838068643 0.2858783558 0.6771406460 -2.7177381828 0.1063566541 
0.6729843846 -2.7786848197 0.2872769671 0.6798437878 -2.7237721796 0.1371095848 
0.6624661012 -2.7903045035 0.2833041119 0.6951646431 -2.7135482740 0.1544450090 
0.6771714875 -2.7756518718 0.2904786370 0.6885970642 -2.7186998580 0.1477489437 
0.6723327748 -2.7793262421 0.2843419548 0.6756657757 -2.7473814475 0.1936350591 
0.6703375296 -2.7849687615 0.2942894892 0.6858597714 -2.7080912923 0.1084361958 
0.6719824361 -2.7807865942 0.2882359507 0.6883685456 -2.7063146196 0.1091029244 
0.6650255275 -2.7900160958 0.2905115338 0.6874867739 -2.7020157383 0.0904276447 
0.6733429413 -2.7666744396 0.1403653235 0.6607458293 -2.8280937906 0.2784278793 
0.6953170116 -2.7214208100 0.0844287611 0.6773884118 -2.8087458083 0.2848459417 
0.6924926376 -2.7331909116 0.1051986373 0.6749035162 -2.8118374541 0.2805202725 
0.7047255214 -2.6991165020 0.0487326244 0.6572455191 -2.8307664989 0.2742909270 
0.6968776199 -2.7222369414 0.0900310708 0.6731885463 -2.8143400271 0.2805760552 
0.6917728292 -2.7076310783 0.0351724703 0.6684294022 -2.8183020518 0.2810088043 
0.6907116879 -2.7364623767 0.1072625068 0.6587880566 -2.8288859874 0.2746149554 
0.6951296495 -2.7421080291 0.1373262258 0.6613957669 -2.8253148765 0.2724304529 
0.6897240748 -2.7200562512 0.0560795365 0.6543800606 -2.8320250410 0.2672115410 
0.6685880926 -2.7387785608 0.0433089373 0.6435564689 -2.8409513523 0.2636328416 
0.6969413153 -2.7305663111 0.1058709040 0.6726070795 -2.8140378791 0.2801290236 
0.6965986512 -2.7187002464 0.0756007523 0.6725563679 -2.8137487515 0.2787787834 
0.6988219421 -2.7006231396 0.0328939447 0.6714016199 -2.8165436892 0.2809421010 
0.6920073974 -2.7294400264 0.0891764311 0.6761007536 -2.8110061767 0.2809135360 
0.6861753030 -2.7187979731 0.0385948614 0.6581389245 -2.8286846678 0.2712701576 
0.6914175097 -2.7093156450 0.0389144422 0.6691610751 -2.8148331970 0.2733033461 
0.6628778117 -2.7892162832 0.2818244395 0.6793329042 -2.7347777903 0.1667110391 
0.6832775084 -2.7716705578 0.3037529356 0.6767110404 -2.7527323339 0.2127947418 
0.7092545682 -2.7035634394 0.0870491420 0.6710456038 -2.8161373623 0.2793858043 
0.6879582530 -2.7534655838 0.1503956488 0.6748634740 -2.8120164957 0.2809193982 
0.7063946836 -2.7391307804 0.1726180230 0.6754578274 -2.8113942248 0.2796762891 
0.7176066058 -2.7073733663 0.1173775984 0.6686198186 -2.8198076602 0.2810200723 
0.6974711219 -2.7370777101 0.1415175073 0.6771016170 -2.8110264756 0.2845540536 
0.6663900431 -2.7866753844 0.2847976522 0.6818252767 -2.7278285730 0.1552708652 
0.6662939649 -2.7868937546 0.2926249551 0.6722468777 -2.7613148925 0.2310001032 
0.6652581187 -2.7891409581 0.2885925391 0.6890253634 -2.6959098825 0.0763923972 
0.6655090210 -2.7881567512 0.2863524186 0.6906522514 -2.6895281363 0.0618671175 
0.6951814860 -2.7095195111 0.0374186604 0.6800693480 -2.8055706021 0.2883149400 
0.6820761897 -2.7906925421 0.2450657416 0.6808066440 -2.8080956124 0.2963992354 
0.6950257686 -2.7197919910 0.0714993707 0.6691592555 -2.8180345994 0.2764617776 
0.6522227541 -2.7991595215 0.2797632181 0.6683572137 -2.7700263301 0.2402769477 
0.6448630886 -2.8053114067 0.1668971038 0.6370755928 -2.8474842506 0.2646735809 
END
