-1.2252515026 -0.0184377240 0.3243331236 -0.7379574141 -0.0455550924 0.3470415335 
5 4
image_id_list 0 47 74 92 92 
line_id_list 168 197 204 185 191 
line2d_list
220.3180389404 344.1223449707 172.1051483154 314.8269653320 
232.1246032715 201.6703491211 196.3253631592 188.1391906738 
55.5710220337 266.6992187500 0.5437569022 252.8072204590 
432.2947082520 327.7640991211 406.1392822266 295.0880737305 
388.0186462402 273.9838256836 352.7051391602 233.2556610107 
node_id_list 1122 1123 1124 1125 1126 
score_list 2.9432121770 2.5732233348 2.2435558693 3.6217271152 3.9185426578 
line3d_list
-0.6439971592 -0.0493420635 0.3509648103 -1.2255613680 -0.0225611879 0.3260583900 
-0.7379228346 -0.0450168114 0.3469422926 -1.0433482094 -0.0309520549 0.3338619609 
-0.9237274552 -0.0363277627 0.3389327259 -1.2979312313 -0.0140706406 0.3209320863 
-0.7242573395 -0.0510739648 0.3534512731 -0.9626157204 -0.0297447979 0.3334590420 
-1.1188403306 -0.0301353535 0.3332908806 -1.4724996484 -0.0264728907 0.3252326651 
END
