1.3435563629 -0.0261521172 1.1090148415 1.3834295871 -0.0412380972 1.1161917377 
3 3
image_id_list 47 67 74 
line_id_list 160 111 129 
line2d_list
737.0898437500 112.7015457153 755.0040893555 113.9407577515 
59.9249343872 228.7674560547 77.0441436768 227.7248687744 
613.0416259766 168.5139923096 628.1024169922 169.8033142090 
node_id_list 12648 12649 12650 
score_list 1.6255968849 0.9255031402 2.6329923400 
line3d_list
1.3412097927 -0.0274197740 1.1093230010 1.3851700379 -0.0435149800 1.1170535027 
1.3318294640 -0.0120130499 1.1051317863 1.3858370603 -0.0352669041 1.1153679245 
1.3435563629 -0.0261521172 1.1090148415 1.3834859603 -0.0412594259 1.1162018845 
END
