1.5355181282 -2.9999648682 0.6641334905 1.7537844617 -2.9993186198 0.6654115575 
10 10
image_id_list 44 48 51 52 53 55 71 73 89 91 
line_id_list 126 90 45 281 82 106 195 98 123 87 
line2d_list
796.8115844727 351.4630737305 726.6320190430 322.9042053223 
630.0794677734 377.5792541504 566.8783569336 365.6440429688 
214.0664672852 359.8753967285 154.0329284668 364.4337768555 
740.9046020508 409.5285034180 693.8142089844 401.0295410156 
188.0107421875 365.4845581055 125.9751663208 364.1920166016 
729.1202392578 402.7394104004 679.9003906250 398.0444641113 
693.5538940430 271.7082214355 667.7218017578 222.6733856201 
569.0001831055 152.9989471436 492.7282714844 140.6828308105 
524.8853759766 426.4700012207 474.6995849609 414.2319641113 
164.0034942627 6.2645411491 89.0013046265 6.4721693993 
node_id_list 12468 12469 12470 12471 12472 12473 12474 12475 12718 12719 
score_list 4.9787221143 5.8303288161 2.8712901571 5.9573618855 1.8959165602 4.9081783100 4.9820242809 7.5977957940 5.8373114753 4.3550442561 
line3d_list
1.5409344869 -3.0033557229 0.6628743264 1.7542840417 -2.9992706354 0.6653241241 
1.5412042482 -3.0035337547 0.6628365742 1.7515450179 -2.9988055635 0.6654080704 
1.5424491000 -3.0028422945 0.6632707492 1.7538005936 -3.0023577954 0.6641933123 
1.5395750515 -3.0007465080 0.6634463302 1.7474325533 -2.9997911791 0.6651586320 
1.5321875098 -3.0142996522 0.6591396017 1.7533871495 -2.9961911043 0.6663957693 
1.5450126750 -3.0057975078 0.6617736497 1.7455496938 -2.9990810508 0.6653863231 
1.5377053601 -2.9972745451 0.6652000891 1.7568798113 -2.9987188859 0.6654606694 
1.5355129243 -2.9993210546 0.6646966620 1.7532963116 -2.9998062919 0.6650774664 
1.5374906520 -2.9995067264 0.6638518840 1.7448708311 -3.0028733921 0.6640986378 
1.5304858327 -2.9969553163 0.6663347075 1.7465614510 -2.9971427450 0.6669181608 
END
