-0.0177866331 -1.2101961845 0.9263674481 0.0195085218 -1.1622972512 0.9662223465 
7 7
image_id_list 16 20 57 98 43 50 96 
line_id_list 192 208 151 185 167 180 172 
line2d_list
757.6644287109 165.9353942871 748.3776245117 172.5316772461 
650.7371215820 312.5381774902 641.0346069336 318.0607604980 
732.4221801758 317.8519592285 721.2037353516 323.4111022949 
691.7121582031 336.4183959961 678.8846435547 342.7668762207 
709.4931030273 332.8486633301 693.8781738281 339.7232360840 
547.1828613281 211.7658386230 534.6973876953 220.0326080322 
704.0272827148 358.0612792969 691.4095458984 363.6722717285 
node_id_list 8845 8846 8847 8848 12333 12334 12335 
score_list 1.8916527337 0.9614559887 2.7342036079 2.2113059375 3.3388892741 2.1087499279 1.5919277631 
line3d_list
0.0080335263 -1.1683631960 0.9615595647 -0.0137090202 -1.2120100404 0.9247316783 
0.0046482780 -1.1665717088 0.9630839337 -0.0120348024 -1.2112333226 0.9253832074 
0.0083170490 -1.1684905716 0.9613985330 -0.0204519124 -1.2229990780 0.9156552921 
0.0137021847 -1.1598616778 0.9687286099 -0.0144296927 -1.2093330109 0.9269966054 
0.0349197990 -1.1504231272 0.9783837061 -0.0064814865 -1.1950042907 0.9390623863 
0.0140507481 -1.1641116411 0.9642858091 -0.0372533679 -1.2073216432 0.9215665873 
0.0295884346 -1.1531093861 0.9722760982 -0.0125891285 -1.2088789792 0.9274414624 
END
