-0.0947151370 -2.1060698675 1.0460391201 -0.1722493105 -2.1740345030 1.1272527787 
5 5
image_id_list 15 16 31 82 60 
line_id_list 184 168 160 159 131 
line2d_list
282.0771179199 86.1981735229 278.1618347168 67.9652481079 
576.8021240234 138.9959716797 572.3327636719 120.1583099365 
458.3997192383 315.5057983398 455.0312194824 298.1884460449 
562.6431884766 148.7405090332 558.7885742188 131.2672424316 
782.4616088867 300.0777893066 783.5343627930 279.9219970703 
node_id_list 8656 8657 8658 8659 8834 
score_list 8.2704209630 4.4560669755 6.2311134230 4.4114379751 6.6637117323 
line3d_list
-0.0975719259 -2.1081938652 1.0415342683 -0.1776658649 -2.1771660221 1.1251052275 
-0.1020993969 -2.1100642465 1.0406717942 -0.1695207693 -2.1720086756 1.1264283840 
-0.0818474522 -2.0946778879 1.0412047591 -0.1697179404 -2.1728101727 1.1301643568 
-0.0974270321 -2.1057064230 1.0381449781 -0.1717972462 -2.1741329968 1.1276019360 
-0.1010855182 -2.1115580157 1.0420486665 -0.1755623442 -2.1771106833 1.1279565772 
END
