3.8400904835 -0.8766371420 0.4278048023 3.8406114223 -0.6368500780 0.4270366544 
3 3
image_id_list 22 27 25 
line_id_list 56 186 126 
line2d_list
325.2076416016 210.6705474854 251.8135681152 233.3979492188 
567.9857788086 344.6717529297 620.0180664062 342.4166564941 
437.1021728516 474.0028686523 360.8777465820 466.1932983398 
node_id_list 9966 9967 10685 
score_list 6.0806095008 4.6418463569 4.3908170583 
line3d_list
3.8399829907 -0.9261158283 0.4279633052 3.8406114223 -0.6368500780 0.4270366544 
3.8382109056 -0.6077064729 0.4293941061 3.8437473790 -0.8851593488 0.4265295730 
3.8442253758 -0.8766511639 0.4262318863 3.8453384647 -0.5869952858 0.4251199403 
END
