0.1437731639 -1.6902344963 0.4566227312 0.0824844146 -1.7752967163 0.4156686010 
3 3
image_id_list 45 95 50 
line_id_list 200 158 198 
line2d_list
361.0675354004 437.1842346191 384.1576538086 439.0958862305 
570.0151977539 499.9590454102 544.2225952148 490.3993530273 
363.9949340820 353.0579528809 339.0110778809 350.8734130859 
node_id_list 12544 12545 12784 
score_list 1.2844910719 3.1410837369 1.4550868843 
line3d_list
0.0767110854 -1.7956689759 0.4116362161 0.1360212056 -1.6820963518 0.4517096306 
0.1713749946 -1.6519261115 0.4750667194 0.0824844146 -1.7752967163 0.4156686010 
0.1359668713 -1.6832126086 0.4537204734 0.0729927217 -1.8073705567 0.4068767451 
END
