3.7956480708 -0.8868400216 0.8456045635 3.7955322929 -0.6075744064 0.8459029155 
5 5
image_id_list 22 25 26 27 70 
line_id_list 9 47 56 122 40 
line2d_list
327.1265258789 92.7109680176 245.8530578613 107.1742782593 
431.0411987305 368.2472839355 350.9527893066 363.8623962402 
383.0110778809 265.1367797852 337.9826049805 268.7854614258 
615.0366210938 270.4772033691 562.9595947266 274.4731140137 
291.0090332031 155.3472595215 222.0037231445 157.1430053711 
node_id_list 9823 9824 9825 9826 9827 
score_list 4.7949639173 5.4037683157 3.8065694336 3.9268959000 2.8297844820 
line3d_list
3.7916757024 -0.8868432209 0.8470576979 3.7913011194 -0.6056596281 0.8475363240 
3.7906751197 -0.8927001363 0.8476946290 3.7920340508 -0.6075772161 0.8471754131 
3.7907831203 -0.8848963932 0.8476095370 3.7913918589 -0.6167749205 0.8474706047 
3.7935172989 -0.8825492074 0.8459264534 3.7959020843 -0.6148113678 0.8446925550 
3.7928043681 -0.8872658449 0.8463616969 3.7912029746 -0.6055902467 0.8475968746 
END
