3.8117276620 -0.8826531928 0.6455483526 3.8063842229 -0.5997117124 0.6474395536 
6 6
image_id_list 25 26 28 70 71 69 
line_id_list 235 187 256 214 184 326 
line2d_list
361.1699218750 415.7914733887 434.1992492676 421.4105834961 
342.9640197754 301.4705810547 388.9554443359 298.3446350098 
419.8667297363 241.9410705566 466.0166625977 236.1324920654 
230.9804382324 202.1875000000 297.0143737793 200.5971221924 
75.0277786255 28.4293251038 128.9315185547 24.9415225983 
425.9920654297 338.0306396484 475.0695495605 350.7312316895 
node_id_list 10723 10724 10725 10726 10727 10980 
score_list 6.4941215386 3.3975293062 5.8737245828 5.9156469144 3.3247029601 6.2435132758 
line3d_list
3.8143954194 -0.6189358359 0.6436888792 3.8247637266 -0.8828912103 0.6392173849 
3.8177103581 -0.5994707285 0.6433872026 3.8163287108 -0.8791970322 0.6442263504 
3.8185817834 -0.5966861116 0.6427036319 3.8173993550 -0.8707086039 0.6433910097 
3.8201341844 -0.6021479923 0.6414766226 3.8206482063 -0.8840507230 0.6408214365 
3.8072501338 -0.5991286542 0.6471968499 3.8114803492 -0.8790717488 0.6458256717 
3.8132115237 -0.6084273941 0.6469210316 3.8151633593 -0.8825855843 0.6451407831 
END
