1.2638206518 -3.0038307660 1.7158679069 1.2641712587 -2.9990580896 1.9775325343 
8 7
image_id_list 38 53 53 77 51 56 88 89 
line_id_list 107 71 77 69 82 21 33 43 
line2d_list
238.6242523193 54.9914512634 237.6685638428 96.9924621582 
272.3101196289 11.9979381561 272.4431152344 31.9970531464 
271.3141479492 36.0138664246 269.4620971680 77.9762573242 
137.0857086182 0.9792360067 167.6353149414 127.0883407593 
258.9949645996 14.1178627014 262.8531799316 47.0172195435 
369.2217407227 24.0227966309 370.7736511230 77.0066299438 
172.7039794922 4.9730205536 171.9535827637 41.0198516846 
647.4754638672 69.9284133911 641.6044311523 112.9460067749 
node_id_list 11974 11975 11976 11977 12821 12822 12823 12931 
score_list 0.9724206204 1.6626547031 3.9136100898 3.7017225556 4.1619600297 2.8231214802 2.8503604144 0.9815173298 
line3d_list
1.2637944501 -2.9989461847 1.9775309981 1.2648941165 -3.0009366522 1.8351618091 
1.2640584202 -2.9987081873 1.9729929980 1.2609167376 -3.0044574576 1.9062389873 
1.2644651687 -2.9998956868 1.8912441563 1.2656246151 -2.9997899227 1.7457043436 
1.2661079728 -2.9949792843 1.9850244138 1.2620870056 -3.0082250172 1.6791912760 
1.2650647091 -2.9998384935 1.8161442496 1.2631940858 -3.0053051422 1.7176379737 
1.2651836533 -2.9993094372 1.8229982847 1.2623550459 -3.0060930261 1.6788695998 
1.2639913830 -3.0018027606 1.8238768877 1.2625865003 -3.0053880923 1.7158979656 
1.2639016763 -2.9985525182 1.9879842724 1.2642043819 -3.0013911859 1.8539476729 
END
