3.8524051320 0.0523024823 0.4658191426 3.8521709557 0.2023841470 0.4677643230 
10 10
image_id_list 24 25 26 27 28 29 35 68 69 70 
line_id_list 122 185 231 189 262 303 135 158 285 167 
line2d_list
146.9424743652 327.3732910156 218.7774810791 338.4438781738 
177.8198394775 436.5491333008 209.0946197510 440.1864318848 
229.9732360840 334.1372070312 249.9850006104 333.5165405273 
428.0352172852 344.6465148926 450.0787353516 343.4460754395 
309.9027404785 280.8970336914 329.1061401367 279.2037048340 
320.9421386719 277.5522155762 346.0852050781 280.1867675781 
398.7120971680 170.1352233887 453.9218444824 177.5796203613 
738.5125732422 107.0614395142 776.0167236328 115.9292373657 
289.7962341309 332.7300109863 312.0187072754 338.9330139160 
60.9991836548 240.5403289795 92.0008621216 240.4853210449 
node_id_list 10552 10553 10554 10555 10556 10557 10558 10559 10560 10561 
score_list 7.8141616611 7.6018173734 2.7721665856 2.4957266098 4.5868984878 3.3004838182 5.8837991961 3.8890982640 5.3031951306 6.7910735108 
line3d_list
3.8522892098 0.2104498402 0.4679641460 3.8521297022 0.0522991801 0.4660407668 
3.8561508306 0.2037255721 0.4667172169 3.8537349413 0.0566338034 0.4656113070 
3.8556921246 0.2019684126 0.4667069866 3.8546763100 0.0626784021 0.4639473964 
3.8570671724 0.1987199263 0.4633956327 3.8527284332 0.0639654248 0.4656402819 
3.8538257066 0.2024039056 0.4664390439 3.8550644252 0.0663321012 0.4635127703 
3.8535857962 0.1965363727 0.4665838982 3.8512504047 0.0538386099 0.4668734107 
3.8509726762 0.1974801090 0.4681990080 3.8524326100 0.0495758328 0.4659155842 
3.8577706848 0.1985846688 0.4656691274 3.8420279610 0.0505627965 0.4695048575 
3.8522749394 0.1963008810 0.4677920708 3.8521318136 0.0543926419 0.4660662269 
3.8548651655 0.2013946540 0.4670753991 3.8451422177 0.0558242809 0.4681893170 
END
