0.2387497007 0.2035602556 0.9489088149 0.9370637264 0.2034398328 0.9490817900 
15 12
image_id_list 0 4 39 92 93 12 47 74 12 47 87 59 90 64 64 
line_id_list 157 1 112 74 12 166 58 51 134 136 180 153 173 149 160 
line2d_list
371.1930847168 306.6186218262 416.8185729980 329.3639526367 
725.1831054688 21.4191951752 541.1495361328 45.1593513489 
680.7113647461 394.8750305176 717.0865478516 419.8740234375 
799.6812744141 362.0786132812 770.1052246094 340.2101135254 
533.0205688477 168.0346527100 428.9612731934 165.8183593750 
650.0799560547 77.8158874512 702.2305297852 100.4692306519 
614.9484252930 128.2622375488 493.7192993164 104.4277572632 
490.0955810547 176.3491668701 324.0059509277 151.9595184326 
605.4345703125 58.2782058716 642.2023925781 74.5424728394 
472.7548522949 100.3004608154 440.7606811523 94.2696380615 
456.3883666992 346.8835144043 487.9562377930 357.1347351074 
566.2648925781 303.6054992676 706.6044311523 367.8639221191 
742.6569824219 294.8813171387 719.6405029297 285.9236450195 
699.2411499023 403.5785217285 736.7148437500 421.5932006836 
745.2811889648 426.3757324219 764.0719604492 434.8403320312 
node_id_list 1083 1084 1085 1086 1087 3535 3536 3537 7182 7183 7184 12607 12626 13123 13233 
score_list 8.1559554077 4.2750449730 1.4235118823 3.6693247088 5.1210395330 2.8070557117 4.1249504323 4.4940995193 4.1522553342 5.1930220700 2.9824334851 0.9714638331 3.1419572047 3.2957770248 2.2653843227 
line3d_list
0.2093776498 0.1861653474 0.9566307114 0.5599282603 0.1870006431 0.9561459748 
0.9370663893 0.2141992692 0.9458220499 0.2974215435 0.1862489985 0.9534088439 
0.3155784676 0.1842279146 0.9569186852 0.6644335074 0.2033338211 0.9528086516 
0.3216969720 0.1872737251 0.9563085048 0.2417680496 0.1915577979 0.9555308054 
0.9337242902 0.2106032942 0.9481011739 0.4249815683 0.1906978231 0.9526262109 
0.5413682519 0.2049679338 0.9491220161 0.8471048407 0.1973685462 0.9513734674 
0.9380728015 0.2132581117 0.9464496005 0.5033451611 0.1945645521 0.9514094942 
0.9404977768 0.2009509172 0.9500249752 0.3250491677 0.2013003581 0.9492626299 
0.2234964313 0.2164433378 0.9458729194 0.4943663871 0.2027286760 0.9496417772 
0.4112170141 0.2010487531 0.9494470996 0.2620939506 0.2109810981 0.9454854543 
0.2586834445 0.1938802846 0.9550544474 0.4461137925 0.2076931449 0.9479158305 
0.2470087493 0.2086774369 0.9470372646 0.8279890830 0.2024793448 0.9494604556 
0.4467316191 0.1923725684 0.9535055408 0.3141570513 0.2083736906 0.9462539584 
0.2387499060 0.2045743182 0.9487863104 0.3763404798 0.1943112974 0.9531027853 
0.3979372608 0.2012362202 0.9499978393 0.4585389212 0.1958309793 0.9534377305 
END
