0.0006694029 -1.2710516436 1.6743924622 -0.0014896054 -1.2718198039 1.9918262424 
26 24
image_id_list 1 17 32 46 58 79 87 90 9 10 20 31 33 37 76 86 96 98 45 81 93 43 95 40 40 43 
line_id_list 122 179 90 185 125 66 161 127 51 146 73 110 90 54 61 69 42 44 46 36 177 20 19 32 54 193 
line2d_list
202.2626953125 1.9766726494 199.6669006348 84.0211029053 
109.3030319214 28.1873226166 125.4207077026 88.1556930542 
519.4381103516 108.9909591675 520.4497070312 158.0113525391 
103.7903213501 9.0271606445 115.1992645264 97.1037216187 
104.9650115967 59.9995117188 104.9381256104 116.9999694824 
511.0424499512 0.9216201901 509.0777282715 24.9245090485 
59.1182594299 60.9942779541 64.0029602051 161.9514770508 
334.9675292969 0.9923374653 334.5444030762 58.0040397644 
592.2823486328 162.9945526123 591.9559936523 206.0072479248 
523.3794555664 101.8879547119 516.1321411133 142.0238647461 
649.3788452148 80.1279296875 644.8374023438 129.0776977539 
583.5008544922 126.9923095703 584.1149902344 166.9982299805 
638.8376464844 84.9485397339 641.9130859375 135.0053405762 
477.3721008301 69.9885864258 479.1517944336 128.0260162354 
519.0473022461 12.9401769638 516.0254516602 61.0643920898 
535.7698974609 60.9782867432 534.6574707031 123.9939498901 
701.5306396484 71.0500717163 693.1361083984 160.0128479004 
699.3012695312 87.8924560547 694.0505981445 122.0077896118 
572.8147583008 21.9679317474 556.7194213867 114.9514312744 
703.3690185547 0.9857844114 704.4475708008 28.9827575684 
35.5712318420 0.8300409913 46.9338531494 39.0196800232 
666.7474975586 9.0027360916 667.9286499023 118.0007705688 
799.0112915039 64.0022888184 785.2033081055 132.0412597656 
0.6459689140 87.1018218994 26.7277927399 177.7906951904 
24.9197216034 179.3050689697 1.1040288210 94.9706192017 
669.4320068359 96.9987487793 669.2087402344 19.9993953705 
node_id_list 1795 1796 1797 1798 1799 1800 1801 1802 5401 5402 5403 5404 5405 5406 5407 5408 5409 5410 6520 8991 8992 9404 9405 12113 12119 12120 
score_list 5.8835332823 7.8990281232 10.5023405374 9.4431824684 7.0974648344 9.0147543414 10.3443746176 10.6710385101 7.1764368189 7.8160178579 7.9210638425 6.6365386783 5.6975922719 7.2335600241 10.4444738649 8.5728669294 8.2605710858 6.6036932068 7.3249763760 2.4959200117 4.9422991865 8.6992966775 4.4223503181 6.7962871547 6.6299585167 6.8010143875 
line3d_list
-0.0017036993 -1.2713696917 1.9560447834 0.0012601300 -1.2713514165 1.6894142546 
-0.0100899111 -1.2733730498 1.9745526552 0.0048794702 -1.2710376945 1.7094967546 
-0.0162345178 -1.2755698296 1.9598098319 -0.0060789414 -1.2747378631 1.7049170547 
-0.0043069638 -1.2720637647 1.9942632335 0.0029128380 -1.2708260508 1.6896402836 
-0.0042963332 -1.2719371559 1.9810713674 0.0049218451 -1.2720518909 1.7652306943 
-0.0034280866 -1.2726071289 1.8293171098 -0.0021753549 -1.2730343811 1.7450045167 
-0.0016314385 -1.2703792828 1.9918287636 0.0044749648 -1.2715081048 1.6760189419 
-0.0010120541 -1.2718071653 1.8867217165 0.0054676127 -1.2716845776 1.7142475583 
0.0018085881 -1.2711558694 1.9550570750 -0.0045504235 -1.2737831670 1.7119411424 
-0.0065272596 -1.2722567967 1.9673911501 -0.0035480859 -1.2731997485 1.7741791016 
-0.0057922077 -1.2731511644 1.9742808700 -0.0045940120 -1.2725358530 1.7713191139 
-0.0116073595 -1.2729502001 1.9717337608 -0.0032288081 -1.2730847993 1.7839890190 
-0.0042833360 -1.2722405787 1.9781112135 -0.0085127798 -1.2748922010 1.7777709945 
-0.0130890259 -1.2756085762 1.9694904212 0.0049899234 -1.2689558174 1.6992441728 
-0.0039492801 -1.2718772762 1.9717462848 0.0026361276 -1.2728423219 1.7776004145 
-0.0117858350 -1.2729473330 1.9757330010 0.0002236129 -1.2731402615 1.7066279278 
-0.0058293385 -1.2731668341 1.9870650056 -0.0031017151 -1.2716834646 1.6829956352 
-0.0042953209 -1.2722480925 1.9775435121 -0.0071198807 -1.2740189319 1.8437498177 
-0.0071482774 -1.2721949731 1.9942228681 0.0014076576 -1.2724190180 1.6871874473 
-0.0061300988 -1.2729172714 1.7938132483 0.0016678046 -1.2700609602 1.6844898690 
0.0009916718 -1.2719815932 1.7897571993 0.0026844215 -1.2722453024 1.6839339268 
-0.0082824896 -1.2723410092 1.9908411063 0.0110283259 -1.2718295552 1.6742121381 
-0.0034406819 -1.2718055717 1.8397270687 -0.0021099043 -1.2710934897 1.6691325645 
-0.0018404000 -1.2724201636 1.9597742049 -0.0015944246 -1.2714823571 1.6777409279 
0.0090822385 -1.2722450112 1.6744467938 0.0080650345 -1.2719554799 1.9363423887 
0.0144779737 -1.2671978851 1.7365174310 0.0181140202 -1.2664973933 1.9573582382 
END
