0.7436079859 -3.1926204992 1.0085770936 0.9813414210 -3.1865734163 1.0149878474 
38 38
image_id_list 2 15 33 34 38 41 43 51 53 77 80 88 96 7 76 95 98 9 10 19 20 37 86 99 16 31 57 84 13 14 21 56 60 23 83 89 49 78 
line_id_list 95 92 77 40 86 28 127 112 122 97 123 131 66 100 75 117 54 79 127 82 68 56 89 147 64 98 145 109 114 26 150 104 81 54 146 143 105 89 
line2d_list
206.7370300293 209.8675994873 243.1181182861 178.9618835449 
0.6486854553 125.4804382324 20.7312259674 120.8374633789 
238.8744659424 333.1573181152 268.8060607910 328.6982727051 
460.1345825195 92.0446853638 485.9635925293 88.7173080444 
273.8198547363 292.8564147949 299.8050842285 288.7626647949 
10.2071275711 344.7403869629 51.7531394958 333.1175842285 
10.3457527161 420.6578369141 53.8821601868 397.7757873535 
355.0314941406 244.6382904053 415.9818420410 241.6319580078 
334.9879760742 273.1735839844 382.0392761230 276.4328918457 
274.8386840820 310.5968627930 318.6296691895 293.0744628906 
402.9251403809 223.1857299805 444.0767822266 225.7834014893 
238.9656982422 246.4724731445 296.1001892090 250.6197204590 
178.1127777100 304.6386413574 212.7393951416 298.5241394043 
38.2509880066 11.1604318619 87.8760757446 0.4270568788 
21.0124778748 240.0767059326 46.8177642822 235.8795623779 
60.0760803223 298.3523864746 112.7783355713 286.9733581543 
186.0048370361 280.0509948730 207.9024658203 277.9724121094 
250.9499206543 324.5214538574 266.8801574707 322.8546447754 
85.0162963867 233.5580596924 108.9666824341 232.8588104248 
242.0634613037 232.6844329834 261.9849243164 230.8373565674 
193.0318145752 279.1655578613 216.9184722900 274.5756835938 
38.8354415894 300.3767700195 58.7661247253 295.1142578125 
66.7571029663 304.1973266602 90.6843414307 296.9568481445 
44.9693756104 308.3937988281 68.0241622925 308.9003601074 
303.3234863281 182.1048431396 324.6650695801 175.8560943604 
193.1289520264 337.9463500977 216.9590301514 334.6993713379 
329.9279479980 226.0953674316 348.1123657227 227.2912902832 
138.7503662109 226.1564941406 163.9139709473 218.7092895508 
657.9126586914 225.0552825928 683.0714111328 227.1371459961 
419.7340698242 154.4332427979 436.7529907227 151.5446929932 
429.9804687500 139.4403533936 465.0445556641 140.9947662354 
434.0427551270 273.3408813477 475.8863830566 268.0938720703 
478.0003356934 291.0245361328 506.9953613281 290.6453247070 
520.0283203125 54.0154647827 541.9833374023 53.4030838013 
628.9748535156 305.6805114746 658.0460205078 306.7544250488 
695.8814697266 354.6404418945 760.2667236328 366.5591125488 
0.9304519296 109.9245223999 18.0591983795 111.2130508423 
621.9747924805 268.3317260742 646.0040283203 268.7864990234 
node_id_list 2659 2660 2661 2662 2663 2664 2665 2666 2667 2668 2669 2670 2671 4397 4398 4399 4400 5497 5498 5499 5500 5501 5502 5503 6481 6482 6483 6484 7939 7940 7941 7942 7943 8186 8187 8760 12316 13007 
score_list 15.5463276980 9.2503640463 9.5026606853 8.3923426801 14.2538157254 9.2686594776 11.1757417623 8.1072533107 10.1008027336 15.6295243882 9.1136942036 12.7993206904 9.6908146857 4.8412948159 6.2643435076 9.6461895388 8.5387336299 8.4811571775 5.9461290056 7.1252969294 9.7538534589 4.1521178159 8.4073028131 11.8865895319 10.6631377538 11.1158444186 9.0795609697 11.0842472018 6.2311997884 8.5347747218 4.2388386059 12.6701908040 7.9285104883 8.0077102825 8.9506427299 10.1667596246 4.3723886630 2.6522126027 
line3d_list
0.9338766531 -3.1882546332 1.0136458724 0.7641481276 -3.1920373824 1.0090123652 
0.8864100794 -3.1790621075 1.0149926461 0.7622090509 -3.1907919409 1.0092916493 
0.9590905117 -3.1795434704 1.0164350923 0.7678623480 -3.1935415805 1.0087046342 
0.9492123241 -3.1787739649 1.0162138814 0.7714906923 -3.1869393403 1.0096074880 
0.9198772508 -3.1864991679 1.0144764833 0.7639909680 -3.1893724670 1.0090152845 
0.9689575337 -3.1843682238 1.0154039285 0.7692240381 -3.1859108162 1.0107012180 
0.9460194276 -3.1813494482 1.0165845813 0.7643590119 -3.1918372370 1.0092654329 
1.0029572293 -3.1815358019 1.0157017306 0.7688998994 -3.1939561976 1.0092775044 
0.9673231588 -3.1782899141 1.0162631521 0.7649032015 -3.1956448413 1.0081276790 
0.9614294201 -3.1827334601 1.0157733373 0.7644766805 -3.1931900894 1.0088998736 
0.9600745630 -3.1849768418 1.0148817034 0.7645963668 -3.1949259161 1.0082266175 
0.9916236735 -3.1841142731 1.0156668271 0.7682451489 -3.1920919010 1.0093806134 
0.9533716862 -3.1799620946 1.0162039070 0.7600343717 -3.1941145969 1.0083881858 
0.9491717536 -3.1703607071 1.0171735607 0.7635629818 -3.1979053498 1.0086812575 
0.9029223473 -3.1898922138 1.0132985236 0.7631735442 -3.1908554153 1.0091418914 
0.9727912094 -3.1698820980 1.0191371082 0.7649168350 -3.1946478348 1.0084611582 
0.8989814883 -3.1873051749 1.0133329031 0.7603480485 -3.1923982812 1.0089658891 
0.9242764417 -3.1614935959 1.0203380275 0.7400861073 -3.2126375270 1.0031829563 
0.9305308323 -3.1701286464 1.0165176736 0.7697095869 -3.1835081443 1.0101811442 
0.9278341499 -3.1750570524 1.0179328375 0.7496921104 -3.2092954074 1.0038492451 
0.9262347529 -3.1857572702 1.0150391143 0.7661160655 -3.1915959165 1.0090289509 
0.9003257263 -3.1825028952 1.0161065662 0.7441934184 -3.2104741534 1.0037080311 
0.9113563407 -3.1871095307 1.0141209302 0.7581465168 -3.1956524093 1.0080339016 
0.9216540918 -3.1734257259 1.0170016119 0.7672463155 -3.1872374134 1.0099543101 
0.9165889712 -3.1923677885 1.0138991140 0.7631945063 -3.1909689028 1.0090104648 
0.9321724533 -3.1866095355 1.0148648210 0.7683744148 -3.1938202845 1.0085990279 
0.9007386490 -3.1927159027 1.0124935127 0.7620066113 -3.1923525003 1.0087148287 
0.9229480409 -3.1823289804 1.0158025853 0.7619117306 -3.1935801722 1.0084962805 
0.9218923102 -3.1801059037 1.0151891664 0.7745030600 -3.1783265343 1.0107307504 
0.9007446591 -3.1856157174 1.0142154514 0.7652172195 -3.1882848912 1.0094108316 
0.9561908856 -3.2058662015 1.0105771275 0.7681719014 -3.1879842293 1.0100380239 
0.9582137445 -3.1702354902 1.0180238142 0.7641978339 -3.1925913869 1.0088419104 
0.9659683186 -3.1699825652 1.0190481658 0.7683190582 -3.1942650265 1.0085279714 
0.9249855492 -3.1891043251 1.0145818626 0.7651858334 -3.1924021574 1.0088980381 
0.9523442190 -3.1769830610 1.0165268467 0.7710375305 -3.1838400607 1.0099629768 
0.9808941496 -3.1724170636 1.0182209656 0.7669580988 -3.2011595735 1.0070679221 
0.8203708025 -3.1810551202 1.0136447393 0.7566574240 -3.1992332798 1.0068329318 
0.9348638264 -3.1611766305 1.0211129404 0.7332818874 -3.2188952682 1.0013001925 
END
