0.2185010090 0.2033239771 1.2059492902 0.9496372276 0.1960095700 1.2069229089 
13 13
image_id_list 0 85 93 1 12 39 47 58 59 64 74 87 90 
line_id_list 186 160 22 134 196 67 119 147 155 158 150 126 147 
line2d_list
385.3598022461 265.4482727051 491.4131469727 312.3276367188 
680.6941528320 127.9096679688 732.5485839844 145.3426513672 
389.0258178711 111.1217422485 533.0415649414 107.8052291870 
471.5765686035 212.6905670166 603.7979736328 245.8066253662 
634.2896118164 0.0280418154 721.9552001953 26.1504001617 
689.4348754883 343.0331726074 731.4461669922 366.0124816895 
434.7954101562 16.7335147858 629.9104003906 39.7594223022 
474.6796569824 275.9759826660 504.7249145508 285.8380432129 
575.5031738281 218.9487609863 738.3892211914 260.4732971191 
725.6550903320 310.0943298340 799.5131225586 333.3718566895 
294.8498229980 75.4674301147 412.9434204102 87.5529098511 
458.6712036133 288.6539001465 571.9646606445 311.1777954102 
717.5972290039 216.3943939209 799.2916259766 239.9904174805 
node_id_list 1177 1178 1179 1834 1835 1836 1837 1838 1839 1840 1841 1842 1843 
score_list 10.1154847616 4.5295962615 9.0039969341 7.8465340715 5.1995547879 4.3343556827 6.2514321280 3.6191398685 2.6539887011 8.4006782300 6.4769485649 6.7726165829 7.3533062522 
line3d_list
0.2074544421 0.1833759211 1.2104870242 0.9561568052 0.1812875265 1.2109792812 
0.2538881554 0.1984958473 1.2089639951 0.6820599884 0.1942891954 1.2084670237 
0.2282889348 0.2033517819 1.2067323467 0.9496141592 0.1937324464 1.2071389190 
0.2185017560 0.2035009249 1.2067176831 0.9515857600 0.1887293069 1.2095842952 
0.3686928990 0.1973993242 1.2066522264 0.8465228059 0.2023076702 1.2059090401 
0.2146794263 0.2169142691 1.2039690289 0.6779305056 0.2024471891 1.2062029100 
0.2276714190 0.2081559498 1.2048760777 0.9463204940 0.2016296551 1.2060322770 
0.2381291831 0.2161819459 1.2040821079 0.5812121742 0.2054676502 1.2057365166 
0.2511117939 0.2044475081 1.2054852960 0.8779881030 0.1877474248 1.2082934627 
0.2377417876 0.2025614614 1.2065408384 0.4625291091 0.2027961199 1.2058332908 
0.2320182872 0.1957221175 1.2069094784 0.6654263583 0.2051032521 1.2054295035 
0.2422552068 0.2080235095 1.2048995408 0.8772774603 0.2022566582 1.2059211970 
0.2386033415 0.2046515081 1.2060322753 0.6227542266 0.1998827064 1.2060748938 
END
