3.8173021935 -0.8914440325 0.8549209410 3.8179354409 -0.6088364404 0.8545587588 
5 5
image_id_list 22 24 25 52 70 
line_id_list 17 52 63 218 218 
line2d_list
327.1654968262 84.9683532715 245.8072509766 98.8721542358 
723.8834228516 267.7780456543 565.8364257812 244.0915832520 
431.0639343262 361.7918090820 350.9707031250 357.5534362793 
0.8874188066 353.6477661133 62.0462837219 348.5559082031 
221.9822998047 154.2110900879 291.0148620605 152.6617584229 
node_id_list 9846 9847 9848 10628 10629 
score_list 4.6109893189 3.9623022111 4.8946604709 0.7565382475 2.4953510536 
line3d_list
3.7899195499 -0.8850598564 0.8707883232 3.7946905338 -0.6087657462 0.8690789283 
3.7911425507 -0.8946958331 0.8704857068 3.7926422590 -0.6037640648 0.8696045130 
3.7954042633 -0.8926397933 0.8685836737 3.7942504461 -0.6087859939 0.8694199403 
3.7785223096 -0.6342315571 0.8600347138 3.7892022921 -0.8913760347 0.8588485089 
3.8013438101 -0.6044213465 0.8565903633 3.7970698527 -0.8877230481 0.8561283164 
END
