0.6017919775 -3.0000624411 0.7057384669 0.5999397960 -2.9975176107 0.8343430166 
41 40
image_id_list 2 3 7 15 21 33 38 41 43 49 51 53 56 77 80 81 88 95 96 37 45 76 79 84 86 98 3 9 10 16 23 31 34 57 83 97 99 13 78 14 19 
line_id_list 73 170 76 145 47 115 98 47 107 35 108 68 31 81 18 92 16 43 84 81 99 122 113 169 146 57 192 161 128 151 51 113 69 119 77 71 56 29 59 116 140 
line2d_list
356.6837463379 264.9190979004 355.4194946289 222.9873504639 
266.1864318848 315.9718322754 265.7743530273 283.9900207520 
193.3001556396 92.0922012329 189.2005004883 60.9735832214 
85.1192092896 166.2351531982 80.3005218506 148.1867523193 
502.9393005371 203.9904785156 506.0722961426 184.0113372803 
317.0809326172 374.9380798340 316.0531005859 356.9969482422 
350.8778381348 350.0835876465 352.8861083984 328.9891662598 
116.8288345337 377.8034973145 112.4044189453 359.1412048340 
150.9268341064 452.2230834961 145.6967163086 427.0630493164 
113.5498733521 225.1222381592 116.2521057129 190.8621368408 
470.4663696289 323.0017700195 470.5656433105 296.9945373535 
425.4002380371 353.0412292480 427.8888244629 328.8855285645 
541.1312866211 347.0084533691 542.8766479492 319.9276123047 
399.1865539551 357.8528442383 395.9805603027 332.0024108887 
491.1083679199 300.1742553711 494.6282043457 277.7843322754 
316.0546875000 296.9910278320 312.7856750488 277.0350952148 
341.4038085938 334.0508728027 344.4590759277 309.8058166504 
189.7870330811 360.0480041504 188.7961730957 335.0080566406 
267.5373535156 355.0183410645 266.7445373535 335.0101318359 
122.8398895264 342.8963012695 120.3927688599 323.0749816895 
11.6067981720 316.0321655273 13.0951442719 287.9520263672 
113.5339126587 292.9648132324 112.0906906128 271.0599060059 
32.2653198242 292.9643249512 28.7771167755 267.0299682617 
227.7922058105 269.9186401367 225.6478576660 249.0361633301 
155.2957611084 346.9693908691 153.2260894775 326.9765930176 
259.9989624023 338.0853271484 261.8083801270 316.8982238770 
262.4272155762 284.0068054199 262.5614624023 315.0018920898 
306.4389953613 363.9963073730 306.3044433594 347.9974365234 
154.6999053955 288.0638427734 156.3611602783 269.8505249023 
376.5097351074 218.9385070801 374.4594726562 201.9445648193 
577.8783569336 107.1635589600 581.1054077148 89.8334197998 
265.3155212402 379.9832458496 264.3628540039 362.0338134766 
529.2716064453 138.0704498291 530.2749023438 119.9598312378 
382.4428100586 279.2322387695 385.0542297363 263.0087280273 
699.2821044922 365.8789672852 702.3434448242 347.7207031250 
489.3562927246 367.0301513672 490.8826293945 348.9900817871 
113.6345138550 362.0747375488 115.7806549072 343.8563537598 
723.4780273438 293.8512573242 729.2001953125 273.7720642090 
693.6897583008 332.1069030762 696.9619750977 310.9941101074 
483.0588378906 195.9978332520 482.4343566895 178.9840545654 
304.7712707520 277.0420227051 305.6461181641 260.9807128906 
node_id_list 2537 2538 2539 2540 2541 2542 2543 2544 2545 2546 2547 2548 2549 2550 2551 2552 2553 2554 2555 3420 3421 3422 3423 3424 3425 3426 3491 5820 5821 5822 5823 5824 5825 5826 5827 5828 5829 7484 7485 8410 9279 
score_list 16.6883309432 11.4724830719 9.8280433045 12.2335328155 13.2612554738 12.3412447151 12.3915227114 14.5308881470 8.5542483298 9.3788030534 13.8146278181 14.7608418713 12.6044777971 12.9724987567 16.0671930433 14.7560656908 15.6882631516 12.4992316377 11.6472280572 8.3908491338 8.7700437504 7.9785454708 8.8132374491 6.2974261414 9.3393505535 9.0585340985 10.6153544826 9.0734647276 8.9742718896 10.9476152716 10.9061104129 11.8033844850 10.1876735983 8.1387130997 12.0118941020 12.8312811663 6.9386284325 7.2613104755 9.3706239928 10.3211527925 5.0291233627 
line3d_list
0.5983200654 -3.0063610703 0.7033958326 0.6015225833 -2.9953323472 0.8300668261 
0.6010113757 -2.9994377953 0.7057148641 0.6032259789 -2.9946699963 0.8316313063 
0.5989976554 -3.0016532095 0.7306174320 0.6012988902 -2.9971823493 0.8296697722 
0.5953664863 -3.0072008900 0.7271143065 0.6026683476 -2.9949897912 0.8310705799 
0.5991507107 -3.0024639283 0.7238146329 0.5982945222 -2.9995983376 0.8293591783 
0.6065542533 -2.9963025530 0.7277124843 0.5987244317 -2.9987978082 0.8287242705 
0.6002801106 -3.0013557501 0.7263335089 0.6048069565 -2.9917295765 0.8342985804 
0.6007772409 -3.0007153813 0.7287618617 0.6002485728 -2.9978335851 0.8277786322 
0.5987910124 -3.0019262088 0.7301704965 0.6026455884 -2.9954322942 0.8306696408 
0.6004337606 -2.9998387071 0.7282815397 0.5988065897 -3.0003930128 0.8296683928 
0.6017398134 -2.9996131959 0.7290960534 0.5998900777 -2.9973490423 0.8295396808 
0.6017189323 -2.9997043783 0.7276035768 0.5997960072 -2.9974766052 0.8291875964 
0.6014019202 -3.0001802214 0.7253830231 0.6000751354 -2.9970681737 0.8309055111 
0.5959465234 -3.0054265004 0.7234634505 0.6002958646 -2.9959619821 0.8314102584 
0.6018644988 -2.9983743040 0.7308731774 0.6015803453 -2.9945815756 0.8294214516 
0.6064027538 -2.9963508337 0.7296669642 0.5987394535 -2.9987930210 0.8285304764 
0.6013648679 -3.0000933132 0.7283298853 0.6001071407 -2.9971432439 0.8283600491 
0.5992833035 -3.0013036202 0.7294081917 0.6020949963 -2.9961400486 0.8307703667 
0.5972924539 -3.0035952211 0.7260665961 0.6073801173 -2.9892716733 0.8326148095 
0.6041716777 -2.9971782879 0.7273525817 0.5975390274 -3.0001454312 0.8290385909 
0.5970897072 -3.0036173695 0.7258926594 0.6082618386 -2.9901899397 0.8331807062 
0.6032665604 -2.9984277996 0.7269259065 0.5974188005 -2.9995901137 0.8304842055 
0.6022279723 -2.9990879827 0.7291550317 0.5994071804 -2.9981194350 0.8324344760 
0.5928184270 -3.0094755727 0.7226859472 0.6065883665 -2.9902875380 0.8343162044 
0.6088534872 -2.9940613356 0.7299673084 0.6034524698 -2.9951618435 0.8292139462 
0.6142922128 -2.9896347979 0.7309110564 0.6172119586 -2.9805654936 0.8368446457 
0.5874765052 -3.0095384131 0.8256985481 0.5849711880 -3.0154479042 0.7027792969 
0.6019842982 -2.9994546340 0.7216931206 0.6040332848 -2.9928028941 0.8308787393 
0.5989560128 -3.0026150034 0.7237831170 0.6030938855 -2.9944708695 0.8297254513 
0.6001200283 -3.0005702023 0.7260749174 0.6012597746 -2.9941880495 0.8272018743 
0.6020080740 -2.9997728525 0.7266914632 0.6028714291 -2.9937538619 0.8289900316 
0.5991064598 -3.0027827824 0.7264338378 0.6061250419 -2.9901273073 0.8341759202 
0.6088007401 -2.9934050260 0.7309389980 0.6014384568 -2.9948509266 0.8329045917 
0.5959063544 -3.0054071973 0.7259311126 0.6038813936 -2.9938690118 0.8300772021 
0.6003148489 -3.0008675088 0.7259480069 0.6018759235 -2.9949647974 0.8285578257 
0.6007243840 -3.0010846589 0.7218956432 0.6026688039 -2.9930831979 0.8320948594 
0.6052209064 -2.9972141431 0.7254015848 0.5927401253 -3.0026765932 0.8268763540 
0.6065944458 -2.9937863420 0.7302534849 0.5975232477 -3.0001450973 0.8299826402 
0.6053121123 -2.9953284088 0.7298819584 0.5974909689 -3.0000949360 0.8319750396 
0.5954836781 -3.0071904417 0.7251075080 0.5992114753 -2.9984974772 0.8268876526 
0.6054962841 -2.9967729224 0.7310919535 0.5789625494 -3.0153992580 0.8237636494 
END
