1.6733016110 -3.0989535938 1.2483762712 1.7334605259 -3.0801473627 1.2501691270 
7 7
image_id_list 38 51 53 56 80 88 77 
line_id_list 31 18 56 78 82 37 20 
line2d_list
106.0997695923 268.5798645020 119.0602035522 266.3499145508 
143.1065673828 197.9611968994 160.1191864014 196.0751190186 
137.8965911865 206.2917175293 153.0397033691 207.5039825439 
216.1887512207 234.5840911865 234.0542602539 232.4553070068 
217.9048461914 155.1406860352 232.0566253662 156.3211822510 
15.9386749268 170.9472503662 36.9799652100 172.3094787598 
23.4118175507 336.9862976074 47.0487747192 327.1168212891 
node_id_list 11919 11920 11921 11922 11923 11924 12797 
score_list 4.3037997777 2.2573126485 2.5589725143 3.8837002074 2.4771119901 2.6842529987 5.4847942693 
line3d_list
1.7398979973 -3.0764095836 1.2511799059 1.6855147344 -3.0921846381 1.2489318285 
1.7292684437 -3.0898110188 1.2475199024 1.6731295014 -3.0985224409 1.2496287795 
1.7270083948 -3.0802025895 1.2506437054 1.6759594388 -3.0991674016 1.2482741558 
1.7346238695 -3.0837846272 1.2492865926 1.6798938378 -3.0945033699 1.2485022082 
1.7317542474 -3.0788412033 1.2507409941 1.6799376242 -3.0975891698 1.2484895312 
1.7305700684 -3.0836389252 1.2494978027 1.6703571043 -3.0929640702 1.2493420278 
1.7351519906 -3.0815330574 1.2496879845 1.6725043596 -3.0991335826 1.2485171555 
END
