2.1837765282 -2.9991213719 0.7281597151 2.1839327502 -2.9984797057 0.8310332727 
25 25
image_id_list 9 14 16 57 82 13 21 30 34 44 48 51 52 54 55 56 60 73 78 80 83 89 23 94 71 
line_id_list 132 121 98 57 131 27 63 27 110 31 15 107 223 75 170 123 73 79 41 58 76 44 118 53 26 
line2d_list
76.9080429077 400.9090576172 78.9308624268 421.1070861816 
240.0968170166 241.7936401367 244.0835571289 262.9842834473 
109.5664520264 305.8170166016 116.4655075073 327.1726684570 
124.4880828857 266.9701232910 123.2595520020 288.0151367188 
140.4895324707 270.1230163574 145.3189697266 290.1641235352 
419.1462097168 268.8917236328 416.2280273438 291.9020996094 
181.7177581787 183.0139160156 182.8026885986 205.0097351074 
749.7163696289 323.9441833496 744.7574462891 349.1490173340 
263.0258483887 171.8267059326 266.2851867676 191.1207580566 
619.6236572266 231.9220123291 614.0534057617 258.8038635254 
452.9925537109 301.9997863770 452.2259521484 327.0375366211 
19.6827373505 330.6522521973 25.1226158142 356.9746704102 
609.4469604492 354.0212097168 608.5449829102 373.0258789062 
470.9988403320 323.8928222656 473.3783874512 346.0667114258 
582.9720458984 356.9273376465 584.4752807617 377.0392150879 
68.8578033447 412.7151184082 73.9399414062 445.8558654785 
266.2370605469 346.9201049805 267.4715881348 366.0341186523 
350.6039428711 69.6938247681 356.4105529785 100.1125183105 
388.6236267090 336.9833374023 387.5611877441 360.9805603027 
78.3961334229 275.9419860840 79.5626144409 304.0181579590 
413.6806640625 349.9830017090 412.6669006348 369.0354919434 
378.4029846191 354.9712219238 377.3406372070 377.0164184570 
329.3052368164 113.9960556030 329.5639953613 134.0056457520 
688.2062377930 0.7142513394 684.0122070312 12.3644008636 
634.8020629883 100.8976364136 629.5621948242 162.2189331055 
node_id_list 5728 5729 5730 5731 5732 7459 7460 7461 7462 7463 7464 7465 7466 7467 7468 7469 7470 7471 7472 7473 7474 7475 8412 9608 11497 
score_list 3.5287840494 9.1353809582 5.9223189744 6.1963083758 5.2936936163 10.9144853863 11.5388311440 14.0018518286 10.3198591215 14.4527192440 13.6888819044 8.6114070104 12.8253116982 17.6651899770 15.7921288666 6.5269060281 10.2884341768 14.3479057039 10.9704902004 9.7726666667 13.1200051828 14.5846965129 7.0413774733 9.5067248294 7.0416971079 
line3d_list
2.1754081023 -3.0184932415 0.8248935582 2.1838091259 -2.9988521555 0.7294923602 
2.1836182517 -3.0004359950 0.8296433208 2.1848759349 -2.9978553519 0.7307845328 
2.1795669089 -3.0089023395 0.8267510834 2.1808244776 -3.0063219899 0.7277783151 
2.1836185789 -3.0004353237 0.8296176023 2.1848527671 -2.9979028899 0.7326056098 
2.1787398321 -3.0111935430 0.8263936635 2.1834970560 -2.9989072012 0.7301557970 
2.1831200831 -2.9987263743 0.8274394237 2.1837577817 -2.9993752500 0.7281613271 
2.1838733235 -2.9991376766 0.8299735307 2.1831511240 -3.0003635943 0.7307076440 
2.1839297533 -2.9981330533 0.8312878284 2.1837015011 -3.0007632740 0.7326275542 
2.1839389717 -2.9996699139 0.8273801642 2.1820324319 -3.0047502480 0.7290023196 
2.1839126517 -2.9981965590 0.8319660618 2.1832281691 -2.9978253506 0.7318998015 
2.1855996052 -3.0012498505 0.8279412520 2.1832195284 -2.9988392169 0.7327042626 
2.1838622149 -2.9989708423 0.8277217972 2.1832320993 -2.9974921641 0.7311654271 
2.1839115702 -2.9974980414 0.8290835383 2.1833402002 -2.9940422432 0.7332731942 
2.1842581404 -2.9984285332 0.8275982456 2.1837707931 -2.9980108401 0.7310966711 
2.1843429111 -2.9981176434 0.8284385383 2.1836315463 -2.9984914400 0.7284659595 
2.1831068169 -2.9990851870 0.8294648559 2.1837256839 -2.9982464196 0.7332757960 
2.1868024145 -2.9936642225 0.8293090603 2.1830822426 -2.9998777044 0.7334653411 
2.1840459265 -2.9992871319 0.8288339187 2.1835890375 -2.9987409635 0.7319369830 
2.1838754930 -2.9983466362 0.8271982304 2.1830906737 -3.0022576819 0.7293918882 
2.1841643950 -2.9988649750 0.8305203048 2.1829145864 -3.0013853467 0.7323558966 
2.1846632952 -2.9979044473 0.8297750456 2.1834066570 -3.0014048446 0.7326676733 
2.1839136518 -2.9976920179 0.8301406544 2.1832885649 -2.9956281762 0.7320245719 
2.1840063350 -2.9957772605 0.8310163047 2.1828679639 -3.0012627768 0.7295148783 
2.1839238706 -2.9990341955 0.7655343407 2.1831729976 -2.9973673235 0.7343091765 
2.1825708579 -2.9959017309 0.8276420490 2.1927921252 -3.0154287892 0.6101343933 
END
