3.1231671613 -1.4361233973 1.0980753556 3.8187581710 -1.4349450070 1.0806341721 
11 8
image_id_list 22 26 26 28 28 70 52 27 30 52 44 
line_id_list 60 247 288 101 235 220 229 290 144 182 197 
line2d_list
630.3380126953 34.0719604492 487.9918518066 3.3972911835 
474.3505249023 212.2733306885 461.6761474609 228.5272369385 
465.9132995605 227.9354705811 474.5115356445 216.3806457520 
544.3577270508 158.8716735840 553.9329833984 143.9569549561 
553.5254516602 139.3444519043 540.4474487305 159.2933349609 
425.3176574707 84.9748077393 425.8348083496 112.0222778320 
182.9603118896 295.7332153320 269.0329284668 300.3914489746 
733.5505371094 215.3991088867 751.3509521484 231.7083740234 
243.6291961670 262.2524108887 133.3547210693 233.4724578857 
266.8715209961 304.8331604004 183.0031433105 298.9551391602 
17.7583332062 129.3196868896 1.1677482128 116.7780914307 
node_id_list 9970 9971 9972 9973 9974 9975 11129 11249 11250 11251 11586 
score_list 2.2509513388 1.6187953837 1.7190162588 1.6134180287 1.4914115331 2.2148704525 0.9239963572 1.8000018125 1.1148899781 1.7632956384 1.6109544565 
line3d_list
3.1638806979 -1.4416723415 1.0960774504 3.6767568888 -1.4369362584 1.0838593641 
3.7791222613 -1.4287877450 1.0939624969 3.3656913214 -1.4344309543 1.1060214588 
3.4452161901 -1.4391453657 1.0893619737 3.7285685667 -1.4360722252 1.0826973822 
3.4196041853 -1.4393108989 1.0899854312 3.7179250193 -1.4365560971 1.0828786289 
3.8197667348 -1.4196744593 1.0834420351 3.4106119478 -1.4239302698 1.0930996457 
3.9236076644 -1.4346141332 1.0779867088 3.4630127971 -1.4354531838 1.0895996084 
3.6527024006 -1.4286640703 1.0957442074 2.8508411947 -1.4421294187 1.1217300065 
3.8186836506 -1.4609951528 1.0759020962 3.3383655458 -1.4480913514 1.0867748408 
3.1231206854 -1.4273490922 1.0968146226 3.6867024435 -1.4458351355 1.0829015221 
2.8245412495 -1.4158367090 1.1059924175 3.7069939575 -1.4534168666 1.0751298871 
3.3432426575 -1.4345693122 1.0913804880 3.5709480118 -1.4420382748 1.0857591431 
END
