-0.0034299465 -1.3335033638 2.2074123383 0.1270502212 -1.4300570967 2.1929401525 
4 4
image_id_list 10 20 99 96 
line_id_list 143 37 99 38 
line2d_list
520.1607055664 49.7024497986 491.9738769531 46.2109603882 
639.9854125977 22.7132625580 606.9691772461 24.3954505920 
451.0758666992 115.2782974243 421.8729553223 112.2088546753 
690.9442749023 5.1765980721 645.0192871094 8.2848539352 
node_id_list 6507 6508 6509 9388 
score_list 2.1424705130 3.2277530777 5.6452347819 1.1678479355 
line3d_list
-0.0018540766 -1.3312655595 2.2066903607 0.1206175446 -1.4302039167 2.1944796424 
-0.0035247872 -1.3339645346 2.2073291518 0.1285458405 -1.4304337351 2.1929689434 
-0.0089440889 -1.3350469342 2.2085063425 0.1495535059 -1.4351103394 2.1894404659 
0.0004907048 -1.3280900070 2.2067509636 0.1195562960 -1.4403747840 2.1942117373 
END
