0.2636152285 -1.3499899576 0.0056600784 0.8837281479 -0.7319470723 0.0086633963 
76 30
image_id_list 0 1 4 12 47 66 90 90 93 0 1 1 4 4 4 12 46 66 93 1 3 47 66 85 85 8 32 79 4 39 66 11 11 50 50 11 11 39 7 20 62 76 79 79 84 86 8 20 62 62 65 65 65 18 18 42 42 47 62 65 65 47 11 65 65 32 47 65 79 16 81 17 18 62 91 91 
line_id_list 107 24 47 88 9 153 131 188 56 141 174 215 6 31 97 48 147 234 1 132 106 52 8 149 226 131 273 46 5 95 56 109 122 67 68 86 101 96 68 191 19 201 48 74 186 105 151 133 32 68 6 19 64 197 218 58 84 7 12 34 49 106 136 120 129 234 56 66 111 195 145 195 207 40 12 34 
line2d_list
186.9381408691 521.2390136719 137.8608093262 508.5378112793 
321.0917358398 546.3698120117 243.9981994629 542.0320434570 
427.4071044922 505.0882263184 475.4211730957 487.1257629395 
337.7154846191 335.0016784668 424.7915954590 359.7337341309 
309.9654541016 520.3369750977 162.0023803711 528.0457153320 
10.0150308609 365.2437744141 38.9837112427 365.8195190430 
457.8732299805 599.3311157227 381.9049072266 570.2483520508 
393.7704467773 577.5940551758 450.7616882324 599.6167602539 
250.3255920410 514.3442382812 323.1696472168 496.7004089355 
128.2150573730 507.2306213379 176.7753448486 520.8037719727 
242.9797515869 544.3482666016 279.9709777832 546.4993286133 
283.9620971680 546.7344970703 319.9694519043 548.5922241211 
474.8692321777 484.6453247070 426.7707519531 502.3782043457 
538.4351196289 462.2194213867 478.8183593750 483.4909362793 
479.1349487305 485.3561706543 527.9475097656 466.8613891602 
426.1470947266 357.4833068848 338.1607971191 332.4351806641 
139.4297485352 561.3570556641 173.0948486328 583.8580932617 
28.0008239746 367.4803771973 9.9992828369 367.4518127441 
368.9501342773 482.7973937988 250.9582061768 511.8301696777 
357.9984436035 549.0374145508 327.9672851562 547.7841796875 
716.0004882812 463.9987792969 790.9194335938 494.1998901367 
161.0921173096 530.7313232422 309.0457153320 522.8590698242 
143.0128936768 363.6706237793 57.9948043823 364.3271179199 
490.9671630859 486.0848083496 446.9796752930 469.0524902344 
447.7881469727 471.5228576660 489.4340515137 488.3967895508 
454.9822082520 589.0217895508 426.3187255859 565.6097412109 
590.7630615234 517.4780883789 617.6110839844 530.7846679688 
538.4804077148 512.7335205078 567.6967163086 533.4281616211 
606.0465698242 437.1262817383 578.1542358398 447.4179687500 
458.7564392090 599.3664550781 415.3304443359 570.5028686523 
59.0006980896 366.5455627441 143.0018310547 366.4382934570 
66.1748733521 375.8229980469 95.3492355347 404.6465148926 
93.0993041992 404.9004821777 64.0693283081 375.9305419922 
445.4631347656 524.6816406250 484.5847473145 581.5980834961 
481.7734680176 582.1531372070 442.6343688965 524.2471313477 
98.4753265381 407.5190124512 139.7225341797 448.2807617188 
136.3713226318 448.6286010742 95.3740463257 407.6258544922 
413.6127014160 571.5665283203 434.9123840332 586.1281738281 
764.9434204102 467.0513610840 799.2094726562 504.8099060059 
641.2013549805 599.6149291992 614.3448486328 564.7344970703 
393.4035949707 557.0386352539 386.4667358398 450.0345764160 
574.0535888672 543.9329223633 556.2423706055 529.6967773438 
571.6014404297 533.1531372070 538.3352050781 509.5279846191 
596.0792236328 549.8823852539 573.3063354492 534.5451049805 
692.3029785156 533.7712402344 673.8856201172 517.1265258789 
617.5629882812 577.5807495117 598.7058715820 563.3908081055 
424.2630004883 566.8913574219 456.5289916992 593.5696411133 
613.9424438477 562.0454101562 641.7015991211 597.2354125977 
381.4415893555 338.9721984863 392.3973693848 513.0379028320 
390.5804138184 458.0285339355 387.1827392578 408.0555725098 
194.1690216064 369.5841369629 279.6783142090 491.2261352539 
208.4204864502 391.7077636719 193.5509033203 370.3121032715 
255.1733703613 452.8786926270 207.7827911377 385.1519775391 
324.6116638184 485.4413757324 282.5876159668 448.4687194824 
250.3854217529 418.5478515625 277.4628906250 441.6300964355 
345.4111938477 599.3258666992 326.7401733398 565.5903320312 
331.5425415039 569.6925048828 348.3589172363 599.3633422852 
99.9787292480 532.7056274414 137.0021972656 530.0304565430 
383.2165222168 397.9876708984 379.7948913574 337.9546813965 
151.4991760254 306.6520690918 193.3778228760 366.7366638184 
190.5977020264 367.2784729004 145.7451934814 302.4841613770 
149.9684906006 531.4900512695 98.9778213501 534.6411743164 
162.8509521484 473.1480102539 177.7983551025 488.2002258301 
284.8735351562 500.0911865234 328.8590087891 561.1016235352 
311.7360839844 534.1844482422 287.5675048828 499.6033630371 
623.9613037109 531.0827026367 593.1533813477 516.6721191406 
349.0020141602 518.0353393555 319.9255676270 519.6994628906 
278.0467529297 492.6665954590 253.3992767334 457.4200744629 
571.2940673828 536.0110473633 628.3889160156 575.8752441406 
749.5628051758 448.3752746582 718.1967163086 411.8311462402 
778.9323120117 467.1246032715 799.4077758789 478.2495117188 
306.9728698730 457.1177673340 290.6855468750 453.3646240234 
283.9772338867 447.0262145996 326.8208312988 484.2064514160 
393.4213867188 515.9754638672 395.9835510254 560.0009765625 
669.9436035156 599.4364624023 682.9028930664 571.4176025391 
682.1991577148 577.0880126953 672.4339599609 599.1917114258 
node_id_list 835 836 837 838 839 840 841 842 843 1033 1034 1035 1036 1037 1038 1039 1040 1041 1042 1828 1829 1830 1831 1832 1833 3189 3190 3191 3550 3551 3552 3553 3554 3555 3556 3639 3640 3641 4368 4369 4370 4864 4865 4866 4867 4868 4898 4899 6848 6849 6850 6851 6852 6870 6871 6872 6873 6874 6875 6876 6877 6890 6903 6904 6905 7110 7111 7112 7148 8849 8850 8998 9167 12606 12770 12771 
score_list 5.4220578949 5.6802818823 4.6209944784 8.9234263248 9.4074697106 6.0422133346 4.6802039380 3.7137905574 5.4577698278 5.8424472919 2.7819822013 4.2392327769 5.6153713408 6.6136414768 4.4354361221 10.8879720036 1.7429106705 6.2174680255 9.1768840977 4.7127396331 6.2018802768 8.2743749685 10.3011608788 5.7565006707 5.3279489943 5.7309261378 6.6068603519 4.0604332095 2.3718525227 5.0717315501 8.2555704436 4.7496506361 3.4943168408 3.9181748103 2.9952017969 6.6470668372 6.6785626315 2.8792612331 1.4429670053 0.9912784726 5.8856032408 3.2563254031 3.3208214358 2.7559769312 1.9550354818 4.1122701839 4.5532137531 0.5837395642 9.1647550679 5.8694154128 8.7142597784 5.7800507394 7.8530333625 5.9128341831 2.8130327819 4.7219630302 4.8518939233 3.8545143398 7.6970702567 6.8102768438 6.6562175489 3.9383329502 0.8263946488 1.8880532520 1.8983515012 7.5164909790 3.6691977003 5.7044480992 0.9749960868 0.9934198688 1.6991538148 4.9779999512 5.6078057351 1.8408309786 2.8860391561 2.4373302845 
line3d_list
0.6027082972 -1.0349286528 0.0143024523 0.4539783641 -1.1806932330 0.0115348434 
0.5864263562 -1.0317145686 0.0099512862 0.3714785511 -1.2411097734 0.0056252926 
0.3609196154 -1.2586500174 -0.0007685639 0.4756048524 -1.1485133239 0.0041968029 
0.5092228422 -1.1111267627 -0.0021388570 0.7940106817 -0.8346875631 0.0033110569 
0.7052822569 -0.9128689178 0.0100289585 0.4102325996 -1.2056249663 0.0081206846 
0.4946169694 -1.1224694900 0.0089106109 0.5715118193 -1.0585657774 0.0162941504 
0.6503051369 -0.9730446322 0.0130458142 0.4419936832 -1.1752905568 0.0087620498 
0.4790555453 -1.1428815426 0.0001375643 0.6346338495 -0.9915832107 0.0027905866 
0.3706366633 -1.2538803713 0.0019684091 0.5624203442 -1.0595825415 0.0000855978 
0.4211724292 -1.2038879326 0.0022699367 0.5621220538 -1.0525560429 -0.0047594626 
0.3682228502 -1.2426972350 -0.0061568332 0.4697306340 -1.1413759178 -0.0057758844 
0.4807161141 -1.1303482951 -0.0057820376 0.5829539884 -1.0330894732 -0.0017558098 
0.4701666889 -1.1411880363 0.0056196184 0.3569659442 -1.2534590930 0.0043915640 
0.6219314573 -0.9952262943 0.0065178175 0.4769881511 -1.1294060236 0.0007476620 
0.4744687323 -1.1275897554 -0.0106071012 0.5887553314 -1.0087074794 -0.0114536227 
0.7880248820 -0.8265102741 0.0080110598 0.5045755944 -1.1074155370 0.0070336028 
0.2957828148 -1.3140710744 -0.0004677436 0.4623174391 -1.1484491176 0.0002127076 
0.5342086713 -1.0854335661 -0.0011315196 0.4909822020 -1.1260999497 -0.0024180650 
0.6850493197 -0.9286954558 0.0080311571 0.3642202630 -1.2431817103 0.0030519100 
0.6854806706 -0.9232304596 0.0028776116 0.5959909369 -1.0015706057 -0.0056076935 
0.4707452208 -1.1260622010 -0.0130284290 0.6934086906 -0.9246684325 -0.0020360421 
0.3994592539 -1.2053025104 -0.0107650867 0.6960816173 -0.9096005856 -0.0093663781 
0.7918337422 -0.8206794558 0.0061588705 0.5954064684 -1.0122886392 0.0027099228 
0.7888057682 -0.8210162595 0.0054108872 0.6276139166 -0.9814624835 0.0046379199 
0.6353016576 -0.9799202329 -0.0029252765 0.7926105462 -0.8287821605 -0.0016627419 
0.7877133905 -0.8236221857 0.0061743178 0.6663841998 -0.9607571560 0.0138769793 
0.6406979475 -0.9575286453 -0.0117919398 0.7469855082 -0.8451519850 -0.0163751902 
0.6064144454 -1.0172735102 0.0014386822 0.7037280914 -0.9148137723 -0.0025430848 
0.7843956009 -0.8384868208 0.0122045854 0.7183687240 -0.9050807712 0.0122822190 
0.8020673122 -0.8190740298 0.0113660119 0.6118681522 -1.0061444021 0.0091391408 
0.6075234345 -1.0141735343 0.0039914491 0.7974375182 -0.8255276344 0.0015309719 
0.2983651249 -1.3143634079 0.0032294343 0.4721472650 -1.1411095248 0.0033928768 
0.4743038797 -1.1489142523 0.0030309945 0.2992991424 -1.3224001830 0.0025443070 
0.2883974966 -1.3237870795 0.0012461433 0.4686643655 -1.1442914269 0.0022735936 
0.4709099397 -1.1516327194 -0.0007046070 0.2876879069 -1.3333133020 -0.0009334154 
0.4914158162 -1.1228245763 0.0057479475 0.7084089758 -0.9066171375 0.0059899397 
0.7019286101 -0.9206932958 -0.0024260519 0.4866345514 -1.1364454040 0.0003186661 
0.6136201642 -1.0134789959 0.0036700534 0.7045352486 -0.9177250648 -0.0000706356 
0.5432402684 -1.0919187557 0.0123674424 0.6363370874 -0.9981984298 0.0110879574 
0.7069299335 -0.9197386092 0.0030923138 0.5620078984 -1.0722218960 0.0113460439 
0.7941392623 -0.8279645647 -0.0006847145 0.5792039224 -1.0434818409 0.0009258972 
0.7861796492 -0.8253557303 0.0062716884 0.7214781233 -0.8984860445 0.0103793062 
0.7166525724 -0.9032789925 0.0105874788 0.6026336725 -1.0187996650 0.0130831951 
0.7909078142 -0.8244353032 0.0091070612 0.7098547202 -0.8954726974 0.0001938583 
0.7886821575 -0.8263859364 0.0088623114 0.7069412685 -0.8980261350 -0.0001265266 
0.7854689018 -0.8250691730 0.0061461843 0.7164495861 -0.8991836245 0.0074816911 
0.6090250362 -0.9643491745 -0.0262049447 0.7570213130 -0.8082268781 -0.0306762274 
0.4865220612 -1.0946870348 -0.0289816530 0.6557706928 -0.9297925495 -0.0233232758 
0.2840748873 -1.3296690871 0.0031762338 0.7108380269 -0.9042971260 0.0050702281 
0.5917500930 -1.0169701720 0.0021451529 0.4733388587 -1.1355074166 0.0026492061 
0.4857317439 -1.1329652666 0.0103126288 0.7972138149 -0.8196788906 0.0091312338 
0.5415481477 -1.0775484701 -0.0018130113 0.4797943683 -1.1391739387 -0.0018271525 
0.7038753866 -0.9053093509 0.0038474681 0.5248556510 -1.0838416268 0.0032611047 
0.7105402395 -0.9161305392 0.0021980069 0.5081548598 -1.1179080730 0.0044728386 
0.3126904154 -1.2996738511 0.0008720791 0.4631407420 -1.1489502308 0.0020249667 
0.3599643606 -1.2622614576 0.0027130167 0.2675256590 -1.3538979152 0.0024559450 
0.2767578909 -1.3356716471 0.0005967313 0.3576673186 -1.2546152471 0.0012167331 
0.2857750705 -1.3264555542 -0.0003166190 0.3586461512 -1.2539524314 0.0029346977 
0.4571908464 -1.1643744632 0.0103665336 0.2875794767 -1.3325680241 0.0092146393 
0.2776412120 -1.3345562707 0.0014112737 0.4709888833 -1.1419132267 0.0020423322 
0.4746219105 -1.1481718708 0.0031208457 0.2646923785 -1.3569588468 0.0017575513 
0.3899306982 -1.2324018683 0.0019120229 0.2894125690 -1.3315800521 -0.0010644851 
0.8193721872 -0.7969340838 -0.0024111123 0.8820522232 -0.7310256642 -0.0079351506 
0.8110994236 -0.8050980050 -0.0036468060 0.9374311640 -0.6748175997 -0.0053846600 
0.8787769817 -0.7268692447 -0.0139892510 0.8055550081 -0.8007501814 -0.0107945492 
0.7979743387 -0.8230467902 0.0112581102 0.6682266207 -0.9484520256 0.0072345393 
0.7835955230 -0.8337285827 0.0105224830 0.7249597397 -0.8925071926 0.0099969014 
0.8039092316 -0.8212802201 0.0143968974 0.7226375778 -0.9029578611 0.0148004839 
0.7131989583 -0.9023984140 -0.0046993928 0.8803760235 -0.7249162580 -0.0103291258 
0.7094256561 -0.9171126733 0.0029501751 0.5296297878 -1.1062893221 0.0131900712 
0.6188639012 -1.0130749807 0.0087497694 0.6785884828 -0.9481442826 0.0033624989 
0.7606015792 -0.8234662226 -0.0127010393 0.7015777414 -0.8934945859 -0.0070199378 
0.4835075858 -1.1186942735 -0.0079014019 0.6879267441 -0.9122769815 -0.0115883474 
0.7151426919 -0.8970577710 0.0046881475 0.7982188409 -0.8148007989 0.0078809809 
0.3238313877 -1.2956520431 0.0010257017 0.2616534683 -1.3572803569 0.0012671941 
0.2683819689 -1.3443972274 -0.0008003603 0.3167489639 -1.2955662148 0.0001731827 
END
