2.9612272750 -1.4826172435 -0.0055746224 3.0440861270 -1.3947804036 -0.0014565538 
4 4
image_id_list 22 44 70 71 
line_id_list 147 138 186 103 
line2d_list
607.9426269531 377.6209411621 571.9725341797 374.2971191406 
120.9189071655 474.7232666016 87.9963912964 471.0321960449 
479.0321350098 477.9512939453 421.1435546875 439.7822570801 
226.0634765625 205.8930511475 243.7633819580 216.3986511230 
node_id_list 10301 10302 10303 10304 
score_list 1.9835294746 0.9907052815 0.9960016423 0.0000000000 
line3d_list
2.9572101622 -1.4869199104 -0.0059224700 3.0445574472 -1.3946436124 -0.0019113872 
2.9579902729 -1.4797568658 -0.0014543076 3.0354218715 -1.3979274907 0.0025230280 
2.8559463399 -1.5938980569 -0.0105726155 3.0442776763 -1.3949391708 -0.0019242346 
3.0544007658 -1.3812342415 0.0013157422 2.9630664797 -1.4821380610 -0.0062186849 
END
