2.1108188172 0.0894070203 0.5836606897 2.7350118259 0.0872613741 0.5846758662 
8 8
image_id_list 26 29 67 68 69 28 75 66 
line_id_list 171 154 71 21 147 149 48 165 
line2d_list
131.6223602295 399.5029602051 61.5577507019 452.7341308594 
229.8712921143 338.1945800781 156.5115966797 391.7014160156 
546.0300292969 405.0127868652 346.9709167480 398.9561767578 
587.9053955078 168.7958526611 442.9886474609 235.9755401611 
200.3749084473 360.9476318359 162.0444030762 376.1122436523 
218.6368408203 353.5971984863 151.2865447998 414.3178405762 
445.9904479980 200.8603515625 182.0005950928 203.0717163086 
799.3475341797 330.3503417969 737.7791137695 297.4129333496 
node_id_list 10939 10940 10941 10942 10943 11312 11430 13290 
score_list 1.9856657343 3.9833067657 7.9653599976 3.9246180622 3.9410737487 2.9737503736 2.9919909939 1.9787285876 
line3d_list
2.7290871328 0.0864864575 0.5852515833 2.2607907929 0.0872959359 0.5850153052 
2.7288756058 0.0873336330 0.5845862994 2.2772024706 0.0884805720 0.5840707589 
2.7388991454 0.0878148748 0.5843526757 2.1108188034 0.0893946793 0.5836430809 
2.7350089506 0.0866769938 0.5852086053 2.1861623705 0.0897961974 0.5832851498 
2.7236128992 0.0895347465 0.5835221803 2.4569497098 0.0876652431 0.5844495032 
2.7293926849 0.0877313913 0.5842734152 2.2252417541 0.0874440855 0.5849292645 
2.7423669582 0.0873228247 0.5845832779 2.1065147730 0.0913558225 0.5819578618 
2.2402152967 0.0891081830 0.5836102421 2.1038407794 0.0890102167 0.5836197935 
END
