0.0055826704 -1.1325904077 0.9608185904 0.0073297930 -1.1018490517 0.9451299153 
4 4
image_id_list 42 47 62 92 
line_id_list 172 233 139 215 
line2d_list
389.4129638672 240.1365966797 366.0241394043 228.9495239258 
48.0286865234 167.8740234375 34.8036231995 164.8623504639 
495.3137207031 36.0193824768 480.2378845215 15.8224296570 
151.9830780029 424.2136230469 131.9503479004 422.6267395020 
node_id_list 12256 12257 12258 12666 
score_list 1.7696124421 1.5162778326 3.0939151125 2.0386866165 
line3d_list
0.0165938254 -1.0872856699 0.9442488511 0.0026582335 -1.1463009126 0.9660172802 
0.0071680810 -1.1058145023 0.9471534982 0.0056642149 -1.1352982184 0.9622761806 
0.0185473731 -1.0759790124 0.9322037920 -0.0044655103 -1.1336891433 0.9575466744 
0.0057615663 -1.1006020172 0.9473987907 0.0028463878 -1.1310487996 0.9596312225 
END
