2.8272546286 0.0890053763 -0.0042280612 2.8275894982 0.0887448987 0.8863273329 
14 8
image_id_list 26 27 28 29 29 67 68 68 69 75 26 27 29 69 
line_id_list 114 131 143 43 69 13 14 28 15 20 290 58 254 220 
line2d_list
143.7539062500 391.0711059570 173.9902191162 495.7138671875 
402.3989868164 424.9398193359 405.8793640137 448.0181884766 
229.8086547852 344.0729064941 267.4386596680 442.8328552246 
244.9369812012 361.0046386719 252.3493804932 461.9008789062 
242.8997039795 334.9227905273 244.3700561523 352.0540771484 
586.6847534180 315.8055725098 550.5752563477 560.0850219727 
601.1755371094 203.8815460205 583.0150756836 330.2894897461 
606.1478271484 166.1505889893 602.7268676758 192.2265625000 
209.8320922852 383.9768676758 196.5994262695 480.0825195312 
502.2623596191 91.6407394409 451.5523986816 336.9074707031 
127.6678695679 334.0937500000 142.2943878174 385.9169006348 
387.9044189453 329.1615905762 395.3724670410 379.7975769043 
236.9578094482 255.0031738281 241.1635284424 310.9877014160 
222.8306274414 291.8337707520 214.6904754639 349.0981445312 
node_id_list 10853 10854 10855 10856 10857 10858 10859 10860 10861 10862 11130 11131 11132 11133 
score_list 4.8212533992 5.9831568422 5.8457429596 4.8605508526 1.9857056657 5.9636140363 5.4596623385 1.9742425827 4.8852107643 5.9585596722 1.9917951080 3.9892145345 1.9813367852 2.7481037289 
line3d_list
2.8277691537 0.0898460542 0.5799008809 2.8272518506 0.0891761280 -0.0033255434 
2.8275227866 0.0890933732 0.4443255917 2.8275652997 0.0893151792 0.3291804854 
2.8274361008 0.0887297748 0.5813369718 2.8273669182 0.0895612350 -0.0035133506 
2.8273937642 0.0887333853 0.4480141604 2.8275248786 0.0895110056 -0.0103918003 
2.8256783638 0.0880925547 0.5593087990 2.8225819028 0.0854792691 0.4887670722 
2.8272683969 0.0879898496 0.8863272328 2.8275218291 0.0894929196 0.0002698660 
2.8270630286 0.0877241618 0.4482348764 2.8271362425 0.0887972835 -0.0075784296 
2.8288934675 0.0900241547 0.5640283277 2.8250139932 0.0867674925 0.4861711327 
2.8276174474 0.0893466548 0.4535804972 2.8271629827 0.0885050604 -0.0042281731 
2.8274054549 0.0880502744 0.8988715276 2.8273121003 0.0893712161 0.0001832638 
2.8298729722 0.0896702706 0.8730183886 2.8266886148 0.0887898575 0.6076418349 
2.8275426750 0.0885064091 0.9003598399 2.8278010563 0.0898009326 0.6634345518 
2.8276366313 0.0890143275 0.8790466181 2.8275283344 0.0889158274 0.6572830408 
2.8273716363 0.0882903706 0.8696072947 2.8276558813 0.0893079866 0.6135716424 
END
