-0.0881519668 -1.8843798625 2.0226977882 -0.0873595083 -1.0399975008 2.0228201756 
5 5
image_id_list 17 45 58 43 85 
line_id_list 84 75 111 110 213 
line2d_list
0.9470986128 31.5885677338 159.8909454346 11.1517887115 
215.0104370117 0.7990221381 649.9791870117 23.4007339478 
0.9653073549 44.3482208252 171.9617156982 61.3842926025 
573.9172973633 13.4475269318 664.8267822266 -0.1574463099 
0.7818126678 24.6806335449 147.8929138184 0.3524648547 
node_id_list 8946 8947 8948 12313 12515 
score_list 3.8338330735 8.5054544535 5.5419443706 3.0707628012 1.8653914201 
line3d_list
-0.0868364289 -1.7404622191 2.0224241390 -0.0869611468 -1.0399978610 2.0227256518 
-0.0768315821 -2.7415239358 2.0195073533 -0.0816804241 -1.0294939767 2.0213938116 
-0.0930405928 -1.6549130312 2.0159524743 -0.0950076698 -1.0307873480 2.0161411087 
-0.0971071884 -1.5495832455 2.0250959455 -0.0950893651 -1.2752392885 2.0246912210 
-0.0890075763 -2.4998387632 2.0226807166 -0.0878900862 -1.8843800992 2.0226352208 
END
