3.7927836375 -0.9489780462 1.8705469964 3.8008478125 -0.5475594246 1.8711517454 
6 6
image_id_list 25 28 52 26 69 27 
line_id_list 50 29 208 2 152 7 
line2d_list
305.1410522461 49.4043922424 431.1754760742 36.7472457886 
352.1089782715 15.3974933624 408.6937561035 -0.1169786453 
0.7733689547 124.0751342773 69.8234786987 131.6162872314 
291.1673583984 82.9983825684 363.3192443848 70.9045715332 
460.7189331055 105.7076187134 537.7711181641 118.3903732300 
533.1605224609 78.0349884033 616.1796264648 65.1581726074 
node_id_list 10612 10613 10614 10753 10754 11157 
score_list 2.7666800789 1.9950603277 1.9755598527 1.9762213993 2.8818916213 1.9772898414 
line3d_list
3.8101917847 -0.5414375897 1.8720109525 3.7861090321 -0.9513932473 1.8697009533 
3.8104977649 -0.5430817808 1.8720077080 3.7882908434 -0.8590328241 1.8701728714 
3.7990205122 -0.6664835602 1.8708682086 3.7884838629 -0.9487581701 1.8706320237 
3.7931700534 -0.5474045349 1.8707204432 3.7966768351 -0.9480183857 1.8711103126 
3.8056989205 -0.5507148082 1.8718996398 3.7810203034 -0.9487403601 1.8696374725 
3.7926620139 -0.5501352920 1.8706730561 3.7928645762 -0.9490257117 1.8707518105 
END
