0.1869697624 -2.4817073902 0.3351587679 0.5140391697 -2.5495593371 0.4095851890 
6 6
image_id_list 15 57 99 21 32 34 
line_id_list 188 196 206 207 163 195 
line2d_list
170.7666473389 223.1896362305 217.0291748047 217.2263031006 
452.6528015137 353.5365295410 477.7281799316 359.2028808594 
201.9998474121 430.0014343262 238.0334014893 433.6721801758 
536.0435180664 287.8295593262 608.1906127930 306.2535705566 
274.6308288574 418.1491394043 316.1721496582 409.8630676270 
592.9340209961 207.0592041016 641.0587158203 210.0576934814 
node_id_list 8661 8662 8663 9741 11749 11847 
score_list 3.1388795191 4.5526571621 6.0351527576 1.3623861317 2.9921389138 3.8325251685 
line3d_list
0.5152429733 -2.5418485332 0.4113247016 0.2038647007 -2.4922624247 0.3383133996 
0.3803808549 -2.5383090152 0.3760022518 0.1844104202 -2.4981768551 0.3313912521 
0.3774973306 -2.5332518008 0.3778290922 0.1475281866 -2.4565817269 0.3275011855 
0.5897329674 -2.5732949834 0.4248146207 0.2180354136 -2.4924748083 0.3408894542 
0.5266400424 -2.5713640366 0.4115106334 0.1501556439 -2.4691043108 0.3270307841 
0.4780229878 -2.5809694970 0.3923793217 0.2120901777 -2.4857231482 0.3424174545 
END
