1.7169737690 -0.0001576114 0.3371953405 1.7176436712 0.0038447869 0.5802513818 
11 6
image_id_list 0 66 1 1 66 67 67 75 75 75 93 
line_id_list 231 167 79 232 80 106 62 123 144 154 143 
line2d_list
543.4043579102 552.1640014648 558.0612182617 516.0248413086 
562.8975219727 266.9772033691 574.5351562500 214.6740722656 
732.2728881836 461.0836181641 716.9814453125 510.9943237305 
718.6064453125 511.1882324219 734.8203735352 458.9442443848 
573.0245361328 212.3732147217 554.7858886719 298.9548950195 
215.5828552246 480.9934692383 214.7997131348 410.9910583496 
211.9741821289 416.0259704590 213.6201477051 481.0096130371 
0.7387853861 237.1460113525 36.9923133850 302.0043029785 
18.0382194519 264.9796447754 0.5809305906 232.2233428955 
38.4122276306 301.7706909180 19.0535945892 266.9701843262 
713.3185424805 291.0244445801 709.4785156250 341.0367431641 
node_id_list 1305 1306 1700 2001 2002 2003 13302 13303 13304 13305 13415 
score_list 1.4844961382 4.9047834443 1.2624547795 1.8047913718 2.9299755322 3.2511001210 2.6403872674 1.5385163287 1.6895688529 0.9456678279 2.2290496561 
line3d_list
1.7251409110 -0.0046446217 0.3448908778 1.7235121797 -0.0037769484 0.5244700592 
1.7258138648 -0.0125881091 0.4930745834 1.7268692575 -0.0083563658 0.6599433455 
1.7201292376 -0.0110093270 0.5633750466 1.7182741446 -0.0108413175 0.3408491146 
1.7244307756 -0.0136748740 0.3444833237 1.7269490462 -0.0141185182 0.5769546444 
1.7292183473 -0.0215371680 0.6761130707 1.7263847751 -0.0229288687 0.3848121165 
1.7222117187 -0.0032848022 0.3407270824 1.7252409577 -0.0045486380 0.5772425377 
1.7162162339 -0.0024137601 0.5594401098 1.7161053512 -0.0022853214 0.3398817498 
1.7162222215 -0.0024206958 0.5712962609 1.7161029948 -0.0022825918 0.3352157171 
1.7175350010 0.0015739712 0.4718623755 1.7174170645 0.0042857872 0.5802447444 
1.7142353331 0.0063833199 0.3252997119 1.7143079760 0.0062820584 0.4594307334 
1.7180696651 -0.0012307692 0.5486881064 1.7175958483 -0.0011401087 0.3372098047 
END
