3.7982979951 -0.3999463781 -0.1246833085 3.7996510071 -0.3997557757 2.2619986103 
10 10
image_id_list 22 25 26 27 28 29 69 70 71 35 
line_id_list 98 54 78 35 123 19 6 78 81 42 
line2d_list
163.1964416504 0.7791002393 192.3704833984 290.8621826172 
257.1818542480 0.9796777964 322.3259887695 583.9635620117 
248.8644561768 0.6255591512 331.8873291016 414.0226440430 
495.3067321777 0.7719116807 540.3164672852 455.9687194824 
320.1952209473 0.6762226224 416.1672363281 354.9547119141 
433.8650207520 0.9542366862 425.3541259766 398.0075988770 
450.9464416504 0.6133666039 362.3717346191 471.0699768066 
140.1110076904 0.7698993683 212.2232360840 348.9537658691 
24.1586952209 0.5438958406 87.2770385742 160.8909454346 
736.0808715820 0.5163797736 574.6397094727 307.3365783691 
node_id_list 10149 10150 10151 10152 10153 10154 10155 10156 10157 10621 
score_list 7.5915727985 6.1759963686 5.7877569004 7.6704415293 6.6070018660 6.8870819886 5.9116077587 7.8994913841 5.9609091951 6.9799767916 
line3d_list
3.7985265465 -0.4000667562 1.1311458827 3.7998514366 -0.3994884245 0.3224121229 
3.8009858167 -0.4002430833 2.0245682049 3.7988288554 -0.4004295792 -0.0792507920 
3.7967772153 -0.4009818222 2.2992506997 3.7995550668 -0.3987501126 -0.0711917135 
3.8002537952 -0.3997921475 2.2619982715 3.7965089354 -0.3994922712 -0.2367015354 
3.7987724844 -0.3992932077 1.9772806307 3.7977055335 -0.3999278647 -0.0669336656 
3.7990474395 -0.3995090804 1.8020724436 3.7980025236 -0.4000899635 -0.1246831295 
3.7955469989 -0.4004795436 2.3620590626 3.8013648812 -0.3994354305 -0.1990823938 
3.7992766189 -0.3998057706 1.4400119434 3.7981153210 -0.4001190159 -0.0864614272 
3.7984115632 -0.3995109276 0.8000728244 3.8003491205 -0.3990928568 -0.0994533978 
3.7990072550 -0.3998784281 1.0859452957 3.7981919076 -0.4000983576 0.0142082372 
END
