2.5605291301 -0.0332643621 0.4922421125 2.2438488627 -0.0330279277 0.4921055318 
3 3
image_id_list 28 67 68 
line_id_list 327 33 65 
line2d_list
162.1134338379 452.1107177734 231.2179718018 383.2186279297 
540.0243530273 450.0592956543 343.9745483398 444.9832763672 
580.0849609375 235.1560058594 496.7517395020 280.5441894531 
node_id_list 11395 11396 11397 
score_list 1.6237598965 5.2229559874 1.6764735534 
line3d_list
2.0900908936 -0.0370120377 0.4970442428 2.5975733055 -0.0372187362 0.4974265086 
2.7006711612 -0.0333689926 0.4923025543 2.1077280890 -0.0329262996 0.4920468244 
2.5605326865 -0.0296740292 0.4902112448 2.2438518982 -0.0299635127 0.4903721489 
END
