2.5411178681 0.0588901307 1.0163793409 2.7167018734 0.0750266641 1.0220768242 
6 5
image_id_list 28 29 67 29 69 68 
line_id_list 254 363 155 102 140 201 
line2d_list
162.2355194092 291.0752868652 180.7849884033 275.7399291992 
188.9450988770 243.9087066650 213.1967315674 229.3271942139 
554.0050659180 272.3812561035 497.0018310547 273.1384887695 
216.3008575439 224.5120544434 190.2912902832 239.7937622070 
212.3515319824 259.2417907715 186.8475494385 266.4614868164 
554.5904541016 20.9220809937 593.1088867188 6.2865986824 
node_id_list 11362 11363 11364 11420 11421 13316 
score_list 0.9979474379 1.8218010268 3.6195001568 2.4588315609 0.7387898880 0.0000000000 
line3d_list
2.5497336385 0.0916300383 0.9977825328 2.7056579809 0.1064427599 1.0025548623 
2.5293360767 0.0885507061 0.9978348368 2.7083275777 0.1055309602 1.0033273022 
2.7142746802 0.1043820643 1.0137366333 2.5387496454 0.0875127416 1.0082972290 
2.7374429031 0.1095461949 1.0136328031 2.5459319105 0.0931008172 1.0071495804 
2.7584819282 0.1178935404 1.0105543671 2.5587910554 0.1056571571 1.0009478098 
2.5160499387 0.0757664471 1.0042572715 2.6793656298 0.0916339795 1.0090468196 
END
