3.0712089314 -2.6922419670 0.8785058579 3.0725482467 -2.6932339572 1.5057210775 
8 7
image_id_list 30 44 44 48 54 55 73 89 
line_id_list 58 34 111 37 124 163 121 66 
line2d_list
499.5491638184 276.9544372559 515.6145629883 117.9610519409 
388.8251647949 167.9902343750 394.6394042969 63.9798431396 
394.5559692383 56.9676322937 398.3420410156 5.0249323845 
207.7318725586 282.0150451660 197.4677429199 99.0298538208 
242.2050781250 343.9609375000 210.9744567871 180.0048675537 
396.0442199707 351.1024780273 389.1689758301 286.9818725586 
50.1988639832 66.8966064453 15.7373943329 0.6166009903 
163.0929565430 324.9961547852 159.4501342773 237.0227661133 
node_id_list 11517 11518 11519 11520 11521 11522 11523 11524 
score_list 6.7779700330 5.9277193652 2.4132847608 5.7555108327 5.8607606339 5.8982925883 5.9474867563 5.8877873645 
line3d_list
3.0685092743 -2.6880388946 0.8790096173 3.0697158787 -2.6885273354 1.5057345695 
3.0724973751 -2.6940728162 0.8785002110 3.0720826326 -2.6936236114 1.2776370154 
3.0642252019 -2.6845908933 1.3039800563 3.0648626112 -2.6893552066 1.4829828188 
3.0724701094 -2.6936280266 0.8495884638 3.0716840363 -2.6921406080 1.5216112288 
3.0724553295 -2.6936729344 0.8719025872 3.0715707672 -2.6913230440 1.5383290456 
3.0721811926 -2.6914984063 0.8863539980 3.0719531712 -2.6921469900 1.2247360940 
3.0707892911 -2.6920028546 0.8930717574 3.0705649371 -2.6910813409 1.0961990481 
3.0724528430 -2.6937289433 0.8820918896 3.0720622068 -2.6933635454 1.2656924783 
END
