0.4400452823 -2.6044557846 2.4013883603 2.0164916116 -2.5969384966 2.4002240663 
8 8
image_id_list 9 31 33 60 97 99 41 83 
line_id_list 107 171 132 138 148 194 74 179 
line2d_list
30.9017410278 36.4970970154 341.0394287109 97.8005981445 
0.8629896641 13.6963701248 301.0476989746 72.7574996948 
0.8934867382 18.0312576294 351.9698181152 54.2921142578 
478.1347045898 -0.2697241008 630.0167236328 15.8423061371 
310.3273620605 -0.3408733308 547.1283569336 57.4743041992 
62.5602455139 -0.2450051010 191.1676330566 57.6274719238 
0.8664289117 2.9906852245 113.9611434937 10.5791196823 
608.1387329102 -0.2340397090 799.1970825195 21.2471065521 
node_id_list 5607 5608 5609 5610 5611 5612 11692 11693 
score_list 2.8554775055 0.9302139226 0.7371919674 1.6939408575 0.9893506280 1.9708930899 2.8531848540 2.9665124363 
line3d_list
2.4713932504 -2.5956394177 2.4001357960 0.6253760736 -2.6001745218 2.4003836689 
2.0164242277 -2.5834846384 2.3958517864 0.5111931526 -2.6178437674 2.4060916576 
2.0164671509 -2.6103350827 2.4038554630 0.4288749586 -2.6049909051 2.4015777457 
1.2647125013 -2.5949015608 2.3993616485 0.4400521417 -2.6058754102 2.4015101401 
2.1661784786 -2.5937489679 2.3996960171 0.7296456740 -2.6009820475 2.4004984056 
1.3738133431 -2.5981531838 2.4002233761 0.5642500678 -2.6166326647 2.4057307190 
0.8730260634 -2.6224772725 2.4073319790 0.3968173519 -2.6080915738 2.4021326991 
1.5618879465 -2.5984165442 2.4004356021 0.6557040255 -2.5982206180 2.3997643268 
END
