3.8167122105 -0.6075178068 0.7596462234 3.8141391175 -0.8672174806 0.7613561884 
3 3
image_id_list 25 26 29 
line_id_list 266 181 342 
line2d_list
354.0179138184 384.7134704590 426.9829101562 389.2734680176 
339.9570922852 282.4277343750 385.0037536621 279.0498657227 
471.9839477539 237.1926269531 529.9979858398 242.0244903564 
node_id_list 10750 10751 10752 
score_list 7.6157873233 3.1775343787 4.9747088861 
line3d_list
3.8167744086 -0.6012402146 0.7596048892 3.8141391175 -0.8672174806 0.7613561884 
3.8223322269 -0.6008115264 0.7576164925 3.8217582265 -0.8728720955 0.7577722150 
3.8202003067 -0.6075562174 0.7590613995 3.8222707628 -0.8832292974 0.7574145027 
END
