0.0044859661 -0.6666869870 0.0014604202 0.4396188793 -0.2432911406 0.0141434417 
10 5
image_id_list 42 50 50 62 65 42 62 65 47 65 
line_id_list 70 124 127 9 101 91 48 92 193 54 
line2d_list
649.8826904297 599.1188354492 576.4143066406 526.5932617188 
748.6591796875 599.3790283203 688.1380004883 544.9586181641 
691.0319213867 544.9639282227 752.6161499023 599.4340209961 
651.1279296875 477.9520568848 615.4089355469 382.5960083008 
458.7767639160 332.2369384766 391.3411254883 268.6993103027 
577.1480102539 523.8498535156 653.6964721680 599.3079223633 
617.5667724609 382.1589660645 697.4757690430 599.9262695312 
392.3544311523 266.6212158203 460.5411376953 330.4216613770 
340.9863891602 381.7273864746 394.9515991211 379.0310668945 
464.1131591797 333.8799438477 544.4154052734 409.5592041016 
node_id_list 12210 12211 12212 12213 12214 12225 12226 12227 12657 12658 
score_list 2.9747432783 2.6566159620 1.9327492469 2.9815217793 3.8951078936 2.7573130501 2.7646485730 3.7158132135 1.7360451087 0.8409566617 
line3d_list
0.2088998298 -0.4687681926 -0.0021225273 0.0129566771 -0.6669343528 -0.0000592406 
0.2240996512 -0.4546355200 -0.0014207334 0.0627909452 -0.6166918255 -0.0004747573 
0.0638844551 -0.6090190620 0.0032048393 0.2304279711 -0.4467159532 0.0075343436 
0.2282966977 -0.4498592708 -0.0018345230 0.0098242912 -0.6696219761 -0.0003601934 
0.2376700302 -0.4410022478 -0.0015003153 0.0121800050 -0.6675373266 -0.0001779553 
-0.0018221204 -0.6659045854 -0.0060427697 0.2102852524 -0.4597114473 0.0016741262 
0.0030405468 -0.6662772609 -0.0027113599 0.4535882403 -0.2298533094 0.0146460627 
0.0034582928 -0.6656081576 0.0007037054 0.2362492664 -0.4366653060 0.0055917578 
0.2955853914 -0.3819006336 0.0064253888 0.4390141056 -0.2425791260 0.0111231001 
0.2542756183 -0.4259095839 0.0133348835 0.4816197019 -0.2036288113 0.0177015890 
END
