0.2081001578 0.1865625783 0.4423378552 0.9536897944 0.1847549833 0.4439114981 
14 14
image_id_list 0 1 4 12 47 59 64 66 74 87 90 92 93 65 
line_id_list 124 189 51 135 133 162 140 133 169 189 172 169 148 47 
line2d_list
439.1523437500 446.7495727539 342.6016235352 388.0110778809 
570.4423217773 402.9191284180 447.2082519531 352.4911193848 
732.9714965820 165.4591674805 541.9813232422 168.9902801514 
622.9069824219 196.1391296387 580.2526245117 167.6221618652 
593.2581787109 278.2307128906 423.2748718262 221.1809539795 
631.6106567383 532.4500122070 537.1971435547 450.7720947266 
671.2841186523 599.7836914062 637.7647094727 569.1629028320 
344.1156616211 99.6042938232 265.4257202148 56.2276840210 
483.0340270996 312.8463134766 304.1692810059 273.2355651855 
512.9226684570 493.1485290527 444.2983703613 457.4268188477 
785.6885986328 462.9268798828 675.0446777344 391.9304199219 
799.1644897461 598.8340454102 682.1439208984 482.8547973633 
538.1158447266 277.9065551758 402.0537414551 263.4926452637 
799.3401489258 416.8950500488 741.8950805664 230.7238159180 
node_id_list 972 973 974 975 976 977 978 979 980 981 982 983 984 7185 
score_list 8.8750603802 6.8412496499 9.7181397024 8.7534523456 11.1172752882 6.6524486282 4.7095523661 10.7445030316 7.8152605345 4.8808693112 4.5714567055 11.7496296530 7.7965934139 5.9413817555 
line3d_list
0.9504943550 0.1848740468 0.4432871440 0.2107284685 0.1898145913 0.4403351098 
0.9536948189 0.1856747420 0.4425873751 0.2092027388 0.1910775309 0.4392431827 
0.9555492664 0.1834088313 0.4445480504 0.2092772468 0.1892286734 0.4408455720 
0.5457896500 0.1861852621 0.4427134925 0.2122733912 0.1862814575 0.4422444433 
0.9580122928 0.1825584722 0.4457820560 0.2131448481 0.1860949458 0.4431946059 
0.6924819746 0.1832138990 0.4451900602 0.2099418685 0.1872441580 0.4425644835 
0.3493322874 0.1865670590 0.4430363552 0.2078276241 0.1905872155 0.4411651767 
0.6653594504 0.1839479262 0.4447654662 0.2104432229 0.1861077725 0.4431852213 
0.9531629025 0.1818011224 0.4459458458 0.2081049785 0.1881030557 0.4418233249 
0.6471935651 0.1891074006 0.4412834049 0.2089917024 0.1891930626 0.4405557115 
0.7901398450 0.1841742781 0.4441820290 0.2078855276 0.1905946958 0.4396640554 
0.5782063426 0.1848291472 0.4433965746 0.2101427322 0.1876754962 0.4415818685 
0.9508876763 0.1840342273 0.4440143621 0.2110735039 0.1908192938 0.4394636493 
0.7308410981 0.1853947094 0.4433158442 0.2091020906 0.1855637989 0.4437056702 
END
