1.7755124503 -3.0019814631 1.3428304671 1.7754849961 -2.9996579410 1.6607986257 
42 23
image_id_list 9 14 16 16 19 19 20 31 31 33 33 34 34 57 57 60 60 82 82 83 97 98 13 21 21 48 51 56 56 78 80 80 83 89 13 14 78 97 20 38 38 98 
line_id_list 46 25 45 68 9 27 24 40 60 41 83 14 32 9 13 11 26 34 81 3 26 70 12 6 73 95 147 53 112 14 20 68 4 122 13 66 20 49 64 36 68 16 
line2d_list
146.7789764404 286.0131530762 143.3231811523 227.9807586670 
300.7593383789 112.0366668701 290.5337524414 44.9186782837 
165.5710754395 160.1155548096 145.5637664795 85.8481216431 
142.8094635010 85.3194274902 163.1744079590 161.2215118408 
119.3811492920 187.0472106934 114.1892242432 118.9855651855 
111.5861129761 117.1049270630 116.8536987305 188.0850677490 
42.5048751831 240.9367218018 32.1077690125 157.9864959717 
49.6382293701 293.9319763184 42.1823425293 223.9805603027 
39.5619392395 223.1493072510 46.9298706055 294.1111145020 
84.1221771240 292.9822082520 74.1911163330 224.8264465332 
71.8671264648 226.0188140869 81.5023803711 294.0704650879 
330.4673767090 47.9488983154 325.3301391602 0.9639021158 
322.5693969727 0.8217279315 328.0543212891 49.1074218750 
218.6560058594 160.0532073975 224.0932617188 93.0075607300 
221.9610290527 91.9077987671 215.9265747070 159.9047393799 
348.2925720215 236.9957275391 347.3717041016 173.9945678711 
344.8895568848 173.0119476318 345.5886840820 238.0044250488 
197.4895324707 142.9071960449 184.9601440430 76.8179702759 
182.8229370117 78.0328521729 195.0949554443 144.1679382324 
504.1654052734 246.0948333740 509.5398559570 180.0439300537 
331.1885681152 273.9998779297 331.1468811035 208.9999084473 
17.5180721283 112.0115280151 19.9103698730 212.0260620117 
530.7451782227 148.1192474365 543.8649291992 66.1384201050 
278.4872436523 64.0048065186 279.1090393066 0.9912084341 
276.8868103027 0.9984250665 276.0101928711 64.0001449585 
578.7734985352 161.0686950684 587.0397338867 68.0035324097 
116.6933059692 166.8910980225 103.0443572998 79.9930343628 
208.3196868896 205.0644226074 196.8485870361 83.9196472168 
194.1560668945 84.0798263550 205.5976409912 205.0380554199 
491.8117065430 201.0519714355 496.9372253418 120.9959793091 
211.3331146240 127.0077209473 213.3259887695 41.0307350159 
210.9726715088 57.9991722107 208.8782348633 126.9963073730 
506.9274902344 179.9126434326 501.5477294922 245.9631652832 
481.5995483398 240.0469665527 487.3200988770 167.0250854492 
541.6077880859 64.7732315063 528.2087402344 147.0339965820 
288.5330810547 45.0668945312 298.2801513672 113.1031265259 
494.8273315430 118.9177780151 489.0715637207 201.0050201416 
329.0852050781 209.9957733154 328.7849426270 274.9989929199 
29.4969253540 158.0629577637 40.0020599365 241.9997406006 
109.1100006104 244.9955444336 105.1004486084 145.9959259033 
102.3127517700 144.0692138672 106.4539413452 245.0223999023 
22.6227092743 212.9557952881 19.9274368286 114.0019760132 
node_id_list 5372 5373 5374 5375 5376 5377 5378 5379 5380 5381 5382 5383 5384 5385 5386 5387 5388 5389 5390 5391 5392 5393 7348 7349 7350 7351 7352 7353 7354 7355 7356 7357 7358 7359 7360 7361 7362 7363 8183 8184 8185 8743 
score_list 8.8166155740 14.2888583588 11.4703091857 11.0328264858 8.5848788103 8.1829521532 7.1930337770 10.8305534029 10.6694168106 10.9406974748 10.8376226372 14.7510488609 14.2493198630 10.0199121632 10.3209059426 14.8219832547 14.3969391375 9.6510615548 8.5201616730 15.3603741630 14.7572112215 5.1239829016 14.1719876406 14.5044093673 13.8207876815 9.7383931790 12.6380688636 12.2535848852 10.4296245633 11.9298694885 13.4042019374 12.1487658730 15.1499984764 9.7016034545 14.2141811494 12.9867974508 12.4688829275 14.5827432150 6.0003897087 7.4198956274 6.4952475130 5.3802575563 
line3d_list
1.7661468651 -2.9974285553 1.3482496988 1.7757236080 -2.9799658686 1.6494629892 
1.7667720124 -2.9949761160 1.3484603198 1.7668595100 -2.9955591280 1.6417233433 
1.7664903675 -2.9967116605 1.3469549972 1.7667643293 -2.9962028511 1.6561397245 
1.7765782843 -2.9989911823 1.6599741144 1.7758940446 -3.0019885298 1.3442471930 
1.7642231390 -3.0007511964 1.3485054143 1.7633209900 -3.0013940580 1.6489760176 
1.7780256487 -2.9961366242 1.6570511544 1.7734176851 -3.0069004491 1.3438734465 
1.7699470000 -2.9916226979 1.3485115735 1.7678989946 -2.9952124677 1.6581174828 
1.7650972426 -2.9994529073 1.3465012090 1.7672572707 -2.9952327049 1.6543887051 
1.7768517995 -2.9978372035 1.6583758623 1.7777469368 -2.9972468048 1.3470041129 
1.7660908931 -2.9974976919 1.3466912844 1.7671899633 -2.9953649502 1.6523722688 
1.7765521673 -2.9991052013 1.6479976592 1.7772079044 -2.9993887607 1.3432324018 
1.7654541590 -2.9975479394 1.3506854409 1.7640779167 -2.9999538172 1.5565098492 
1.7788227048 -2.9966902078 1.5583485012 1.7773450998 -3.0000499289 1.3466493772 
1.7623233635 -3.0020674189 1.3436514486 1.7665199303 -2.9961286991 1.6528272266 
1.7768230024 -2.9979707490 1.6561277724 1.7764681359 -3.0022816418 1.3430607043 
1.7659011164 -2.9969491830 1.3472398057 1.7636919907 -3.0007406218 1.6531669177 
1.7768718884 -2.9981379512 1.6576580527 1.7804300356 -2.9947144707 1.3427211378 
1.7665910160 -2.9955806554 1.3485058394 1.7672401263 -2.9951683389 1.6519262942 
1.7741474976 -3.0040610980 1.6474802521 1.7725490950 -3.0091299540 1.3431157000 
1.7667306133 -2.9934327208 1.3454036410 1.7670901114 -2.9924307392 1.6591457492 
1.7673001741 -2.9951186378 1.3516175983 1.7660327061 -2.9976416780 1.6478798531 
1.7818393664 -2.9864588419 1.6569499122 1.7809013374 -2.9900464243 1.3469817526 
1.7687650270 -2.9919551583 1.3446624884 1.7682927152 -2.9933295560 1.6599173234 
1.7667723538 -2.9949783910 1.3496046767 1.7668466686 -2.9954735634 1.5986831722 
1.7752280439 -3.0006460039 1.5979660580 1.7764482055 -3.0007411085 1.3486361643 
1.7753680447 -3.0024679305 1.3578994156 1.7754120625 -2.9999772265 1.6401262928 
1.7757944016 -3.0013381045 1.3639725313 1.7755675454 -2.9998822221 1.6379102323 
1.7686579383 -2.9924464631 1.3468820958 1.7683419101 -2.9930990521 1.6607500805 
1.7729917071 -3.0037380147 1.6608039991 1.7731110661 -3.0056650885 1.3459046520 
1.7684455698 -2.9934291306 1.3480625156 1.7676809185 -2.9961911602 1.6514809465 
1.7662952490 -2.9970957673 1.3486563560 1.7665641586 -2.9965933897 1.6219977256 
1.7716398599 -3.0061364236 1.5691128255 1.7733358933 -3.0053553109 1.3476978735 
1.7765405193 -3.0019219651 1.6589821169 1.7760348395 -3.0040340313 1.3444383059 
1.7755080647 -3.0021433995 1.3684548702 1.7756837052 -2.9995299406 1.6393168151 
1.7754508479 -2.9999200808 1.6641083535 1.7753167480 -3.0023434316 1.3472139449 
1.7790635213 -2.9928667977 1.6416071687 1.7735707071 -3.0067899527 1.3448277480 
1.7755140350 -2.9996464246 1.6588423757 1.7758853965 -3.0016919929 1.3474917230 
1.7734045709 -3.0033070681 1.6432695828 1.7750640881 -3.0030716937 1.3467471708 
1.7733118393 -3.0033339565 1.6577645261 1.7712920620 -3.0080953898 1.3428747796 
1.7678077016 -2.9963889544 1.3484123259 1.7676009035 -2.9965410478 1.6597721745 
1.7716557917 -3.0054815642 1.6648180537 1.7691114595 -3.0109648410 1.3458823478 
1.7621320322 -3.0061577028 1.3423285083 1.7631158958 -3.0046056803 1.6525515357 
END
