0.1015688317 0.4097276917 0.3479194045 0.1023995300 0.4065916791 0.5566349491 
9 9
image_id_list 12 39 66 85 18 59 64 87 58 
line_id_list 65 158 191 77 7 121 148 265 130 
line2d_list
610.2358398438 131.0416717529 604.0869140625 165.8386535645 
687.6535644531 462.9306640625 684.0742797852 480.8147277832 
292.3919677734 11.9581079483 296.5920715332 51.2573471069 
709.9353637695 269.0020446777 709.8765869141 296.0019226074 
666.1363525391 277.7906188965 662.0546264648 314.1184997559 
580.1043701172 402.0141296387 572.9278564453 454.9902343750 
683.0270996094 512.0076904297 671.3656616211 553.1037597656 
466.6753845215 430.9949035645 466.3760986328 450.0059204102 
492.4892883301 418.9714355469 491.4790649414 437.0267944336 
node_id_list 7131 7132 7133 7134 9021 9022 12062 12063 13053 
score_list 6.5879096555 2.7609808565 5.6235566562 2.4130749110 1.7320474252 4.6644279423 6.4685032093 6.0289595264 3.2366590809 
line3d_list
0.1031698376 0.4061787841 0.5566256794 0.0973932506 0.4118943084 0.3739900635 
0.0967100235 0.4094748273 0.5384924361 0.0964366254 0.4129029245 0.4359783762 
0.0881964469 0.4219303702 0.4963139655 0.0939377756 0.4104348404 0.3374786880 
0.1090813927 0.4042696882 0.4953453859 0.0926556972 0.4146160572 0.3480283284 
0.1374968898 0.3845356363 0.6110286126 0.1087706867 0.4037059329 0.4349744243 
0.1199154909 0.3969629437 0.5559317578 0.0990416249 0.4097913798 0.3444734217 
0.1053153181 0.4030744048 0.5666531620 0.1046282145 0.4058545207 0.4289805201 
0.0918116973 0.4152376105 0.4869728201 0.0893392972 0.4203585713 0.3900119040 
0.1051132189 0.4038921259 0.5261592297 0.1046776639 0.4056544414 0.4388885385 
END
