-0.0928052044 -2.2577591030 1.1430471379 -0.0712268219 -2.1725285693 1.1496968115 
4 4
image_id_list 2 43 8 90 
line_id_list 60 142 248 165 
line2d_list
674.0120849609 29.5234317780 707.9939575195 28.7393207550 
400.9933471680 281.7458190918 418.0078735352 281.3008728027 
270.7318725586 255.4771575928 244.8582916260 250.7807006836 
25.9834003448 230.6491546631 56.0108108521 229.2285156250 
node_id_list 2470 2471 5111 5112 
score_list 6.4763728209 7.0693781164 1.4671175575 3.0123320611 
line3d_list
-0.1162022736 -2.2598148980 1.1377654359 -0.0837201555 -2.1742603136 1.1469916616 
-0.1112776959 -2.2527517910 1.1388109314 -0.0775437152 -2.1707953643 1.1479803890 
-0.0559312821 -2.1251102537 1.1538512976 -0.1050938679 -2.2851073560 1.1404660287 
-0.0982695073 -2.2533552882 1.1407985108 -0.0660846234 -2.1613253725 1.1503105239 
END
