0.3649842487 -1.4722708127 -0.0004514876 0.3167261275 -1.3736471301 0.0009636889 
48 38
image_id_list 6 15 41 7 84 86 8 9 19 20 31 39 58 79 81 85 90 98 99 37 99 10 16 17 19 76 97 10 82 57 11 11 42 46 50 62 65 12 14 14 34 18 32 17 18 37 57 97 
line_id_list 176 155 77 134 208 169 182 217 194 198 172 210 302 150 123 219 230 183 174 175 195 244 152 143 247 140 163 205 195 197 133 215 195 241 185 158 172 188 123 146 183 253 153 174 265 137 176 170 
line2d_list
426.0332031250 597.6126708984 402.0230102539 597.0382690430 
377.0738525391 304.6908874512 357.8657531738 306.7440185547 
430.1098937988 547.0988769531 409.9118652344 549.1187133789 
671.0974121094 387.6932678223 642.1093750000 385.5327453613 
570.0131835938 438.3654785156 549.9310302734 439.0908203125 
496.0875549316 497.8231201172 477.7630310059 499.7724609375 
348.0014953613 512.8920288086 331.0186767578 512.6560058594 
551.0014648438 506.9081115723 534.0057373047 506.6378173828 
560.0125122070 452.8507690430 541.1455078125 451.2666931152 
564.0222167969 516.6882324219 544.1235351562 515.2686157227 
546.0077514648 548.0882568359 526.0092163086 547.9177856445 
339.0765075684 530.6126708984 321.7227478027 532.7797851562 
62.9765090942 585.9224243164 35.7473526001 594.1654663086 
448.0587768555 461.3334960938 427.8066711426 464.9031372070 
680.0658569336 426.4570312500 660.7465209961 429.2412414551 
353.1862487793 445.4210815430 336.4749755859 452.8130798340 
315.7049560547 561.4587402344 294.0522460938 573.2612304688 
591.0093994141 561.9177246094 569.1807861328 559.4199829102 
382.9945983887 540.1057128906 364.0438537598 539.1396484375 
438.9628601074 473.7708435059 452.0415649414 473.3756408691 
371.2487792969 535.5347900391 384.2145690918 537.7362670898 
404.4535827637 479.1451416016 417.8943481445 482.4319763184 
675.0035400391 377.5498046875 654.0127563477 377.3840942383 
188.3567657471 437.7375183105 170.6603393555 446.2978210449 
548.2792968750 447.7639160156 561.2927246094 450.7044677734 
458.0273742676 463.4506225586 438.8551635742 464.6148986816 
792.9494628906 577.2759399414 770.3420410156 573.1334838867 
416.0267639160 484.7377929688 398.1112976074 482.9094543457 
644.0009155273 361.7193298340 624.9984130859 361.7432250977 
604.7130737305 487.2709350586 619.7973022461 493.4915161133 
26.8444099426 375.4369506836 48.0326309204 373.3278198242 
45.0607147217 378.3394165039 19.7958507538 382.8587036133 
307.8305358887 581.3399047852 279.8759155273 588.5166625977 
116.9635620117 566.8874511719 89.5951843262 575.7498779297 
421.0027465820 526.2833251953 392.9860229492 526.5543212891 
359.0523681641 338.4678955078 332.1163635254 335.8175048828 
126.8808135986 316.4804077148 94.7370452881 323.8536376953 
262.9490966797 323.8995666504 244.5843048096 333.2064514160 
770.2180786133 352.4973449707 787.9888916016 355.0764770508 
786.0233154297 357.5315246582 763.0800781250 356.3899536133 
798.0993041992 348.4592590332 775.1390991211 344.2426757812 
212.7615203857 417.5029602051 231.0928344727 414.5827941895 
504.1427307129 482.9085998535 488.7374572754 485.3287658691 
172.4453887939 440.5286865234 187.8895416260 434.7069702148 
229.0704498291 419.2608642578 207.7360534668 425.0226745605 
452.0607604980 476.5180969238 435.8150939941 478.4237060547 
616.9761962891 495.0850524902 598.3165893555 489.8677062988 
777.2760620117 569.9527587891 795.0923461914 574.6497192383 
node_id_list 4210 4211 4212 4452 4453 4454 4955 4956 4957 4958 4959 4960 4961 4962 4963 4964 4965 4966 4967 5059 5066 6058 6059 6060 6061 6062 6063 6646 6647 6689 6897 6990 6991 6992 6994 6995 6996 7211 8415 8459 8831 8981 8982 8990 9190 9191 9521 12159 
score_list 6.5807753181 4.5768755404 2.6540748807 8.9581052455 7.4874778154 6.3772898965 7.2568244485 6.8656328726 2.9091969240 7.2746253551 3.9961788219 6.0643502957 3.9393026442 9.2569519166 3.9052301627 11.6638893145 11.0740534354 3.3766727536 9.4427624135 5.6377363568 10.0339366346 3.6411879348 7.0261964216 5.8705643929 3.7079778190 5.0457853992 4.6854235342 4.1957343907 5.1131529900 3.3471815668 3.2323355927 8.7847964577 8.0084536148 4.8257115236 6.8321526994 5.8074623923 8.2177466906 7.4149051819 2.8982219392 3.7907303612 3.1014354477 6.2517609558 9.0580211036 4.8621151162 8.4162328823 3.6099672718 5.1610198357 2.8116987218 
line3d_list
0.3224203051 -1.4184823750 -0.0085736606 0.3605709208 -1.4642580515 0.0001377705 
0.3047802202 -1.3899055606 -0.0063886669 0.3773264157 -1.4657316689 0.0044038706 
0.3133832369 -1.4012821108 -0.0055690017 0.3655295030 -1.4670806643 0.0000089858 
0.3408888979 -1.3878623852 0.0123609289 0.3641324712 -1.4709929503 0.0011227425 
0.3299099810 -1.3844962110 0.0051922732 0.3503617447 -1.4703102952 -0.0071047105 
0.3321148102 -1.3875387183 0.0053523286 0.3508365130 -1.4715130828 -0.0072012947 
0.3245359068 -1.3850425223 0.0019402846 0.3523718166 -1.4678829767 -0.0052643424 
0.3158711723 -1.3841848628 -0.0017565880 0.3505604832 -1.4739520913 -0.0083568467 
0.3272322249 -1.3804162388 0.0047936156 0.3421293158 -1.4808269521 -0.0148036132 
0.3174651039 -1.3883095577 -0.0020598618 0.3505163075 -1.4738377756 -0.0083484415 
0.3251807321 -1.3823043985 0.0038117961 0.3536748248 -1.4732553715 -0.0064749294 
0.3234442761 -1.3860226967 0.0014171748 0.3642594429 -1.4703407666 -0.0009168227 
0.3248637065 -1.3846809498 0.0019005405 0.3583134375 -1.4702732467 -0.0027302286 
0.3282576672 -1.3868179001 0.0042010232 0.3739630339 -1.4685177638 0.0058409193 
0.3034435078 -1.3881544888 -0.0110116691 0.3481592045 -1.4678370645 -0.0073280265 
0.3261502729 -1.3879730592 0.0017224287 0.3572069898 -1.4674420311 -0.0025770524 
0.3294206051 -1.3886822952 0.0038340746 0.3634709235 -1.4730035321 -0.0009932904 
0.3261676703 -1.3841678455 0.0023072320 0.3424412487 -1.4717991465 -0.0101464360 
0.3218704193 -1.3834905377 0.0008390586 0.3566875111 -1.4732266939 -0.0042760191 
0.3104123875 -1.4561032594 0.0013692026 0.2908069805 -1.3924268606 -0.0004396533 
0.3237693236 -1.4502157087 0.0091905487 0.3057448626 -1.3851041747 0.0074257946 
0.3236183247 -1.4530754414 0.0090425689 0.3028322088 -1.3845160054 0.0070358019 
0.3290332768 -1.3819059295 0.0051867059 0.3459205616 -1.4780770535 -0.0124495064 
0.2933431918 -1.3848585565 -0.0150798117 0.3470515904 -1.4708286657 -0.0090812587 
0.3196731954 -1.4522005796 0.0068739785 0.2949974217 -1.3882145349 0.0019284582 
0.3194372995 -1.3885215920 -0.0009846095 0.3529980950 -1.4706585776 -0.0050734692 
0.3290653158 -1.3833261508 0.0038045883 0.3581793864 -1.4702999175 -0.0027077752 
0.3309241356 -1.3814129224 0.0063636223 0.3387129174 -1.4787830829 -0.0157888711 
0.3156175948 -1.3839171692 -0.0011028205 0.3249791275 -1.4862820454 -0.0238698617 
0.3299646079 -1.4506859528 0.0130902747 0.2948923802 -1.3829813163 0.0026380816 
0.3262445532 -1.4566510205 0.0102361491 0.2631769528 -1.4015360881 -0.0170173789 
0.3241490991 -1.3876892473 0.0013396423 0.3627926850 -1.4700519083 -0.0019517470 
0.3257254697 -1.3904013434 0.0015880909 0.3614800814 -1.4632739851 0.0005119863 
0.3247788902 -1.3862996571 0.0021701718 0.3699088263 -1.4681721195 0.0033877631 
0.3306794033 -1.3897882989 0.0042130660 0.3640161165 -1.4703066646 0.0004192821 
0.3226388439 -1.3921151849 -0.0003588394 0.3668076755 -1.4700095405 0.0014022349 
0.3233328550 -1.3905248284 -0.0003632467 0.3650617489 -1.4675372790 0.0014091294 
0.3285274528 -1.3890390366 0.0017987957 0.3644029054 -1.4739597750 -0.0010230934 
0.3228374491 -1.4551590734 0.0082809300 0.2951356776 -1.3857629218 0.0023700667 
0.3093294371 -1.3882870881 -0.0058267551 0.3539337269 -1.4739534002 -0.0055882249 
0.3249274699 -1.3818223086 0.0050088849 0.3459925513 -1.4775545698 -0.0111962744 
0.3220399733 -1.4591306920 0.0073423756 0.2747999685 -1.3953308090 -0.0093242493 
0.2953856782 -1.3855063486 -0.0141408189 0.3495007804 -1.4642219922 -0.0059531801 
0.3180067884 -1.4597165762 0.0048483580 0.2683328067 -1.3867316751 -0.0107309491 
0.3156610904 -1.3917483383 -0.0040077533 0.3787343768 -1.4625262859 0.0101157014 
0.3115322161 -1.3884025951 -0.0067932797 0.3672726391 -1.4597746301 0.0048085744 
0.3219956312 -1.3829925647 0.0010510426 0.3565467910 -1.4678630525 -0.0028515058 
0.3159718062 -1.4551327162 0.0037981806 0.3094712679 -1.3811618770 0.0102255930 
END
