0.6659139334 -2.9991732585 1.3942374952 0.6668025829 -2.9983609699 1.4976890000 
35 35
image_id_list 3 37 43 45 76 81 84 86 95 96 10 15 16 31 33 98 13 21 34 38 51 56 57 60 78 80 14 19 20 53 82 88 41 77 99 
line_id_list 114 112 106 81 109 91 149 145 54 78 53 78 150 120 105 85 22 30 121 87 104 67 104 53 34 39 115 127 93 65 143 56 46 79 80 
line2d_list
251.6392211914 93.0141754150 252.9763336182 127.0402297974 
91.5206375122 190.7485809326 94.8723754883 211.0211029053 
86.9644470215 244.7616729736 94.1785964966 273.9558715820 
5.5452933311 94.9798889160 4.2168674469 125.0095901489 
86.1481781006 123.0871887207 88.5895385742 146.9396514893 
278.4689025879 138.0992889404 282.7587280273 161.0451049805 
193.0347137451 107.8282012939 196.7505035400 130.2074584961 
124.5814437866 188.7765502930 127.5885086060 210.0581359863 
163.0221099854 151.9336090088 164.9064331055 180.9411163330 
248.2018280029 197.0501861572 249.5835418701 219.0261840820 
154.3700103760 146.9548339844 152.9993591309 166.0716552734 
31.5333805084 19.1404151917 37.8261642456 40.0523109436 
345.7015380859 81.6927719116 349.1817321777 100.9671859741 
245.9499511719 248.0039062500 247.2795104980 265.0561828613 
292.3604736328 239.8395080566 294.3933105469 257.0715637207 
256.5523681641 175.9730834961 255.2870330811 197.0172576904 
754.5711669922 130.8869323730 748.7574462891 152.9360351562 
512.0654907227 44.8828659058 509.2886657715 67.0361785889 
520.4967651367 0.9946004152 520.4464721680 15.0016040802 
349.6931762695 186.9854278564 348.6459350586 209.0306854248 
447.1846313477 108.9671249390 448.0180969238 138.9994964600 
533.5173950195 133.9808654785 532.3286132812 163.9733886719 
391.8591613770 150.8714141846 390.0281372070 167.1158905029 
542.3180541992 205.0162200928 541.3997192383 223.0203857422 
705.2330322266 168.8943634033 702.4365844727 189.1978607178 
501.7624511719 111.9695358276 498.4334716797 137.9273376465 
464.9679565430 59.8298645020 466.5422363281 78.0395736694 
295.7455444336 148.9853973389 295.8878479004 166.0009307861 
252.2128143311 181.9142913818 253.5637969971 201.0308227539 
424.4912719727 159.9573364258 422.2291870117 186.9353637695 
357.1020202637 85.9893875122 358.8730468750 103.0132064819 
345.0990295410 131.0092926025 342.4681701660 159.0439300537 
64.8109893799 229.7757568359 70.7022933960 251.0823211670 
351.8824768066 151.6816864014 357.0088500977 181.9985046387 
112.6880722046 223.9911956787 112.2074356079 241.0340576172 
node_id_list 3209 3210 3211 3212 3213 3214 3215 3216 3217 3218 6309 6310 6311 6312 6313 6314 7422 7423 7424 7425 7426 7427 7428 7429 7430 7431 8404 8405 8406 8407 8408 8409 8590 9414 13529 
score_list 8.9231313111 8.5749081303 8.3302034559 8.3034027235 6.1810025856 14.9455684341 8.0244625239 9.6394749385 12.3786049029 14.1101482576 6.3947739110 12.2496707561 6.4506654034 10.5240687394 15.1455931373 7.6622425714 6.2646922008 13.5601420290 11.6003019514 11.2047806348 13.5700667066 9.8074265573 5.7908477887 9.2473525569 9.2349988845 13.8397871836 7.3643339771 7.8062057851 5.4521088569 15.3808968021 7.0667830873 14.6820196388 15.4742491210 12.8800486139 4.7308806854 
line3d_list
0.6670540433 -2.9978896468 1.4997121778 0.6646653470 -2.9997728842 1.3935702929 
0.6643724361 -3.0014174552 1.4930087190 0.6695775686 -2.9950438853 1.3983513434 
0.6659215011 -2.9988507293 1.4959426540 0.6656950704 -2.9982984087 1.4007247028 
0.6638095843 -3.0003849012 1.4969178917 0.6635974226 -3.0008523054 1.3979470777 
0.6659016033 -2.9994783374 1.4970881542 0.6666204881 -2.9987805714 1.3967509437 
0.6654996232 -2.9992648033 1.4962892827 0.6617531813 -3.0020889066 1.3942977432 
0.6645372080 -3.0011786673 1.4947560419 0.6648682295 -2.9996769329 1.3987982317 
0.6650332408 -3.0003391781 1.4946394017 0.6646412751 -3.0000634902 1.3991019258 
0.6669246095 -2.9979916919 1.4939607777 0.6647670334 -2.9996927151 1.3980887361 
0.6698759239 -2.9962183886 1.4962987058 0.6671120596 -2.9979371095 1.3962037451 
0.6664814714 -2.9978895721 1.4944402812 0.6623711566 -3.0038551609 1.3945141518 
0.6666501975 -2.9991737218 1.4952711505 0.6662460497 -2.9983476718 1.3973637123 
0.6674251509 -2.9976373338 1.4950605201 0.6695816372 -2.9924853539 1.3969401746 
0.6642842936 -3.0015253837 1.4946116240 0.6695553109 -2.9950711394 1.3987561091 
0.6645419834 -3.0011570026 1.4933717111 0.6648681854 -2.9996771331 1.3988110260 
0.6715498601 -2.9939374285 1.4957972948 0.6502886927 -3.0162899501 1.3996385177 
0.6698856448 -2.9952599761 1.4978998447 0.6718128854 -2.9941067093 1.4003901111 
0.6672878746 -2.9979109332 1.4956242165 0.6674503842 -2.9966410038 1.3960690884 
0.6653363891 -3.0005755517 1.4644313361 0.6670827993 -2.9985776499 1.3957599883 
0.6663337264 -2.9997591777 1.4939576179 0.6658652669 -2.9997536747 1.3977114759 
0.6673302175 -2.9976639329 1.4960858809 0.6671319273 -2.9985120148 1.3967965658 
0.6659162549 -2.9983958810 1.4960515535 0.6666953267 -2.9992871770 1.3966096948 
0.6572713563 -3.0117975221 1.4942023917 0.6656858673 -2.9991567841 1.4012366866 
0.6615151938 -3.0065954948 1.4951109830 0.6775875141 -2.9863688665 1.3981148112 
0.6674726737 -2.9975403328 1.4946264885 0.6660285043 -2.9994959892 1.4041131280 
0.6650301564 -3.0010202265 1.4964535456 0.6655770317 -3.0000269863 1.3970939412 
0.6654570278 -3.0002648768 1.4949679932 0.6670644146 -2.9973969215 1.3990221356 
0.6643244004 -3.0009183689 1.4927378415 0.6675197714 -2.9979587003 1.3972551584 
0.6735413064 -2.9939331475 1.4947734466 0.6685474060 -2.9958938737 1.3985624842 
0.6655206686 -2.9999579649 1.4977125511 0.6669381276 -2.9983848365 1.3942225067 
0.6652977725 -3.0004274790 1.4971092551 0.6662211960 -2.9997360203 1.4016499620 
0.6661303108 -2.9991902528 1.4967722934 0.6654216153 -3.0002926984 1.3974491225 
0.6670452986 -2.9988081226 1.4961194475 0.6656456103 -2.9988648363 1.3929660624 
0.6661215982 -2.9992097269 1.4958978292 0.6658836948 -2.9984501177 1.3964238095 
0.6813616209 -2.9851432165 1.4930898829 0.6601070612 -3.0042304724 1.4005345402 
END
