2.1185246095 -2.9989658111 1.5417372474 2.1184601594 -2.9967126374 1.5977992127 
12 12
image_id_list 13 14 44 48 54 55 56 80 83 89 53 78 
line_id_list 1 15 73 41 56 144 102 97 13 69 96 25 
line2d_list
456.5901794434 88.7879867554 458.8402099609 73.8255920410 
223.1565856934 75.1331710815 221.0809478760 61.9872207642 
686.9768066406 10.9947404861 689.2817382812 0.8370127082 
480.5685424805 98.0210876465 481.1638793945 81.9689941406 
469.4853820801 145.1427154541 468.1514282227 130.9857330322 
586.8593139648 206.0610046387 586.2670288086 194.9857177734 
54.3174324036 135.9523468018 50.8751296997 113.0187454224 
95.9374847412 53.0152320862 95.6790695190 34.9902648926 
436.1705627441 202.0088195801 436.7943725586 189.9376983643 
401.3560791016 184.9793243408 401.8059997559 170.9616699219 
13.3886938095 114.0268096924 12.6863908768 98.0137557983 
411.9697875977 147.9983062744 412.8722229004 131.9366302490 
node_id_list 7264 7265 7266 7267 7268 7269 7270 7271 7272 7273 8158 12429 
score_list 5.3371682072 2.4409870545 7.6022709615 7.5321909035 9.4775690607 6.8509695390 5.7678704098 4.8146655736 5.4384333055 6.8920012745 2.9674929199 4.4675605387 
line3d_list
2.1188257662 -2.9964395119 1.5416116370 2.1189591421 -2.9923155804 1.5960004444 
2.1187029728 -2.9995045023 1.5432848830 2.1184905778 -2.9970335340 1.5961511173 
2.1186765861 -2.9988577190 1.5438901276 2.1186041906 -2.9989094625 1.5714457284 
2.1180368586 -2.9977712871 1.5456771650 2.1180824651 -2.9957234066 1.5966196946 
2.1187614347 -2.9993147113 1.5446194314 2.1182443362 -2.9974332956 1.5978279284 
2.1178745345 -2.9981661327 1.5447072984 2.1171984281 -2.9977300165 1.5950986122 
2.1186872491 -3.0007993353 1.5418111251 2.1187580665 -2.9986433012 1.5954605974 
2.1186337128 -2.9965493001 1.5432309419 2.1184426935 -2.9949585708 1.5958577551 
2.1173571242 -2.9979215474 1.5426287042 2.1181121227 -2.9971444837 1.5982126995 
2.1176958433 -2.9985915265 1.5438819811 2.1177552430 -2.9963991885 1.5978082070 
2.1187283540 -2.9995088203 1.5441557071 2.1188232532 -2.9965935709 1.5968529364 
2.1188312808 -2.9962628597 1.5393328796 2.1189084333 -2.9939120549 1.5963809753 
END
