2.1079262252 0.0891452432 0.4916214033 2.7231157337 0.0877975691 0.4927077319 
4 4
image_id_list 28 67 75 66 
line_id_list 170 88 90 104 
line2d_list
224.6734924316 370.6571350098 161.6703033447 430.6537780762 
543.0007934570 430.9696960449 345.0110473633 425.5936889648 
441.9997558594 226.9807434082 189.0043182373 230.3260040283 
799.5278320312 367.0643005371 724.9901733398 325.0174865723 
node_id_list 11326 11327 11328 13273 
score_list 2.9852136924 5.9459411561 2.5236853077 1.9561749054 
line3d_list
2.7231092645 0.0857646211 0.4938492223 2.2410091284 0.0890840837 0.4920799073 
2.7403690530 0.0877732527 0.4927338953 2.1079262670 0.0891289209 0.4915774910 
2.7425790196 0.0877685156 0.4927379362 2.1075305694 0.0891297691 0.4915767675 
2.2769732345 0.0887984770 0.4918208131 2.1043814766 0.0893634194 0.4916100469 
END
