-0.1656064459 -0.8796898144 1.5985438696 -0.1778510321 -0.5498458862 1.6002278798 
34 23
image_id_list 0 39 0 1 17 45 58 79 85 90 93 8 32 8 17 19 86 84 99 10 20 46 86 10 58 79 99 37 76 18 19 31 76 85 
line_id_list 210 268 263 279 204 169 313 180 245 249 227 236 221 210 210 245 195 212 214 215 200 252 175 227 305 182 201 150 185 323 216 161 183 259 
line2d_list
257.7542724609 144.5767974854 272.7282409668 152.5127563477 
489.0711059570 228.5480499268 539.0916137695 236.4175720215 
231.8866119385 136.2964782715 254.4160003662 144.9122009277 
260.9916076660 112.1198196411 297.0250244141 114.6423645020 
214.8948516846 97.3400955200 256.1228332520 90.7709503174 
690.8186645508 160.6017150879 737.0189819336 165.8323211670 
222.9316253662 168.9499359131 259.0325012207 171.5485839844 
619.0588989258 68.1840362549 658.0179443359 69.4472732544 
401.7288208008 66.4717864990 447.0755004883 58.4254798889 
438.9845886230 96.3426361084 475.9996337891 98.0079345703 
127.9117279053 56.4504623413 168.9765472412 49.8540077209 
512.9940795898 225.0278320312 552.1309814453 233.3868103027 
594.9600219727 174.2676086426 634.9500732422 172.0854034424 
553.8494873047 232.4174194336 572.8972778320 239.2849121094 
256.9016113281 89.7392578125 278.0847473145 88.0861206055 
786.1513671875 147.9089660645 799.1781005859 149.7163085938 
680.2029418945 141.6242218018 705.0218505859 143.7442321777 
745.9767456055 53.4978332520 799.0018920898 51.0414848328 
543.9343261719 237.1121520996 573.0689086914 238.8332061768 
595.8756713867 189.8201446533 638.9470825195 196.3492736816 
746.9737548828 171.7172393799 799.0504150391 173.6213073730 
234.9384918213 120.0674438477 285.9802856445 116.7011489868 
625.9620971680 144.8018341064 676.0068969727 143.2176361084 
643.8256835938 195.6125335693 664.1700439453 201.4025573730 
263.3810119629 169.9700317383 285.1762695312 174.0608673096 
664.0440063477 67.7176742554 690.0360107422 71.7690124512 
575.8970947266 237.6057434082 595.9967041016 241.0192718506 
562.9634399414 145.1968231201 607.0087280273 143.1919555664 
663.9953613281 104.0366897583 688.1145629883 107.0974044800 
414.0928649902 1.2013690472 431.0955200195 3.1787202358 
734.0105590820 146.7619628906 781.0510253906 148.8495483398 
686.8683471680 199.4187164307 731.0615234375 195.7386474609 
608.9921264648 105.7967758179 660.9899291992 105.4574432373 
452.9624328613 56.0705795288 474.0088806152 55.2197189331 
node_id_list 1222 1223 1392 1393 1394 1395 1396 1397 1398 1399 1400 2071 2072 5022 5023 5024 5026 5086 5087 6656 6657 6658 6659 6670 6671 6672 6673 8999 9004 9216 9323 9324 9325 13090 
score_list 3.4796631225 6.7389436056 5.4950992304 5.1425659513 8.2701478750 10.0918926430 8.6701881530 5.6149221519 10.1095987394 2.6362112121 3.0539792580 7.3033438218 8.4108752894 2.2252908166 6.3159495775 1.3443978354 2.8351258865 4.6225418277 9.7561432265 3.0981368993 7.8819780377 10.4069201861 8.3223101607 1.9360460620 8.2646145630 3.2296456683 3.9791756179 7.1024330857 2.5210828915 6.6142886131 2.3892756493 4.9901991558 9.2508036017 5.9745503546 
line3d_list
-0.1807524746 -0.6428016472 1.6062284755 -0.1587769478 -0.5534500717 1.5947775046 
-0.1992894974 -0.8197759879 1.5994478803 -0.1677771958 -0.5473951423 1.6001379083 
-0.1511231794 -0.8313144005 1.6000124566 -0.1768709862 -0.6653966986 1.5988615672 
-0.1500692499 -0.8778864170 1.5999042423 -0.1796998236 -0.6589887710 1.5986889672 
-0.1631227568 -0.8777244920 1.5990948857 -0.1752160429 -0.6668459116 1.5994749490 
-0.1656314473 -0.8164881423 1.5991206272 -0.1769965195 -0.6682797929 1.5996295164 
-0.1538453771 -0.8219666831 1.5994648347 -0.1858295450 -0.6669429312 1.5989781070 
-0.1682824699 -0.8226584739 1.5990863788 -0.1862609319 -0.6679555695 1.5988750169 
-0.1571804688 -0.8812361604 1.5986042114 -0.1760380636 -0.6736255111 1.5995648833 
-0.1690519727 -0.8257477508 1.5994373198 -0.1637374226 -0.6755841720 1.5985330563 
-0.1695322028 -0.8661871535 1.5979350695 -0.1745165405 -0.6684917878 1.5997223287 
-0.1628859585 -0.8795899873 1.5987718244 -0.1569887190 -0.6657397250 1.6009134564 
-0.1659907497 -0.8781906782 1.5985874230 -0.1721627602 -0.6681254416 1.5999359079 
-0.1314630390 -0.6616416008 1.6081876288 -0.1873177727 -0.5455687230 1.5940248150 
-0.1194827203 -0.6651779713 1.6068128133 -0.1988774756 -0.5512363332 1.5947715995 
-0.1590762181 -0.6462848156 1.6057919033 -0.1783039176 -0.5955094121 1.6000167947 
-0.1463805556 -0.6535369949 1.6072917607 -0.1716961825 -0.5496593859 1.5944086615 
-0.1488330714 -0.8660428830 1.5987569101 -0.1734563502 -0.6841150762 1.5994302420 
-0.1584243420 -0.8170555282 1.5992247363 -0.1769262168 -0.6691984363 1.5995416868 
-0.1635013845 -0.8775579385 1.5998617684 -0.1796138174 -0.6717051292 1.5997182529 
-0.1614487700 -0.8710331288 1.5989333411 -0.1763129481 -0.6771940341 1.5995989084 
-0.1853109767 -0.8778741231 1.5983506120 -0.1727481296 -0.6746066928 1.5998847071 
-0.1586275669 -0.8821775763 1.5987291574 -0.1762573736 -0.6692220592 1.5995700173 
-0.1795432298 -0.6501196859 1.6066631405 -0.1671167543 -0.5515250774 1.5944614421 
-0.1653469516 -0.6495800682 1.6062893417 -0.1727844277 -0.5534838705 1.5946250823 
-0.1614828784 -0.6507119158 1.6066114585 -0.1626696191 -0.5492536977 1.5946224158 
-0.1871883183 -0.6573222905 1.6072890160 -0.1710558719 -0.5516936323 1.5943279131 
-0.1746850570 -0.8794553745 1.5980281607 -0.1815020185 -0.6691995059 1.5993375126 
-0.1245244697 -0.6521346031 1.6058154131 -0.1849266708 -0.5517843095 1.5948463771 
-0.1738743048 -0.6222071584 1.6032495829 -0.1806407900 -0.5578287318 1.5955139743 
-0.1814517349 -0.8732352943 1.5985995409 -0.1806917071 -0.6702205462 1.5997883087 
-0.1967620927 -0.8636665175 1.5991109949 -0.1788760294 -0.6697137751 1.5997374491 
-0.1883238060 -0.8800026986 1.5977272649 -0.1583869497 -0.6628920766 1.6004001296 
-0.1655079169 -0.6475003103 1.6060368985 -0.1728818561 -0.5522250430 1.5944722845 
END
