-0.0364308624 -1.2098766802 0.8545948387 0.0129875738 -1.1179858072 0.8524411083 
4 4
image_id_list 20 81 84 98 
line_id_list 192 141 180 186 
line2d_list
638.4801635742 330.3522644043 659.1207275391 338.2871704102 
722.9696655273 221.3518371582 745.7999267578 223.3204193115 
636.8503417969 237.5932464600 657.7798461914 242.8728179932 
677.5665893555 358.3118286133 698.5850830078 365.2558288574 
node_id_list 9511 9512 9513 9514 
score_list 1.6780217828 0.9229602269 1.3690603445 0.9282206776 
line3d_list
-0.0493132073 -1.2268903245 0.8538040150 0.0112148643 -1.1167179396 0.8513759322 
-0.0153233525 -1.2042592535 0.8609712828 0.0312658230 -1.1141602532 0.8579504788 
-0.0390572552 -1.2112797970 0.8538668421 0.0034429374 -1.1176435302 0.8496368605 
-0.0391716379 -1.2084307757 0.8533971861 0.0110709515 -1.1169798879 0.8513817052 
END
