0.0130780443 -1.5324996754 0.5184788736 0.1537855216 -1.4502147075 0.5090221367 
26 26
image_id_list 1 4 12 17 46 79 85 87 90 50 6 7 18 45 95 96 20 43 49 84 86 14 38 37 93 58 
line_id_list 246 93 193 209 146 171 229 262 211 85 144 90 199 110 87 76 108 115 107 152 147 164 108 136 98 247 
line2d_list
133.6796722412 409.3106079102 161.7157135010 416.1630859375 
233.7178497314 419.2810974121 274.1069335938 412.6515502930 
202.6456909180 188.7086334229 221.4458007812 198.1084289551 
136.7727661133 331.3908691406 151.8944549561 340.1815490723 
88.9534683228 409.0328063965 99.5293579102 424.0366210938 
427.8639526367 320.1340942383 442.2687377930 334.7495727539 
305.3805541992 324.4821472168 321.0188903809 335.9743041992 
0.6007246375 519.9683837891 23.7828369141 529.5266723633 
262.7059326172 398.4928894043 285.0908508301 411.8477478027 
423.3309936523 333.8739624023 431.4540710449 355.2078552246 
464.0065612793 363.0002746582 465.6596069336 323.0272827148 
687.1233520508 194.9139404297 702.0295410156 216.2817993164 
204.1853790283 280.2868652344 213.2929687500 295.4253540039 
434.6852722168 423.1650085449 445.2823486328 443.3762817383 
625.1848144531 483.9340515137 635.1771240234 511.9367980957 
601.5520019531 442.8634033203 606.5043945312 462.8751831055 
566.8507080078 388.0598754883 573.2109985352 403.9153747559 
595.9263305664 451.0688781738 615.2972412109 471.7870788574 
622.4854736328 402.3564758301 639.7028198242 427.2059020996 
559.9068603516 305.0602416992 569.8590087891 320.4443054199 
479.7134704590 370.2247924805 490.8084106445 384.3657226562 
788.9848632812 235.0086212158 794.3175048828 244.3880310059 
702.8754882812 463.0556335449 712.3984375000 484.3753662109 
434.3639526367 358.5348510742 444.4953613281 370.5834655762 
92.0518035889 413.9350891113 125.0612945557 412.1063232422 
37.5199012756 428.4711608887 52.6553039551 443.3506164551 
node_id_list 2014 2015 2016 2017 2018 2019 2020 2021 2022 3739 4149 4150 4151 4152 4153 4154 4386 4387 4388 4389 4390 8490 8491 9002 9003 12570 
score_list 6.9843734413 4.2690400527 4.0988874229 6.5614551628 8.3330121977 10.1230741849 5.3092144018 7.2930833772 9.1546690435 8.9630908646 6.8495438804 8.8552783208 9.6455051777 6.8224106536 7.4600832621 6.8492033578 5.9169461464 7.5672420024 7.5205934378 5.6352493605 5.1714089517 1.8223872381 4.2779031297 4.1601419560 7.7345337134 2.5604323151 
line3d_list
0.0347414285 -1.5205997423 0.5194170999 0.1295062241 -1.4634603705 0.5144321424 
0.0294768159 -1.5220896397 0.5162318497 0.1308466566 -1.4615797225 0.5121574006 
0.0233780251 -1.5254344916 0.5175506259 0.1206605239 -1.4646107282 0.5086039752 
0.0325704977 -1.5261442794 0.5234219848 0.1721297124 -1.4435670442 0.5101026330 
0.0332488701 -1.5206810173 0.5178129212 0.1561218345 -1.4395329450 0.4968371715 
0.0155102415 -1.5303063757 0.5165332491 0.1467627538 -1.4534036622 0.5075552508 
0.0336371066 -1.5255471448 0.5242782223 0.1455818394 -1.4496047915 0.5013455145 
0.0451833178 -1.5184045015 0.5210866035 0.1415568692 -1.4627944656 0.5148540468 
0.0281078045 -1.5261792290 0.5196538412 0.1380918608 -1.4628618145 0.5135060159 
0.0310565807 -1.5188318485 0.5125746030 0.1382803863 -1.4501294780 0.4980460046 
0.0298304184 -1.5103220921 0.5042933185 -0.0980750553 -1.5873827082 0.5136394964 
0.0209893660 -1.5255552153 0.5145010044 0.1353374929 -1.4603542948 0.5097086025 
0.0265874915 -1.5214663814 0.5126153415 0.1358138545 -1.4498596133 0.4947272870 
0.0033811598 -1.5342666528 0.5127053266 0.1513979148 -1.4470410616 0.5011112926 
0.0237812660 -1.5237360232 0.5139506414 0.1498207717 -1.4502751798 0.5056295952 
0.0177575156 -1.5278067329 0.5151617646 0.1303113674 -1.4511362781 0.4916467480 
0.0216752980 -1.5269398745 0.5169614297 0.1407050440 -1.4469865400 0.4937330788 
0.0232734689 -1.5257577903 0.5160022250 0.1458064194 -1.4539639921 0.5076206665 
0.0201401657 -1.5272622360 0.5168683201 0.1324607922 -1.4616861654 0.5092410640 
0.0111382375 -1.5297592695 0.5128301274 0.1434708126 -1.4484939479 0.4980830332 
0.0125908882 -1.5318953967 0.5164883926 0.1371888691 -1.4501732128 0.4960348951 
0.0536895154 -1.5103831705 0.5179027747 0.1323521314 -1.4535173412 0.4967000129 
0.0205059488 -1.5271062998 0.5159770764 0.1288708953 -1.4531227011 0.4924913533 
0.0267297931 -1.5261146817 0.5197092448 0.1459270490 -1.4469325274 0.4977322319 
0.0395995193 -1.5247087030 0.5230074369 0.1427125979 -1.4712143788 0.5225546457 
0.0457095152 -1.5238802912 0.5280776210 0.1364229240 -1.4508080825 0.4957916259 
END
