0.7183033381 -0.6646961701 0.0089190525 0.5976610111 -0.4548023297 0.0008369861 
24 24
image_id_list 0 1 4 8 12 17 39 47 66 74 85 90 93 9 84 10 19 37 76 79 18 32 65 62 
line_id_list 292 274 131 224 230 187 260 241 246 48 268 280 213 238 221 230 228 173 195 211 240 267 171 166 
line2d_list
267.8885498047 521.7833862305 281.9480590820 505.8358154297 
404.1701660156 526.4647216797 414.7241516113 499.8904418945 
599.4374389648 399.8911132812 589.3027343750 359.1735534668 
490.0035400391 588.5791015625 530.0081176758 588.3351440430 
456.5230102539 338.7092590332 484.8613281250 317.8119812012 
336.9947814941 439.9908447266 370.8326110840 420.7062988281 
490.7840270996 593.8277587891 527.2059326172 587.1179199219 
373.3876647949 473.1306762695 387.6297607422 430.8752136230 
173.8464202881 323.5961608887 205.0329132080 279.3188476562 
309.7911987305 550.9911499023 312.1242370605 495.9205322266 
524.2924194336 468.5507202148 563.4136352539 447.7790832520 
549.0999145508 596.1055297852 578.8908691406 567.8847656250 
408.7189331055 447.0624694824 411.1639709473 418.9273376465 
662.9531250000 568.8911743164 710.0333251953 571.3665771484 
744.9733276367 533.4788208008 799.0874023438 530.7068481445 
528.8616943359 575.1422119141 560.3684082031 578.9573974609 
676.7899169922 538.4373779297 697.0870971680 541.4041137695 
602.1418457031 533.8443603516 648.9956665039 525.9743041992 
620.0543823242 541.6666870117 674.0216064453 537.2652587891 
639.1213378906 542.5198364258 686.8541870117 531.3754272461 
393.5095214844 487.5025329590 424.0495910645 477.1462707520 
657.9218750000 524.5770874023 697.2423706055 517.3115844727 
359.7272338867 467.2175598145 430.8042297363 442.4384460449 
478.0736999512 574.5430297852 555.0076904297 586.9525146484 
node_id_list 1476 1477 1478 1479 1480 1481 1482 1483 1484 1485 1486 1487 1488 5055 5056 6122 6123 6124 6125 6676 7242 7243 8997 13168 
score_list 7.8776904289 7.9480578405 8.5243545850 3.2338954193 11.0695752494 5.3757608349 5.6179548136 5.4185317477 9.8700395814 7.7698026271 6.7566513745 9.8107594979 6.9514818160 4.9176824085 5.1565917577 2.5353707738 1.8763444114 3.5888095784 4.1627229685 6.0379543104 5.4340856365 4.7323387823 5.5467212503 1.5434049444 
line3d_list
0.7043917302 -0.6498425737 0.0020480659 0.6069282407 -0.4704778353 -0.0016687534 
0.7025978091 -0.6583921452 -0.0022622715 0.6017404754 -0.4664901632 -0.0038565584 
0.6962832130 -0.6552964689 -0.0135811388 0.5888158529 -0.4559752526 -0.0143614744 
0.7189099218 -0.6642914902 0.0103741447 0.6044477959 -0.4666255812 -0.0034813765 
0.6976133492 -0.6512028384 -0.0075953853 0.6050966992 -0.4734636901 -0.0051490293 
0.7216466933 -0.6666673124 0.0128352784 0.6142851635 -0.4748686171 0.0056342486 
0.7175202603 -0.6620186231 0.0068385364 0.6150934040 -0.4721556567 0.0034206682 
0.7125699084 -0.6545912081 0.0100830458 0.6022410475 -0.4655461238 -0.0034851363 
0.7000308502 -0.6568663294 -0.0099928221 0.6018733795 -0.4676710883 -0.0059795040 
0.6975708626 -0.6576286813 -0.0089900054 0.5858401253 -0.4539125426 -0.0142969654 
0.7132373447 -0.6658895185 0.0059670673 0.6028098349 -0.4694990035 -0.0046464419 
0.7136781845 -0.6600108052 0.0054327730 0.6138097379 -0.4777675920 0.0022056835 
0.7000109784 -0.6571868665 -0.0036335152 0.6020233529 -0.4710400512 -0.0052880145 
0.7038168608 -0.6536825620 0.0035729239 0.6066313227 -0.4684507011 0.0022142733 
0.7104158203 -0.6584709383 0.0056875154 0.6227608389 -0.4877292995 0.0072126428 
0.7105431635 -0.6587189879 0.0056852997 0.6491531814 -0.5391384920 0.0067534369 
0.7159562475 -0.6591673361 0.0095743687 0.6642036314 -0.5896854904 -0.0007814499 
0.7097162206 -0.6627786176 0.0043258732 0.6247539607 -0.4700273358 0.0133783219 
0.7085493220 -0.6627024492 0.0036390836 0.6064942477 -0.4681894415 0.0022123570 
0.7322696009 -0.6688300667 0.0168821050 0.6323836306 -0.4821182480 0.0142742682 
0.7167396665 -0.6593697500 0.0097027346 0.6330347731 -0.5498716122 -0.0088386534 
0.7179708203 -0.6645151530 0.0090329653 0.5798331125 -0.4657263750 -0.0167439944 
0.7103671496 -0.6451392483 0.0125219914 0.6099567845 -0.4832388056 0.0001620467 
0.7049132846 -0.6401181259 0.0088963680 0.6199709801 -0.4863359628 0.0105422080 
END
