3.8135569247 -0.8916556355 0.5527241405 3.8125286996 -0.6079614359 0.5536835706 
5 5
image_id_list 24 28 29 69 71 
line_id_list 63 283 318 346 176 
line2d_list
663.9113159180 384.6107177734 525.9160766602 364.5780639648 
423.8877563477 257.0299987793 472.0528869629 251.4569702148 
469.9660644531 278.3360290527 529.0703125000 284.3035278320 
422.9086608887 354.3488159180 473.1310729980 367.4993896484 
81.0223541260 46.3532409668 136.0550994873 42.8708457947 
node_id_list 10481 10482 10483 10484 10485 
score_list 7.5719972943 5.3356123969 3.0404382992 3.3664802204 3.2626470094 
line3d_list
3.8120953256 -0.9057875248 0.5540031539 3.8114405035 -0.6093077418 0.5546420434 
3.8149593528 -0.5995887808 0.5515716582 3.8144046258 -0.8864102738 0.5519911079 
3.8114515077 -0.6079685501 0.5546327379 3.8143165847 -0.8940390945 0.5520662566 
3.8114414685 -0.6097446925 0.5546411018 3.8120641349 -0.8916654744 0.5540335858 
3.8133183117 -0.5941909611 0.5530058027 3.8135832662 -0.8867258713 0.5527082304 
END
