3.1152350058 -2.5382486899 0.2728509168 3.1103039067 -2.0419728141 0.2760830347 
8 8
image_id_list 26 28 44 48 70 71 73 94 
line_id_list 241 194 67 50 138 116 35 34 
line2d_list
732.9963989258 410.7255859375 610.9780273438 412.3230895996 
799.0239257812 342.5021667480 711.9357910156 346.6528625488 
347.2849121094 307.9232788086 243.6604614258 339.8996887207 
178.9970855713 432.9946899414 66.3579864502 494.8305358887 
747.0089111328 362.7239074707 603.9813232422 364.4804992676 
462.9487609863 135.1088714600 356.9541625977 141.2029418945 
93.3608245850 247.2823638916 0.2772071362 330.1884765625 
366.0796508789 39.2201995850 236.6528167725 86.0402603149 
node_id_list 11053 11054 11055 11056 11057 11058 11059 11060 
score_list 8.3445964260 5.5243665251 4.6419843495 3.4792758807 5.2618689716 8.5525618475 1.9431603082 6.0062025604 
line3d_list
3.1169939734 -2.5378571188 0.2715577685 3.1086305569 -2.0444684900 0.2775439665 
3.1170249522 -2.3604914359 0.2713935761 3.1124470170 -2.0460124008 0.2746350816 
3.1020159084 -2.5303591217 0.2826521880 3.1100266475 -2.0402649622 0.2761941566 
3.1124344757 -2.5330666454 0.2752635166 3.1077058751 -2.0274399238 0.2772540570 
3.1123912095 -2.5382819711 0.2736224340 3.1154411214 -2.0457481278 0.2729518165 
3.1076911541 -2.5386650750 0.2769390136 3.1127811100 -2.0467770537 0.2748264013 
3.1077701249 -2.5350651148 0.2784224296 3.1165046127 -2.1140735687 0.2715109616 
3.1096191467 -2.5393884241 0.2771823989 3.1188137748 -2.0418471889 0.2697770314 
END
