-0.1662487116 -0.9439272694 1.2180106190 -0.1703253848 -0.9455972169 2.0642196638 
69 35
image_id_list 8 9 19 20 37 39 43 45 46 58 64 76 84 86 87 90 98 99 10 15 17 31 32 10 15 31 45 81 87 17 18 20 37 79 81 81 84 85 98 11 18 40 46 58 59 76 79 85 92 11 50 59 92 82 96 64 86 42 45 40 19 31 96 43 82 87 50 42 43 
line_id_list 102 188 79 43 71 145 30 25 134 204 30 52 41 106 70 93 40 155 60 201 203 154 212 25 202 198 129 150 244 49 271 29 31 49 41 68 17 188 23 44 198 11 157 43 150 26 88 69 80 198 16 23 52 74 89 8 23 45 18 27 37 23 49 29 26 256 15 102 138 
line2d_list
520.8657226562 136.7335662842 489.7558898926 269.1775512695 
659.9656982422 140.9744873047 656.3615722656 287.0582580566 
732.6289062500 43.9431304932 705.5878295898 220.3965759277 
742.6312866211 57.8299636841 721.1016235352 231.1368560791 
549.4994506836 46.9942855835 548.9244384766 198.0035247803 
480.8756103516 138.8166046143 459.1223144531 272.1830444336 
780.2252807617 1.0071927309 773.5516967773 210.0176086426 
677.9785766602 19.8071613312 638.0684814453 231.2017211914 
204.2378234863 0.8681410551 224.1587829590 187.8765563965 
194.0680389404 55.9937171936 192.9014282227 229.0060729980 
302.8977050781 0.6262637973 274.1724548340 162.2084350586 
601.8782348633 0.9115959406 588.9406127930 165.0741271973 
730.1936035156 0.8067809343 717.3222045898 121.1414337158 
615.3301391602 37.9766540527 609.6131591797 202.0213623047 
147.6932830811 58.9316024780 155.7331542969 257.9703979492 
413.3860168457 0.9710398912 405.5534973145 167.0261077881 
795.5578613281 71.7646942139 765.9613037109 253.1568450928 
528.1705932617 148.9215393066 513.5733032227 303.2434082031 
601.3840942383 92.0777587891 567.3363647461 260.2705078125 
482.4241027832 0.9969968796 482.3783569336 25.0026264191 
178.2237396240 0.7219647765 212.3491058350 150.9206848145 
664.4812011719 99.0347213745 668.1378173828 258.9739990234 
580.9077148438 88.0161514282 582.8889770508 222.0016479492 
567.3088989258 261.2906188965 571.1878051758 243.8196868896 
483.5136108398 33.9954147339 483.3627319336 50.0034179688 
669.2864379883 264.9967651367 669.4786987305 281.9945983887 
632.9455566406 241.8338012695 629.7969970703 261.8103942871 
786.7448730469 110.9999389648 786.7463989258 130.0001068115 
154.6702423096 267.0207824707 155.9295043945 287.0044555664 
218.3754730225 172.9247741699 214.7539825439 154.8489379883 
329.5837097168 0.9273645878 332.9789428711 74.9551010132 
717.3579101562 256.0470886230 719.9951782227 235.9993743896 
548.8044433594 221.9926757812 549.5514526367 202.0581359863 
595.7322387695 0.8523511291 580.3370361328 133.0392456055 
790.9202270508 0.9729301929 788.3872070312 102.0097045898 
788.9021606445 128.9963378906 789.7618408203 106.0660552979 
714.3043823242 150.0368499756 717.2258300781 125.9062728882 
377.0552062988 0.8396229148 396.2244873047 126.9658813477 
761.4815063477 279.0889282227 765.5427246094 257.1002502441 
177.9414672852 61.9990882874 178.3780670166 33.9903068542 
333.8581848145 103.9856567383 333.4407653809 79.0093460083 
171.1836242676 288.1450500488 166.4109039307 261.2823486328 
226.3307495117 215.9693756104 224.1935119629 192.8894805908 
192.5148773193 255.9826049805 193.3025054932 234.0108489990 
158.4063568115 193.0055694580 158.0777587891 157.9898834229 
586.6286621094 190.9625396729 588.7461547852 169.9743957520 
578.8587646484 158.9863891602 580.8737182617 138.0842285156 
400.8577575684 151.0227661133 397.7926025391 131.8731384277 
214.0039825439 227.9426727295 210.5659790039 167.7392578125 
178.5809326172 0.9904902577 178.3731079102 32.0024986267 
665.6639404297 0.7895580530 653.6438598633 77.1014175415 
151.1582641602 0.9591632485 156.4828948975 151.9829711914 
194.8134918213 0.8867087960 204.8128204346 160.9492187500 
797.2551879883 0.8059518933 787.2092895508 91.1344909668 
799.1401977539 221.0207977295 793.2034301758 261.0301818848 
268.4676513672 207.0873107910 275.7064208984 168.3186187744 
608.5485229492 226.0929565430 609.6958007812 206.9817352295 
451.0923767090 97.0668945312 449.4075622559 49.0207748413 
632.0666503906 262.8105773926 637.6829833984 235.1386260986 
116.7197570801 39.2974586487 167.4554138184 257.6618347168 
704.9483032227 222.1809539795 708.4028320312 204.0768585205 
666.9586791992 281.9997253418 667.0928344727 262.0006103516 
787.7188110352 291.9459533691 793.1581420898 263.6459960938 
774.2587890625 244.0573883057 775.5801391602 215.0720367432 
783.6138916016 114.2462463379 786.6870117188 94.1048278809 
158.6277923584 284.9752197266 157.9170684814 266.9638061523 
646.2829589844 120.0537948608 653.3157348633 83.0600204468 
444.9434814453 0.8212371469 448.8162231445 42.9249229431 
771.2584838867 219.9766235352 771.7237548828 245.0237121582 
node_id_list 4788 4789 4790 4791 4792 4793 4794 4795 4796 4797 4798 4799 4800 4801 4802 4803 4804 4805 5940 5941 5942 5943 5944 6242 6243 6244 6245 6246 6247 6346 6347 6348 6349 6350 6351 6352 6353 6354 6355 6794 6795 6796 6797 6798 6799 6800 6801 6802 6803 6966 6967 6968 6969 8673 8674 8928 8929 9160 9161 9194 9241 9242 9243 9383 9384 11855 12094 12110 12321 
score_list 14.3531034868 8.3257371723 5.8131885077 9.3404045667 10.4526962774 15.4220817342 11.9881143513 10.8446731721 14.6513444235 12.0356451111 13.0011715824 13.8007077462 10.8938789431 10.9509129636 12.5163742774 14.2712655574 9.0105709425 10.8826557518 10.1635841442 9.9044574744 8.2091439381 6.6736627921 14.0259679932 7.5045607826 7.3576635542 5.2540782421 3.5481378433 8.0203116722 8.9430216680 6.2527850889 14.0317862953 6.7882507451 5.2663181447 13.8331762229 10.9880014483 9.6929911675 8.8380877293 12.4885496341 8.9172519333 10.1200918011 11.3204846157 13.6667109840 10.5922085100 8.0382680058 10.3802079932 10.6174988172 10.4484466226 7.6368689257 5.3737242548 9.4633705203 10.1297680896 10.8262936115 5.6502039575 5.0742759050 6.3521408019 11.1883330617 5.8112627876 7.7269656845 9.4897587567 10.5457947958 4.9144623652 7.5768344888 6.2465274899 11.3853831125 2.6648778517 9.5368457543 5.9477944046 9.5734441551 8.3974940243 
line3d_list
-0.1866382547 -0.9485945112 2.0641351604 -0.1603747804 -0.9455557507 1.3378823859 
-0.1747622732 -0.9469310207 2.0639458677 -0.1397023052 -0.9430297736 1.2430915079 
-0.1668199768 -0.9431795201 2.0638751514 -0.1407444140 -0.9430640019 1.2397314029 
-0.1720508299 -0.9460128012 2.0632123405 -0.1592506139 -0.9427573863 1.3365706142 
-0.1791017812 -0.9481309734 2.0662636162 -0.1486392198 -0.9448324507 1.3404270039 
-0.1838164702 -0.9484184008 2.0636156963 -0.1657354479 -0.9458945974 1.3410763345 
-0.1763521196 -0.9439015968 1.9790301100 -0.1652949846 -0.9443689101 1.3363285827 
-0.1678208522 -0.9453090449 2.0595794478 -0.1618524332 -0.9431837273 1.3346523209 
-0.1740795329 -0.9466989925 2.0442341654 -0.1628018320 -0.9439167692 1.3362751603 
-0.1758617513 -0.9470436108 2.0606680206 -0.1615905331 -0.9436929728 1.3355745631 
-0.1646926533 -0.9446553699 1.7282149908 -0.1660224821 -0.9445097552 1.3360767153 
-0.1732775448 -0.9464531601 2.0316962850 -0.1632019017 -0.9440461929 1.3371787148 
-0.1723129452 -0.9439838591 1.7944844783 -0.1578063237 -0.9439147235 1.3387540058 
-0.1747193767 -0.9469262475 2.0629415373 -0.1438634222 -0.9434927959 1.3405151858 
-0.1791501304 -0.9470992392 2.0626454256 -0.1619140049 -0.9441926910 1.3377286751 
-0.1700614906 -0.9459661585 1.9211380824 -0.1700135417 -0.9444815269 1.3358248179 
-0.1718375811 -0.9459429302 2.0634276409 -0.1603492250 -0.9431175221 1.3353232147 
-0.1755058578 -0.9469544926 2.0620887359 -0.1381179749 -0.9429567767 1.2395763872 
-0.1636675672 -0.9430840075 2.0634467634 -0.1498701678 -0.9468822046 1.2306107894 
-0.1654534392 -0.9444340987 1.4331319834 -0.1579969464 -0.9436914204 1.3294734232 
-0.1647697109 -0.9482041493 2.0625548916 -0.1561747748 -0.9493962877 1.3400657601 
-0.1625957591 -0.9429271140 2.0630894642 -0.1639529730 -0.9443030229 1.3279568405 
-0.1933379467 -0.9498209317 2.0625892357 -0.1478423660 -0.9440490429 1.3413731657 
-0.1647840808 -0.9494068382 1.2235362105 -0.1785487394 -0.9500544076 1.3134220148 
-0.1717674936 -0.9439399557 1.2878282283 -0.1724863325 -0.9462261708 1.2153856495 
-0.1769022596 -0.9438980807 1.2987576255 -0.1825275105 -0.9467277931 1.2179266681 
-0.1753091391 -0.9537523921 1.2943364047 -0.1609525686 -0.9512502421 1.2226402771 
-0.1868301049 -0.9491376874 1.2981399358 -0.1664185573 -0.9491986366 1.2190720649 
-0.1690196439 -0.9471969614 1.3027435573 -0.1614678565 -0.9467859841 1.2271279796 
-0.1480692832 -0.9443424742 1.2250053546 -0.1404441039 -0.9416977241 1.3203895057 
-0.1649449323 -0.9439580533 1.6069537102 -0.1566734612 -0.9442379915 1.3370581814 
-0.1470553093 -0.9432224297 1.2264196848 -0.1400609850 -0.9415924727 1.3175465557 
-0.1437792782 -0.9444391210 1.2195117168 -0.1529046964 -0.9418675271 1.3195270234 
-0.1671100306 -0.9446760542 1.8459107536 -0.1664989250 -0.9451210492 1.3381166537 
-0.1694688074 -0.9436592485 1.7435637157 -0.1636501993 -0.9454388464 1.3374874024 
-0.1355973640 -0.9435165462 1.2261367113 -0.1412069993 -0.9417247535 1.3218464178 
-0.1334040498 -0.9423722545 1.2250296021 -0.1405411305 -0.9413554066 1.3218665031 
-0.1629987497 -0.9457846847 1.8803778761 -0.1534223706 -0.9462250443 1.3420506391 
-0.1358261301 -0.9428260802 1.2282246684 -0.1414236006 -0.9415956927 1.3202477458 
-0.1372298530 -0.9433783638 1.2210463643 -0.1429266688 -0.9410742446 1.3241385026 
-0.1340789611 -0.9431218788 1.2284172120 -0.1433329054 -0.9410977605 1.3235899682 
-0.1380718107 -0.9432334158 1.2261175875 -0.1444775731 -0.9406667896 1.3236589964 
-0.1388431487 -0.9426340739 1.2255325017 -0.1403039708 -0.9417136973 1.3171687668 
-0.1333402995 -0.9432834465 1.2208204016 -0.1425060577 -0.9412786172 1.3150862028 
-0.1344952212 -0.9433980452 1.2225570359 -0.1408421878 -0.9408133285 1.3208744720 
-0.1371966538 -0.9432794758 1.2227316871 -0.1418148836 -0.9417769318 1.3167560553 
-0.1302147474 -0.9426757058 1.2361056175 -0.1450028871 -0.9428119447 1.3200605397 
-0.1306104303 -0.9426459132 1.2343345741 -0.1536339084 -0.9424746511 1.3189828109 
-0.1367791311 -0.9431641239 1.2245048364 -0.1476376197 -0.9404515045 1.3305943278 
-0.1743132650 -0.9454140527 1.4385281496 -0.1637332602 -0.9458333071 1.3281944353 
-0.1711885087 -0.9438319458 1.5309876347 -0.1698791636 -0.9436546336 1.3353534785 
-0.1751200269 -0.9437103681 1.7405666464 -0.1714470743 -0.9439735100 1.3358120254 
-0.1699417102 -0.9437855446 1.5823177605 -0.1709390683 -0.9437152078 1.3327213484 
-0.1702312884 -0.9439739384 1.7290885165 -0.1576935253 -0.9439141860 1.3352104060 
-0.1704440149 -0.9438389944 1.4751692479 -0.1644736388 -0.9444896859 1.3328036974 
-0.1389087289 -0.9433336841 1.2247464109 -0.1468666825 -0.9412207861 1.3222478157 
-0.1325517977 -0.9437206003 1.2294568361 -0.1378829234 -0.9420486413 1.3181944622 
-0.1357821974 -0.9433259809 1.2243529017 -0.1532949057 -0.9404737782 1.3238953786 
-0.1244366076 -0.9424837126 1.2225574587 -0.1417837614 -0.9416917659 1.3211229552 
-0.1675941292 -0.9441309793 2.0661613797 -0.1680652420 -0.9441826036 1.3312290737 
-0.1358981309 -0.9436184184 1.2312975750 -0.1415179577 -0.9411795019 1.3204919262 
-0.1389173045 -0.9440895109 1.2217256307 -0.1387220574 -0.9411781157 1.3153214266 
-0.1376854122 -0.9433684740 1.2244481156 -0.1511922611 -0.9408521263 1.3256032779 
-0.1403651589 -0.9427433259 1.2271832152 -0.1427640596 -0.9414600780 1.3234904794 
-0.1355148604 -0.9434465478 1.2316579784 -0.1445528925 -0.9414327136 1.3230791898 
-0.1377911125 -0.9430330615 1.2376160969 -0.1436295548 -0.9421083916 1.3053258121 
-0.1341182747 -0.9430853387 1.2222962475 -0.1554288357 -0.9412001167 1.3204903937 
-0.1727297740 -0.9444161979 1.4186135752 -0.1706028074 -0.9447008441 1.3325650845 
-0.1954665922 -0.9455061725 1.2973732850 -0.1704051756 -0.9454642013 1.2172175148 
END
