0.0876304388 -0.0362805303 0.3245270629 1.0649641436 -0.0394722004 0.3295198626 
14 14
image_id_list 0 1 4 12 47 59 66 74 87 90 93 11 18 65 
line_id_list 252 270 144 217 183 261 223 234 302 242 214 140 299 156 
line2d_list
424.8803405762 481.7247009277 298.2950134277 399.5455627441 
563.4957885742 447.1192932129 403.4429626465 375.0166931152 
753.1060180664 224.8402862549 501.9887390137 218.4419403076 
640.8315429688 281.7337951660 524.3372192383 187.5827789307 
585.3278198242 345.6715087891 365.5956115723 258.0136413574 
565.7517700195 600.9411621094 457.4340209961 475.4886779785 
294.9822387695 153.5664062500 205.6573486328 95.5273513794 
491.0946960449 380.6282653809 253.0070648193 319.9722900391 
548.3623046875 586.5644531250 387.9297790527 484.1099243164 
794.0578613281 550.8417358398 611.0222167969 410.6652526855 
544.2351074219 323.2770385742 363.9081726074 298.6730651855 
384.9765930176 351.0008239746 383.5824584961 310.9449157715 
559.7526245117 369.0651245117 550.3044433594 333.1831665039 
671.4249267578 541.4937744141 628.1448364258 228.1181030273 
node_id_list 1351 1352 1353 1354 1355 1356 1357 1358 1359 1360 1361 6914 6915 6916 
score_list 7.7264620317 6.4171590756 7.3450800980 5.7815175655 9.6106716563 5.8497472177 9.7153452713 5.7459453373 3.8596506942 3.8548088719 6.2840349285 4.3318135435 3.4607390201 5.6011492162 
line3d_list
1.0658843747 -0.0418477303 0.3308184867 0.1049187089 -0.0306962433 0.3203320943 
1.0643471707 -0.0486924987 0.3361476217 0.1087219113 -0.0354799989 0.3240657191 
1.0625172771 -0.0517444358 0.3361018161 0.0987695323 -0.0296985908 0.3206398940 
1.0264615370 -0.0559248984 0.3397636161 0.0908628794 -0.0304870079 0.3213341850 
1.0649396339 -0.0434301347 0.3317874703 0.1022884744 -0.0354651744 0.3252968869 
0.7528180801 -0.0424246878 0.3306816903 0.0996174381 -0.0383351781 0.3262728294 
0.6468888806 -0.0383880559 0.3272397262 0.0847879060 -0.0323752997 0.3221236908 
1.0625453514 -0.0432375923 0.3332580128 0.1011630444 -0.0318473766 0.3221074445 
1.0658493182 -0.0443844903 0.3327945345 0.1008642598 -0.0383429841 0.3262812450 
1.0635677152 -0.0394928009 0.3300723245 0.0996924438 -0.0358636975 0.3230146725 
1.0635761795 -0.0467649238 0.3356410651 0.1074256055 -0.0362806258 0.3238117056 
0.4129341844 -0.0378108156 0.3258882833 0.0815167953 -0.0348461127 0.3221645204 
0.3751531116 -0.0369008392 0.3250316405 0.0876401252 -0.0358183191 0.3229264235 
0.9503463947 -0.0389399715 0.3286062956 0.0986774990 -0.0370243007 0.3263530476 
END
