3.7878301488 -0.9516771127 1.0590803376 3.7887323802 -0.5499725663 1.0586651668 
10 10
image_id_list 22 24 25 26 27 28 29 69 70 52 
line_id_list 5 103 67 7 11 10 100 96 10 3 
line2d_list
344.9630737305 16.6260852814 222.8697357178 28.6806468964 
799.1821899414 179.8137054443 566.1501464844 144.0225830078 
445.0404357910 307.4176940918 330.0388793945 304.4785461426 
387.8959350586 226.9383087158 319.8634338379 233.6067047119 
625.8704833984 229.5712127686 547.8768310547 236.6411132812 
462.7064514160 161.2817382812 391.7280273438 173.4080352783 
549.0717163086 179.7001037598 462.0607604980 174.8986358643 
503.3463134766 278.4659729004 430.2346191406 261.9607238770 
300.9676208496 102.0112838745 198.9460296631 105.3519439697 
73.9333419800 305.5646362305 0.9050801396 308.9561157227 
node_id_list 9784 9785 9786 9787 9788 9789 9790 9791 10531 10631 
score_list 6.1708609396 6.9539817114 7.9159590115 5.9113294895 6.9243024884 5.8327395403 7.8921121093 7.7920725929 5.7937022868 1.9420829331 
line3d_list
3.7807460586 -0.9374302496 1.0604232313 3.7796649746 -0.5424519599 1.0605792175 
3.7872711399 -0.9400613799 1.0593253074 3.7872407847 -0.5502891902 1.0593048099 
3.7872985749 -0.9516756696 1.0593214534 3.7862306338 -0.5534844543 1.0594750166 
3.7852498966 -0.9496362751 1.0599410454 3.7856632431 -0.5506426126 1.0596456440 
3.7865619340 -0.9484392532 1.0596244411 3.7873079557 -0.5539455253 1.0592768578 
3.7866741910 -0.9523337157 1.0595775382 3.7858194830 -0.5485313903 1.0599027130 
3.7872963378 -0.9508415451 1.0593217750 3.7862342359 -0.5548275268 1.0594744987 
3.7857853006 -0.9506606288 1.0597746920 3.7841124667 -0.5567234931 1.0602774798 
3.7886178489 -0.9518317745 1.0587596458 3.7900829240 -0.5499761746 1.0581088719 
3.7899630273 -0.9489538613 1.0589714717 3.7959457212 -0.6435498771 1.0576642365 
END
