0.5313188359 -0.3425769554 0.0065767014 1.2462158391 -0.3414768701 0.0056416288 
23 23
image_id_list 0 1 4 8 12 17 32 39 47 66 74 79 85 90 93 9 37 58 76 86 11 65 19 
line_id_list 260 219 122 215 229 243 291 257 129 238 216 214 283 265 190 167 194 337 219 227 224 170 171 
line2d_list
291.5961914062 494.5156860352 393.9263916016 574.6480102539 
421.6759643555 482.5700378418 553.7646484375 557.6548461914 
584.0234375000 333.8260192871 799.0242309570 362.8203125000 
555.4934692383 586.8685913086 558.8084716797 599.3173217773 
504.9201660156 302.9856567383 596.4833374023 403.2972106934 
393.0648193359 408.5037231445 434.0483093262 484.5899047852 
723.4544677734 511.2954101562 771.6385498047 600.2786865234 
551.0443725586 581.9816894531 558.3480224609 599.6817016602 
398.2511291504 403.5332336426 573.6024780273 497.8802490234 
224.4165344238 251.7084197998 351.1221923828 356.0657958984 
314.3093261719 463.1034240723 509.5317077637 530.4589233398 
719.5970458984 523.1773681641 753.3015747070 599.7476196289 
588.3319702148 434.3860778809 652.3300170898 545.1210327148 
599.1891479492 547.8302001953 646.4158935547 600.4224853516 
412.7826232910 398.9598388672 562.7893066406 432.9304809570 
743.1025390625 573.5972900391 731.4186401367 599.6365356445 
679.4154052734 521.9141235352 695.4187622070 599.3269042969 
347.0959472656 590.9716796875 349.5873413086 599.4167480469 
709.1345214844 534.9794921875 718.9100952148 599.1660156250 
748.3657226562 562.9191894531 756.4165649414 599.3499145508 
283.4845886230 559.2539672852 280.2413635254 578.2123413086 
490.1681823730 425.9484558105 482.0407104492 557.1264648438 
759.1379394531 572.5932006836 746.3716430664 599.6472778320 
node_id_list 1372 1373 1374 1375 1376 1377 1378 1379 1380 1381 1382 1383 1384 1385 1386 5038 5039 5040 5041 5042 7006 7241 9296 
score_list 9.9821691681 8.6963571349 6.1699380293 6.8096620614 9.2631988082 7.1231368057 6.4197184712 8.9629856868 4.8947813029 10.1587482565 6.7012469696 5.6385168296 7.2560634247 10.6918165950 7.6021502663 4.6490874887 5.9890039236 2.7098924010 4.5172639063 5.1468405862 1.6459818164 6.3084393731 2.7891124239 
line3d_list
0.5379996612 -0.3415609102 0.0018967598 1.2463532382 -0.3405574121 0.0022192892 
0.5402044262 -0.3432864244 0.0075806638 1.2462189039 -0.3420914516 0.0072617610 
0.5313273058 -0.3448154564 0.0104187318 1.2442790286 -0.3370322399 -0.0031932046 
0.5464013190 -0.3404039725 0.0036644430 0.6576686844 -0.3414874476 0.0077084421 
0.5395607453 -0.3411864782 0.0006737951 1.2537350033 -0.3424346715 0.0084285240 
0.5418108398 -0.3408789224 -0.0003257917 1.2387258229 -0.3404668085 0.0018824338 
0.5377446583 -0.3403946839 -0.0012835626 1.2444218833 -0.3397768822 0.0003209273 
0.5385526869 -0.3394348262 0.0016930138 0.6839600649 -0.3391664042 0.0024613948 
0.5458158011 -0.3463632164 0.0131305768 1.2327488522 -0.3441373993 0.0151878487 
0.5462139938 -0.3435347291 0.0077674259 1.2404051384 -0.3419153798 0.0071281039 
0.5295842365 -0.3393617760 0.0131349577 1.2409542829 -0.3450427034 0.0086558388 
0.5447684781 -0.3420713923 0.0036095772 0.9324174055 -0.3406341440 0.0008665156 
0.5430590978 -0.3408781842 -0.0003218365 1.2416217483 -0.3404650960 0.0018916098 
0.5410501105 -0.3428764235 0.0062371086 0.8204895395 -0.3411958953 0.0021410317 
0.5372699727 -0.3435314152 0.0083710691 1.2429964136 -0.3415360984 0.0054195605 
0.5454687226 -0.3393791487 0.0018626444 0.8076330166 -0.3398136543 0.0003994649 
0.5352196179 -0.3384044865 -0.0051810909 1.0711065531 -0.3407737756 0.0015787042 
0.5251317798 -0.3358515268 -0.0076093719 0.5928823786 -0.3391116237 -0.0017511141 
0.5341644754 -0.3379212831 -0.0038770529 0.9287563483 -0.3400260154 -0.0002297145 
0.5479844004 -0.3392451112 0.0022772431 0.7687150386 -0.3399375080 0.0000325004 
1.1683107229 -0.3397152949 -0.0003025736 1.2454515951 -0.3418911376 0.0054367114 
0.5376923503 -0.3380836764 -0.0032348197 0.8849832037 -0.3416531806 0.0042526269 
0.7151344232 -0.3385722157 -0.0034718025 0.9248283438 -0.3396343069 -0.0017609685 
END
