-0.1252750781 -1.5061384036 0.9988626513 -0.0408035238 -1.4286860391 1.0178689694 
4 4
image_id_list 1 3 46 93 
line_id_list 204 154 104 104 
line2d_list
115.1832962036 272.9828796387 148.1203765869 270.9588928223 
615.9359741211 199.8354492188 642.9728393555 200.7787780762 
85.3217239380 282.4930725098 133.2510986328 272.1653137207 
20.3184337616 275.9831237793 58.5212745667 263.6094055176 
node_id_list 1965 1966 1967 3358 
score_list 5.7254020044 4.7697360305 4.4103762168 4.6081318214 
line3d_list
-0.1190213977 -1.5131403905 0.9996025283 -0.0400876246 -1.4296026781 1.0184226137 
-0.1256246788 -1.5097946139 0.9994279035 -0.0218689250 -1.4247282140 1.0203302853 
-0.1096522128 -1.5188717764 0.9982988168 0.0912426006 -1.2617362970 1.0545130079 
-0.1333912132 -1.5125133950 0.9971991903 -0.0416321763 -1.4289695339 1.0177605452 
END
