0.0020205671 -1.6888926750 0.8332558295 0.0030683995 -1.6165997020 0.8323020463 
15 15
image_id_list 0 1 4 93 3 12 62 95 42 50 6 7 49 88 14 
line_id_list 151 59 38 50 193 118 115 120 77 122 84 65 81 106 156 
line2d_list
37.8861923218 276.6760559082 21.8360214233 273.9740600586 
103.1421966553 331.8566894531 85.1402282715 334.8448181152 
149.7743835449 349.7133178711 129.5165252686 365.6563110352 
29.8734207153 342.7144775391 10.1944999695 351.4387207031 
595.0195312500 242.7572021484 580.9497070312 241.6245422363 
165.0900115967 114.9256973267 148.0565795898 116.5818481445 
336.8612365723 28.4470920563 320.8516235352 23.4780769348 
612.6437988281 386.1446228027 593.6189575195 380.2244262695 
209.0152740479 272.5519409180 188.9703826904 271.8683166504 
401.7191162109 233.6401824951 383.7328491211 230.5600280762 
434.4971313477 226.4048461914 411.5709838867 218.1985778809 
684.7943725586 88.0960083008 662.8173828125 83.9733657837 
626.5679931641 296.2928466797 604.6735839844 288.9769592285 
733.5740966797 489.5672302246 714.2215576172 475.0368041992 
773.9947509766 167.2077178955 760.9777832031 166.8791046143 
node_id_list 1069 1070 1071 1072 1662 1663 3492 3493 3655 3656 4065 4066 4067 4068 8478 
score_list 2.8642625427 2.5492992541 8.1319633248 1.6409993014 3.2598957763 3.3875380645 7.5053225839 5.4460785517 8.2173772792 4.7314852535 8.7825307867 2.4892437274 5.1327587851 5.7059346587 1.4741158246 
line3d_list
0.0010333960 -1.6193627853 0.8313375244 0.0090866699 -1.6853143043 0.8365286658 
0.0016790427 -1.6193761482 0.8315075628 0.0155432726 -1.6891323556 0.8384010398 
-0.0016502653 -1.6177523098 0.8298840676 0.0037281078 -1.6842611275 0.8336558475 
0.0040959991 -1.6213981778 0.8322361305 0.0155456886 -1.6903248897 0.8384573301 
-0.0021026927 -1.6206544307 0.8302349457 0.0117615812 -1.6889649333 0.8384804807 
0.0052359650 -1.6186854564 0.8335701911 0.0041379747 -1.6815872104 0.8338381993 
0.0012640817 -1.6184481232 0.8316534059 0.0051471992 -1.6772389350 0.8351948356 
0.0037574234 -1.6174176109 0.8327226247 0.0048939061 -1.6817118996 0.8352219195 
0.0033184387 -1.6177546931 0.8325346543 0.0063937626 -1.6773728181 0.8349843494 
0.0033474342 -1.6171745553 0.8323863773 0.0025942687 -1.6802197055 0.8336050471 
0.0050336161 -1.6147458000 0.8334656983 0.0017872932 -1.6806532646 0.8330684990 
0.0034924021 -1.6171822673 0.8324851143 0.0007091673 -1.6815224412 0.8323596248 
0.0029833037 -1.6165994175 0.8322301252 0.0008341775 -1.6825895471 0.8327846053 
0.0029758052 -1.6168296613 0.8322320598 0.0008567663 -1.6818959465 0.8327787774 
0.0120854839 -1.6150939806 0.8354072750 0.0108709891 -1.6768643243 0.8350403995 
END
