-0.0016370303 -0.7645980794 0.0291531244 -0.0015061666 -0.7652178118 0.2682654707 
30 26
image_id_list 1 3 4 12 47 58 59 66 74 74 79 87 90 4 6 45 50 62 62 76 84 93 96 98 42 42 65 18 20 32 
line_id_list 175 38 105 115 127 143 65 86 131 224 97 62 138 156 88 60 37 63 147 136 75 216 191 87 50 173 80 226 79 61 
line2d_list
281.8699035645 414.9896850586 278.6082153320 456.1275024414 
756.1981811523 361.0447082520 748.5620727539 394.9012451172 
395.0229187012 330.9922485352 410.6471557617 377.1195068359 
375.3568725586 216.9937744141 375.9674377441 252.0005645752 
195.9878387451 337.0020446777 204.5399017334 388.0770263672 
231.0455322266 478.9855346680 230.4690551758 516.9919433594 
230.5069274902 505.9916687012 231.6235961914 574.0225830078 
18.5933170319 183.2189178467 45.3032798767 232.8367462158 
93.6645050049 445.7997741699 108.7256088257 495.7813415527 
107.5009155273 485.8490600586 95.1748657227 444.9472961426 
596.5639648438 385.9374389648 591.5421752930 420.9342956543 
220.9725646973 528.9786987305 222.1571197510 582.9965820312 
445.8702697754 432.9217834473 442.7406921387 478.1205139160 
412.0765686035 375.9743957520 396.6280517578 329.7899169922 
770.4739990234 577.2224121094 760.2105102539 599.0987548828 
632.3583374023 538.8715820312 620.3122558594 599.0625000000 
653.5580444336 446.1062927246 641.0076904297 512.0014648438 
596.0697631836 304.0093383789 588.9794311523 356.9972534180 
587.1593627930 356.8891906738 594.1291503906 304.0170288086 
605.2235717773 421.9288635254 603.1091308594 445.0100097656 
732.6851806641 378.0866394043 727.6431884766 417.9548645020 
253.3512878418 376.9275817871 261.3889160156 415.9198303223 
798.2293090820 570.8685302734 793.4177246094 599.0712890625 
769.2848510742 517.0483398438 760.6234741211 568.1057739258 
539.8921508789 456.0045471191 542.2579345703 511.9891052246 
540.6490478516 512.0170898438 538.0214843750 457.9989624023 
359.2638244629 196.9627532959 361.0339965820 257.0284729004 
380.9139709473 337.9997253418 380.8342895508 364.0025634766 
726.5260620117 480.0722045898 721.1801147461 519.0247192383 
617.5277099609 419.9934082031 617.9275512695 452.0009155273 
node_id_list 1906 1907 1908 1909 1910 1911 1912 1913 1914 1915 1916 1917 1918 2956 2957 2958 2959 2960 2961 2962 2963 2964 2965 2966 3765 3766 4072 7172 9410 11735 
score_list 9.8935574172 10.8423877520 11.6540906090 12.6644628322 11.6364289082 5.2572333745 10.3610752912 10.6316262866 10.3188126263 7.4577928386 6.6885068620 9.7331637036 9.6206289082 9.4811716261 7.2181879752 6.9406084654 10.8438521611 10.6915770640 10.1713958897 4.4875254826 3.4014832820 9.5129784546 2.7669124995 3.1306482203 9.5037656391 8.0198419444 9.7457391197 6.9102886151 3.7842623770 6.3006739245 
line3d_list
-0.0004838003 -0.7659090757 0.2589157793 -0.0009852300 -0.7648740162 0.0430252353 
-0.0007090663 -0.7655125328 0.2518767394 -0.0008676423 -0.7647360755 0.0671755450 
-0.0017145855 -0.7649760250 0.2555109663 -0.0021317505 -0.7645794106 0.0334042549 
-0.0027630667 -0.7647909774 0.2439533201 -0.0001668628 -0.7649273848 0.0558644396 
-0.0016701356 -0.7652310828 0.2618807855 -0.0027583056 -0.7649395026 0.0460376554 
-0.0020240494 -0.7669912933 0.2548909360 -0.0004858718 -0.7663224799 0.0788513875 
-0.0004620904 -0.7659538897 0.2682629916 -0.0010309092 -0.7647797245 0.0233580678 
-0.0009898313 -0.7651052692 0.2643968522 -0.0015380840 -0.7646753954 0.0340275657 
0.0011974890 -0.7654386847 0.2530678946 0.0005536368 -0.7650112708 0.0346637361 
0.0128323935 -0.7676525263 0.0872267223 0.0125886138 -0.7676993104 0.2626857017 
-0.0008041063 -0.7650942414 0.2617686527 -0.0054603170 -0.7646870614 0.0817350421 
-0.0005200181 -0.7659402063 0.2666122816 0.0003643506 -0.7649807742 0.0348481850 
-0.0020435222 -0.7669997602 0.2571195351 -0.0001445025 -0.7661740495 0.0397827518 
0.0086047605 -0.7663124942 0.0427854689 0.0096659791 -0.7668110392 0.2640863882 
-0.0022026750 -0.7645326557 0.2594320277 -0.0015263358 -0.7646635569 0.1809425120 
0.0040795218 -0.7659057414 0.2770018401 -0.0092808234 -0.7641237696 0.0375081291 
-0.0063794026 -0.7650917627 0.2716722975 0.0030866685 -0.7644450258 0.0295758428 
-0.0015196664 -0.7649895977 0.2530978560 -0.0029784562 -0.7652225653 0.0338900192 
0.0058788338 -0.7667383336 0.0416606659 0.0071240183 -0.7664719346 0.2592707396 
-0.0033650534 -0.7648089323 0.1662509777 -0.0019199815 -0.7642858557 0.0481214306 
-0.0084316514 -0.7651343960 0.2606537775 -0.0023427814 -0.7646270416 0.0640732016 
0.0018464037 -0.7660955273 0.2452638740 -0.0033257216 -0.7646214324 0.0423732424 
-0.0103887666 -0.7655253708 0.2418995635 0.0055077898 -0.7649037472 0.1346118037 
-0.0089477492 -0.7657725865 0.2682549539 0.0001032753 -0.7640284231 0.0419296363 
-0.0032370180 -0.7646851396 0.2576178531 0.0000140619 -0.7648836227 0.0291514807 
0.0119350765 -0.7677839867 0.0428040064 0.0135149196 -0.7675611450 0.2669001849 
-0.0016918589 -0.7652252619 0.2575718792 -0.0028837920 -0.7649058779 0.0211468955 
-0.0187775154 -0.7663776696 0.2203626925 0.0114389658 -0.7667541708 0.1021735102 
-0.0078813786 -0.7655670933 0.2415898321 -0.0001388714 -0.7640750856 0.0479846345 
-0.0356017297 -0.7652241134 0.2345310574 -0.0104545897 -0.7646499431 0.0546603314 
END
