1.2425440421 -2.9724908534 0.4156713810 0.8713526008 -2.8580007215 0.4726720694 
3 3
image_id_list 10 16 23 
line_id_list 160 135 162 
line2d_list
52.7089424133 366.8518981934 131.7024078369 346.8261108398 
301.4640502930 312.9205322266 369.1606445312 279.3094482422 
484.8543395996 172.1275482178 551.8240356445 160.9461822510 
node_id_list 6531 6532 8821 
score_list 3.3648139219 3.6531748807 0.9926925112 
line3d_list
1.2425440421 -2.9724908534 0.4156713810 0.8713526008 -2.8580007215 0.4726720694 
1.2562038567 -2.9767040808 0.4135737603 0.8586479099 -2.8540820920 0.4746230199 
1.2551683409 -2.9564209158 0.4241349098 0.8539677650 -2.8671401259 0.4680582028 
END
