4.0014351334 -0.2498264037 0.3314708634 4.0005205873 -0.0267921472 0.3325612847 
6 3
image_id_list 24 25 25 35 24 35 
line_id_list 57 181 183 33 68 95 
line2d_list
265.9624328613 343.2644653320 357.1120605469 356.2110900879 
294.9451904297 460.4705505371 251.9461669922 455.4621582031 
251.9666290283 454.3540649414 295.0551147461 458.4152832031 
476.9446105957 174.4458312988 553.1353759766 183.9101104736 
356.8697814941 358.8546142578 292.0043029785 348.9718322754 
551.9499511719 186.3741607666 476.9544982910 176.3401184082 
node_id_list 10474 10475 10476 10477 10486 10487 
score_list 1.8649691623 0.9789904455 0.9928059346 1.9125228037 1.7427601344 1.8228346548 
line3d_list
4.0041244322 -0.0201405334 0.3328356341 3.9997306413 -0.2496582620 0.3375648246 
4.0002479751 -0.2311244674 0.3276473703 3.9963760460 -0.0357523179 0.3323686680 
4.0024846094 -0.0325950892 0.3339172445 4.0026477516 -0.2313823617 0.3356769468 
4.0024794078 -0.0262570674 0.3338611391 4.0026639499 -0.2511197499 0.3358516659 
4.0025222705 -0.2498044401 0.3260440151 4.0017668082 -0.0861469722 0.3284937484 
4.0006182664 -0.2498088526 0.3271958498 3.9961988248 -0.0268099832 0.3325847654 
END
