1.6031867975 -0.0876118585 0.9356577224 1.7217725634 -0.0908776572 0.9356190182 
8 8
image_id_list 0 1 66 67 74 87 93 68 
line_id_list 277 209 222 188 161 297 108 121 
line2d_list
582.7158813477 431.5256652832 561.8628540039 420.2537231445 
752.8194580078 376.5456542969 719.7954101562 365.6182250977 
565.9653320312 124.0709304810 522.1694335938 102.6535034180 
203.9804382324 304.3455200195 159.8952789307 301.8501892090 
752.9443969727 263.3321228027 703.8152465820 255.1028594971 
754.6646728516 487.8795471191 709.1769409180 470.5359802246 
717.9641113281 197.8044891357 681.9910278320 196.2005767822 
308.6597595215 169.7978210449 241.5265045166 194.4346771240 
node_id_list 1438 1439 1440 1441 1442 1443 1444 13325 
score_list 6.5966999324 6.7495325988 6.9537630869 6.4656844033 5.6301076103 5.2389266609 6.1610330370 1.5843694363 
line3d_list
1.7073239327 -0.0845189921 0.9334080581 1.6057807694 -0.0869599160 0.9360247516 
1.7190903422 -0.0847052445 0.9332693239 1.6032821088 -0.0841256119 0.9335181803 
1.7142296648 -0.0899292064 0.9349176146 1.5999963500 -0.0850298065 0.9338125472 
1.7204407021 -0.0847209170 0.9331893950 1.6053390015 -0.0861022954 0.9358357964 
1.7249923016 -0.0829390462 0.9326962413 1.6087490637 -0.0887257680 0.9349334745 
1.7172709275 -0.0847524445 0.9333548586 1.6015665600 -0.0854368131 0.9354351087 
1.7219311602 -0.0850973567 0.9338110362 1.6045605707 -0.0846706398 0.9342962615 
1.7363759608 -0.0757691387 0.9310248061 1.6105053919 -0.0908690202 0.9360669641 
END
