1.7322975975 -3.0011938732 2.1987340887 1.7381585811 -2.9962374463 2.3616638981 
7 6
image_id_list 9 31 33 60 83 97 83 
line_id_list 250 232 170 141 191 172 81 
line2d_list
138.6008911133 87.1154785156 141.4016418457 121.0493850708 
32.1381607056 60.2272529602 36.7523040771 98.0302352905 
58.0245208740 63.1690521240 64.3955688477 99.9314498901 
349.6976318359 23.0151119232 351.4474487305 58.0276145935 
528.1251220703 22.8736877441 525.5540161133 61.0373229980 
336.5860900879 45.0159568787 336.8504333496 85.0075988770 
528.6653442383 60.0570831299 531.7532348633 24.0646247864 
node_id_list 6148 6149 6150 6151 6152 6153 13494 
score_list 1.8855982155 2.8011569996 1.9798085014 2.7243275228 3.4776309703 3.8939873703 1.9542308139 
line3d_list
1.7379292324 -2.9975115901 2.3617109086 1.7319947816 -3.0011668474 2.1938773207 
1.7407548819 -2.9865905492 2.3554528625 1.7333089664 -2.9968972939 2.1985670027 
1.7381306378 -2.9961847527 2.3561173532 1.7320069033 -3.0017575790 2.1998349319 
1.7413307306 -2.9920619608 2.3570928226 1.7332263596 -3.0001750904 2.1994454152 
1.7396436513 -2.9914077817 2.3628169316 1.7305880705 -3.0069626370 2.2003614860 
1.7384240408 -2.9959177451 2.3636052229 1.7318176520 -3.0019298048 2.1950050922 
1.7241259773 -2.9862927947 2.2026659326 1.7228659629 -2.9885787980 2.3587353188 
END
