1.6195762093 -0.0923404624 1.0638658955 1.6162590521 -0.0813612547 1.2548926433 
9 8
image_id_list 8 46 87 18 66 39 58 87 74 
line_id_list 10 8 324 26 36 10 30 27 109 
line2d_list
779.6241455078 479.0961914062 795.7310791016 436.7564392090 
570.0434570312 298.0697021484 571.4578247070 276.8969726562 
725.0410766602 368.8117370605 717.9013061523 405.1769714355 
666.0208740234 383.2181396484 684.4849243164 312.8648071289 
534.0867309570 49.6675529480 539.6707763672 0.7341984510 
776.1712646484 474.7607727051 790.1052246094 431.7103881836 
562.4420166016 403.9277343750 570.5030517578 341.6766662598 
723.9493408203 391.0837402344 728.6505737305 337.7927246094 
747.3193969727 100.4086608887 737.5751953125 131.8684234619 
node_id_list 4512 4513 4514 9036 9037 12034 13043 13044 13408 
score_list 1.5023695251 3.3712581839 2.5987344295 2.3130442372 2.6320613825 2.8970335837 2.5452975346 2.4686679024 3.0523945862 
line3d_list
1.5979131641 -0.0800820412 1.0627851700 1.6064229354 -0.0779700648 1.2003457539 
1.6104798256 -0.0839073545 1.1722447772 1.6091850729 -0.0809155802 1.2066776238 
1.6151320683 -0.0828029635 1.1999401546 1.6058479569 -0.0823410324 1.1056988830 
1.6128339885 -0.0909770633 1.0701367962 1.6070469034 -0.0804191688 1.2089464095 
1.6210952368 -0.0949274771 1.0608733554 1.6154300431 -0.0873009088 1.1507487133 
1.5945049732 -0.0799596478 1.0610084645 1.6044645529 -0.0777823277 1.2057899716 
1.6260326531 -0.0957128878 1.0669081618 1.6184948163 -0.0850237277 1.2077150560 
1.6217622176 -0.0896571228 1.1466799543 1.6148091987 -0.0797972739 1.2765624419 
1.6206227141 -0.0813085731 1.3296525731 1.6167890131 -0.0759284803 1.2545895988 
END
