3.7914578659 -0.9014106648 1.1060677544 3.7896978813 -0.9004814436 1.8179853799 
12 9
image_id_list 24 25 26 28 70 27 29 52 69 25 26 28 
line_id_list 13 18 92 119 15 29 7 8 16 48 108 145 
line2d_list
789.5644531250 147.7950744629 799.6712036133 126.3158416748 
429.5039672852 292.0890197754 423.0721740723 183.9957122803 
378.3158569336 219.1134338379 367.8551940918 156.0240020752 
451.8124084473 154.2674407959 436.8460388184 87.8094711304 
286.9979553223 90.1237945557 275.9728698730 0.8798116446 
615.6177368164 221.0885772705 606.4502563477 78.0352325439 
538.7965698242 167.9138641357 549.4525756836 19.0323905945 
62.9622573853 296.0267639160 58.9895591736 142.0002746582 
496.1351928711 266.8150329590 525.8781738281 127.7600555420 
422.7373046875 178.0145111084 416.0535278320 56.9970436096 
367.1202697754 151.9805450439 355.9599304199 83.0064849854 
435.4881896973 82.1127395630 419.4118347168 9.1295576096 
node_id_list 10405 10406 10407 10408 10409 10579 10580 10581 10582 10609 10610 10611 
score_list 2.9901715922 5.6131290315 4.8874825908 4.9669823136 5.8509439801 5.9613528044 5.9376780404 1.9993090043 5.8492262896 4.4295027767 3.8796868847 3.9146473354 
line3d_list
3.7917221154 -0.9018297054 1.1083249629 3.7932253233 -0.9012733640 1.1443971104 
3.7915742076 -0.9018749785 1.1077850103 3.7900986905 -0.9012302252 1.4508851712 
3.7900217966 -0.9014325475 1.1069257025 3.7891221458 -0.9009538154 1.4474281206 
3.7908395623 -0.9016676448 1.1042536329 3.7892965541 -0.9010052370 1.4448929156 
3.7923234502 -0.9020907359 1.1047852785 3.7884666923 -0.9007826098 1.4231454160 
3.7927707032 -0.9010079458 1.1074804177 3.7878624075 -0.9001945242 1.8177751898 
3.7918046780 -0.9013287028 1.1085346002 3.7891782257 -0.9000697730 1.7262728703 
3.7896762799 -0.9013345143 1.1060632507 3.7881572900 -0.9004370677 1.8176985421 
3.7907288685 -0.9011945382 1.1098298039 3.7881188403 -0.9004431251 1.8169450880 
3.7901357133 -0.9012289669 1.4690184532 3.7913300179 -0.9013415585 1.8190314941 
3.7884910027 -0.9007598338 1.4687170547 3.7899730251 -0.9009543869 1.8189460305 
3.7885557048 -0.9007754292 1.4731154724 3.7898489469 -0.9009196061 1.8179863252 
END
