3.8463882873 -0.8821428893 0.5420356271 3.8459369318 -0.6480052588 0.5426770972 
3 3
image_id_list 22 27 25 
line_id_list 43 237 98 
line2d_list
324.8970947266 178.6236267090 250.7013854980 198.9076995850 
566.9965820312 324.9341735840 618.9592895508 322.2207336426 
437.0755615234 444.1744995117 358.9067077637 437.0192871094 
node_id_list 9916 9917 10658 
score_list 6.6330171499 4.6822456651 7.4998979148 
line3d_list
3.8561725406 -0.9349103363 0.5367136402 3.8562420784 -0.6479683930 0.5364719920 
3.8458654089 -0.6109032527 0.5427787461 3.8463965716 -0.8864402817 0.5420238535 
3.8463882873 -0.8821428893 0.5420356271 3.8458238675 -0.5893539290 0.5428377851 
END
