0.0009631382 -2.1244283069 0.8752784138 0.0020112528 -2.1245977621 0.9337439671 
16 16
image_id_list 2 6 7 43 49 51 53 77 80 88 3 45 50 85 90 42 
line_id_list 28 50 46 67 29 61 15 112 12 26 99 70 44 113 155 87 
line2d_list
711.8310546875 134.9688262939 715.3211059570 116.0592575073 
272.1694335938 157.1201477051 269.2330322266 136.8216247559 
525.2269897461 46.0279235840 527.4680175781 27.8115291595 
430.9749450684 355.0028076172 429.4138793945 341.0656433105 
471.3713378906 232.8450012207 475.6089782715 215.6570434570 
775.6430053711 352.9664306641 777.6265258789 331.8708496094 
691.7216186523 381.9679260254 693.7951049805 363.9763793945 
709.6433715820 302.0111694336 709.5197143555 286.9874877930 
777.1798095703 327.0485839844 781.2297973633 312.0621032715 
610.5545654297 385.9135742188 614.0289306641 368.0056152344 
484.1950073242 231.0094604492 484.7808532715 218.9408264160 
308.0858764648 301.0093994141 309.6140136719 287.0672912598 
265.4160766602 200.1106567383 264.3586730957 184.9749450684 
162.9798431396 274.3222045898 159.4577636719 263.1712646484 
74.7398605347 315.9448242188 73.5475769043 299.9591674805 
51.2879028320 254.8520965576 42.4987373352 237.7437744141 
node_id_list 2244 2245 2246 2247 2248 2249 2250 2251 2252 2253 3172 3173 3174 3175 3176 12224 
score_list 7.9136854275 6.1452544389 3.6574033012 4.5496194488 7.8121959207 1.7410611367 1.6413775396 5.4036927059 1.9640456181 4.3162483367 5.6798855225 4.4779985005 7.6410571637 0.5763358356 2.7605733714 3.9137749670 
line3d_list
0.0010987486 -2.1245089808 0.8774553205 0.0016343506 -2.1248178893 0.9325810861 
0.0007200933 -2.1258361568 0.8771749752 0.0027430659 -2.1240069340 0.9329573817 
0.0002713038 -2.1246703393 0.8744331650 0.0044277072 -2.1235104054 0.9314796842 
0.0003816620 -2.1246207260 0.8752882803 0.0045333846 -2.1235019680 0.9336681260 
0.0006494347 -2.1243685369 0.8759767057 0.0010675100 -2.1245873245 0.9327435211 
0.0011770737 -2.1243916661 0.8771990249 0.0011381544 -2.1255284782 0.9325354053 
-0.0021511570 -2.1280326250 0.8755864794 0.0044991595 -2.1215367308 0.9334873774 
0.0002863801 -2.1248016971 0.8784952027 0.0017351655 -2.1252418073 0.9310818074 
-0.0018618151 -2.1277392036 0.8785534627 0.0041725296 -2.1217891388 0.9334072300 
0.0006335765 -2.1245427882 0.8766063788 0.0022114416 -2.1242774019 0.9341425271 
0.0023446784 -2.1235423496 0.8777632274 0.0013745254 -2.1244325696 0.9323833384 
-0.0003300719 -2.1248718223 0.8783992969 0.0007159132 -2.1247807951 0.9353213880 
0.0023410853 -2.1234351277 0.8797898131 0.0050117960 -2.1231510152 0.9326121961 
0.0032196749 -2.1231110457 0.8780362754 0.0015563443 -2.1243471401 0.9329990002 
-0.0082599218 -2.1269964337 0.8719929833 0.0020393900 -2.1241523160 0.9306541464 
0.0006047520 -2.1245526412 0.8766624482 0.0028669713 -2.1240572233 0.9337301933 
END
