2.1068893819 0.0896371954 0.6982137947 2.7308306215 0.0858316322 0.7001612298 
6 6
image_id_list 26 29 67 68 69 28 
line_id_list 85 67 99 33 156 122 
line2d_list
125.0768585205 377.1097106934 22.3561077118 449.0809936523 
227.7739868164 309.1895751953 116.6633377075 381.4825744629 
551.0487060547 371.5231018066 347.0068359375 364.7927551270 
592.7129516602 128.3074340820 416.6928405762 201.2588348389 
204.2349853516 334.7083435059 115.9935913086 363.9806823730 
210.3893127441 332.2731018066 121.7688369751 406.7248535156 
node_id_list 10806 10807 10808 10809 10810 11293 
score_list 2.9954522253 4.9765529827 7.7355482807 5.5352084263 4.9675227623 3.9817239965 
line3d_list
2.7308449611 0.0876195979 0.6990608797 2.0970930611 0.0876914309 0.6994133111 
2.7302193187 0.0869847214 0.6993850724 2.1097788932 0.0888792644 0.6987996878 
2.7397486414 0.0853196199 0.7004521193 2.1068854397 0.0890858330 0.6983994052 
2.7321453200 0.0856892888 0.7002895160 2.1064458014 0.0896536407 0.6981576635 
2.7223185343 0.0873550389 0.6992736231 2.1779770436 0.0883661190 0.6988022889 
2.7303180432 0.0879916527 0.6987238344 2.1103032094 0.0878358412 0.6993042568 
END
