-0.1693254439 -0.9422020204 2.2860292533 -0.1810945207 -0.3524171098 2.2906548551 
4 4
image_id_list 8 39 99 9 
line_id_list 267 293 229 243 
line2d_list
532.6585693359 94.6442718506 644.6071777344 117.8917236328 
489.6712951660 96.0968627930 600.4570312500 113.4638442993 
532.0906372070 106.1119537354 650.0779418945 102.6747131348 
661.2609863281 100.1327056885 781.2991333008 85.4444198608 
node_id_list 5130 5131 5132 6132 
score_list 0.9751352075 2.9660217899 2.9276516793 0.5146333881 
line3d_list
-0.1694448587 -0.9413369101 2.2860328964 -0.1860509596 -0.3427650687 2.2919133637 
-0.1680087908 -0.9421729197 2.2856687835 -0.1825978324 -0.3418714093 2.2910460632 
-0.1693638541 -0.9442567436 2.2860042115 -0.1857174863 -0.3547852123 2.2917952759 
-0.1727622967 -0.9431984890 2.2868632723 -0.1758602670 -0.3523021865 2.2893193066 
END
