1.3668375128 -2.2824933360 0.4469325750 1.3200187402 -2.1872276693 0.4461086808 
5 5
image_id_list 7 85 86 57 99 
line_id_list 126 166 97 192 189 
line2d_list
185.8963012695 371.7803344727 263.9228210449 376.3249816895 
0.5812367201 580.9852905273 64.6394653320 554.5495605469 
193.8675079346 500.5485229492 216.0478210449 498.5238037109 
354.8021240234 377.7315673828 383.1616210938 385.4024658203 
91.9265136719 465.9497375488 124.0437316895 468.4348144531 
node_id_list 4435 4436 4437 13033 13034 
score_list 4.0872369451 2.0654261848 2.7801162011 3.8688738193 6.1571316542 
line3d_list
1.3948352364 -2.3457887019 0.4448601967 1.3165786843 -2.1889479437 0.4426811991 
1.4082529470 -2.3786359925 0.4470781955 1.3359027681 -2.2129818247 0.4470645027 
1.3712784085 -2.2802966067 0.4485779262 1.3376167221 -2.2096305874 0.4484066858 
1.3642944562 -2.2774646006 0.4461670892 1.3043879682 -2.1422598936 0.4481899091 
1.3621929357 -2.2768154846 0.4464009182 1.3141047974 -2.1451353502 0.4503556334 
END
