4.0017283226 -0.0063957594 0.0375961142 4.0007608792 -0.0065840435 1.9886976921 
48 11
image_id_list 22 24 25 25 25 25 27 29 29 35 69 70 70 22 35 22 24 24 69 24 28 35 68 69 24 26 25 27 27 29 29 69 25 27 27 27 70 25 26 26 28 28 25 26 25 27 27 69 
line_id_list 22 15 49 89 123 140 194 209 389 12 130 91 141 64 58 110 119 8 293 11 310 35 79 158 35 320 53 182 201 18 62 103 61 190 193 302 83 101 254 275 261 313 121 271 122 223 244 337 
line2d_list
0.6613200903 192.0868835449 39.1095466614 341.9718933105 
263.8105773926 0.9868779182 259.1437683105 424.0015869141 
235.9315643311 378.7323608398 245.6554565430 448.9091796875 
250.7010040283 494.8999633789 244.8667602539 454.0190124512 
246.3968505859 452.9470214844 254.6861572266 515.0418701172 
243.7252502441 449.0394897461 233.8074493408 380.0276794434 
465.7708740234 332.9003906250 472.8916015625 388.0140075684 
366.0947570801 232.9993133545 366.2995910645 261.0051269531 
364.7903137207 265.0019531250 364.5103454590 235.0045776367 
508.9308166504 0.7606666088 456.2608642578 236.0583953857 
337.4838256836 304.0838012695 321.7156372070 395.1239624023 
60.7532119751 0.8042632341 139.7535247803 304.8041687012 
137.6044769287 304.1036682129 106.4248962402 185.1507415771 
26.1012706757 300.2328491211 0.4298654199 201.1477203369 
468.8804321289 170.9740295410 487.5734863281 84.9073638916 
37.6474418640 341.8322753906 27.5507946014 302.8572998047 
257.4858703613 423.9998474121 257.5106506348 344.9998474121 
258.8433227539 227.9881744385 260.3250732422 82.9931030273 
337.0052795410 295.0009155273 354.5320129395 192.9196472168 
257.7728271484 339.9989013672 258.3065795898 230.9965972900 
324.6800537109 185.7998352051 337.9859619141 231.0041351318 
489.0516052246 78.7911834717 506.2180175781 0.8278156519 
799.7799682617 147.2342529297 779.6676635742 214.2005310059 
356.9689331055 191.1671752930 339.0241088867 295.1766967773 
260.7358398438 78.9985351562 261.1692504883 0.9953840971 
249.7006072998 238.0673370361 238.6816253662 189.0715942383 
210.6284790039 212.1921539307 185.2576141357 31.1040115356 
434.3503723145 72.9569244385 448.5027770996 188.0611419678 
447.1234130859 187.9839935303 440.1217956543 133.9842071533 
364.3955993652 233.0071258545 361.6576538086 0.9922393560 
363.8540039062 0.9898439050 366.5654907227 228.9932708740 
377.3585205078 73.0621490479 357.5896911621 187.1022186279 
232.3887329102 369.2253723145 210.9768981934 216.1430969238 
453.4701843262 240.0698699951 447.3874206543 193.9488983154 
448.9714965820 191.8848114014 454.5502929688 238.9347534180 
460.9555664062 301.8793640137 454.2761230469 248.9651489258 
105.9025192261 183.2857208252 58.4797706604 1.1354414225 
187.4328308105 29.0785942078 212.7849578857 212.0298004150 
215.2592163086 75.9448471069 223.1370239258 112.9708480835 
227.4387512207 131.9032287598 237.6249084473 178.0827331543 
274.3134155273 15.9088430405 286.8579101562 59.0413284302 
287.5463562012 60.8385009766 307.3667297363 127.8916015625 
213.1614685059 214.9774169922 223.5219879150 289.0668334961 
240.0459747314 187.9901733398 250.5458221436 237.0971069336 
224.1494903564 293.9792480469 234.4242706299 367.9410705566 
455.0578308105 242.9927215576 461.7349853516 296.0333557129 
439.7462768555 132.0328674316 432.2397766113 74.0985031128 
358.0233764648 173.0040588379 375.2308044434 73.8664855957 
node_id_list 9864 9865 9866 9867 9868 9869 9870 9871 9872 9873 9874 9875 9876 9998 9999 10221 10222 10392 10393 10404 10411 10412 10413 10414 10432 10433 10615 10616 10617 10618 10619 10620 10623 10624 10625 10626 10627 10659 10660 10661 10662 10663 10681 10682 10683 10684 11225 11226 
score_list 5.9362717979 6.3606209335 5.9407255757 4.5109023065 5.5804187058 5.4779829572 4.4298476229 3.8511860204 3.9214430618 6.7844626225 5.2927881493 7.3917786477 5.6222381443 5.8002225879 5.5775529764 3.6352699162 3.4030328595 3.5618102899 5.0915100900 3.7309221308 5.7006810024 5.6827776958 2.8920651605 5.4182420727 3.2172462213 4.7612087959 1.9458894611 3.9729723525 3.6329663312 3.5407002521 4.4999808005 2.9724589163 5.7233249888 3.8876300452 3.9451959887 4.7183842865 5.0403411472 3.9080748719 1.7490649562 2.9644175708 1.8957598013 2.9706683094 4.7904594011 4.4526848137 5.7752997289 4.6899643419 3.7165730727 2.6464055883 
line3d_list
4.0014803537 -0.0065707384 0.6633139655 4.0014815374 -0.0066382671 0.1882478992 
4.0142674231 -0.0027447983 1.1437408416 4.0087212295 -0.0043915100 0.0265495710 
4.0014803357 -0.0065697126 0.6705306073 4.0014811171 -0.0066142897 0.3569293772 
3.9982191668 -0.0023180229 0.1424559071 3.9975996315 -0.0020002693 0.3349439412 
4.0067752393 -0.0039865188 0.3352625558 4.0047606503 -0.0038307845 0.0412902815 
3.9969226630 -0.0002970829 0.3580765557 3.9956394634 0.0002806961 0.6668600712 
3.9989160251 -0.0060354081 0.4771003457 4.0037074559 -0.0071360103 0.1164163604 
4.0017962740 -0.0066363135 0.6889142271 4.0010840941 -0.0065021526 0.5346976761 
3.9956329791 0.0003943533 0.5132338994 3.9961214666 0.0003629669 0.6788224832 
4.0010018734 -0.0067305781 0.8960779473 4.0024611356 -0.0062132800 0.0375964952 
4.0155760706 -0.0038417180 0.6641286626 4.0142623985 -0.0038140109 0.0919837639 
4.0014289106 -0.0064507404 1.4311788250 4.0017833319 -0.0067245120 0.0460242005 
3.9929757515 -0.0012660093 0.0552329591 3.9930475685 -0.0006949859 0.6701273026 
4.0097204717 -0.0027270321 0.3310567559 4.0097736482 -0.0026022595 0.6358349608 
4.0115953537 -0.0018034710 0.3343790933 4.0121969015 -0.0014055382 0.6495071984 
3.9980572916 -0.0022349987 0.1927501329 3.9976189731 -0.0020101894 0.3289345760 
3.9896696773 -0.0040708915 0.0475044559 3.9857440500 -0.0031696053 0.3399139515 
3.9825679541 -0.0046003893 0.6826390476 3.9828749592 -0.0048851998 1.0043920627 
3.9921648651 0.0002607508 0.7217573147 3.9911267612 -0.0000792064 1.3229155122 
3.9869619787 -0.0034341958 0.3553674285 3.9849525618 -0.0029490463 0.6731696981 
4.0038157186 -0.0071165685 1.0062864544 4.0033148661 -0.0068357312 0.7159470788 
4.0172439164 -0.0022631265 0.6649039859 4.0164864507 -0.0023490425 0.8850884954 
4.0032659542 -0.0062239664 0.3204109413 3.9990808859 -0.0075520369 0.0370634844 
4.0055900203 -0.0075627387 1.3345660150 4.0063689309 -0.0071645457 0.7205430704 
3.9838668634 -0.0053668842 1.0117982736 3.9862814381 -0.0042906279 1.1509180530 
3.9909159839 -0.0036954121 1.0315563037 3.9915878906 -0.0023974772 1.3326107759 
4.0020121156 0.0035958331 1.3467045787 3.9961312357 0.0002676432 1.9895869269 
3.9960236015 -0.0097935373 1.9822635560 3.9960884009 -0.0098355160 1.3510938867 
4.0135531571 0.0017345775 1.3505520530 4.0177411295 0.0045499701 1.6547136257 
3.9954924538 0.0006655913 0.6898086042 4.0125249878 0.0081297670 1.8201796569 
3.9967944525 -0.0084735025 1.8190001222 3.9934994484 -0.0123935969 0.7130318529 
3.9948174810 -0.0116136243 1.9886942597 3.9958159053 -0.0105831561 1.3582116741 
3.9956834862 -0.0000931559 0.7135161946 3.9946298940 -0.0004449846 1.3328049001 
3.9885965938 -0.0030581279 1.0504444552 3.9973655253 0.0010539592 1.3184055918 
3.9958264723 -0.0098839107 1.3292517621 3.9993881055 -0.0079546667 1.0545322727 
3.9943695797 -0.0009921023 0.6740432397 3.9958745582 0.0001946092 0.9962697324 
4.0008359470 0.0033231090 0.6761444106 3.9945848472 -0.0004193969 1.4309542765 
3.9960222594 -0.0097926678 1.9953361239 3.9960887163 -0.0098357203 1.3480220891 
3.9981320379 -0.0093540907 1.9799568593 3.9921622137 -0.0106169730 1.7745414014 
3.9941696250 -0.0102078564 1.6668581601 3.9933421205 -0.0104041154 1.3971903209 
4.0000466251 -0.0089549442 1.9790288269 3.9959576913 -0.0098277979 1.7488953354 
3.9986662123 -0.0092639057 1.7388138585 3.9977722785 -0.0094837168 1.3588106793 
4.0028795295 -0.0051990824 1.3358125303 4.0036687908 -0.0051324189 1.0450757051 
4.0073854303 -0.0041995657 1.3360364982 3.9994589204 -0.0060698475 1.0352684602 
4.0007809800 -0.0068088833 1.0260291806 4.0013059029 -0.0066228018 0.7172178835 
4.0036450839 -0.0071166699 1.0296044406 4.0074324832 -0.0072664986 0.7061222675 
4.0194325527 0.0056719731 1.6655506751 4.0236625727 0.0085165550 1.9796251770 
4.0329120340 0.0145709560 1.4351650402 4.0292335633 0.0122082312 1.9868336591 
END
