0.4002912122 -2.5378073350 2.4001207129 0.4019343009 -0.6670775769 2.4001359616 
8 8
image_id_list 8 9 31 39 99 33 97 32 
line_id_list 202 63 119 218 72 89 76 80 
line2d_list
320.2473449707 -0.1783689559 607.9559936523 60.2097587585 
371.6038513184 101.4513015747 715.1633300781 48.0508956909 
346.8195800781 68.3455505371 595.6547851562 -0.2523570359 
200.8429565430 1.9482697248 573.3964233398 63.6447906494 
238.9513702393 66.2190017700 598.1774291992 43.8487472534 
398.6970825195 36.3200149536 481.3341979980 -0.4945200086 
586.8875732422 66.1875762939 799.2496948242 36.8048210144 
243.9456481934 29.4487171173 540.9182128906 0.1706016660 
node_id_list 5012 5013 5014 5015 5016 5457 11679 11737 
score_list 2.5642658518 1.9716522399 1.9699998913 1.9605436369 2.7909709276 2.9603573678 0.9962968547 0.9927637731 
line3d_list
0.4077856236 -2.0051731748 2.3991225472 0.3954292938 -0.6902886860 2.4012773242 
0.4070698997 -2.5378132722 2.3980832615 0.4042920054 -0.5475458369 2.3996860138 
0.4068519847 -2.3816845458 2.3982089912 0.4049478359 -1.0174262093 2.3993076215 
0.3974126868 -2.3233634062 2.4013026101 0.4056250238 -0.6670808110 2.3992100797 
0.3856492024 -2.4408114477 2.4045371246 0.4044854806 -0.5234369232 2.3990685094 
0.4035521291 -2.2580110117 2.3989799883 0.4061166837 -1.7137278582 2.3987046000 
0.4019218787 -2.5821858331 2.3991864768 0.4054588403 -1.5621291702 2.3991947233 
0.3990160720 -2.6116358119 2.3999773491 0.3948010133 -1.1591622874 2.4020353623 
END
