0.6652964369 -2.9999690970 0.7276375991 0.6664739144 -2.9979749186 0.8347399152 
38 38
image_id_list 2 7 15 21 33 34 38 43 49 51 53 56 77 80 81 88 95 96 76 79 84 86 98 13 14 16 23 57 78 83 89 97 19 20 31 82 37 99 
line_id_list 59 64 131 51 96 157 75 91 58 37 64 37 83 76 104 74 82 79 110 118 137 127 166 61 94 142 37 109 64 56 23 78 104 113 126 162 118 125 
line2d_list
345.4562377930 233.9497375488 349.2044067383 267.9774780273 
173.9922637939 66.0011901855 178.9367218018 98.0097732544 
70.2623367310 151.6309661865 75.3919448853 169.1777648926 
494.1852416992 183.8945159912 491.8274841309 202.1071166992 
305.6065979004 358.7987976074 307.8878479004 377.0140380859 
520.4965209961 122.9995956421 520.4922485352 139.0001373291 
342.5597534180 331.8986511230 341.1394348145 352.0802001953 
132.9631652832 435.0085754395 139.2416839600 461.9436645508 
98.4306030273 192.9584197998 95.9399108887 227.0686340332 
452.2029418945 297.9318237305 453.6810302734 324.0180664062 
411.8945922852 327.9928588867 410.2712402344 351.9506225586 
528.3040771484 322.9705810547 527.2031860352 349.0086059570 
382.3545532227 338.1022644043 386.4713745117 364.0837707520 
480.6161804199 276.9513854980 477.7023010254 299.9623107910 
305.4514160156 280.0997924805 309.1015319824 300.1634521484 
327.6036682129 308.9654235840 325.5026855469 333.0438537598 
174.0412902832 339.0407104492 175.1435394287 364.9938964844 
255.2865905762 337.9127807617 256.6498718262 358.0237426758 
101.5114059448 273.8311462402 103.9882354736 296.0013122559 
17.1314773560 272.1351013184 21.1516189575 297.9764099121 
216.0084991455 252.9987030029 219.0645599365 273.1419067383 
143.9931030273 330.1279296875 146.6505584717 351.0444030762 
251.6731262207 318.9924621582 251.2110900879 339.0279235840 
718.1682739258 272.7787780762 712.9862060547 292.2622985840 
474.1738891602 180.0722198486 475.6640930176 197.1167907715 
365.7733764648 204.4459075928 368.1956176758 221.9729614258 
572.0603637695 90.0091857910 569.4623413086 107.0704040527 
376.7182922363 262.9644470215 374.6843261719 279.0863342285 
686.2648925781 311.9013366699 683.5570678711 332.0747680664 
691.1176757812 347.8795166016 688.7654418945 365.1045227051 
786.0225219727 441.0047607422 780.5494995117 466.9048156738 
483.1292114258 350.9043884277 482.3057556152 367.0156250000 
297.0312805176 262.9899291992 297.1057739258 278.0044250488 
258.3569335938 308.9469299316 259.0627136230 326.9975585938 
255.1134033203 364.9136657715 256.3645324707 381.0492858887 
369.1455688477 199.8859100342 370.6542968750 215.0344238281 
111.7747497559 326.1463012695 114.1576156616 346.1005859375 
105.6884765625 343.9816894531 104.6271591187 362.0368652344 
node_id_list 2452 2453 2454 2455 2456 2457 2458 2459 2460 2461 2462 2463 2464 2465 2466 2467 2468 2469 4363 4364 4365 4366 4367 7734 7735 7736 7737 7738 7739 7740 7741 7742 8367 8368 8369 8370 8626 8627 
score_list 16.7294315502 10.2640516606 12.9596721533 16.1867200809 14.0126609489 14.2233460384 12.1710529159 8.8392263716 9.8694401062 13.2099126064 15.1928014222 13.4382287586 14.0338515674 16.3991443277 16.0857847905 14.5646049575 12.6616853259 12.9283321813 4.0632185913 8.8290565395 10.0287222800 8.3890961372 7.3472989791 9.1261154751 7.6161885219 5.9775381004 13.6910794932 7.6581538622 11.7884795649 13.0075722463 9.8886824950 13.4959079194 9.1894113561 7.5776127521 12.8953359563 9.2136972805 6.6395593601 9.7170878884 
line3d_list
0.6667012674 -2.9979523807 0.8328019657 0.6652464049 -2.9996494563 0.7341413095 
0.6636377388 -3.0003157005 0.8292609787 0.6636651068 -3.0011585629 0.7302866917 
0.6677003345 -2.9976255198 0.8295938126 0.6664271898 -2.9993166779 0.7319937843 
0.6660342480 -2.9990058864 0.8299340020 0.6658134721 -2.9994127187 0.7350030139 
0.6678569725 -2.9975012146 0.8319727131 0.6646246325 -3.0005467517 0.7276557404 
0.6646370753 -3.0012948235 0.8246548513 0.6623163208 -3.0045191285 0.7326685367 
0.6665453090 -2.9980082335 0.8309031910 0.6640065603 -3.0029397300 0.7304078094 
0.6701650658 -2.9936539708 0.8351342497 0.6655963046 -2.9989412716 0.7295901839 
0.6671489134 -2.9961051819 0.8314348996 0.6652903350 -2.9993832514 0.7319737792 
0.6679765802 -2.9966443854 0.8313248878 0.6640423885 -3.0029393633 0.7290774465 
0.6664739590 -2.9980698625 0.8311346775 0.6648367943 -3.0021528507 0.7304838898 
0.6656185414 -2.9982724701 0.8296781115 0.6649285275 -3.0012914049 0.7288652653 
0.6669388995 -2.9970441429 0.8338083438 0.6651708421 -2.9997526218 0.7293767380 
0.6664306056 -2.9982696860 0.8318863775 0.6654456416 -2.9996722797 0.7320637032 
0.6669227227 -2.9980978520 0.8344260125 0.6669578537 -2.9989466488 0.7341792094 
0.6668762861 -2.9971400602 0.8301100346 0.6652121644 -2.9996893205 0.7318174648 
0.6639183463 -3.0001107531 0.8314835661 0.6658022989 -2.9997372162 0.7311670404 
0.6731966860 -2.9920432496 0.8321901539 0.6641130048 -3.0016415920 0.7276151067 
0.6687664092 -2.9969619672 0.8326511773 0.6742909830 -2.9906934672 0.7303391995 
0.6701967845 -2.9946262229 0.8346366356 0.6650035212 -3.0002223508 0.7309117071 
0.6687320727 -2.9960278165 0.8325428795 0.6646651777 -3.0005454104 0.7305362214 
0.6703635166 -2.9947995025 0.8335981295 0.6684042568 -2.9975604089 0.7287989626 
0.6669317972 -2.9989607218 0.8308993206 0.6719861778 -2.9932219121 0.7356496420 
0.6663413734 -2.9984362737 0.8344220661 0.6644537416 -3.0014394154 0.7354506364 
0.6640015975 -3.0024391663 0.8321254866 0.6668463165 -2.9982355144 0.7331057468 
0.6706532641 -2.9927697712 0.8327986938 0.6603527839 -3.0077629836 0.7258857178 
0.6658661316 -2.9993345696 0.8315709834 0.6647228668 -3.0015415378 0.7322535270 
0.6669270879 -2.9990339924 0.8299654852 0.6657098897 -2.9987683715 0.7304464087 
0.6654713660 -2.9995283743 0.8318946375 0.6650893326 -3.0000939796 0.7332178278 
0.6655179464 -3.0003637416 0.8267124559 0.6617653996 -3.0051151054 0.7298493292 
0.6653675271 -3.0003075709 0.8293152391 0.6649728528 -3.0010537699 0.7336474439 
0.6707351717 -2.9941282617 0.8303583519 0.6659786771 -2.9999877829 0.7327794203 
0.6687881322 -2.9961948499 0.8279881201 0.6680349123 -2.9978026808 0.7355783947 
0.6771626679 -2.9886741846 0.8349352789 0.6682035615 -2.9990916977 0.7317915989 
0.6713398897 -2.9935798888 0.8289692733 0.6702180375 -2.9952538375 0.7350929440 
0.6661477590 -2.9997152435 0.8262514722 0.6633112425 -3.0035117783 0.7300222710 
0.6715530640 -2.9932356966 0.8341217886 0.6619575876 -3.0042528560 0.7282139746 
0.6670971922 -2.9987816203 0.8315276044 0.6635713979 -3.0023955321 0.7301875548 
END
