-0.0769685864 -0.0152498953 0.3407310424 -0.0878899028 -0.0106853780 1.9063649640 
25 22
image_id_list 0 1 8 17 32 39 58 59 64 85 87 90 1 4 12 47 64 66 74 93 11 65 18 79 65 
line_id_list 300 308 241 244 275 275 330 253 236 277 328 274 314 221 231 236 232 240 262 285 202 180 324 225 167 
line2d_list
352.5814208984 173.1888580322 320.1445617676 273.0469665527 
409.7692260742 114.9741363525 396.3153991699 235.0353393555 
692.8311767578 205.2365875244 616.4896850586 473.4240417480 
374.0705261230 16.1239624023 411.1626281738 294.2450561523 
774.0570678711 101.0475845337 761.3586425781 383.1511840820 
653.7722778320 190.1642303467 593.5993652344 473.1274719238 
410.2547607422 121.0654602051 393.6108398438 440.0840454102 
475.2261657715 3.0163128376 443.3464660645 445.0249938965 
606.5333251953 196.1341247559 591.6869506836 255.1727447510 
597.8298950195 3.9666738510 609.6382446289 298.0145263672 
377.2536010742 122.0042572021 371.4581604004 467.0245056152 
636.5632934570 90.9361343384 599.3984985352 345.0582885742 
395.6802062988 236.9611358643 384.9824218750 324.9978637695 
413.2029113770 0.7039472461 454.8768920898 170.0303039551 
528.7279663086 0.8685069084 511.2310791016 170.1272583008 
325.4122924805 0.9339580536 334.6284179688 198.0173797607 
552.1063232422 411.0292358398 532.5393066406 482.1483764648 
164.9895019531 2.0029134750 184.8950500488 73.7516860962 
167.0143737793 0.6735975742 207.7450256348 252.0413208008 
293.5219421387 23.9154758453 331.4201354980 257.9319458008 
428.2650146484 0.7612651587 388.4571838379 290.0628967285 
658.0136108398 105.3428802490 641.3948364258 154.4718322754 
558.5982055664 228.0473175049 551.9589843750 311.9967651367 
780.2304687500 344.0511779785 773.3405151367 375.0756225586 
691.7125854492 0.5346615911 671.9074096680 55.3279914856 
node_id_list 1505 1506 1507 1508 1509 1510 1511 1512 1513 1514 1515 1516 2092 2093 2094 2095 2096 2097 3860 3861 6971 6972 9219 9220 13250 
score_list 8.1541958011 9.4549979791 2.9471884283 4.7360843679 2.5813980775 8.4371122513 6.9326302565 9.3106928275 8.2210203785 6.1743238139 11.9977482189 10.2288212825 11.2758421250 8.7131402086 10.6384591353 9.3595747814 6.8894820547 8.2631991359 9.3333329126 10.3496606532 4.3463043605 2.9419751604 3.7010511531 1.7856801366 2.4958469380 
line3d_list
-0.0857165716 -0.0132426911 1.6405671337 -0.0648163652 -0.0197437235 1.0405610317 
-0.0883966589 -0.0111656732 1.6437994144 -0.0750221065 -0.0161700563 1.0395948269 
-0.0721514255 -0.0159239740 1.8986693141 -0.0631542455 -0.0207345589 0.4106763872 
-0.0795331962 -0.0172658314 1.8737554934 -0.0625703683 -0.0239689396 0.3572806699 
-0.1074308130 -0.0066515372 1.9219389241 -0.0568679951 -0.0223883080 0.4511854516 
-0.0860754927 -0.0106734544 1.9354940331 -0.0659799007 -0.0197402558 0.3446232501 
-0.0754904609 -0.0172641130 1.8580085218 -0.0696073583 -0.0175007878 0.3791934518 
-0.0836599693 -0.0118320177 1.8172550101 -0.0766516551 -0.0149737966 0.3495393566 
-0.0838039116 -0.0129857806 1.4371355912 -0.0809908362 -0.0139709591 1.2642096536 
-0.0754289135 -0.0156948780 1.7246210526 -0.0715737223 -0.0173628745 0.3488721635 
-0.1054918479 0.0018250282 1.9062057056 -0.0647948857 -0.0204967305 0.3437582863 
-0.0844103698 -0.0127240375 1.6512300300 -0.0732926218 -0.0167314290 0.5600916900 
-0.0788705358 -0.0147429614 1.0283846828 -0.0767058363 -0.0155993857 0.5430833353 
-0.0872552434 -0.0080800400 1.2275442147 -0.0895081752 -0.0066353586 0.5358116542 
-0.0823501096 -0.0109719597 1.1371902990 -0.0778531578 -0.0135100923 0.3418127314 
-0.0866923930 -0.0099303873 1.2498599695 -0.0859047697 -0.0104903272 0.5219763247 
-0.0766993014 -0.0155340437 0.7849785476 -0.0885097840 -0.0116666697 0.5478965324 
-0.0767153613 -0.0159026771 0.6313047498 -0.0748116039 -0.0171664104 0.3476382406 
-0.0890086585 -0.0092766099 1.4506322733 -0.0869032319 -0.0101734933 0.5667219877 
-0.0863185741 -0.0120933072 1.6340044482 -0.0776581832 -0.0152891601 0.5181516323 
-0.0884364570 -0.0095579031 1.5645216116 -0.0859252100 -0.0106096814 0.3406550358 
-0.0919137095 -0.0098965768 0.5748888468 -0.0960320339 -0.0096149893 0.4237076784 
-0.0751598196 -0.0157164906 0.7342871599 -0.0972898893 -0.0052613655 0.3286174039 
-0.0938468352 -0.0095884593 0.4961198322 -0.1104927364 -0.0006505090 0.3402256615 
-0.0744630840 -0.0169919254 0.8468461021 -0.0652203819 -0.0234275983 0.7216054841 
END
