0.0010799580 -2.1253236284 0.7248382685 0.0020365919 -2.1242049411 0.8320493000 
47 47
image_id_list 2 6 7 21 33 34 38 41 43 49 51 53 77 80 81 88 95 96 3 8 12 32 37 45 50 62 76 79 84 85 90 98 18 91 20 10 19 31 99 57 42 14 16 23 60 82 97 
line_id_list 37 72 38 38 136 63 65 63 109 28 30 55 62 22 59 36 50 124 81 110 157 139 141 80 111 125 133 91 127 216 141 75 231 22 136 107 108 159 83 101 110 138 180 39 68 151 77 
line2d_list
702.4431152344 182.8879852295 708.9013671875 150.7790222168 
279.1794128418 208.1132507324 274.4814758301 174.0715637207 
519.4097900391 90.0541305542 523.4074707031 59.7896423340 
716.1675415039 253.7748718262 722.1209106445 231.7622528076 
505.8817443848 368.0103454590 504.1277770996 347.9888000488 
730.3740844727 146.0566253662 733.2750854492 126.8902816772 
579.0737915039 372.1645202637 582.1824340820 351.8747253418 
322.8326416016 348.0302429199 319.2376403809 328.1377868652 
434.3740844727 389.9652099609 432.1437072754 365.9866333008 
460.3871154785 275.8468627930 467.6781005859 246.6696777344 
769.6386108398 405.9588623047 773.7469482422 369.8573913574 
684.6788330078 428.9563598633 689.0376586914 396.8692626953 
708.8639526367 343.9965209961 709.5780029297 315.9637756348 
767.0538330078 368.0137329102 774.0025634766 340.7458190918 
522.8464965820 257.1040039062 521.1228027344 237.9889221191 
600.8286743164 429.9638977051 607.1812744141 399.8274230957 
475.1418762207 373.0919494629 477.0876464844 348.9265441895 
486.9059753418 363.0314331055 487.6028137207 342.9515075684 
481.4866027832 262.9550170898 483.4067077637 241.0356292725 
253.3488922119 331.8661804199 257.0201110840 314.0041198730 
29.3177661896 156.9041748047 21.5472755432 131.1365203857 
375.6653137207 336.0198364258 374.7171936035 320.0167541504 
327.7564392090 316.0461730957 327.1232299805 298.9954223633 
303.6292724609 337.9558410645 306.6223449707 312.8358459473 
266.8748779297 243.0037841797 265.9972534180 214.0000762939 
231.9580535889 28.0119171143 224.1883087158 0.6624107361 
337.4107055664 280.0018920898 337.4361267090 261.0005798340 
298.2959899902 263.9937744141 297.8341979980 242.0034790039 
443.6837158203 250.0112915039 442.9697875977 230.0010833740 
171.4755401611 303.8655700684 165.8707122803 284.0365295410 
79.1032409668 356.9906921387 76.5812377930 329.0377807617 
477.1585693359 348.1125793457 479.0250854492 328.9052734375 
60.2639427185 228.9359283447 54.8861961365 206.7848510742 
767.2107543945 153.5357818604 786.7725830078 120.2780456543 
465.0902099609 326.0026855469 465.6256103516 307.9592285156 
344.5071105957 307.9338684082 346.8009948730 290.8391113281 
480.1386108398 284.0679931641 481.0416870117 268.9427795410 
448.9867858887 371.9295349121 447.7077331543 354.0208740234 
303.9654541016 371.9974975586 305.2117309570 354.8698730469 
557.7396240234 310.9485168457 560.9354248047 294.7894592285 
71.1249160767 296.9398193359 57.7296409607 269.1302185059 
676.1383666992 184.0341339111 676.6802978516 165.9604339600 
566.6282348633 200.0212097168 566.3649902344 182.9943542480 
773.8176269531 134.2652130127 779.5686035156 116.5356903076 
759.4235229492 366.0294494629 760.8856811523 344.9920654297 
551.4762573242 203.0161437988 551.6514892578 186.9852600098 
681.4786376953 379.0437011719 683.0432739258 361.9126281738 
node_id_list 2284 2285 2286 2287 2288 2289 2290 2291 2292 2293 2294 2295 2296 2297 2298 2299 2300 2301 3098 3099 3100 3101 3102 3103 3104 3105 3106 3107 3108 3109 3110 3111 4055 4056 4335 4820 4821 4822 4823 6458 7198 8444 8445 8446 8447 8448 8449 
score_list 15.9388230238 14.4427567229 14.3442322701 14.1427157063 14.3947439804 9.8099291134 12.6362051920 15.2527781460 13.0685953632 15.2597836181 11.5963587136 15.6309679828 14.4038059803 12.8418373447 16.5445481645 17.2029365628 16.0710936672 13.8562720619 15.8899738912 12.0105597542 7.8154967980 11.7159676898 7.1623878508 14.3129559833 13.0347425263 11.9218377183 10.7076561875 12.7141181794 12.2701755438 8.6972803129 6.8254838344 12.4838872676 8.4421046466 8.9840292567 11.5401339263 9.4792421462 10.2746546587 10.7489217988 11.6512022114 8.7250509844 8.9330069181 8.0141999737 5.3869982492 7.2848899658 12.5276542750 7.5903377017 13.0003292726 
line3d_list
0.0013198580 -2.1253757315 0.7302745100 0.0015244478 -2.1243877752 0.8303526101 
0.0010145168 -2.1257130100 0.7309117969 0.0024236564 -2.1240400998 0.8310578879 
0.0016973473 -2.1249550298 0.7322521933 0.0008965425 -2.1246968385 0.8311362020 
0.0013791593 -2.1252870704 0.7307459735 0.0018302134 -2.1237727099 0.8308448610 
0.0006600867 -2.1255143183 0.7253875362 0.0039391756 -2.1229932335 0.8319605507 
0.0001669603 -2.1268929088 0.7298345986 0.0015206137 -2.1235433026 0.8271924289 
0.0008771960 -2.1247557046 0.7305660088 0.0030253175 -2.1233274444 0.8303691941 
0.0049648727 -2.1224142265 0.7289049635 0.0011403335 -2.1247657018 0.8296643062 
-0.0000769058 -2.1262199442 0.7294751120 0.0031101596 -2.1237601507 0.8311489759 
0.0034251493 -2.1239810418 0.7302163391 0.0010033857 -2.1249098245 0.8294793137 
0.0016268958 -2.1249197853 0.7326085880 0.0011099802 -2.1247855317 0.8317160898 
-0.0008698404 -2.1270923254 0.7267707875 0.0031820076 -2.1231110936 0.8302630477 
0.0009340971 -2.1252038716 0.7284323722 0.0030208893 -2.1232406119 0.8306309705 
0.0000002795 -2.1263849169 0.7312109012 0.0030602872 -2.1231959482 0.8313419764 
0.0034274103 -2.1242161673 0.7312983501 -0.0005269803 -2.1250137956 0.8299694674 
0.0007951859 -2.1253950827 0.7313350577 0.0028252896 -2.1234925086 0.8319365600 
-0.0007851433 -2.1254206539 0.7311706019 0.0024414640 -2.1240844018 0.8288703993 
-0.0000443210 -2.1253822334 0.7292679634 -0.0011812698 -2.1256718566 0.8272589451 
-0.0003687379 -2.1255455166 0.7280916774 0.0021960710 -2.1239939432 0.8315752649 
-0.0003826056 -2.1257581548 0.7292825279 0.0036132163 -2.1233550078 0.8320263633 
0.0010442367 -2.1252894537 0.7295840559 0.0015970615 -2.1248795312 0.8291568394 
0.0047916731 -2.1236248696 0.7328304992 0.0012271459 -2.1247005865 0.8273836482 
-0.0078670435 -2.1304586017 0.7278433214 0.0078947585 -2.1206619076 0.8288549718 
-0.0024018367 -2.1265560351 0.7253326765 0.0010205712 -2.1245777562 0.8301426537 
0.0043449605 -2.1240921630 0.7272676974 0.0005376475 -2.1248210769 0.8304477139 
0.0007427255 -2.1259587369 0.7290771443 0.0030315105 -2.1239750076 0.8176213046 
0.0029931014 -2.1233321501 0.7332753940 0.0068736698 -2.1202601590 0.8326971405 
-0.0014856693 -2.1252213534 0.7283645159 0.0004511884 -2.1244494960 0.8307450485 
-0.0001474091 -2.1248198467 0.7275975794 0.0019796956 -2.1239879807 0.8314588839 
0.0061762324 -2.1240847248 0.7293039441 0.0010970213 -2.1240429179 0.8286083821 
-0.0023097773 -2.1265028214 0.7281519617 0.0009922090 -2.1245941505 0.8292740744 
-0.0010271878 -2.1260299708 0.7312283177 -0.0015209630 -2.1258912732 0.8288633593 
-0.0004724129 -2.1262634812 0.7298220989 0.0025234709 -2.1244080245 0.8297806613 
0.0021558043 -2.1243343232 0.7306557778 0.0037208419 -2.1241608066 0.8313583209 
-0.0062359754 -2.1278214419 0.7257489515 0.0005249480 -2.1244038249 0.8289235235 
-0.0135729723 -2.1344642141 0.7216379699 -0.0063947293 -2.1291629011 0.8261567811 
-0.0010122661 -2.1271028400 0.7321099293 0.0002003410 -2.1264370172 0.8252769070 
-0.0146833819 -2.1332684757 0.7250360957 0.0039139004 -2.1221316362 0.8321226575 
-0.0005264139 -2.1258438853 0.7248580306 0.0016708230 -2.1245697070 0.8266849841 
-0.0007265278 -2.1260845173 0.7305567266 0.0051199789 -2.1224931173 0.8290326070 
0.0003012191 -2.1261483604 0.7314773193 0.0019466743 -2.1244783590 0.8295749469 
0.0025458582 -2.1241614764 0.7276428512 0.0039675686 -2.1216993659 0.8262199255 
0.0052286719 -2.1237213861 0.7348676855 -0.0038632710 -2.1259219137 0.8264267545 
-0.0030780884 -2.1293748032 0.7328454548 0.0024081901 -2.1227970995 0.8292392700 
0.0017148981 -2.1249978495 0.7298345007 0.0024328003 -2.1236687099 0.8319001080 
0.0052575416 -2.1237954230 0.7325399162 0.0002729792 -2.1242514305 0.8284815314 
0.0029921658 -2.1244124755 0.7311654440 0.0020024515 -2.1238948551 0.8285223678 
END
