3.7883306353 -0.9029831878 0.9225890081 3.7889563763 -0.6010731202 0.9224494300 
10 10
image_id_list 22 24 25 26 27 28 29 69 70 52 
line_id_list 4 60 103 4 6 1 88 62 23 12 
line2d_list
331.1470947266 66.9660263062 242.2293548584 80.5061645508 
738.8505249023 244.9873809814 571.7446899414 219.6861419678 
432.9431152344 347.2592468262 347.9359130859 343.4187622070 
384.1612548828 251.8316192627 333.1166687012 256.3253479004 
617.0942382812 256.1866760254 559.0631713867 260.7954101562 
459.2987976074 187.9377441406 407.1509094238 195.9786682129 
535.9295654297 209.0406341553 470.8890991211 204.6388549805 
488.5602416992 301.8693237305 433.7694396973 288.9801635742 
292.0578002930 136.9997711182 218.0040435791 139.1396942139 
64.1395339966 334.9466857910 0.8910670877 339.4802551270 
node_id_list 9775 9776 9777 9778 9779 9780 9781 9782 9783 10664 
score_list 7.5477149181 6.9638238247 7.8955614205 5.8974987584 5.9608894690 6.9310253756 6.9095552030 7.9150817276 7.8656240435 1.9813132792 
line3d_list
3.7832532382 -0.8932988202 0.9238536574 3.7820806277 -0.5926038967 0.9241869623 
3.7886395420 -0.8988837379 0.9224550682 3.7884262900 -0.5988252875 0.9227704313 
3.7852064089 -0.9048596899 0.9235108131 3.7851816370 -0.6062750583 0.9236446678 
3.7868509374 -0.9052840056 0.9234305009 3.7886756383 -0.6026789126 0.9226313062 
3.7871334584 -0.8972433268 0.9232810772 3.7871269325 -0.6010688517 0.9234806406 
3.7872871472 -0.9029709619 0.9231931074 3.7870757207 -0.6032557173 0.9235072435 
3.7882034418 -0.9024563171 0.9226915682 3.7878873869 -0.6016551735 0.9230637307 
3.7873984138 -0.9015138518 0.9231331279 3.7875798064 -0.6030798520 0.9232312583 
3.7867706113 -0.9014718275 0.9229956660 3.7861269306 -0.6034318761 0.9234343314 
3.7923868670 -0.9029918325 0.9220748037 3.7983955939 -0.6401823317 0.9208752496 
END
