0.0014363400 -1.1129741747 1.3920059586 0.0010473165 -1.1127717052 1.4988173155 
42 42
image_id_list 0 1 3 4 8 17 32 39 45 46 58 59 64 79 85 87 90 92 37 40 43 50 76 81 84 86 93 96 98 42 9 10 19 20 31 99 15 16 33 18 57 82 
line_id_list 47 53 53 112 41 133 99 108 9 120 135 103 57 27 89 45 110 140 41 45 87 35 55 121 52 35 109 48 14 132 56 59 55 17 44 39 164 61 37 136 14 16 
line2d_list
188.9127655029 169.2920989990 195.7519073486 147.9206085205 
232.9344177246 168.9962768555 234.5251922607 141.0298767090 
731.4047851562 115.2775955200 736.2322387695 90.8482894897 
200.4486846924 51.2303047180 183.4886627197 10.6313524246 
462.3377990723 253.8337097168 466.8865051270 235.7203674316 
176.3879852295 149.1464080811 171.5919647217 129.0976104736 
552.0622558594 214.9998016357 552.0031738281 195.9999847412 
432.5847778320 260.9309997559 435.7648315430 241.7947387695 
588.8895874023 206.9800872803 594.3487548828 176.7022705078 
168.9609527588 176.1267852783 165.6559295654 149.0419921875 
148.0463409424 215.0008239746 148.5067291260 188.9735870361 
87.0480041504 130.9968719482 84.2460327148 88.0491867065 
215.0109558105 122.0017929077 222.7208557129 74.7911071777 
542.6019287109 121.0577926636 545.1121215820 94.9147491455 
358.4410095215 125.0867843628 354.8601074219 102.0217208862 
118.4486770630 247.0224456787 117.2664031982 217.9891510010 
377.1166076660 157.0025939941 377.7840270996 126.9729766846 
107.7271347046 187.0413055420 95.7907714844 108.1830368042 
512.0041503906 190.0098876953 512.2110595703 169.0020751953 
95.3416748047 256.9095153809 87.5250320435 227.3905792236 
722.2840576172 204.0102539062 723.4415283203 171.9437408447 
585.2067871094 54.0254325867 590.4004516602 11.8032445908 
547.7849731445 152.9881286621 549.1118164062 128.9509735107 
746.2396240234 96.0267410278 746.7800903320 70.9736785889 
669.3576049805 111.0359725952 671.9770507812 84.9976959229 
569.4055786133 193.9826507568 570.1046752930 170.0322418213 
116.5290374756 126.1213912964 108.5380706787 95.1190643311 
730.7802734375 243.9751129150 733.9616699219 215.8824157715 
719.7014160156 235.9482879639 723.8829956055 211.8065338135 
346.1987304688 42.9648475647 338.7223205566 0.6953628063 
618.8994750977 260.9963989258 619.5112304688 243.9824218750 
533.3797607422 222.8837585449 536.9551391602 203.8041992188 
665.5155029297 187.9398193359 668.2368774414 166.0294189453 
673.2777099609 219.0323486328 676.0759277344 195.0088348389 
618.6776123047 247.0036163330 618.6202392578 226.0010375977 
477.2223205566 270.9254760742 479.1306152344 251.0125122070 
434.8163452148 15.0015354156 434.6992187500 0.9857977033 
778.9619750977 61.0698394775 780.8606567383 34.9172859192 
683.4043579102 225.0327453613 682.0282592773 199.9984436035 
280.9638061523 65.0026168823 278.9376220703 37.0045127869 
768.4065551758 230.8474273682 774.0836181641 208.7644195557 
738.8583374023 82.9865646362 741.0470581055 59.9096221924 
node_id_list 396 397 398 399 400 401 402 403 404 405 406 407 408 409 410 411 412 413 3035 3036 3037 3038 3039 3040 3041 3042 3043 3044 3045 3768 4615 4616 4617 4618 4619 4620 5413 5414 5415 6343 6344 6345 
score_list 14.2926232990 13.3020218183 15.7041321987 12.7837870192 15.6175228832 12.7714399038 15.9222279783 17.8142409857 10.9026004613 14.7547989340 13.8026372827 11.5562656395 14.7775609661 12.9232414795 13.1574656310 16.5668623555 17.1857936345 8.8812852302 14.0438304875 13.8985703526 13.2777698687 9.3320356088 10.3339541681 13.6388531892 13.1321080874 12.2610666095 12.3923685242 10.1866050858 13.5197257995 12.8480775300 8.2226450812 12.3123526749 7.3395871402 14.2981929063 11.2065182074 13.3450678281 12.3289694412 4.7523148737 12.4796285131 15.0048538284 6.3916774545 5.8348923853 
line3d_list
0.0010664089 -1.1129290328 1.4001823015 0.0011840178 -1.1122108791 1.4978169561 
0.0024714036 -1.1135517027 1.3941098690 0.0009178449 -1.1119149566 1.4980507291 
0.0010511193 -1.1129558990 1.3965043654 0.0014516788 -1.1122341654 1.4952847386 
0.0019600547 -1.1136264941 1.3971841099 -0.0009833051 -1.1119698393 1.4962376658 
0.0005197301 -1.1134631777 1.3972913533 0.0015202522 -1.1119792432 1.4946756103 
0.0023946309 -1.1128362026 1.3965480004 -0.0036435495 -1.1124368511 1.4930566876 
0.0033319680 -1.1129977982 1.3961475776 0.0016989323 -1.1122254888 1.4970381148 
0.0040455260 -1.1128231879 1.3970313024 0.0013297133 -1.1123014296 1.4978461451 
0.0018714378 -1.1128349760 1.3946269968 0.0031678199 -1.1126302386 1.4972148898 
0.0014676964 -1.1129406151 1.3957226152 0.0021187293 -1.1128985368 1.4951718433 
0.0021851568 -1.1131247084 1.3929340526 -0.0037454529 -1.1120916590 1.4968686202 
0.0009600299 -1.1124448075 1.3920032203 0.0022567836 -1.1129102270 1.4967989267 
0.0030952159 -1.1130591696 1.3955525253 -0.0004254870 -1.1127114576 1.4973826813 
0.0054863165 -1.1131728490 1.3956741371 -0.0010065290 -1.1129209000 1.4945040328 
-0.0010415192 -1.1136367169 1.3986626545 0.0027313298 -1.1119095972 1.4971948749 
0.0012515432 -1.1129248237 1.3957963395 -0.0011709353 -1.1126593979 1.4949683023 
0.0031623494 -1.1130494055 1.3950504810 -0.0018469696 -1.1130455295 1.4968314500 
0.0009201236 -1.1128883315 1.3889157190 0.0004813380 -1.1127588373 1.4964186565 
-0.0025338730 -1.1134061947 1.3969068930 -0.0027963390 -1.1117705781 1.4982948014 
0.0012829470 -1.1129267042 1.3962457610 0.0015117723 -1.1128530355 1.4966677465 
-0.0020193952 -1.1140657659 1.3944932272 0.0016633489 -1.1124012609 1.4949717147 
0.0020978956 -1.1127037339 1.3938064370 -0.0017014245 -1.1130844590 1.4964487379 
-0.0027335810 -1.1127537109 1.3936758437 0.0032338450 -1.1131376833 1.4962503580 
0.0003330113 -1.1135367962 1.3948491181 0.0037585443 -1.1120420130 1.4952835926 
-0.0013525284 -1.1143767156 1.3975919323 0.0027788580 -1.1119444940 1.4978838853 
-0.0001917458 -1.1137541258 1.3938236907 0.0006859886 -1.1130744226 1.5007829700 
0.0007645074 -1.1129494862 1.3950737217 0.0009227744 -1.1121338084 1.4954073422 
0.0018236893 -1.1126559326 1.3963249679 0.0016690821 -1.1125514653 1.4953166778 
0.0003396090 -1.1134621701 1.3957577049 0.0036544118 -1.1114771603 1.4938471208 
0.0019506790 -1.1129809831 1.3899060482 0.0017680160 -1.1128955783 1.4700921037 
-0.0001633402 -1.1129244119 1.3979385298 -0.0049907090 -1.1121338662 1.4938458031 
-0.0019191005 -1.1138862995 1.3988158920 -0.0024117709 -1.1134006494 1.4937919713 
-0.0027734047 -1.1139967005 1.3932352180 0.0017716678 -1.1129847749 1.4988203576 
0.0001078566 -1.1135920311 1.3935878988 0.0022072395 -1.1122547601 1.4978072382 
0.0101312043 -1.1112434583 1.3987048770 -0.0037628762 -1.1139819977 1.4956355023 
0.0026754043 -1.1127679086 1.3949394727 -0.0018082750 -1.1130415853 1.4992574834 
0.0083165239 -1.1109484883 1.3954285891 -0.0034458336 -1.1137582909 1.4537133666 
0.0005871938 -1.1134649393 1.3942999369 0.0067079799 -1.1111769556 1.4953145416 
0.0004266119 -1.1134100700 1.3983322342 0.0037677390 -1.1114092963 1.4972006249 
0.0033209983 -1.1129926104 1.3968252952 0.0017303151 -1.1122403306 1.4950992582 
-0.0027185799 -1.1137762793 1.3935057839 0.0057923717 -1.1112504283 1.4958367104 
0.0223556758 -1.1065017436 1.3949351572 0.0060387335 -1.1100754398 1.4962701305 
END
