2.4005903769 -3.0164505028 1.0268222574 2.3781440708 -3.0399691901 1.0984487977 
5 5
image_id_list 13 34 57 82 16 
line_id_list 125 175 190 208 224 
line2d_list
377.1943359375 198.6619873047 371.4137573242 217.8231353760 
210.5140991211 124.0189895630 209.9620666504 138.9616546631 
78.7417221069 204.1770629883 74.5146789551 221.8841400146 
81.4778823853 222.8844604492 82.8947067261 241.0082244873 
37.2745780945 259.9644470215 39.7598991394 279.1605529785 
node_id_list 7976 7977 7978 7979 8872 
score_list 1.4248790453 4.2692526492 2.1232613450 1.9318140778 1.6823247677 
line3d_list
2.3740193597 -3.0504098646 1.0976374703 2.3985346033 -3.0220870515 1.0259692554 
2.3823906180 -3.0384431990 1.0829115532 2.4010418350 -3.0217245337 1.0194959801 
2.3792442870 -3.0364092022 1.0985300495 2.4017560071 -3.0122185543 1.0260548345 
2.3780597175 -3.0399782835 1.1000161258 2.4004368625 -3.0174349539 1.0264509031 
2.3795035880 -3.0366114383 1.0999773659 2.4018046805 -3.0122561497 1.0313118651 
END
