-0.1858105090 -1.8573186397 1.0149127160 -0.2083485727 -1.7986656531 1.0176974929 
6 6
image_id_list 14 38 97 32 46 37 
line_id_list 193 199 181 282 272 189 
line2d_list
742.8858032227 124.9269485474 757.0446777344 123.4198150635 
661.9216918945 319.7156372070 677.0686035156 321.3726806641 
750.9906005859 332.2533874512 763.0482788086 332.7016296387 
426.8519592285 281.7312011719 438.9210205078 280.3230895996 
3.8978459835 281.2701110840 21.2575893402 278.8404541016 
382.9888000488 258.6536865234 394.0419311523 258.2962036133 
node_id_list 8514 8515 8516 11766 11767 11885 
score_list 2.1968196574 1.5860716722 0.9636882730 0.9709499646 2.9466241765 0.8491938272 
line3d_list
-0.1830060564 -1.8623867874 1.0144330942 -0.2144064022 -1.8047164636 1.0169612037 
-0.1867155855 -1.8576490355 1.0145464499 -0.2056649379 -1.7976640284 1.0183207564 
-0.2023670789 -1.8585892411 1.0121655382 -0.2323851416 -1.8080447314 1.0140297379 
-0.2193939727 -1.8451879173 1.0118754317 -0.2549290002 -1.7772449030 1.0134848903 
-0.1900198835 -1.8717403041 1.0134241470 -0.2176690663 -1.8151624725 1.0150374188 
-0.1906839912 -1.8511056553 1.0176427155 -0.2114162626 -1.7929925452 1.0161263876 
END
