0.8327914710 -1.9374247343 0.5996681162 0.9940576577 -1.7765112226 0.4475111289 
92 54
image_id_list 0 1 3 12 17 32 79 85 90 93 8 8 37 45 49 50 62 76 81 81 86 95 96 98 6 33 7 33 41 15 18 33 41 91 6 18 20 21 38 77 9 10 10 17 19 20 31 37 45 76 84 85 86 98 99 99 19 31 16 34 34 60 60 97 97 57 16 14 21 23 38 51 57 82 88 88 14 51 80 23 50 56 56 63 80 53 49 72 50 62 72 91 
line_id_list 152 238 140 107 68 130 69 167 107 69 94 127 95 31 82 17 31 69 28 100 109 25 25 86 2 16 8 65 25 41 65 15 2 0 102 74 69 14 80 16 201 70 105 46 45 28 153 40 0 50 8 36 16 6 151 160 74 64 73 5 41 8 14 27 28 49 58 73 0 18 3 3 37 88 2 11 122 9 0 10 8 27 51 65 40 20 17 24 40 21 2 1 
line2d_list
45.9460182190 447.2192382812 84.2241363525 489.0496520996 
155.9118499756 550.5244140625 213.7060699463 586.2391967773 
575.5424194336 384.7609558105 609.3840332031 426.8881530762 
109.9140853882 303.0157470703 150.1579437256 341.8362731934 
19.1817131042 419.8698730469 44.1110992432 445.9374084473 
382.5621032715 416.6934814453 397.5783996582 444.2299194336 
290.4224243164 389.9810180664 309.1549682617 434.5141906738 
188.5382690430 424.8532104492 214.2406463623 459.3295898438 
146.6611480713 542.7122802734 194.6038665771 598.4808959961 
159.3725891113 554.2192382812 232.7186126709 569.5654296875 
253.0826110840 458.3350830078 235.1415252686 409.2177734375 
238.0441131592 420.7318115234 246.0707855225 451.9818115234 
308.0941467285 408.2212829590 319.1470642090 437.9453125000 
222.8692169189 457.0063476562 225.6426239014 514.0173950195 
403.5137329102 462.7672424316 416.0047912598 543.9992675781 
148.1456604004 403.9874572754 154.9709472656 483.2608032227 
43.9674224854 297.0142517090 44.5253944397 219.9965667725 
301.8998107910 378.7603149414 310.4549865723 410.8788146973 
558.1485595703 394.8973999023 524.3934936523 346.0373229980 
530.4475708008 357.1738281250 549.1376342773 389.9214477539 
345.4714965820 426.5028076172 357.2125549316 461.2524414062 
380.6210021973 550.1090698242 384.5033874512 599.1974487305 
401.1761169434 475.9248046875 399.3155212402 521.0542602539 
434.4321289062 445.0942687988 440.7590026855 483.2060241699 
36.7820816040 594.9307861328 43.4370269775 477.7975769043 
411.3275756836 444.9972229004 411.2411193848 465.9968872070 
466.5036315918 261.4560241699 483.1285705566 337.9720764160 
407.5077514648 454.9797668457 406.1888427734 487.0488891602 
216.9627380371 464.9856262207 216.4076385498 505.0195312500 
222.5745544434 268.5981445312 212.2000427246 227.9489440918 
30.0297775269 420.9849243164 1.1344312429 363.9319152832 
411.5167846680 493.9830017090 409.9075317383 445.0359191895 
222.3697204590 507.9753112793 218.8344421387 455.0110473633 
449.6112976074 275.1616516113 403.5236206055 351.5050354004 
33.1223907471 572.0014648438 33.3402290344 554.0040893555 
2.9262123108 372.4302978516 20.9541339874 417.4190979004 
409.6144409180 421.1661376953 413.6898803711 455.1570739746 
560.0562133789 323.5936279297 545.3599243164 357.7243957520 
520.4817504883 494.8566894531 524.9355468750 540.9095458984 
641.4281616211 545.8897705078 655.2812500000 599.6999511719 
420.9964599609 424.0004882812 424.2321166992 446.8253479004 
281.2403869629 382.0098571777 281.6035156250 410.0180969238 
286.9322814941 418.0078430176 281.8340759277 373.9035949707 
54.1848487854 447.7807312012 10.1379032135 410.6501464844 
430.2892761230 390.9542541504 423.6405334473 348.8987426758 
419.9435729980 462.0121154785 409.1562500000 411.7518310547 
387.7799682617 485.8746032715 380.6834411621 441.7293701172 
325.9979248047 443.0010375977 302.5055541992 395.7486572266 
234.9638519287 523.0062866211 221.7115020752 446.8761596680 
318.2640075684 416.8966064453 297.1375732422 362.9461364746 
425.5465698242 401.7970581055 405.7084655762 348.3656616211 
223.8667297363 461.1241455078 181.4460144043 415.5845336914 
364.1313476562 465.3948364258 340.0907897949 412.5042114258 
448.0454406738 490.2640380859 431.6058044434 430.8324279785 
239.3523101807 435.9884643555 240.1713714600 461.0270996094 
245.5598602295 466.0524291992 240.4265899658 422.9491882324 
423.7936401367 358.9756774902 424.5923156738 385.0431213379 
380.1596374512 450.9266052246 381.9367980957 479.0039978027 
511.7915954590 296.8872070312 515.9611206055 326.1480407715 
629.7736816406 224.7870635986 624.2333984375 256.6932373047 
628.3090209961 263.9411926270 631.3723754883 227.9465942383 
637.3578491211 476.9496765137 640.9587402344 430.9967651367 
638.3488159180 437.8818359375 632.4721069336 470.2671203613 
639.1317138672 461.7929077148 644.1388549805 489.1575622559 
651.2463989258 498.2216491699 636.1662597656 446.9510803223 
485.9577331543 369.9973449707 484.3296508789 395.9579467773 
522.3573608398 331.9066772461 510.5892333984 286.8460998535 
633.2669067383 292.9251403809 621.1383666992 249.6807250977 
549.3353881836 363.7774047852 565.8056640625 314.5999755859 
677.8331909180 238.9854278564 681.6865234375 194.8852386475 
531.7612915039 548.2217407227 520.0203857422 482.6383056641 
461.1333312988 539.9653930664 428.7860717773 598.3272094727 
488.8016967773 401.9998474121 488.8325195312 362.0014038086 
509.9920959473 311.0019836426 499.4053649902 269.1504211426 
343.5925903320 537.2064819336 309.0531005859 598.4661254883 
305.9835205078 599.5423583984 341.6751403809 534.8208618164 
621.1149291992 260.9706420898 627.5369262695 286.1182556152 
425.6512451172 599.3541259766 460.3038940430 535.6215209961 
577.2349853516 528.0560913086 593.7783203125 458.7085571289 
679.1427001953 206.2402801514 673.7801513672 231.7434997559 
151.9367370605 440.8669738770 147.1251373291 406.9822387695 
756.3978881836 558.8166503906 761.6744384766 599.0427246094 
764.4789428711 599.0803833008 758.0922851562 557.6772460938 
391.7304382324 189.7989196777 435.4765930176 143.5587615967 
588.9354858398 469.6677856445 572.3543701172 522.7985229492 
387.0193481445 583.8593750000 427.3187561035 513.8800659180 
403.0049438477 449.3400573730 418.4988708496 519.8904418945 
400.3680725098 260.3752746582 460.2543029785 237.0827941895 
162.4105987549 485.1950683594 152.1672363281 401.7340087891 
46.1086273193 223.1040039062 48.0589256287 296.0786132812 
467.5620727539 233.7382507324 399.7115478516 257.2877502441 
399.8585510254 352.4057006836 449.1489257812 273.7196960449 
node_id_list 1073 1074 1075 1076 1077 1078 1079 1080 1081 1082 3294 3295 3296 3297 3298 3299 3300 3302 3303 3304 3305 3306 3307 3308 3905 3906 3922 3923 3924 3974 3975 3976 3977 3978 4093 4094 4244 4245 4246 4248 4738 4739 4740 4741 4742 4743 4744 4745 4746 4747 4748 4749 4750 4751 4752 4753 4854 4855 5988 5989 5990 5991 5992 5993 5994 6372 6454 8312 8313 8314 8315 8316 8317 8319 8320 8321 8413 8414 8751 8773 9069 9559 9560 9561 9569 11666 11777 12142 12737 13150 13388 13462 
score_list 6.8397459711 5.1792334494 15.4097404291 7.0729325001 11.0286665225 14.1303366751 13.7318013713 9.9579991988 6.7029510630 4.7262410613 12.7270371027 13.5501820500 11.6934483789 10.3838080479 7.7954871862 10.7390831067 7.0791343229 13.2257657000 14.2351458497 14.8071600053 13.6071752965 10.4241624687 10.4728686817 11.5014175757 6.1205966439 13.8002313187 8.5977556653 13.2601858543 14.7843477074 15.4127382474 7.7329491283 16.0988502538 14.5323562697 9.7942582540 8.0793587185 10.8256246572 8.0087842767 11.0245119132 10.9446429175 7.9778605733 9.0402500460 7.9440812827 9.3963113885 8.9665804788 10.5649464895 10.1020340699 15.9222049781 12.5524577596 8.2081629267 10.3597507910 10.7435153748 9.2700051693 12.3900274071 12.4115544139 9.7422799440 8.3445910702 7.3689072443 12.2762707884 7.2624994502 8.5417602925 9.1519814071 10.9697853952 9.9167112495 11.9193731195 12.6005547811 4.5054803818 10.7283154113 12.9104182119 11.8549927320 10.7961236939 11.5547714066 9.8991837422 7.0962212887 10.9647074288 12.2741555077 11.8338463140 5.9783117748 8.5575279416 9.2112051891 8.3832233894 7.2711240658 6.2949062317 6.1001573607 6.6490059957 9.1007889770 13.3434159982 9.8011298593 3.3392329712 6.2528044307 5.9234779640 1.7023982386 8.0552857743 
line3d_list
0.8621463782 -1.9057966442 0.5708502870 0.9668426889 -1.8157661919 0.4821407459 
0.8518646161 -1.9131908448 0.5757353443 0.9683936163 -1.8176585933 0.4893565459 
0.8649715009 -1.9055060860 0.5728684514 0.9753260662 -1.8088711724 0.4741009374 
0.8638205035 -1.8997642966 0.5658655696 0.9721622945 -1.8089370195 0.4737136933 
0.8735757498 -1.8965940011 0.5628205299 0.9741324583 -1.8092082216 0.4751990387 
0.8699655228 -1.8986206327 0.5583157924 0.9669403470 -1.8132573886 0.4663063025 
0.8710355970 -1.8991757202 0.5672941295 0.9809865324 -1.8056278270 0.4726738746 
0.8796967737 -1.8939530356 0.5672219762 0.9893930046 -1.8026142806 0.4751546918 
0.8431887118 -1.9187951836 0.5790058917 0.9602091108 -1.8178009767 0.4894301226 
0.8492149737 -1.9145159239 0.5754595536 0.9665881844 -1.8203300207 0.4938447243 
0.9827801519 -1.7740541374 0.4574877897 0.8475390550 -1.9210752302 0.5930439957 
0.8814574891 -1.8906771895 0.5593375180 0.9770480211 -1.8089703769 0.4743839340 
0.8914317743 -1.8838966845 0.5666847353 0.9815048932 -1.8039692652 0.4768188819 
0.8677415413 -1.9019783518 0.5701288883 0.9790279869 -1.8072941867 0.4743593361 
0.8692477478 -1.9048862084 0.5659076814 0.9666530061 -1.8109177008 0.4687390531 
0.8589743054 -1.9143278081 0.5901533776 0.9775987555 -1.8064561173 0.4745640171 
0.9704479448 -1.8087681165 0.4681192201 0.8484229755 -1.9204394828 0.5892862157 
0.8853684727 -1.8873620425 0.5559692010 0.9827168314 -1.8055702721 0.4749334653 
0.9833210370 -1.7739028528 0.4578568517 0.8372923906 -1.9260999245 0.5923188484 
0.8779585699 -1.8947975693 0.5627113228 0.9781613318 -1.8075790514 0.4741928816 
0.8896139290 -1.8861256850 0.5652933892 0.9828811744 -1.8026725799 0.4704205477 
0.8634802903 -1.9104501726 0.5716611278 0.9350734614 -1.8413830241 0.5002418805 
0.8583005464 -1.9074553861 0.5629467538 0.9883864519 -1.8018153385 0.4811810446 
0.8836868940 -1.8914299684 0.5665136653 0.9744274420 -1.8102381191 0.4719653526 
0.9671022186 -1.8093592766 0.4635336587 0.8489741220 -1.9194812432 0.5872863150 
0.8393718859 -1.9223097335 0.5824690539 0.9047773649 -1.8546224388 0.5240315101 
0.8573072068 -1.9148153007 0.5884859992 0.9807842379 -1.8059665731 0.4791645667 
0.8930073716 -1.8869835619 0.5610885186 0.9807470800 -1.8045303485 0.4701462660 
0.8881564286 -1.8874301507 0.5650514526 0.9857316580 -1.8001219939 0.4677676944 
0.9866073875 -1.7703706736 0.4522854312 0.8533138119 -1.9123217663 0.5820262666 
0.9840915261 -1.7762448568 0.4640804749 0.8509180698 -1.9163013445 0.5872507533 
0.9837132359 -1.7710112858 0.4504508286 0.8530709956 -1.9147297248 0.5874857482 
0.9778660597 -1.7797778370 0.4558146561 0.8515445659 -1.9157040745 0.5846848641 
0.8447531438 -1.9193242494 0.5815817682 0.9643586621 -1.7924351959 0.4712603004 
0.9518107707 -1.8286893545 0.4963566346 0.9353288140 -1.8452872655 0.5158857988 
0.8814046836 -1.8954699951 0.5747593782 0.9761307846 -1.8085716775 0.4707634330 
0.8882883322 -1.8899257829 0.5668809877 0.9878488952 -1.8024064531 0.4766554378 
0.8909131804 -1.8839528745 0.5663525365 0.9802693192 -1.8061085581 0.4711428245 
0.8842368067 -1.8923209413 0.5657533728 0.9809873284 -1.8054359175 0.4705202403 
0.8601032038 -1.9166312784 0.5915683691 0.9352261266 -1.8446965831 0.5260878250 
0.8841895409 -1.8876357440 0.5553996751 0.9768562307 -1.8061730492 0.4682234346 
0.8960284983 -1.8828598395 0.5643151832 0.9739041453 -1.8104631127 0.4725601428 
0.9843384033 -1.7706132130 0.4501275472 0.8536938567 -1.9140265010 0.5845385312 
0.9884908181 -1.7723747463 0.4643411208 0.8391308825 -1.9282368415 0.5955149608 
0.9865315377 -1.7698340542 0.4519184195 0.8386592231 -1.9235533973 0.5864303961 
0.9908463462 -1.7696832378 0.4570344062 0.8504948549 -1.9177576838 0.5892066491 
0.9820190795 -1.7723997901 0.4466768011 0.8525209978 -1.9125943708 0.5853986027 
0.9815322921 -1.7750309753 0.4564659808 0.8283272307 -1.9342939276 0.5958288878 
0.9712667103 -1.7814372566 0.4533651543 0.8429319247 -1.9244529807 0.5861956263 
0.9824313221 -1.7740374133 0.4554047772 0.8207576765 -1.9395533023 0.5919461898 
0.9808913828 -1.7763617627 0.4527326971 0.8371623282 -1.9243015525 0.5863518625 
0.9880611628 -1.7720700506 0.4604090131 0.8463925048 -1.9210608121 0.5914363855 
0.9815882986 -1.7750768258 0.4557593814 0.8269698799 -1.9351005778 0.5938335891 
0.9798436797 -1.7769372686 0.4569623423 0.8261956309 -1.9359456715 0.5942415841 
0.9026121798 -1.8774444756 0.5573251962 0.9732995975 -1.8103658444 0.4699921100 
0.9802628991 -1.7744043592 0.4559517555 0.8278475258 -1.9327849649 0.5954632217 
0.8836825593 -1.8880655991 0.5544870742 0.9905443732 -1.8011905325 0.4743652632 
0.8925592129 -1.8834910965 0.5582758792 0.9739978769 -1.8106234025 0.4676291993 
0.8937172557 -1.8822418833 0.5611527964 0.9767183756 -1.8115403603 0.4678587542 
0.8611755461 -1.9086753111 0.5625349567 0.9870816169 -1.8005738301 0.4758759385 
0.9996313693 -1.7612895669 0.4584475878 0.8604977754 -1.8984101348 0.5504028925 
0.9768602792 -1.7772732539 0.4551444558 0.8558736682 -1.9118995496 0.5818818232 
0.8854940070 -1.8903107158 0.5635004904 0.9758602291 -1.8080098702 0.4705765396 
0.8930854918 -1.8838220602 0.5572222877 0.9756080020 -1.8100426952 0.4773150957 
0.9862501914 -1.7700285230 0.4530427886 0.8242581576 -1.9382894845 0.5937796576 
0.8875920520 -1.8906704831 0.5583320987 0.9831245606 -1.8015626052 0.4743225483 
0.9977290142 -1.7649602103 0.4596188424 0.8451470973 -1.9202350512 0.5844262597 
0.9859211012 -1.7701928458 0.4490711644 0.8485894687 -1.9177331398 0.5924860708 
0.9746849107 -1.7828873430 0.4578891864 0.8500827758 -1.9172029686 0.5858996457 
0.9894498508 -1.7674994321 0.4521578785 0.8381634026 -1.9277884485 0.5854645411 
0.9854997951 -1.7753503044 0.4597156020 0.8481674573 -1.9184300180 0.5880714168 
0.8467341294 -1.9157626333 0.5815063527 0.9348181155 -1.8274553141 0.5101309438 
0.9882359012 -1.7668367284 0.4586281467 0.8468387750 -1.9129507631 0.5863602514 
0.9854540824 -1.7706607280 0.4497173010 0.8420371566 -1.9253052314 0.5968355594 
0.8449656306 -1.9189670287 0.5810675968 0.9424874845 -1.8187426349 0.4989284178 
0.9506502571 -1.8140297245 0.5009279958 0.8507172244 -1.9182517144 0.5887666479 
0.8813990741 -1.8970884316 0.5500072470 0.9889095354 -1.7962498301 0.4769329773 
0.9403171629 -1.8391143561 0.4988475611 0.8472313352 -1.9221849794 0.5883198664 
0.9806258249 -1.7831742515 0.4755618221 0.8520096941 -1.9168398509 0.5874762754 
0.9021143638 -1.8743120208 0.5579338747 0.9806236671 -1.8058027485 0.4708518396 
0.9128057627 -1.8637392502 0.5324608428 0.8705690521 -1.9072442198 0.5899299559 
0.8510327045 -1.9212284041 0.5852190129 0.9046131488 -1.8639247561 0.5390141490 
0.8954772359 -1.8633296377 0.5357458895 0.8456323327 -1.9210445929 0.5864005974 
0.9550024007 -1.8044882437 0.4748232846 0.8631622473 -1.8975813942 0.5698727536 
0.8852808178 -1.8896199481 0.5725382368 0.9843913950 -1.8004254562 0.4804124714 
0.9687393418 -1.8121289833 0.4648580420 0.8525541173 -1.9180337538 0.5856679118 
0.8406582855 -1.9215769288 0.5774452753 0.9318591238 -1.8269630225 0.4974580199 
0.9451308382 -1.8111753375 0.4929467206 0.8557661357 -1.9091648160 0.5677926404 
0.9736902817 -1.7890839139 0.4720949764 0.8314625500 -1.9276676335 0.5784308981 
0.8497879728 -1.9165852741 0.5815765787 0.9592296136 -1.8184076397 0.4570683258 
0.8436349560 -1.9174166525 0.5826163832 0.9455411805 -1.8082014419 0.5071528658 
0.9760993769 -1.7795155584 0.4876377390 0.8497605318 -1.9101516106 0.5974169227 
END
