0.0014316929 -2.1900059844 1.5430877434 0.0019711147 -2.1899722591 1.5985022481 
6 6
image_id_list 43 77 88 95 51 53 
line_id_list 94 119 40 27 48 9 
line2d_list
393.0281372070 166.8815460205 394.7729797363 182.0261535645 
690.4309082031 72.9976577759 690.3526000977 92.0055694580 
647.7420654297 138.7391967773 643.7178955078 158.1488342285 
477.8198242188 131.9901885986 476.8916320801 149.0485229492 
789.2450561523 49.9319152832 786.9763793945 75.0880508423 
712.1806640625 138.0247192383 709.5730590820 157.0784301758 
node_id_list 12303 12304 12305 12306 12812 12813 
score_list 1.8383065741 2.9486695948 3.7447825405 1.4389491291 2.5091501294 3.5335431933 
line3d_list
0.0085860864 -2.1882277944 1.5966334152 0.0060952154 -2.1890692389 1.5423829676 
0.0020570320 -2.1896460894 1.5983958218 0.0017620423 -2.1898353806 1.5438099827 
0.0020519146 -2.1896493731 1.5974488955 0.0017610323 -2.1898360287 1.5436230823 
0.0005646289 -2.1911138869 1.5996903552 -0.0067823184 -2.1936976135 1.5423337977 
0.0017974620 -2.1901483425 1.5985040456 -0.0003757706 -2.1924111006 1.5431068016 
0.0031245669 -2.1891622402 1.5984924703 0.0025359796 -2.1894847399 1.5437442161 
END
