1.0594845661 -0.0031903561 2.0088678126 1.5683921501 -0.0016744634 2.0089655525 
5 5
image_id_list 0 1 58 87 39 
line_id_list 74 43 91 9 103 
line2d_list
753.1584472656 213.4150390625 553.8840942383 159.4279174805 
799.0482177734 62.2826805115 652.9689941406 52.4608612061 
524.1753540039 30.3350372314 581.6195678711 0.2730577588 
799.0634765625 21.3526191711 589.9978637695 58.9880867004 
777.9953613281 172.6475830078 799.0443115234 172.3710327148 
node_id_list 622 623 624 625 12059 
score_list 1.8067916522 2.6132072361 1.9321147606 1.7069176539 0.7290041821 
line3d_list
1.9705931375 0.0112172799 2.0109634744 1.0656584611 0.0090442446 2.0107614211 
1.5683634492 0.0079270694 2.0094898533 1.0594528991 0.0073819506 2.0097792448 
1.0299419101 0.0089584778 2.0107534464 1.3592612447 0.0097492780 2.0108269766 
1.6608912446 0.0009193181 2.0095247702 1.0636406740 -0.0023613100 2.0091267390 
1.0269189590 0.0129566580 2.0131374476 1.1649099621 0.0104196319 2.0114605372 
END
