-0.1854893602 -2.0256083637 1.0147406971 -0.1241499512 -1.8583630056 1.0285164238 
16 16
image_id_list 9 10 16 19 37 82 97 96 14 15 84 57 76 38 34 98 
line_id_list 236 247 189 221 184 226 161 177 155 177 241 200 173 182 147 180 
line2d_list
497.9402465820 314.6558227539 507.0112304688 314.2525329590 
387.0216369629 260.8421020508 398.2224121094 262.3759155273 
604.9664916992 140.5874023438 617.9828491211 140.2784729004 
518.9036254883 236.3047485352 530.0643310547 237.1289825439 
360.9840087891 258.5890808105 373.9936828613 258.4416198730 
587.9486083984 150.5972595215 599.0070190430 150.1921234131 
726.0117797852 327.9148254395 741.1375122070 330.0047302246 
533.7578125000 301.2343139648 549.9203491211 304.4058837891 
717.8680419922 125.9486618042 733.1296997070 124.0333480835 
306.8587646484 87.9109725952 318.0195312500 88.7357559204 
483.0659484863 186.0992736816 498.0588073730 187.1969604492 
603.8775024414 267.5954589844 615.9822998047 270.0859985352 
376.9354553223 221.2783966064 390.9502258301 221.9859313965 
635.0966186523 313.6277465820 652.6897583008 318.1950378418 
784.0725097656 85.3281097412 799.1131591797 86.9514389038 
523.9072875977 291.6927490234 539.1692504883 293.7355957031 
node_id_list 6098 6099 6100 6101 6102 6103 6104 6701 8475 8476 8477 8654 8655 9329 11846 12007 
score_list 5.4804324370 1.7377404793 3.6855594624 2.1879610407 1.5347565595 1.7479919423 2.6356700328 5.1057819716 4.9250094842 2.2097840596 3.8963428863 4.4671729409 2.8752960315 3.8822393817 1.7672931830 2.4811848876 
line3d_list
-0.1518773694 -1.9649637185 1.0221174887 -0.0816127188 -1.8619096618 1.0395166109 
-0.1850051725 -1.9892720781 1.0159089446 -0.1166997270 -1.8815309948 1.0342938841 
-0.1875069924 -1.9932183050 1.0152355604 -0.1178027223 -1.8832707963 1.0339970043 
-0.1457700347 -1.9688618584 1.0248936080 -0.0953044216 -1.8698237229 1.0392152446 
-0.1637982869 -1.9710890741 1.0224039191 -0.0903166932 -1.8710250599 1.0370862214 
-0.1855927206 -1.9888446412 1.0163067510 -0.1150083568 -1.8817303837 1.0341415242 
-0.1561462376 -1.9729789681 1.0238448851 -0.1012914171 -1.8727455393 1.0348430452 
-0.1737828545 -1.9920205451 1.0172738658 -0.1352516191 -1.8862059458 1.0263124396 
-0.2578355631 -2.0313771160 1.0018934898 -0.1485457398 -1.8970750318 1.0240994337 
-0.2378109350 -2.0418642020 1.0064697027 -0.1369353372 -1.8982834285 1.0239481783 
-0.2205688281 -1.9956093438 1.0097201450 -0.1747632692 -1.8999057504 1.0180261907 
-0.2162559410 -2.0140325872 1.0111988868 -0.1482007259 -1.8987168327 1.0242219938 
-0.1875193199 -1.9816163251 1.0150463547 -0.1453988678 -1.8900767085 1.0227269837 
-0.1614902316 -1.9717137616 1.0196047286 -0.1254006212 -1.8787150794 1.0278194609 
-0.1737223047 -2.0078694234 1.0168502404 -0.1353036338 -1.9023089031 1.0247412117 
-0.1577950025 -1.9710258103 1.0206049989 -0.1304539245 -1.8833337059 1.0265178316 
END
