1.1711289637 -2.9994355999 1.5421836321 1.1713941988 -2.9995046761 1.5982136880 
9 9
image_id_list 38 51 53 56 77 88 89 95 54 
line_id_list 137 15 53 32 55 12 12 62 42 
line2d_list
257.5603332520 163.9956054688 257.4100341797 179.0141143799 
294.5354003906 84.0335845947 295.8351440430 102.0119171143 
293.7154846191 121.9923095703 293.2817077637 138.0346527100 
400.1052551270 105.9756240845 400.5025634766 123.9889144897 
207.4143676758 152.1337585449 211.7370758057 171.0600585938 
199.9375305176 82.9566345215 199.2398834229 100.0506057739 
659.8418579102 193.9782104492 657.6041259766 210.2209930420 
1.6079398394 121.9176712036 4.4725070000 143.0714263916 
740.9973144531 98.9912490845 741.0674438477 114.9953231812 
node_id_list 11984 11985 11986 11987 11988 11989 11990 11991 12796 
score_list 4.8775284022 5.3219104653 4.9395949208 5.4626571228 4.7796507301 5.7204630032 4.9289158642 2.9927843135 3.7392938681 
line3d_list
1.1726544097 -2.9986407235 1.5982087875 1.1723477975 -2.9984941749 1.5421792434 
1.1716259565 -3.0000392173 1.5990213955 1.1721793606 -2.9959328043 1.5421829782 
1.1720684680 -2.9987130335 1.5979428197 1.1711302142 -2.9993322503 1.5401117442 
1.1721140229 -2.9971679414 1.5955472016 1.1712042331 -2.9988049894 1.5430308961 
1.1715854718 -2.9979225750 1.5955524606 1.1722138164 -2.9972352413 1.5435607313 
1.1708923609 -3.0011559122 1.5977905847 1.1707708523 -3.0001510709 1.5432073520 
1.1712765851 -3.0003550719 1.5981179357 1.1707759754 -3.0004689917 1.5441002785 
1.1709134361 -3.0011470208 1.5993073787 1.1705439411 -3.0006314180 1.5435700204 
1.1720683720 -2.9972528729 1.5945363308 1.1719390729 -2.9974071202 1.5414001696 
END
