0.5056330284 -3.0008317552 0.6627250053 0.5084919761 -2.9979719326 1.6665073672 
69 44
image_id_list 2 3 7 15 21 33 34 38 41 43 49 51 53 56 77 80 80 81 88 88 95 95 96 8 37 45 45 76 79 79 84 86 96 98 3 95 9 10 19 20 31 31 99 99 16 16 23 33 60 60 82 83 83 97 13 21 56 80 13 78 14 15 41 57 96 77 77 57 53 
line_id_list 90 169 97 161 9 32 98 94 23 151 39 40 41 57 108 10 168 142 68 69 79 97 102 109 163 47 63 166 139 192 197 173 119 133 204 91 121 111 190 128 34 173 82 158 121 161 80 153 36 71 176 35 82 114 38 54 58 51 84 62 174 111 36 113 85 84 133 70 187 
line2d_list
345.2551574707 3.9745416641 370.7934570312 259.9208374023 
260.1288452148 95.0398025513 267.9878845215 267.0462341309 
202.7525482178 0.7733631730 215.8456420898 102.0199584961 
76.8316802979 82.0461349487 101.4537506104 171.8756256104 
535.8994750977 83.8502349854 518.7008666992 210.2314605713 
319.5675964355 268.0513305664 333.0912475586 381.9891662598 
544.2120361328 55.9899482727 543.0760498047 145.0264892578 
376.5066528320 148.9702606201 363.9602661133 357.0578918457 
104.1621093750 258.2194824219 136.8590698242 383.0369262695 
109.9785919189 184.2298431396 170.9146423340 455.0191955566 
155.0471649170 6.9239721298 136.5263671875 239.0419921875 
492.7666320801 54.0246047974 495.8730468750 336.0014038086 
467.1087341309 118.8449783325 446.6887207031 367.9744873047 
567.5455932617 180.9831085205 560.9997558594 357.0000000000 
394.1577453613 190.9769744873 419.1222534180 361.9821472168 
530.0010986328 157.8659362793 509.1598815918 313.1556701660 
528.5120849609 178.9264678955 531.5259399414 158.9285583496 
290.7321472168 99.0482940674 327.1715087891 301.1493835449 
372.8773193359 266.9856872559 363.3128662109 349.0364685059 
392.3915405273 87.8181762695 372.5811157227 263.0657043457 
200.9915161133 151.0495300293 205.3129119873 239.0337524414 
205.5880432129 244.0161895752 210.4969177246 368.9804687500 
279.2987365723 264.9884948730 282.9994812012 361.0385437012 
75.8423461914 114.8321533203 45.9512252808 320.9929199219 
108.7956237793 152.0281677246 135.8032989502 348.0270996094 
47.2054634094 53.8912696838 38.7174186707 193.9828796387 
39.0710067749 197.9548187256 32.7934188843 327.0385742188 
108.5793228149 84.0385513306 128.4568939209 300.9581298828 
30.6303291321 175.0567932129 49.5318603516 298.0719299316 
16.2397632599 83.1194076538 30.3724956512 173.0985565186 
211.9650573730 65.1488647461 242.1666564941 275.1198730469 
143.1145629883 148.1121063232 168.9461059570 352.1334228516 
277.4607543945 231.0370025635 279.5874328613 262.0283203125 
280.7610168457 140.9509124756 272.6745300293 345.0267333984 
257.2647094727 38.0464210510 260.4168090820 87.9736862183 
199.8282623291 98.0078659058 201.9814453125 145.0008544922 
310.7156066895 221.0109100342 316.3956604004 369.0231933594 
178.8198547363 116.9215698242 166.9194335938 295.9946594238 
315.3764648438 118.0023880005 316.0049438477 282.0038146973 
273.5962829590 146.0158386230 280.8548278809 331.0057067871 
269.4976501465 274.1243591309 278.8424072266 387.0130310059 
266.1271362305 216.9924163818 269.2902221680 269.9826660156 
133.0340118408 254.9463653564 126.6473999023 369.9804382324 
137.3114318848 196.9534606934 133.7898559570 249.0533905029 
362.7132568359 45.0387420654 371.1017456055 107.1213684082 
371.9400634766 110.0092163086 389.3378295898 223.1018676758 
606.9453735352 0.8362402916 589.2130126953 115.0330734253 
314.2259521484 206.9807434082 319.0864868164 263.9926147461 
566.0149536133 235.0002288818 564.1726684570 353.0183105469 
568.5047607422 173.9807281494 566.2092895508 232.9692382812 
373.3842163086 55.0597648621 389.2928466797 218.9715728760 
741.1659545898 189.8603210449 730.9295654297 250.9882049561 
726.7940063477 284.9696960449 713.4119262695 375.9134826660 
506.0682678223 204.9626464844 499.3334960938 372.9732971191 
792.6959228516 95.9155197144 762.8768310547 203.2436065674 
547.6416625977 10.9415073395 536.5189208984 79.0847015381 
572.7402343750 80.9862594604 567.6107788086 177.9794158936 
543.3499755859 71.8995132446 530.5144042969 154.9249267578 
762.6161499023 205.8974914551 735.9575195312 305.7215881348 
736.2853393555 131.8994140625 706.7192382812 341.9604797363 
482.7689514160 28.0850219727 494.7126770020 201.0198516846 
55.1365928650 0.7229559422 66.4493331909 47.1342239380 
96.2280960083 224.1663970947 102.7189254761 254.2761688232 
416.2492980957 124.8842315674 407.9294738770 178.8349151611 
276.4699096680 193.9960632324 276.2251586914 226.9942474365 
387.0884704590 142.1178131104 393.1621704102 189.1082916260 
380.2095642090 92.1190261841 387.4327087402 140.0854187012 
407.4182128906 180.9203948975 392.7702636719 287.9685668945 
459.8359069824 223.9862518311 461.1736145020 208.0145416260 
node_id_list 2619 2620 2621 2622 2623 2624 2625 2626 2627 2628 2629 2630 2631 2632 2633 2634 2635 2636 2637 2638 2639 2640 2641 3409 3410 3411 3412 3413 3414 3415 3416 3417 3418 3419 3500 3501 4812 4813 4814 4815 4816 4817 4818 4819 5682 5683 5684 5685 5686 5687 5688 5689 5690 5691 7562 7563 7564 7565 7853 7854 8498 8616 8617 8618 8808 9446 9447 10368 12962 
score_list 17.7135935128 11.9366272641 13.5299052338 16.1135573598 17.0123673704 18.6602447370 16.1948112426 16.0564374173 17.2118292438 11.0336550620 11.3576496394 14.5436415104 16.3666367659 14.3561132160 17.1614905739 16.6378851007 4.6212135649 17.7198730798 16.3252472870 16.2951332491 13.7042717353 15.5732717956 16.4158819674 13.8334675722 14.6411741978 9.4255251606 13.3490168777 11.5093579233 13.8139265106 13.4445794554 14.9682101948 14.5972694282 13.2242353618 17.2698670964 8.7121670006 9.1660872374 15.8507999167 12.0240600568 12.5508276933 13.2120308041 16.8362567430 16.0812894654 12.4196540241 11.6907941782 8.9568068434 16.8937374685 17.6797239715 15.9089137549 18.1184290453 14.2301355214 13.2704777901 14.1216134185 14.2144965550 18.5380721855 8.5704700966 13.0794186280 11.7450863458 12.0145716330 11.6361231801 14.7482532061 16.0854337720 12.1716180091 14.5626762927 9.9546522919 9.8109381053 9.7460596344 10.9872856460 13.4470156317 4.7983991795 
line3d_list
0.5073447295 -2.9998525715 1.3327513302 0.5056732176 -3.0013890776 0.6659767541 
0.5080126141 -2.9982254069 1.4807012521 0.5062999273 -3.0002115185 0.8638121929 
0.5068925546 -2.9986551377 0.9884146321 0.5078506152 -2.9980608817 0.6721329180 
0.5054228258 -3.0006754127 1.1632074181 0.5059951285 -3.0006418021 0.6685816288 
0.5120520551 -2.9961270722 1.3262375853 0.5008676714 -3.0048347522 0.6889548086 
0.5155092197 -2.9924739432 1.3217983995 0.5000300668 -3.0055912989 0.6631037421 
0.5046578923 -3.0010065284 1.1690131334 0.5014863630 -3.0039108964 0.6705588131 
0.5134866253 -2.9935981444 1.6574975273 0.5010386433 -3.0048661312 0.6671423932 
0.5129208033 -2.9947740876 1.3246577999 0.5022070019 -3.0037551238 0.6637830013 
0.5080494929 -2.9980300156 1.6637366522 0.5081767016 -2.9988178719 0.6692163179 
0.5087938845 -2.9984980690 1.3341610653 0.4967560523 -3.0071583429 0.6668635825 
0.5079042741 -2.9998789203 1.6656854364 0.5069434433 -2.9979892828 0.6710939985 
0.5068348081 -3.0035387522 1.6666390198 0.5069814712 -2.9970640164 0.6664075482 
0.5068843700 -3.0013507413 1.3286302712 0.5069810675 -2.9970818366 0.6691604579 
0.5066863280 -3.0001163862 1.3282211860 0.5033499451 -3.0022971500 0.6672580860 
0.5095231730 -2.9988018932 1.3300280072 0.5001727308 -3.0054723673 0.6695862196 
0.5014305596 -3.0005535479 1.2454219547 0.5022880800 -2.9978144315 1.3263471766 
0.5079061793 -2.9985218872 1.6535046411 0.5048423910 -3.0020776304 0.6734575039 
0.5035890363 -3.0029733496 1.0015685984 0.5049687016 -3.0015339212 0.6660286615 
0.5075946759 -3.0007996481 1.6657125342 0.5081566625 -2.9979416597 1.0181019786 
0.5123835622 -2.9960349184 1.4891308774 0.5058604932 -3.0000150672 1.1745572632 
0.5059828087 -2.9994609943 1.1561623348 0.5055480142 -3.0008904890 0.6631455659 
0.5027331873 -3.0029271400 1.1590626151 0.5065083456 -3.0002086796 0.6732257300 
0.5098257113 -2.9971175878 1.6614759342 0.5077410174 -2.9994886630 0.6721439270 
0.5128226481 -2.9942958995 1.6656017128 0.5059508388 -3.0011743571 0.6692016233 
0.4966908696 -3.0072841561 1.6660288464 0.5168347242 -2.9917169231 1.1718955980 
0.5077596246 -2.9988034167 1.1568419385 0.5008640465 -3.0044397014 0.6704171975 
0.5117835433 -2.9947143136 1.6641775943 0.5037216888 -3.0028728716 0.6627362644 
0.5081165196 -2.9985314278 1.1648660879 0.5052753367 -3.0011881652 0.6737066724 
0.5060139164 -3.0007404309 1.4934970448 0.5088404510 -2.9978131956 1.1723406068 
0.5183891520 -2.9891787373 1.6630015812 0.5021304556 -3.0044984305 0.6665757174 
0.5125161898 -2.9945842212 1.6657022939 0.5067697762 -3.0004038620 0.6689897142 
0.5110255533 -2.9958469240 1.3252881228 0.4952261417 -3.0091900745 1.1718048538 
0.5169789257 -2.9905679325 1.6624692388 0.5063972407 -3.0003000153 0.6749226878 
0.5042831792 -2.9992148111 1.6621776076 0.5091677043 -2.9959044067 1.5038953345 
0.5031938502 -3.0020647877 1.6664549212 0.4995362301 -3.0051916664 1.5084272394 
0.5160625022 -2.9912462978 1.6681314989 0.5075452293 -2.9996738910 0.6697270384 
0.5142679271 -2.9925811777 1.6635673590 0.5027176364 -3.0037320622 0.6653415146 
0.5100524608 -2.9964404282 1.6657934692 0.5036728622 -3.0029193738 0.6811714950 
0.5163523485 -2.9907872555 1.6664645100 0.4985563945 -3.0073065436 0.6650932587 
0.5199308217 -2.9883945614 1.3356723096 0.5000376279 -3.0056251353 0.6640745687 
0.4952041009 -3.0089523172 1.6661392423 0.5179193846 -2.9898194424 1.3596001480 
0.5195954786 -2.9898878870 1.3320588654 0.4978970825 -3.0066261582 0.6686177765 
0.4954756521 -3.0095832713 1.6630433401 0.5094813706 -2.9973621597 1.3656981034 
0.4987370258 -3.0058535527 1.6559614429 0.5270047928 -2.9835423603 1.3383613869 
0.5154882779 -2.9924916898 1.3209072469 0.5001840361 -3.0054608222 0.6696556968 
0.5154619443 -2.9927598072 1.3089200363 0.4963190462 -3.0084438133 0.6682487732 
0.4975699446 -3.0067887241 1.6638492138 0.5165672250 -2.9911976701 1.3447774712 
0.5161276297 -2.9909549251 1.3293849725 0.5003381280 -3.0043553480 0.6584424868 
0.4997068831 -3.0058987823 1.6631120592 0.5132585095 -2.9938515290 1.3404336118 
0.5182641978 -2.9892964749 1.6553436769 0.5021174486 -3.0045106863 0.6657785746 
0.4985832567 -3.0050275112 1.6649024492 0.5195161906 -2.9880152742 1.3505140537 
0.5031883145 -3.0023007966 1.1684517364 0.5036873125 -3.0019733490 0.6676179576 
0.5167293050 -2.9915101414 1.6658666284 0.5002758821 -3.0052909335 0.6681907927 
0.4988545752 -3.0047744539 1.6639717619 0.5264043057 -2.9831137811 1.1797969610 
0.5013644019 -3.0037978433 1.6565400410 0.5146607263 -2.9921576115 1.3488057263 
0.5095263845 -2.9930254261 1.6659394154 0.5070711571 -3.0014461758 1.3391496658 
0.5001531517 -3.0047195011 1.6643604103 0.5102740895 -2.9968714884 1.3418885064 
0.5122737407 -2.9942256896 1.1656218659 0.5005072685 -3.0042117998 0.6656297634 
0.5184233809 -2.9887739835 1.6625555005 0.5007489490 -3.0045604120 0.6699663413 
0.5197227439 -2.9881588304 1.6500351430 0.4999552646 -3.0062307131 0.6758715877 
0.4916716846 -3.0130544819 1.5638319894 0.5204493654 -2.9876146029 1.3426140120 
0.5076311447 -2.9980608340 1.4944785080 0.5180521849 -2.9895482198 1.3454604070 
0.4746648233 -3.0296171571 1.6633042055 0.5222971628 -2.9851545613 1.3453165836 
0.4999386528 -3.0057176244 1.4989784847 0.5330553938 -2.9761771038 1.3484280318 
0.5059370656 -3.0010043089 1.4962147516 0.5163828462 -2.9931265089 1.3373979760 
0.5087587192 -2.9962364143 1.6603976313 0.5089395192 -2.9945340147 1.5035485633 
0.5356487224 -2.9731128642 1.3336072751 0.4760972506 -3.0285544189 0.6605135603 
0.4983437095 -3.0107041841 1.2585239961 0.4981847238 -3.0112869529 1.3220324088 
END
