0.9459940168 0.1991609705 0.4700892657 0.9480409719 0.1939975056 0.6971357215 
5 5
image_id_list 1 4 74 93 47 
line_id_list 2 11 0 5 0 
line2d_list
571.3393554688 396.6480407715 580.6510620117 352.7140808105 
730.8657836914 157.0262756348 729.3138427734 90.0158920288 
483.1387329102 303.0097351074 487.0013427734 247.9299621582 
538.1296997070 272.9957275391 536.5529785156 225.0146942139 
593.4037475586 268.9067993164 602.9506835938 207.8359680176 
node_id_list 1572 1573 1574 1575 3581 
score_list 1.9908399192 2.9961558651 2.9886807693 2.9551691432 1.9624835908 
line3d_list
0.9464232151 0.1977523214 0.4691758507 0.9491876232 0.1906003219 0.6970481254 
0.9458670471 0.1997734125 0.4701043385 0.9480722041 0.1941054299 0.7208295459 
0.9458333865 0.1998379983 0.4752950147 0.9483095782 0.1936174821 0.6975829190 
0.9462181756 0.1979545026 0.4624388306 0.9481406523 0.1932850098 0.6951437111 
0.9457780171 0.1999770934 0.4703245002 0.9482707967 0.1937149064 0.6941014957 
END
