3.0048062060 -1.5657606946 1.3354345780 3.2417416659 -1.5675668047 1.3348704455 
10 9
image_id_list 9 14 23 82 83 97 13 34 78 78 
line_id_list 73 53 45 83 149 81 101 67 107 131 
line2d_list
0.8058748245 361.8740234375 54.9214096069 352.5441589355 
42.9721679688 194.8497619629 161.9642486572 172.8069763184 
132.9814910889 86.7505264282 228.8985595703 79.6329345703 
0.7494140267 273.0958862305 62.9594726562 255.8537750244 
146.9998321533 313.1067504883 232.0011596680 313.2360839844 
142.9652709961 425.8413391113 263.1178588867 399.5383605957 
108.9664916992 205.7790069580 265.0218505859 212.4917297363 
0.9445642829 159.6589355469 67.9619750977 148.7660522461 
48.0728416443 311.3483886719 140.0205993652 306.3812255859 
141.9208679199 306.4165344238 248.9534301758 301.0680847168 
node_id_list 5468 5469 5470 5471 5472 5473 7895 7896 7897 7898 
score_list 1.8540959431 6.8421649959 4.4335578157 3.7997978475 2.8562439009 4.0979013739 2.5935768175 5.5879642552 2.6126468700 2.3510989744 
line3d_list
3.1377823012 -1.5619654294 1.3365678609 3.0048070747 -1.5627902606 1.3369565915 
3.2388409081 -1.5698744749 1.3345446093 3.0107246279 -1.5676432534 1.3353239485 
3.2417513764 -1.5663983493 1.3352079839 3.0134395377 -1.5629902452 1.3365050332 
3.1452511619 -1.5687747332 1.3348831498 3.0120886882 -1.5706778446 1.3350111657 
3.2105655362 -1.5652255380 1.3356371039 3.0131106117 -1.5639573363 1.3361606529 
3.2496695040 -1.5552961535 1.3391599605 3.0152205584 -1.5632898625 1.3363976552 
3.2380611356 -1.5689110803 1.3346447475 3.0030733414 -1.5609481977 1.3360252526 
3.1577568985 -1.5673669799 1.3348934726 3.0130203717 -1.5658456577 1.3354880226 
3.2497924210 -1.5667522297 1.3350790002 3.1435371673 -1.5667136353 1.3351313786 
3.1412980820 -1.5655509599 1.3352214889 3.0048611061 -1.5588098536 1.3362390076 
END
