1.2720566113 -2.9925566105 0.9908647352 2.3164005080 -2.9874715495 0.9929561380 
7 7
image_id_list 44 51 71 80 48 56 77 
line_id_list 82 23 159 19 59 9 26 
line2d_list
799.1884155273 238.3675689697 546.0151367188 162.9490966797 
282.9457397461 267.1777954102 0.9199476838 285.7867736816 
799.3625488281 256.7258300781 663.2937011719 76.7779312134 
209.0243988037 232.1054229736 0.9610045552 226.4294586182 
734.0430297852 294.6694335938 651.8726806641 283.9786071777 
305.0403442383 316.2502441406 0.7293983698 365.3218994141 
53.1410903931 443.3096618652 0.6478236318 467.2270507812 
node_id_list 12440 12441 12442 12443 12699 12799 12800 
score_list 1.9175714007 2.4967131403 3.7774270992 2.7888840423 1.6916416347 3.4314072004 2.9200291829 
line3d_list
1.6291814958 -2.9930459109 0.9910911980 2.5297706736 -2.9882780965 0.9926593089 
1.2654010719 -2.9962625253 0.9888309066 2.2132384522 -2.9968732837 0.9910390917 
1.1610224245 -2.9925707800 0.9912298532 1.9638191943 -2.9878715531 0.9936648206 
1.7659359647 -2.9942045279 0.9909795123 2.4011792815 -2.9905047106 0.9921481764 
1.2720754630 -2.9959110138 0.9896070539 1.5086137841 -2.9931822781 0.9909846089 
1.5121117981 -2.9956828638 0.9905125493 2.3164196109 -2.9909983723 0.9919922431 
1.7691759624 -2.9984007507 0.9896013513 1.8925244639 -2.9956127095 0.9905262296 
END
