2.5989910474 -1.8371404326 0.0000345680 2.7692448780 -1.6665658528 -0.0003003647 
8 4
image_id_list 14 21 23 14 23 21 82 82 
line_id_list 39 118 7 78 30 70 41 96 
line2d_list
336.7683105469 555.9422607422 325.9751892090 599.2430419922 
67.1136779785 527.1661376953 1.1865061522 572.2725830078 
341.5304565430 403.6910400391 310.5826416016 450.7254028320 
329.0483703613 599.2545776367 339.7512512207 555.1824340820 
312.7662353516 452.4948120117 345.7207946777 401.4654846191 
0.7814573646 569.6811523438 67.3531570435 524.0562133789 
240.9987487793 570.9996948242 234.0014038086 599.2480468750 
237.1034851074 599.2510986328 243.5545654297 570.8986206055 
node_id_list 8222 8223 8224 8330 8331 9630 9681 9682 
score_list 0.9074888946 1.9972542710 1.8114959537 0.9971320777 1.9671045127 1.9751139096 0.9873125287 0.9931053325 
line3d_list
2.6080353491 -1.8401923246 0.0024559276 2.7442848960 -1.7043992374 0.0006790605 
2.6082175545 -1.8278888276 -0.0000479366 2.7667888700 -1.6687072777 -0.0001693085 
2.6166907851 -1.8331703200 0.0012590486 2.8220976869 -1.6324816748 -0.0041425732 
2.7373983260 -1.6982109262 -0.0001468127 2.5975145080 -1.8386330629 -0.0000397444 
2.8205839257 -1.6135045402 0.0022179999 2.5957414520 -1.8400500822 0.0006955417 
2.7648567381 -1.6621557262 0.0150993351 2.6054867096 -1.8224476062 0.0161941640 
2.6066286828 -1.8414080734 0.0026000776 2.7007166667 -1.7500884516 -0.0002843674 
2.6944125062 -1.7407917407 0.0002747470 2.5990783708 -1.8372279605 -0.0001532123 
END
