0.7479728049 -0.7038727969 0.0077564865 1.2947737638 -0.7116480825 0.0172301452 
14 14
image_id_list 0 17 32 1 9 10 19 37 76 84 86 11 18 79 
line_id_list 294 271 299 264 271 272 265 216 230 260 239 242 349 231 
line2d_list
263.5231323242 529.5780029297 349.0561218262 600.1440429688 
330.9848937988 447.3136291504 360.0240783691 541.3015136719 
650.3619384766 530.1873779297 670.6029663086 599.1165771484 
404.8302612305 533.2678833008 510.2988891602 600.1063232422 
648.3999633789 570.5170288086 624.5014648438 600.2084960938 
514.7833862305 576.1396484375 498.4111938477 599.2907714844 
662.8325805664 539.0773925781 614.1390991211 600.6905517578 
592.3304443359 538.9624633789 590.9811401367 599.0220336914 
608.3916015625 546.8514404297 603.5621948242 599.1442871094 
730.5747070312 537.8315429688 723.3262939453 599.1567382812 
651.0816040039 579.0126953125 651.3574829102 599.0088500977 
193.6339721680 460.2244262695 170.7372131348 524.9069824219 
380.7208557129 495.8028259277 370.5053710938 562.0778808594 
629.2003173828 547.9583129883 639.8690795898 599.2352905273 
node_id_list 1489 1490 1491 2063 6195 6196 6197 6198 6199 6200 6201 6730 6731 6732 
score_list 2.0730403652 4.2888104607 6.0644156990 3.0077414290 5.6208378808 5.0694352796 3.8719653871 3.3333494413 3.3790601342 1.9690215666 4.6804731678 5.2352967900 6.5000203377 4.7397866175 
line3d_list
0.7373650258 -0.7006636053 -0.0084299360 1.2901590222 -0.7087342957 0.0078095638 
0.7601239711 -0.7040134776 0.0058766160 1.4860782313 -0.7113611363 0.0301930052 
0.7684343992 -0.7049299612 0.0063079328 1.3097276574 -0.7118109321 0.0185044576 
0.7448788451 -0.7056668482 0.0095349284 1.2652553913 -0.7108732948 0.0161524232 
0.7640299510 -0.7029572992 0.0078237756 1.0951743882 -0.7060741490 0.0193049114 
0.7600286029 -0.7051863056 0.0074355045 0.9596837681 -0.7078545966 0.0124064846 
0.7613314617 -0.7029455075 0.0105805312 1.2946217237 -0.7064423382 0.0302780926 
0.7680629380 -0.7026943426 0.0115202233 1.1803388579 -0.7056365217 0.0261890618 
0.7685235505 -0.7029926667 0.0108461775 1.0894764913 -0.7050971831 0.0227008666 
0.7609294029 -0.7029740001 0.0104928341 1.0862702120 -0.7060133607 0.0203892362 
0.7615786650 -0.7031304580 0.0074135010 0.8883834106 -0.7036005383 0.0130091997 
0.7553761126 -0.7042510278 0.0089227189 1.0753868139 -0.7076097218 0.0209855208 
0.7528851934 -0.7035042689 0.0007418870 1.0759277733 -0.7072472036 0.0168739206 
0.7481005097 -0.7034119820 0.0007638210 0.9963030070 -0.7081016682 0.0003172280 
END
