1.1104329702 -1.3412713154 0.0050113805 0.9869117597 -1.2153359038 -0.0122544645 
3 3
image_id_list 14 34 57 
line_id_list 220 209 215 
line2d_list
711.0262451172 424.1812133789 762.0379028320 425.8175354004 
672.3109741211 407.3920593262 723.1500854492 417.2238464355 
529.5084228516 544.0296630859 572.2432861328 555.0571899414 
node_id_list 8538 8539 11848 
score_list 2.9295263037 3.0273130266 2.7957842040 
line3d_list
1.1025945564 -1.3498100021 -0.0011923506 0.9938987411 -1.1986230080 -0.0039120575 
1.1184569367 -1.3494521090 0.0061329738 0.9869117597 -1.2153359038 -0.0122544645 
1.1191479592 -1.3372920313 0.0126604460 0.9917840137 -1.2065909678 -0.0071093060 
END
