4.0016182355 0.5016872884 2.0543329473 3.9996007672 0.5012167070 2.3091220307 
5 5
image_id_list 25 26 27 28 69 
line_id_list 145 262 250 302 108 
line2d_list
64.3682785034 0.7380673289 69.2323532104 26.1469516754 
116.4956436157 0.6157111526 136.1142272949 76.9706497192 
333.9302978516 0.8558354378 345.4101257324 74.9364471436 
187.6620178223 0.4165315926 195.9476928711 24.0183601379 
302.4645080566 0.7682190537 295.3273925781 48.0494232178 
node_id_list 10688 10689 10690 10691 10692 
score_list 2.9471564773 1.9635832677 2.9504402930 1.9096279733 2.9155359659 
line3d_list
4.0003708664 0.5014338997 2.1422733388 4.0023848140 0.5020186464 2.0543396292 
3.9897970281 0.4950903397 2.4666294933 4.0008962125 0.5013351441 2.0502008475 
3.9935034654 0.4994399598 2.4421202781 4.0024901894 0.5020492420 2.0497386929 
3.9985457853 0.5008607536 2.1830993169 4.0039225720 0.5025403981 2.0548473135 
3.9924323911 0.4966814804 2.3090568938 4.0024821177 0.5021092935 2.0546755892 
END
