0.0202813261 -1.6982937512 1.0200626953 -0.0720487019 -1.6536340859 1.0027930676 
3 3
image_id_list 6 50 42 
line_id_list 167 142 163 
line2d_list
397.0915832520 141.3572387695 440.0655822754 139.6877899170 
373.9902954102 173.2080535889 403.9718322754 174.6047058105 
156.5194244385 212.6605987549 193.6409454346 201.0490722656 
node_id_list 4192 4193 12255 
score_list 4.2052105336 2.4425015962 2.2425931150 
line3d_list
0.0230132456 -1.6996151697 1.0205736800 -0.0720487019 -1.6536340859 1.0027930676 
0.0308901658 -1.7046463353 1.0214762070 -0.0860558902 -1.6518439887 1.0015939010 
0.0197351340 -1.6996097238 1.0195797108 -0.0801622814 -1.6545050137 1.0025958889 
END
