-0.0034197801 -0.2568780552 0.0417820148 0.0049580943 -0.2587659995 0.2819879934 
6 5
image_id_list 42 59 62 65 62 87 
line_id_list 41 130 43 45 105 188 
line2d_list
743.4097290039 474.8942565918 733.0019531250 533.0003662109 
385.0810241699 484.0045471191 382.7309875488 525.9849243164 
800.7205810547 377.7871704102 769.4242553711 446.1940917969 
539.4534912109 210.0975952148 527.6102294922 265.1313171387 
767.3676147461 446.6296081543 793.5370483398 389.7868652344 
333.3663024902 503.0090942383 332.2972106934 546.0322265625 
node_id_list 12184 12185 12186 12187 13120 13121 
score_list 2.3013819501 1.8925024777 2.9648390662 1.9569385215 2.9002544328 0.9905109467 
line3d_list
-0.0015830606 -0.2575456786 0.2662210456 -0.0014017081 -0.2571847067 0.0400171717 
0.0103107601 -0.2602491630 0.2779465185 0.0020183575 -0.2580870090 0.1137002471 
0.0050095762 -0.2591250269 0.3182180021 -0.0029365155 -0.2568382885 0.0398808253 
0.0059174710 -0.2586011951 0.2819558276 -0.0008382984 -0.2573031916 0.0641796858 
0.0100187297 -0.2597798152 0.0508396060 0.0144499807 -0.2611920500 0.2831729435 
0.0032422571 -0.2588436293 0.2526794394 -0.0120047927 -0.2534655225 0.0421082633 
END
