0.0379048207 -1.1341370456 0.9144667239 0.0142766247 -1.1016507872 0.8906532102 
3 3
image_id_list 6 42 50 
line_id_list 114 108 136 
line2d_list
643.4205322266 265.2325744629 665.7448730469 277.4655761719 
362.4721984863 253.8354492188 394.0597534180 260.7261352539 
584.2010498047 248.6538391113 549.9598388672 231.1249847412 
node_id_list 4112 4113 4114 
score_list 1.6681387891 5.1107574198 0.9881818966 
line3d_list
0.0323536188 -1.1398364966 0.9121995678 0.0145053049 -1.1015158064 0.8906104497 
0.0478075702 -1.1477522737 0.9244471414 0.0050347841 -1.0889442387 0.8813388852 
-0.0037389835 -1.0495716020 0.8653558739 0.0316959088 -1.1470113995 0.9135461619 
END
