-0.1708010471 0.8619327230 0.9833446895 -0.1773456265 0.7730702601 0.9819033627 
3 3
image_id_list 17 46 85 
line_id_list 16 20 15 
line2d_list
535.9118041992 158.5470733643 475.4767761230 170.3124389648 
661.9426269531 246.1891479492 553.9171752930 253.8290863037 
775.9909667969 139.9443511963 757.0038452148 143.0236511230 
node_id_list 8903 8904 12551 
score_list 1.9197700651 2.5501307311 1.5209199083 
line3d_list
-0.1841614768 0.8673415791 0.9813631887 -0.1796876179 0.4829159468 0.9800587314 
-0.1704931486 0.8661133765 0.9834124986 -0.2042403330 0.4078932644 0.9759802839 
-0.1844452643 0.8629707943 0.9812980277 -0.1926305439 0.7742331582 0.9796105925 
END
