0.0016977642 -1.6838928413 1.3959138066 0.0015254340 -1.6839794115 1.4988769326 
39 39
image_id_list 0 3 8 17 39 45 46 79 85 90 1 37 43 49 50 76 81 84 86 95 96 98 9 10 19 20 31 14 33 38 97 57 15 16 88 18 42 41 82 
line_id_list 63 19 84 139 85 33 123 55 196 100 149 83 59 33 74 72 97 38 64 21 40 34 126 65 97 66 109 33 101 21 73 66 117 103 42 215 88 41 82 
line2d_list
68.9760360718 105.9931564331 61.7732505798 131.2207794189 
599.8945922852 87.8687667847 597.0155029297 112.1205520630 
360.4363403320 210.8896179199 356.8568420410 229.1678009033 
46.8916854858 148.7179107666 53.3709602356 169.1990051270 
326.5097045898 224.9305419922 323.7924499512 244.1122589111 
434.7336730957 156.9618072510 430.8391418457 184.1203308105 
8.1605138779 157.7994232178 12.8658456802 185.0231933594 
400.5506896973 88.9907226562 400.0338439941 114.0213470459 
223.5163269043 123.8710708618 229.3332824707 147.1664886475 
207.0426483154 123.9192657471 208.2327423096 154.0303192139 
83.2523345947 136.9961853027 83.3436965942 167.0019989014 
398.2298278809 172.9008026123 399.8520507812 193.0119323730 
537.2744750977 184.9239349365 538.9539184570 213.0624389648 
680.5170898438 57.8401222229 667.9935302734 95.6667861938 
387.4377441406 7.0130529404 386.3941650391 42.0117530823 
423.4605102539 125.9862365723 422.8726501465 149.0222625732 
604.1427612305 89.9380493164 605.3406372070 112.0357437134 
531.1231079102 88.0035324097 530.4624023438 111.0132751465 
446.6108398438 172.9207000732 447.6494750977 194.0172576904 
621.4017333984 179.9179687500 617.0214233398 211.8658294678 
583.0110473633 205.0004119873 582.1544189453 228.0429229736 
583.7431640625 199.1949768066 581.2880859375 221.1440734863 
526.2111206055 244.0015869141 526.0909423828 260.0081787109 
432.5426635742 185.9306488037 429.7848510742 204.1190032959 
559.1623535156 159.0142059326 557.4964599609 178.0434570312 
550.7304077148 187.9848632812 549.6049804688 208.0339660645 
510.2259521484 232.0451354980 511.3335266113 251.0388641357 
767.6159667969 22.9774398804 766.2625732422 46.0154266357 
564.0971679688 212.9203186035 565.6298828125 234.0268707275 
709.6284790039 220.9307098389 704.9204101562 246.1716766357 
780.9734497070 245.9976196289 779.1725463867 266.1050109863 
657.1997070312 190.2541503906 653.1756591797 209.2490692139 
327.3605651855 0.7978938818 329.9176635742 18.0122299194 
644.3350219727 44.9903488159 644.5014038086 68.0036010742 
785.9355468750 202.9827728271 774.3378906250 246.3577270508 
127.5223541260 37.0865020752 132.5909729004 65.0740737915 
94.7632827759 12.7280139923 110.3655548096 56.5134048462 
364.1752929688 182.7998504639 367.9854736328 205.1727752686 
624.5895385742 65.9820098877 623.7545776367 85.0330734253 
node_id_list 536 537 538 539 540 541 542 543 544 545 1855 2842 2843 2844 2845 2846 2847 2848 2849 2850 2851 2852 4729 4730 4731 4732 4733 5699 5700 5701 5702 6364 8203 8204 8205 8977 9172 9402 9403 
score_list 7.9748523130 16.8188032613 11.5221942846 11.0519704471 12.2938857984 11.9424146116 10.2593835786 12.5110719635 10.8236905955 11.8191266610 6.9684012011 6.4178911941 13.6025177935 14.5921233403 9.6303864926 10.8934437270 13.7312979521 9.8130591846 6.3971418387 11.3994177440 10.9158387451 12.0526934911 9.2601570659 7.6104790054 8.2902840327 11.5470937121 12.2812111065 6.0804326323 15.3510135731 10.5476205118 11.3729953367 6.8070821514 10.7030945385 7.8499169391 10.5393065331 10.7307261639 7.8309898683 13.6348753499 3.7802999235 
line3d_list
0.0018775765 -1.6841855678 1.4963036922 0.0011369327 -1.6838967872 1.3996022405 
0.0016596418 -1.6841805139 1.4953468488 0.0010247905 -1.6837851657 1.3980091640 
-0.0001844702 -1.6860334330 1.4988723437 0.0039765138 -1.6841186638 1.4012763347 
0.0032223873 -1.6839096060 1.4957354067 0.0082146613 -1.6827173455 1.3993535604 
0.0000201002 -1.6845635455 1.4980115181 -0.0079071504 -1.6856872874 1.3968654546 
0.0029966614 -1.6833408816 1.4980416535 0.0033196615 -1.6834015795 1.3994484618 
0.0033230313 -1.6836984207 1.4952184643 0.0033227107 -1.6829610687 1.3961906630 
0.0049851993 -1.6834579340 1.4960915890 0.0054800388 -1.6826607278 1.3989067668 
0.0044880535 -1.6836690541 1.4971589671 0.0080989990 -1.6824981832 1.3972130410 
0.0038284172 -1.6833966753 1.4956433184 0.0023852171 -1.6833394030 1.4008779934 
0.0035357908 -1.6838469846 1.4945235316 0.0020861936 -1.6837138113 1.4009871336 
-0.0133414771 -1.6914618081 1.4953803976 0.0045993874 -1.6825449979 1.3948394893 
0.0014175433 -1.6842475960 1.4954217182 -0.0021833023 -1.6846732737 1.3988629800 
0.0021969697 -1.6834839177 1.4983968508 0.0004716967 -1.6837273625 1.3994689581 
-0.0016712780 -1.6846985584 1.4963955666 0.0024241973 -1.6840056854 1.4023892359 
0.0083351312 -1.6819053610 1.4993862432 0.0076797478 -1.6826953540 1.3959248256 
0.0039907693 -1.6838482139 1.4933504784 0.0020389047 -1.6840553345 1.3966252716 
0.0018181551 -1.6842379850 1.4969030678 -0.0018465799 -1.6871526434 1.4000451538 
0.0036828219 -1.6850589439 1.4953516258 0.0083745972 -1.6807964895 1.3962085721 
0.0007862895 -1.6839181363 1.4961225880 0.0006427580 -1.6836700718 1.3981947146 
0.0056019123 -1.6836277079 1.4964378846 -0.0008450628 -1.6844576095 1.4028210546 
0.0019821657 -1.6841109669 1.4986310771 0.0034178476 -1.6831465995 1.4014550000 
0.0036365163 -1.6837240229 1.4946482146 0.0135593502 -1.6801728789 1.3972256008 
-0.0007788612 -1.6860751102 1.4959124643 0.0048038208 -1.6839865813 1.3999961304 
0.0065676190 -1.6828301739 1.4965543841 0.0082077523 -1.6821132994 1.3966132622 
-0.0000243580 -1.6854881322 1.4927617375 0.0053261587 -1.6827184565 1.3980472204 
0.0084730045 -1.6823045175 1.4966542490 0.0042917156 -1.6831995857 1.3986525512 
0.0039715615 -1.6835522475 1.4983060887 -0.0049632602 -1.6881592732 1.3972499446 
0.0020645922 -1.6840555999 1.4930519274 0.0034959914 -1.6830941093 1.3961657368 
0.0017812395 -1.6841567484 1.4986156711 0.0003216863 -1.6842932760 1.3978548378 
0.0004682981 -1.6853767952 1.4977454982 0.0026606648 -1.6836112452 1.3987818253 
0.0106004944 -1.6815416953 1.4971986506 -0.0042171170 -1.6879018970 1.3988048709 
0.0127163873 -1.6800248832 1.4749464803 -0.0107010040 -1.6910791732 1.3943037169 
0.0195717303 -1.6759192037 1.4994553897 0.0088262854 -1.6805594087 1.3977848997 
0.0008005946 -1.6843387202 1.4966423694 0.0010300611 -1.6842062076 1.3998803770 
0.0022366790 -1.6841182018 1.4972382344 0.0010686390 -1.6839000479 1.3973082464 
0.0007499461 -1.6840925891 1.4968062445 0.0025855421 -1.6831239113 1.4033489898 
0.0005689712 -1.6852957215 1.4932011023 0.0027095641 -1.6835718658 1.3965745082 
-0.0034609956 -1.6855808406 1.4937665348 0.0098539542 -1.6813656007 1.3998670495 
END
