0.0010646386 -2.6305909839 0.8777802893 0.0015577967 -2.6307768164 0.9327174313 
6 6
image_id_list 2 6 7 49 56 50 
line_id_list 46 78 37 6 34 60 
line2d_list
532.4193115234 128.0156250000 533.0531005859 111.0019760132 
151.1246643066 119.2130966187 146.6521148682 100.8412475586 
388.2698974609 22.0007266998 388.2529602051 4.9997482300 
333.9082031250 189.7878265381 336.8262634277 174.7719116211 
742.1522216797 307.0169982910 743.8185424805 292.0913696289 
147.8608856201 184.1576690674 145.8842468262 169.8776092529 
node_id_list 2364 2365 2366 2367 2368 4059 
score_list 3.9077966560 1.9122435601 0.9521873608 1.7669081594 0.0000000000 1.7169112407 
line3d_list
0.0012879979 -2.6306582903 0.8783563067 0.0015738327 -2.6308542185 0.9311035421 
0.0015846446 -2.6301847213 0.8781873737 0.0011738416 -2.6315098661 0.9327183983 
0.0015861330 -2.6301799200 0.8779897956 0.0011679552 -2.6315288540 0.9334997715 
0.0009335169 -2.6312135374 0.8776943174 0.0023448862 -2.6296203719 0.9304266871 
0.0013862275 -2.6295795516 0.8777808238 0.0043364842 -2.6275531966 0.9338136483 
-0.0017467387 -2.6320731971 0.8771570345 0.0008214720 -2.6316636872 0.9303111342 
END
