1.1170304087 -1.9309655903 0.4389846941 1.1225485475 -1.9226445986 0.5514207668 
11 11
image_id_list 49 76 20 37 79 81 85 38 86 98 84 
line_id_list 91 123 135 106 101 107 217 41 140 93 145 
line2d_list
334.7153015137 534.9193725586 325.7724304199 566.5018920898 
263.2633056641 405.9980163574 263.4143676758 425.9968566895 
370.2524719238 446.0084838867 369.6465148926 464.0217590332 
277.0600280762 442.9944152832 278.1867675781 455.0758361816 
258.6227111816 437.0247497559 257.7477722168 459.0297241211 
506.2695007324 410.0464172363 505.8652954102 394.9767761230 
166.5023651123 473.6201782227 171.5552978516 493.6067810059 
474.0013122559 525.1722412109 470.3782348633 546.2370605469 
312.2363891602 459.9905395508 312.9555969238 477.9617614746 
393.8012695312 473.8590698242 391.6594543457 492.0775146484 
371.0755004883 391.9971618652 371.7868041992 411.0079650879 
node_id_list 2840 2841 9455 11872 11873 11874 11875 11935 13453 13454 13500 
score_list 5.6330407586 4.6737784143 5.6825427955 6.8335476344 7.4983689603 9.0687132238 4.5336618974 2.4119009203 5.8528722653 6.0380305616 6.2509087821 
line3d_list
1.1202549206 -1.9246394497 0.5322910878 1.1215950152 -1.9282018665 0.4587653502 
1.1208337250 -1.9238639024 0.5335131548 1.1049231482 -1.9360965796 0.4463544672 
1.1249649752 -1.9212937545 0.5394164075 1.1282842402 -1.9222414299 0.4610148541 
1.1280528107 -1.9225431302 0.5125083415 1.0996397890 -1.9372126301 0.4450615197 
1.1466715667 -1.9134938819 0.5495596452 1.1090395743 -1.9340085548 0.4464642902 
1.0927713349 -1.9465874992 0.4392352347 1.1149248589 -1.9348526344 0.5127309956 
1.1444596029 -1.9135257494 0.5502478542 1.1012926641 -1.9379290067 0.4402724088 
1.1242489580 -1.9226978678 0.5403664600 1.1480936214 -1.9133087648 0.4773715213 
1.1539505267 -1.9069800564 0.5485316117 1.1129653791 -1.9313161478 0.4499288043 
1.1558282719 -1.9050967601 0.5453320921 1.1050443205 -1.9363284192 0.4494014117 
1.1711475238 -1.8947964055 0.5674951973 1.0853296667 -1.9510486371 0.4321647769 
END
