3.7838671791 -0.8846982875 1.2894138611 3.7911752509 -0.6102802514 1.2882033527 
6 6
image_id_list 24 26 27 70 25 28 
line_id_list 85 35 274 38 79 51 
line2d_list
799.2924194336 26.1806182861 645.9146118164 1.5311496258 
368.0576477051 186.4939422607 322.9715270996 191.7559509277 
596.9674682617 187.7041168213 557.0106201172 192.0964508057 
276.0055847168 40.1548347473 202.9564361572 42.7940521240 
422.9977111816 236.6135253906 339.9946899414 237.1060180664 
439.9384460449 119.6941223145 391.8726196289 129.3671112061 
node_id_list 10503 10504 10505 10506 10641 10642 
score_list 1.7635245999 2.9053746567 3.7228105041 3.6835273425 2.7599498728 3.7612922167 
line3d_list
3.7847087714 -0.8257364023 1.2893334849 3.7893232388 -0.6023227889 1.2886014342 
3.7895201809 -0.8742472410 1.2882977977 3.7965567665 -0.6104284032 1.2871071081 
3.7773842510 -0.8203972510 1.2908438325 3.7859697948 -0.6202646652 1.2892731991 
3.7834911679 -0.8846877764 1.2895266486 3.7892057531 -0.6080109643 1.2886200724 
3.7691950193 -0.8975798028 1.2917387753 3.7781007052 -0.6153815253 1.2903382040 
3.7701775243 -0.8868409916 1.2915622444 3.7884216355 -0.6109308898 1.2883668283 
END
