0.3821191462 -1.4509398324 0.4432568283 0.7852160735 -1.6031914983 0.4367916121 
5 5
image_id_list 10 57 82 19 60 
line_id_list 108 139 67 109 106 
line2d_list
412.4082336426 403.8624572754 342.2708740234 419.2358398438 
619.0971069336 409.2919616699 542.0236816406 412.5583190918 
630.5652465820 284.7791748047 562.4511108398 306.4198608398 
547.5595703125 375.3512573242 483.3861999512 390.6228637695 
799.0231323242 489.9643249512 724.0099487305 490.8467712402 
node_id_list 6459 6460 6461 9270 13140 
score_list 2.7258764914 1.9025509591 3.3550685383 1.7831501053 1.6410195337 
line3d_list
0.3840261204 -1.4460180124 0.4462482451 0.7843569741 -1.6054144818 0.4355778264 
0.3785934783 -1.4438549417 0.4463930467 0.7880270934 -1.6068757833 0.4354800030 
0.3546546590 -1.4538036158 0.4378776720 0.7916374341 -1.5967133641 0.4406182295 
0.4119990255 -1.4509185709 0.4474122933 0.7804770426 -1.6035341042 0.4361086360 
0.4606805744 -1.5024055265 0.4316117201 0.7490738818 -1.5757263197 0.4438682137 
END
