0.2711576551 0.1592797109 1.7172655641 0.2617942277 0.1620810987 1.8872987565 
4 4
image_id_list 0 59 46 64 
line_id_list 273 241 276 116 
line2d_list
420.2823791504 183.1011657715 432.5559387207 148.8409118652 
586.1229858398 31.0092334747 588.3909301758 0.8040972352 
519.0156860352 86.9997177124 517.4476928711 0.9553953409 
782.0363769531 107.7877655029 801.0427246094 34.5299720764 
node_id_list 1428 1429 12588 12589 
score_list 4.5649319288 2.2556116659 3.3177000652 3.9415976010 
line3d_list
0.2576622563 0.1645571221 1.7164354482 0.2581789585 0.1634947109 1.9159559977 
0.2697733994 0.1574825893 1.7181576958 0.2635091282 0.1583399632 1.7950902535 
0.2762685735 0.1577652740 1.6259655649 0.2608979868 0.1623605905 1.9035693818 
0.2747246306 0.1556767558 1.7154682210 0.2690815954 0.1544486144 1.8878258082 
END
