-0.0604878282 -1.4399693302 1.0693319087 -0.0438113637 -1.4832658648 1.0683591487 
3 3
image_id_list 43 45 96 
line_id_list 116 163 140 
line2d_list
617.1635742188 299.1582946777 602.0415039062 301.2940368652 
497.0689697266 283.0267028809 470.9873352051 281.1787719727 
649.9483032227 315.7589721680 627.9820556641 314.2633666992 
node_id_list 12314 12315 12536 
score_list 3.0267673190 1.5985631918 2.2468974719 
line3d_list
-0.0604878282 -1.4399693302 1.0693319087 -0.0412355687 -1.4899533133 1.0682088992 
-0.0620686556 -1.3957435644 1.0749497167 -0.0464263376 -1.4906482978 1.0665599492 
-0.0500398081 -1.3964593661 1.0751392873 -0.0404140602 -1.4819588053 1.0684248002 
END
