3.1112453771 -2.5442308594 0.8533202623 3.1112720023 -2.0305537542 0.8525374947 
13 13
image_id_list 22 26 28 30 44 48 52 54 55 70 71 69 89 
line_id_list 96 222 205 87 68 77 203 57 117 114 122 363 47 
line2d_list
777.0279541016 77.0861129761 738.8359375000 89.4950027466 
732.9301757812 279.9322814941 601.9019165039 288.4994201660 
799.0706787109 202.5783843994 695.7806396484 215.2058563232 
468.9333190918 286.7665710449 388.6310119629 309.7084350586 
351.9566650391 176.7391662598 240.8673400879 195.2017669678 
169.8881225586 288.6255798340 45.6275482178 325.7534790039 
416.0224914551 337.2045898438 345.1098022461 344.9990844727 
213.8479156494 362.7765808105 131.7646026611 418.6542053223 
371.7583312988 364.4247436523 302.7536010742 393.4135131836 
786.0199584961 207.7913208008 623.9718017578 211.8840942383 
463.9663391113 5.4860143661 341.9655456543 13.4736480713 
799.2968139648 424.8036499023 742.0960693359 410.6127319336 
128.9689331055 338.9109802246 19.6713085175 377.0582580566 
node_id_list 10135 10136 10137 10138 10139 10140 10141 10142 10143 10144 10145 11032 11033 
score_list 8.6392440772 9.4278825893 5.7485940683 6.8607661745 3.8001635239 2.7112342128 6.8397169239 4.4533301303 2.8439430491 8.5582356657 9.6217009661 7.6297089317 3.3630792384 
line3d_list
3.1124586076 -2.5331599282 0.8529211893 3.1102557555 -2.1929460614 0.8534468358 
3.1125079510 -2.5407806335 0.8529094150 3.1092739862 -2.0413192061 0.8536811064 
3.1116679869 -2.3759260975 0.8530168566 3.1107268623 -2.0305534602 0.8527119309 
3.1176042556 -2.5408534286 0.8512298394 3.1145757909 -2.0395819690 0.8519327370 
3.1175602121 -2.5442343334 0.8512552613 3.1188229058 -2.0570603833 0.8499705809 
3.1194992918 -2.5457749703 0.8503502394 3.1231566922 -2.0387702788 0.8479169271 
3.1060845269 -2.5332423974 0.8554287773 3.1086058429 -2.0414209017 0.8533878821 
3.0951693465 -2.5066753256 0.8612719778 3.0950084738 -2.0074571447 0.8606657276 
3.1000580592 -2.5181663014 0.8594066743 3.0995437256 -2.0208439596 0.8589389375 
3.1137810324 -2.5379566947 0.8519677121 3.1121962884 -2.0451305338 0.8521596245 
3.1205172769 -2.5451239493 0.8498730384 3.1179069271 -2.0426780261 0.8503786442 
3.1153110217 -2.2450797773 0.8510381637 3.1179842508 -2.0407368677 0.8497116546 
3.1130492699 -2.5405801616 0.8542094873 3.1124549764 -2.0419290994 0.8527025556 
END
