2.7317411440 -2.9788397477 1.3363707619 2.5820128199 -2.9986125723 1.3346870512 
3 3
image_id_list 44 48 89 
line_id_list 117 51 134 
line2d_list
512.9055175781 57.5778732300 556.0596313477 64.6355667114 
319.0713195801 152.9235229492 361.0197143555 155.7023773193 
266.9923706055 221.0650634766 300.1227416992 224.9544677734 
node_id_list 12461 12462 12463 
score_list 1.1092593333 0.8013055577 4.3485294068 
line3d_list
2.7297433125 -2.9637512560 1.3368398836 2.5716513822 -3.0142638849 1.3318264225 
2.7370081601 -2.9614300334 1.3370702687 2.5836033026 -3.0104450757 1.3322054456 
2.7359662390 -2.9782817901 1.3364182735 2.5807654135 -2.9987773023 1.3346730240 
END
