2.9839327262 -1.8405668672 -0.0023156581 2.9839711671 -1.8407506010 2.0493804969 
16 15
image_id_list 22 29 30 44 48 70 71 94 26 30 52 54 55 69 89 28 
line_id_list 62 106 41 29 68 37 162 110 252 7 101 103 56 29 130 297 
line2d_list
669.4880371094 290.5115356445 652.6271972656 339.5593872070 
799.5701904297 326.1230773926 756.6547851562 524.9254760742 
368.8022460938 531.0486450195 366.5019226074 568.9697875977 
186.8471832275 0.9445993304 215.1046600342 433.0585632324 
3.3211946487 271.9555969238 48.5584564209 599.1992797852 
584.7633666992 0.8930552602 545.9251098633 449.9935302734 
285.0528869629 0.8303836584 318.6238098145 209.2216949463 
149.9844665527 0.6604393721 214.9518890381 189.0166015625 
524.0882568359 0.9015221596 567.6350097656 482.1235351562 
398.3814697266 3.9647738934 382.6023254395 281.0343017578 
328.0029602051 95.0000076294 326.5584411621 509.0019531250 
22.7324275970 8.8170127869 98.7445526123 313.0638122559 
253.2913208008 115.9635620117 270.1801757812 250.9774627686 
784.4019165039 80.8310852051 637.9754638672 599.2755126953 
0.1579789519 500.0989074707 11.7907285690 599.1420288086 
613.5913696289 0.8038318157 665.3975830078 421.0742492676 
node_id_list 9976 9977 9978 9979 9980 9981 9982 9983 11064 11065 11066 11067 11068 11069 11070 11384 
score_list 6.9483346003 8.8277937769 2.9813089262 7.5306370678 3.9193492092 10.3151050748 11.7490465168 11.7962173943 8.5033193726 5.8060414711 5.5073949163 1.8864351846 2.3519469067 6.9162930986 2.3224756271 6.9034794192 
line3d_list
2.9831503146 -1.8405063772 0.2071526122 2.9840151890 -1.8407858575 -0.0144611889 
2.9823450504 -1.8403456608 0.7693900646 2.9820586566 -1.8407198084 -0.0001285047 
2.9830746451 -1.8404837284 0.1472168969 2.9837535609 -1.8404301396 -0.0008508430 
2.9814613269 -1.8395968528 1.4854959674 2.9813682859 -1.8391099884 0.0012935144 
2.9814358654 -1.8390156573 1.0752850494 2.9813718908 -1.8392840064 0.0602005035 
2.9810377917 -1.8402689139 1.4803349915 2.9833939106 -1.8404921726 -0.0020388544 
2.9825882566 -1.8402261421 0.9537754376 2.9839368526 -1.8403993999 -0.0023156432 
2.9828417201 -1.8400882730 0.7230809953 2.9828816324 -1.8406225362 -0.0025137532 
2.9858556557 -1.8408786230 1.9986597935 2.9843374523 -1.8404707010 0.0001796190 
2.9838683918 -1.8409797316 1.7866327445 2.9843817187 -1.8407339401 1.0098672784 
2.9827130636 -1.8386708146 2.0493807067 2.9824798768 -1.8374157937 0.0864239954 
2.9814970027 -1.8390590102 2.0480571283 2.9814419271 -1.8482252479 1.2548738686 
2.9814967156 -1.8397233574 2.0494901005 2.9814673206 -1.8329338206 1.5206458803 
2.9826407941 -1.8403114295 2.0509508303 2.9842758912 -1.8404613965 0.0236647429 
2.9826453630 -1.8385972225 0.5132045724 2.9827942175 -1.8398916968 0.1268623709 
2.9842219063 -1.8406158047 1.6835594555 2.9838293628 -1.8408778131 -0.0016854186 
END
