0.0220839316 -2.2597627283 1.0096580467 -0.1035533219 -2.0772236444 1.0227284138 
14 14
image_id_list 9 15 16 31 98 14 19 34 82 88 97 57 21 33 
line_id_list 176 96 74 35 130 40 115 25 70 20 111 108 15 70 
line2d_list
446.9302978516 317.1736755371 478.0462646484 314.5484313965 
248.9688262939 95.8080215454 286.4421997070 89.7232666016 
540.2455444336 149.4724578857 580.4613037109 142.7663879395 
425.0558776855 322.5266418457 462.1685180664 318.5879516602 
455.0006408691 289.2742919922 500.0049743652 289.1713867188 
651.9923095703 131.9431304932 696.2665405273 125.9781341553 
462.0388488770 236.2140655518 499.0649414062 235.0289459229 
714.0097656250 87.1681671143 761.1411743164 84.4343490601 
530.0240478516 156.1887817383 567.1853637695 151.4554138184 
590.6085815430 329.7055664062 653.9448242188 344.2403564453 
659.9996337891 326.4984130859 701.9996337891 326.5080566406 
545.9752197266 259.2211914062 584.0575561523 263.4862060547 
708.9691162109 183.2289428711 759.0028686523 189.9786682129 
481.9195556641 313.2667846680 519.2383422852 309.1725158691 
node_id_list 5906 5907 5908 5909 5910 8225 8226 8227 8228 8229 8230 8600 8776 11801 
score_list 3.7503796202 4.7065205842 8.8319243251 4.9897155568 3.8929908376 5.5938915105 4.3353921338 4.2575426875 5.7829898489 7.1518979812 5.7155837803 5.6895163306 3.1352574049 4.0897053440 
line3d_list
0.0085296750 -2.2623765812 1.0072766459 -0.0966356047 -2.0840806239 1.0225896917 
0.0275245254 -2.2482240281 1.0114093533 -0.1047495598 -2.0872371605 1.0214326279 
0.0223888729 -2.2595521115 1.0096478089 -0.0976529938 -2.0866118770 1.0220281031 
0.0204128739 -2.2575710408 1.0093400312 -0.1215554278 -2.0970580339 1.0183198524 
0.0071377086 -2.2700263132 1.0072509870 -0.1265585874 -2.0855673770 1.0200420264 
0.0409824748 -2.2463950293 1.0130276027 -0.1181812301 -2.0806417023 1.0210375712 
0.0585107176 -2.2348937077 1.0153063215 -0.1175969212 -2.0867338690 1.0205546757 
0.0379383798 -2.2365263652 1.0139293456 -0.1289830251 -2.0996752998 1.0181971576 
0.0389830382 -2.2445271797 1.0126996195 -0.0943830139 -2.0739478312 1.0238166636 
0.0217505208 -2.2450662167 1.0126052183 -0.0969186228 -2.0953428803 1.0202710774 
0.0402874403 -2.2525908046 1.0122893314 -0.0949208044 -2.0778947680 1.0228808656 
0.0212208115 -2.2578693251 1.0097682748 -0.1025109414 -2.0796131971 1.0225291185 
0.0114802928 -2.2556744469 1.0107119538 -0.0983385787 -2.0869794683 1.0222101010 
0.0218827200 -2.2431549623 1.0128248787 -0.1235764062 -2.1115984534 1.0165145493 
END
