2.7813494906 -3.0005383375 0.0536814315 2.7812486940 -3.0007692766 0.3136762898 
7 6
image_id_list 13 21 48 48 60 83 89 
line_id_list 160 164 62 143 99 74 128 
line2d_list
265.5707092285 392.0243530273 264.2936401367 421.9698791504 
44.2096900940 298.9739074707 51.0595741272 353.9925842285 
317.9987487793 395.9873046875 318.6339721680 445.9919433594 
317.0553894043 454.9995422363 316.6189880371 400.9949951172 
140.9238433838 467.0046081543 144.1329650879 519.9919433594 
286.8991699219 455.0151367188 286.1079101562 502.0018310547 
261.9715576172 431.0015563965 262.0440673828 479.0014343262 
node_id_list 8033 8034 8035 8036 8037 8038 8039 
score_list 3.9250685620 2.5506295318 4.3036934457 2.9818641722 2.4311632654 2.8980796889 4.3486351603 
line3d_list
2.7805818558 -2.9996752776 0.2968391765 2.7798813972 -2.9985430691 0.1612940042 
2.7818425737 -3.0033745698 0.3106362807 2.7820339550 -3.0033027184 0.0402120149 
2.7818261015 -3.0030408015 0.3239630306 2.7820121158 -3.0039400128 0.0894813807 
2.7806098506 -2.9889237609 0.0536914614 2.7812440527 -2.9913658885 0.3056478444 
2.7818450853 -3.0033736268 0.3070873093 2.7820285760 -3.0033047379 0.0478126625 
2.7808861064 -2.9974552706 0.3136790929 2.7803924000 -2.9932648936 0.0714834715 
2.7817881407 -3.0013596684 0.3279871326 2.7819672466 -3.0012707783 0.0742748012 
END
