1.8281403651 -0.0101388447 1.1222311455 1.8283719512 -0.0116051168 1.7618711938 
16 12
image_id_list 0 46 58 11 18 11 58 17 67 93 28 29 67 69 68 93 
line_id_list 1 47 104 37 204 184 75 77 277 19 165 36 32 2 32 260 
line2d_list
694.7117919922 251.4632110596 631.6313476562 402.8463745117 
681.6696166992 0.9266809821 673.7206420898 361.9938354492 
687.7778320312 71.8685989380 653.8865966797 387.0953063965 
576.1956787109 0.3657783270 484.2699279785 406.8348999023 
799.9646606445 324.2687377930 769.5115356445 433.5853576660 
486.9443664551 408.9869995117 582.2036132812 0.8141461015 
656.2924194336 400.5490722656 692.9830932617 46.8944969177 
555.8629760742 233.0053100586 556.7180786133 255.0497283936 
251.2723541260 228.9981231689 250.7536315918 153.9947814941 
773.4669799805 0.9470720291 759.8589477539 137.9859924316 
0.1140662804 273.4465332031 36.3458137512 345.3297424316 
38.1429290771 209.9756469727 48.4187889099 270.2694702148 
246.8222656250 0.9860351682 248.5773773193 230.0108947754 
80.5754165649 229.8628845215 78.0591659546 256.0057067871 
319.1887817383 0.8599925637 321.5804443359 21.1671867371 
762.9178466797 137.0868988037 771.3490600586 48.0330467224 
node_id_list 6 7 8 6789 6790 6957 6958 8943 8944 8945 11318 11319 11320 11321 11405 12554 
score_list 2.4483284330 3.0718596635 3.2986580942 1.9454415905 1.4337835775 1.8160591332 2.2176387379 0.6771642118 5.1569599991 3.5820911812 1.8200835636 1.9305224759 6.2041907166 2.8117946647 0.9723962100 3.6250427066 
line3d_list
1.8262789731 -0.0109796049 1.7999683149 1.8284650374 -0.0114276500 1.1233757187 
1.8305111742 -0.0127770720 1.5748400616 1.8323704742 -0.0132651370 1.1241694860 
1.8307189320 -0.0125392683 1.7618682027 1.8303155998 -0.0132945108 1.1603863264 
1.8298754981 -0.0119833473 1.7267696765 1.8237054130 -0.0085281580 1.1197839956 
1.8275250460 -0.0101532322 1.3078827823 1.8265608763 -0.0093724976 1.1250936771 
1.8322947111 -0.0059643853 1.1222392107 1.8263343127 -0.0035932564 1.7270300548 
1.8305043127 -0.0046788563 1.1328276388 1.8224540413 -0.0010057218 1.8092295304 
1.8333748320 -0.0135129736 1.1909315006 1.8297164939 -0.0126355188 1.1218351457 
1.8349037466 -0.0063992288 1.1273073892 1.8348258459 -0.0067050755 1.3274837801 
1.8295044262 -0.0120257027 1.5470222378 1.8273981137 -0.0112237681 1.1236009818 
1.8281853205 -0.0100664278 1.3887522146 1.8283626388 -0.0108879482 1.1276668209 
1.8286216563 -0.0127098718 1.2618658988 1.8286227678 -0.0125509928 1.1242402435 
1.8284687998 -0.0122555831 1.6974297371 1.8286002428 -0.0124081284 1.1254835181 
1.8285837519 -0.0123889900 1.1972401230 1.8286006694 -0.0124086236 1.1236270952 
1.8256361870 -0.0155115116 1.1536398287 1.8290248977 -0.0121567769 1.1241236300 
1.8366449740 -0.0152783072 1.1274188740 1.8364139331 -0.0154106434 1.4085029728 
END
