-0.1490753112 -0.9280260842 1.4615672993 -0.2075390227 -0.8998433194 1.7122576746 
15 15
image_id_list 10 37 45 58 76 79 84 85 87 98 19 20 43 46 64 
line_id_list 245 195 174 329 211 198 224 276 295 213 233 225 189 223 192 
line2d_list
580.0144042969 216.3161315918 597.4133300781 165.7979583740 
552.7647705078 173.9742279053 558.4549560547 122.0498580933 
659.3999023438 162.8216552734 671.2880249023 128.0986022949 
197.3746032715 199.9266357422 204.0516357422 143.0060577393 
595.0617675781 135.6139068604 606.1348266602 80.0268554688 
589.3106689453 100.0615539551 601.0118408203 41.0023460388 
725.2410278320 87.8196105957 739.9379272461 25.9852428436 
395.6412963867 98.1278076172 392.5442810059 40.9705085754 
159.0286712646 223.0011901855 161.6468963623 160.0269012451 
775.6552124023 220.8950347900 792.6989135742 164.9083404541 
716.1488037109 174.3964080811 732.9162597656 122.9727020264 
728.0737304688 201.7225036621 744.7040405273 146.2109222412 
786.6328735352 129.0765075684 790.8753051758 93.9849243164 
224.3841094971 157.9121856689 227.9631652832 92.0523376465 
304.6309814453 62.1516990662 315.6871337891 16.1652030945 
node_id_list 6690 6691 6692 6693 6694 6695 6696 6697 6698 6699 9334 9335 11886 11887 12586 
score_list 5.1155606923 3.9328611306 3.4066829893 6.7709608414 7.1317948498 8.9839718147 5.3446740718 7.5324728961 8.9037892070 4.4450678043 4.6364222812 5.2169746728 8.9457274375 8.3524834666 6.0782699996 
line3d_list
-0.1603642917 -0.9287320463 1.4590139515 -0.2039735164 -0.9015507251 1.7161441258 
-0.1518377128 -0.9268525548 1.4595295006 -0.2135064966 -0.9042860754 1.7110915175 
-0.1914419970 -0.9163725053 1.5818096670 -0.2094757416 -0.8994553944 1.7064877802 
-0.1503879040 -0.9262625833 1.4615261526 -0.2018854692 -0.9024444738 1.7067110042 
-0.1500138722 -0.9270762742 1.4683044969 -0.2217420493 -0.9033843137 1.7089457565 
-0.1463913243 -0.9267304738 1.4728333024 -0.2089542759 -0.9012770789 1.6998978643 
-0.1525118163 -0.9272986061 1.4704625373 -0.2057061816 -0.9010869038 1.7002610690 
-0.1711521080 -0.9284374808 1.4668544367 -0.2075822335 -0.9026358025 1.7085005368 
-0.1701861522 -0.9259416234 1.4688260907 -0.1952463428 -0.9025824651 1.7039642435 
-0.1629548854 -0.9275944678 1.4709202103 -0.1917912044 -0.9011356832 1.7008524989 
-0.1515769051 -0.9279868453 1.4650718860 -0.2099931366 -0.9007224696 1.7083964317 
-0.1450808695 -0.9273936651 1.4686362087 -0.2208151332 -0.9016652500 1.7028421857 
-0.1771151807 -0.9131247863 1.5932314836 -0.2007473163 -0.9009673838 1.6994423884 
-0.1484407107 -0.9280643191 1.4533111472 -0.2179506013 -0.8994412555 1.7098591659 
-0.1764672895 -0.9120960573 1.5917008134 -0.2112731431 -0.8991254544 1.7113061344 
END
