3.5102483609 -1.5602157362 0.1664290174 3.5083219223 -1.5606437644 0.7984198120 
13 8
image_id_list 22 25 30 44 52 55 55 70 22 30 69 22 30 
line_id_list 30 227 14 159 100 75 109 232 172 57 353 180 3 
line2d_list
536.2171020508 105.8526611328 515.0739746094 218.2021179199 
647.3839721680 436.9129638672 641.9922485352 598.9997558594 
200.2514648438 338.9968872070 201.6387634277 451.0168457031 
63.8755187988 226.8574676514 72.1958084106 277.9681396484 
221.0960998535 361.9998168945 221.2463989258 441.0014343262 
164.1100921631 442.9819946289 177.5309295654 525.0766601562 
179.8076171875 524.8676147461 167.0141296387 446.8337402344 
460.6706848145 186.9859771729 459.7915344238 332.9987487793 
532.2012329102 141.0363464355 538.5124511719 106.0925521851 
204.6926727295 481.9905090332 202.7488098145 339.9897460938 
611.0246582031 369.2319030762 576.8283081055 501.6975402832 
522.8673706055 190.9754333496 531.3687744141 145.0682983398 
201.9284210205 454.0203552246 203.3722534180 530.0119018555 
node_id_list 9882 9883 9884 9885 9886 9887 9888 9889 10345 10346 10347 10352 11482 
score_list 5.5536722876 1.9797221784 4.5843171555 3.2995564129 3.5321544076 2.6961575209 1.7588988454 4.2568595328 5.3231308495 3.3766159617 3.3018099099 5.3772968771 1.9420830904 
line3d_list
3.5092007082 -1.5606554292 0.7815442628 3.5108485466 -1.5604296521 0.3586505531 
3.5091253771 -1.5606657506 0.8008768930 3.5111024652 -1.5603948617 0.2934860556 
3.5042849566 -1.5585198614 0.7535142718 3.5080225854 -1.5593567796 0.3492163243 
3.5007320540 -1.5617223498 0.7041063877 3.5012106572 -1.5628678770 0.5049006915 
3.5042235604 -1.5586175548 0.7640653744 3.5073683640 -1.5574286227 0.3574736833 
3.5041621973 -1.5577172977 0.7395996481 3.5078986923 -1.5591865275 0.3576178402 
3.5025600765 -1.5669836191 0.3560733064 3.5024418447 -1.5673732890 0.7187309337 
3.5034852999 -1.5574333642 0.8011345116 3.5049718128 -1.5568985897 0.1664151799 
3.4987278674 -1.5602403138 0.6610256897 3.4996318788 -1.5603499484 0.7834544375 
3.4928232002 -1.5588654413 0.2373736206 3.4899123506 -1.5577796753 0.7540309330 
3.4952306577 -1.5543532484 0.7983841675 3.4930823815 -1.5526708688 0.1286875531 
3.4987163351 -1.5601161337 0.4730909968 3.4990585712 -1.5602412207 0.6463106250 
3.5054522336 -1.5584983519 0.3391831951 3.5043583092 -1.5585078686 0.0431869327 
END
