3.8713389941 0.1466638964 0.4939998921 3.8722036483 0.0742001211 0.4934132842 
3 3
image_id_list 29 70 68 
line_id_list 223 168 139 
line2d_list
324.0042724609 271.9535217285 345.8191528320 273.9630432129 
72.9830627441 233.1988983154 89.0181808472 232.8599395752 
742.2204589844 98.9970397949 778.0288085938 106.8690414429 
node_id_list 11442 11443 13348 
score_list 0.9136472243 2.8452865417 0.9948834777 
line3d_list
3.8723691041 0.1860254884 0.4929993723 3.8714875452 0.0624428492 0.4940713630 
3.8713389941 0.1466638964 0.4939998921 3.8722036483 0.0742001211 0.4934132842 
3.8718306919 0.1979943712 0.4934442168 3.8728997269 0.0635513744 0.4928265930 
END
