3.7934569504 -0.9494899634 1.0566561952 3.7949349754 -0.9497481114 1.8695685164 
8 8
image_id_list 25 26 27 28 29 52 69 70 
line_id_list 71 132 24 114 8 13 11 76 
line2d_list
431.6072692871 37.0194778442 444.9992065430 307.0496215820 
363.5275268555 71.0750732422 388.3443298340 227.2630767822 
616.2697143555 66.0431518555 625.9614257812 230.0613708496 
427.7622680664 0.6181204915 462.5830383301 161.3070526123 
563.1304321289 0.8502884507 548.7920532227 179.9032592773 
69.6714477539 132.0080108643 73.9184112549 306.0263977051 
538.1292114258 119.0283050537 503.1239013672 278.8080749512 
289.5476684570 0.8304181695 300.6492614746 102.1480026245 
node_id_list 10632 10633 10634 10635 10636 10637 10638 10639 
score_list 5.4612641981 4.9496407304 5.9785607152 4.9138535988 5.9660187126 1.9980781389 5.9535132298 6.9188102667 
line3d_list
3.7954141411 -0.9501217255 1.8697135991 3.7935562007 -0.9499113565 1.0586490449 
3.7941776547 -0.9497517950 1.8700814061 3.7924859546 -0.9495922479 1.0564154181 
3.7956378538 -0.9492921236 1.8666733382 3.7943655222 -0.9490035202 1.0555266758 
3.7920753478 -0.9499075454 1.8445566061 3.7945489601 -0.9491301876 1.0578152823 
3.7940877798 -0.9497170134 1.7957775863 3.7937779116 -0.9491888025 1.0572552370 
3.7938688720 -0.9496596704 1.8695704829 3.7914362101 -0.9492782154 1.0566599366 
3.7938645672 -0.9496589954 1.8681319527 3.7914373235 -0.9492783900 1.0570320011 
3.7937922283 -0.9491954214 1.4210035492 3.7926026524 -0.9498118175 1.0573188885 
END
