1.6776042419 -2.9983020504 1.3946950484 1.6777392447 -2.9995857392 1.4972898698 
29 29
image_id_list 9 13 16 19 20 31 33 34 38 57 60 82 83 96 98 14 21 48 51 52 54 55 56 78 89 97 53 88 77 
line_id_list 62 26 91 52 75 156 68 97 56 69 30 58 57 107 65 42 2 5 64 78 15 60 16 15 27 35 44 43 67 
line2d_list
159.1232910156 256.9890747070 160.8105773926 276.0167846680 
556.1153564453 111.1844635010 552.1452636719 135.1894073486 
174.2024536133 120.6762008667 180.4505004883 143.8786926270 
134.1763305664 153.8888397217 136.2722320557 176.0687713623 
60.1680412292 199.8650665283 63.0706977844 224.9918365479 
65.4898834229 259.0525207520 67.7522659302 281.0255126953 
99.8139801025 257.8824462891 102.9874420166 279.8573913574 
343.3960876465 13.0666007996 345.9260559082 36.0081520081 
133.3127593994 197.9441833496 134.5066833496 226.0209808350 
237.4924011230 128.9613189697 235.8843536377 150.0673828125 
364.8650512695 206.9343872070 365.5363159180 226.0163116455 
207.1009674072 108.7931671143 211.1162109375 130.1660308838 
523.1317749023 215.0839385986 521.6510620117 235.0482940674 
9.5659055710 215.7890014648 13.2105722427 242.8368835449 
47.4150009155 165.9449462891 48.5848693848 196.0161437988 
311.4835815430 77.0767517090 314.8930358887 100.0158996582 
300.0957641602 29.0029335022 299.3296508789 54.0100975037 
614.4777832031 116.9476165771 611.2501220703 149.1253967285 
141.1720886230 124.8354263306 145.2813110352 154.1009063721 
716.8707275391 217.9955902100 716.1516113281 239.0393524170 
589.1259765625 144.9302520752 590.8035278320 172.0121765137 
688.1962280273 209.9568023682 689.0282592773 232.9989776611 
236.6737670898 146.8745574951 239.3047332764 181.9771575928 
513.5850830078 162.9736328125 511.9904785156 188.0629577637 
509.4822082520 208.9549713135 507.1369018555 235.9249420166 
345.8448486328 241.9978942871 345.5727233887 262.0077819824 
149.2730865479 139.0016174316 149.1131744385 166.0065917969 
28.3626747131 95.9872131348 28.6630954742 127.9937744141 
26.2650012970 237.9134216309 38.7366333008 276.0860595703 
node_id_list 5442 5443 5444 5445 5446 5447 5448 5449 5450 5451 5452 5453 5454 5455 5456 7448 7449 7450 7451 7452 7453 7454 7455 7456 7457 7458 8233 8234 9406 
score_list 7.9035173153 12.5449907516 10.8928793579 5.2853857216 5.3978458812 10.4331531997 11.6523533746 12.6084025557 8.6712781895 9.6192968027 12.4313153880 8.8819957103 13.7997442484 8.7019186490 6.0063527340 11.0955260623 15.0839467405 12.6354493956 16.0254676499 11.6703593364 14.7407762587 12.6435292225 13.1331611824 12.2567631162 13.6701104219 12.9831197594 14.7960647824 10.8062825760 8.0234187946 
line3d_list
1.6726523202 -3.0094848140 1.4943293320 1.6785703425 -2.9967663030 1.3937640616 
1.6779084352 -2.9996729359 1.4966391151 1.6776109932 -2.9994674494 1.4019806200 
1.6763031982 -3.0038596751 1.4961801135 1.6768449796 -3.0007739854 1.3965115831 
1.6739343740 -3.0082157418 1.4937726633 1.6841934351 -2.9870699761 1.3948269160 
1.6725056820 -3.0075046193 1.4943440444 1.6772850586 -2.9994147363 1.3976826919 
1.6838362897 -2.9907065703 1.4955416625 1.6863512596 -2.9853583482 1.3968459666 
1.6766630149 -3.0025998003 1.4960774621 1.6773951297 -2.9988355425 1.3953392742 
1.6843673838 -2.9898857319 1.4974123954 1.6830578122 -2.9905925082 1.3958398461 
1.6773831514 -3.0000620848 1.4945153827 1.6779220245 -2.9970806119 1.4027200366 
1.6766424247 -3.0027056675 1.4989106566 1.6773664219 -2.9989831471 1.3992894348 
1.6755636125 -3.0051753343 1.4932999441 1.6721870220 -3.0094917210 1.3990754783 
1.6805964695 -2.9958848714 1.4967137118 1.6778367721 -2.9989055211 1.3953782670 
1.6792738104 -3.0030632433 1.4962652524 1.6785060454 -3.0019959200 1.4001368723 
1.6783017337 -2.9995491614 1.4972895873 1.6785310168 -2.9978984307 1.4026749720 
1.6789538925 -2.9976663487 1.4958490900 1.6804116348 -2.9924661780 1.3982525615 
1.6825690895 -2.9921905447 1.4955121951 1.6787740297 -2.9971050761 1.3926418852 
1.6748352318 -3.0046276900 1.4959141642 1.6770224542 -2.9985169445 1.3952433238 
1.6778042417 -2.9991010341 1.4969990928 1.6773655544 -2.9981600573 1.4001611288 
1.6770680790 -2.9970875848 1.4940565604 1.6776164603 -2.9977711976 1.4004055378 
1.6787456832 -2.9981953565 1.4939542701 1.6780491933 -2.9987024663 1.4016690281 
1.6777789264 -3.0006797679 1.4963870107 1.6771112455 -2.9993879925 1.3978398974 
1.6780298201 -2.9987389121 1.4964399138 1.6780359650 -2.9970981365 1.3993499701 
1.6755768297 -3.0020813941 1.4968440263 1.6768068297 -3.0002419470 1.4022588711 
1.6780287460 -2.9987368547 1.4962174782 1.6773827429 -2.9981122554 1.3989156324 
1.6772101935 -2.9958893056 1.4963792592 1.6773928936 -2.9981878142 1.3964971264 
1.6779976986 -3.0006831080 1.4949991427 1.6723822258 -3.0091571880 1.4004456768 
1.6776514464 -2.9991415482 1.4960195239 1.6774103846 -2.9988534806 1.4013083968 
1.6774468722 -2.9999801310 1.4942998349 1.6779658225 -2.9983767142 1.3975160720 
1.6756551598 -3.0027132155 1.4963496430 1.6779368180 -2.9963925837 1.4032209931 
END
