0.5860833339 -2.8917652626 0.3919116587 0.6607251337 -2.7805131875 0.3022978855 
66 40
image_id_list 2 7 15 56 77 38 41 49 76 79 81 84 86 95 96 98 7 38 8 10 10 19 20 20 31 37 37 45 81 84 86 98 8 9 19 43 79 99 16 16 23 23 33 34 57 57 60 82 83 97 9 76 45 13 21 78 80 14 14 82 78 97 77 56 99 43 
line_id_list 125 140 193 178 156 190 99 160 220 222 177 249 229 170 198 215 142 192 239 242 260 238 227 234 195 188 210 211 168 247 220 214 252 190 208 194 220 190 221 225 159 190 140 178 170 193 132 204 199 165 233 216 204 176 209 181 173 182 190 223 185 173 157 183 204 196 
line2d_list
415.3038024902 364.4890747070 431.5494689941 387.6139831543 
246.5108489990 227.8147583008 235.7345581055 198.0962524414 
124.3938217163 245.2052154541 118.9171447754 229.0280456543 
562.9737548828 473.0021972656 560.4526977539 443.0460510254 
442.9752807617 475.0071105957 434.6595153809 446.0979309082 
370.4642944336 448.1003417969 365.9523620605 424.0089111328 
151.7457122803 465.0304565430 149.5642242432 446.8126831055 
143.4233093262 378.9232788086 137.2666015625 344.9516906738 
150.5140838623 385.1859436035 143.1501617432 365.9425354004 
87.5608901978 398.6611022949 73.6362533569 375.6155700684 
362.4257507324 380.4271850586 348.8182067871 362.1352233887 
266.1611938477 357.9335937500 257.9565124512 338.0179138184 
194.7117156982 434.1378479004 185.4564971924 414.7817077637 
219.8769989014 480.8671875000 215.3679656982 451.0957336426 
289.7787475586 449.0281982422 287.0960693359 427.9877624512 
283.2573547363 433.1746826172 278.2618103027 411.9384155273 
239.5412750244 195.8119506836 250.0257720947 225.9910430908 
369.6385803223 423.7211608887 373.5830078125 446.9007873535 
54.3201217651 385.5292358398 61.9793167114 407.0073852539 
170.3826904297 371.0794677734 168.0704498291 353.1196899414 
171.5420532227 352.8421020508 173.3868103027 370.8580017090 
323.7636108398 336.7086791992 326.2817687988 351.9534606934 
292.0946960449 408.2203979492 287.6782836914 390.0783081055 
290.9436950684 388.7976684570 295.0143127441 407.7825317383 
288.1949462891 459.1434326172 285.2780151367 442.7722778320 
156.9121246338 406.5701293945 165.3074493408 424.3838195801 
162.5646820068 425.7019653320 153.1732940674 407.9085388184 
39.4543724060 414.9549255371 41.9391975403 440.0060424805 
352.3602600098 359.7626953125 364.7195434570 378.5260314941 
261.3590393066 336.4855041504 268.6531066895 355.7527465820 
188.9710083008 413.1493225098 197.4538879395 432.8041076660 
281.7298583984 410.8411865234 286.3189392090 431.9306030273 
59.0523185730 408.5379028320 49.7049942017 387.2513122559 
326.9229431152 432.2709350586 323.1362609863 417.2172546387 
323.5892639160 353.0806884766 320.4144897461 336.9185791016 
212.5838470459 565.6954345703 198.7323455811 539.1395874023 
77.3986740112 373.2070617676 90.9146347046 397.0484008789 
129.9679260254 445.1242065430 127.8797302246 427.7737731934 
406.3834228516 295.1956176758 401.2225341797 278.9293823242 
404.1123657227 277.3569641113 409.3573608398 294.5867919922 
583.0560913086 186.9852905273 583.3208007812 169.9894256592 
586.7415771484 170.9840545654 585.8118896484 186.0500946045 
338.8859252930 458.0044555664 338.1811218262 439.9929199219 
543.6574707031 219.0089721680 543.2115478516 201.9944610596 
389.0795288086 357.0024719238 389.0340881348 340.0025939941 
392.1590576172 340.9789733887 391.7581481934 357.0189514160 
561.1756591797 427.0379638672 561.7261962891 409.9911499023 
402.6585693359 284.3761596680 398.5813903809 269.8369750977 
705.0686035156 455.0021972656 705.6766967773 435.9896545410 
508.8799743652 446.0293579102 504.5011596680 428.1219787598 
326.2493896484 416.7295532227 329.3234252930 430.9299926758 
146.6228790283 364.4331054688 153.6107788086 384.4373168945 
38.1253662109 441.9830322266 34.4633445740 414.9372558594 
724.2036132812 391.0332946777 724.7587280273 370.9656677246 
502.6437683105 293.1258239746 505.9914245605 275.9983215332 
708.3189697266 432.0887451172 705.5449829102 410.7987060547 
492.3069152832 412.0470275879 495.8410644531 388.9756469727 
508.7331848145 272.3447265625 504.3347167969 256.1810302734 
507.5375061035 255.6111450195 511.4637756348 271.1356201172 
401.4961242676 268.6090087891 405.4851989746 283.8731994629 
709.2244262695 409.7588195801 711.5212402344 430.9434814453 
507.6441345215 427.6099243164 511.7289733887 444.8270568848 
438.0964660645 443.9707031250 446.3636169434 471.1932678223 
564.2164306641 441.9771423340 567.1853027344 470.0860595703 
131.5904235840 427.8605041504 133.0853576660 444.9048156738 
202.3514404297 536.3240966797 215.9548492432 563.5223999023 
node_id_list 2718 2719 2720 2721 2722 4457 4458 4459 4460 4461 4462 4463 4464 4465 4466 4467 4471 4472 5088 5089 5090 5091 5092 5093 5094 5095 5096 5097 5098 5099 5100 5101 5113 5114 5115 5116 5117 5118 5946 5947 5948 5949 5950 5951 5952 5953 5954 5955 5956 5957 6094 6685 6725 8069 8070 8071 8072 8507 8512 8513 8870 8871 9742 12011 12160 12346 
score_list 10.5085016229 8.1844071727 15.7236592552 9.1815197921 9.9540356309 9.2589309751 14.6403033802 7.5166247095 5.9386476657 9.1751137862 16.1668814982 10.0552452106 10.9342387256 10.8788504656 13.1509101626 9.7780336082 4.6230341295 6.2656893123 12.4099189284 9.1146667094 6.0383153964 4.6365370760 8.4126415944 7.9127866090 15.1462683867 10.3709589338 12.5560509660 8.4478714809 14.7651065211 7.3302589260 7.4058615911 9.9117140268 13.1652130013 8.1834876291 9.7766705956 6.1270486388 6.2394890975 8.1239295832 11.3323209690 6.1627941365 10.7859402800 6.4247541111 15.5569263149 13.0066188594 7.0393245786 3.9373332719 13.8284918822 8.3346211810 8.5575853199 13.7314775090 5.0134775166 5.4497945812 7.0753817284 8.0124976129 13.1844157753 11.1507475099 11.6402533798 8.9608109847 7.3020492956 4.2811389349 8.1655645760 13.6083544196 5.6622258946 3.4329722304 5.9784662101 2.8795389439 
line3d_list
0.5894402979 -2.8650248957 0.3829287793 0.6283947394 -2.8089546170 0.3394607338 
0.6491703034 -2.7987720653 0.3206100216 0.5914043674 -2.8844841073 0.3836123824 
0.6557005967 -2.7886650147 0.3050334490 0.5968724718 -2.8712718952 0.3705242684 
0.6444353322 -2.8037454581 0.3133384148 0.5995929493 -2.8746428583 0.3889101357 
0.6485753115 -2.8023067217 0.3220997976 0.5947773463 -2.8831066939 0.3867808118 
0.6464953088 -2.8005764823 0.3103459240 0.5852044459 -2.8913667890 0.3803256946 
0.6443186849 -2.8002890642 0.3028157765 0.5884166310 -2.8799092829 0.3635491566 
0.6470015523 -2.8008700217 0.3222560064 0.5830799801 -2.8915673329 0.3783023482 
0.6521167299 -2.7938683942 0.3126805019 0.5985901804 -2.8709253293 0.3794645728 
0.6511818346 -2.7967522759 0.3215629390 0.5731810102 -2.8976247877 0.3738905785 
0.6589564474 -2.7891373564 0.3203450549 0.5739705910 -2.8980080328 0.3756623947 
0.6469290162 -2.7995719847 0.3089343452 0.5803439806 -2.8916092256 0.3729229301 
0.6609636258 -2.7878268331 0.3198471203 0.5906346633 -2.8824906775 0.3800169902 
0.6419380910 -2.8068681883 0.3142015809 0.5922188452 -2.8860366895 0.3871768311 
0.6474537734 -2.7998674583 0.3114762499 0.5972905478 -2.8761897296 0.3805244262 
0.6619521846 -2.7858203930 0.3161694805 0.6085296014 -2.8644866239 0.3875452031 
0.6014299930 -2.8567956922 0.4039830537 0.6478677342 -2.7835158522 0.3314772937 
0.6066231123 -2.8497569683 0.4036680200 0.6382192230 -2.7891220248 0.3180264756 
0.5800505347 -2.8715787607 0.3942297959 0.6481199724 -2.7823728871 0.3283578907 
0.6511225111 -2.7937522138 0.3050944436 0.5854694297 -2.8841163026 0.3713266600 
0.5799417170 -2.8638004542 0.3772132749 0.6421334829 -2.7807115698 0.3079163829 
0.5734679469 -2.8684740707 0.3714729228 0.6343855635 -2.7881554376 0.3079085339 
0.6604270279 -2.7875447522 0.3175324771 0.6024033979 -2.8711593521 0.3815630323 
0.5900330240 -2.8585273320 0.3878653129 0.6443166875 -2.7816572748 0.3157863806 
0.6510985164 -2.7937099728 0.3034301867 0.5999224183 -2.8682293152 0.3727622336 
0.5964896224 -2.8537070924 0.3908226131 0.6488369868 -2.7795294206 0.3211825151 
0.6563959474 -2.7909497579 0.3165018429 0.5866873682 -2.8844069054 0.3774820023 
0.5894448760 -2.8570738572 0.3825477930 0.6393917451 -2.7875619457 0.3194732285 
0.5764073412 -2.8740346466 0.3902944571 0.6452550314 -2.7827030056 0.3243595861 
0.5831405423 -2.8660980434 0.3863669566 0.6415517659 -2.7867866755 0.3204358402 
0.5826337038 -2.8667862339 0.3869390457 0.6429420214 -2.7848989722 0.3188666025 
0.5866433268 -2.8613303432 0.3879083244 0.6428874506 -2.7831396455 0.3173157809 
0.6595250999 -2.7891053425 0.3225894340 0.5793785506 -2.8931883127 0.3800562920 
0.6533784475 -2.7908952949 0.3007952102 0.5886442160 -2.8792662808 0.3720404923 
0.6517381585 -2.7937391424 0.3039343292 0.5881738920 -2.8826215646 0.3704804248 
0.6441061129 -2.8053786863 0.3192522688 0.5880281820 -2.8884456559 0.3793487680 
0.5619945874 -2.8873979812 0.3802938293 0.6369971656 -2.7911393664 0.3218541970 
0.6520839939 -2.7894314895 0.2999640701 0.5863017850 -2.8794700813 0.3687767831 
0.6643321179 -2.7829197435 0.3156000713 0.6099621100 -2.8615425933 0.3820234925 
0.5915025056 -2.8550178241 0.3859279703 0.6441956512 -2.7789086124 0.3121172037 
0.6349294905 -2.8104889328 0.2968161549 0.5769074798 -2.8947378845 0.3689638794 
0.5664452644 -2.8751944309 0.3674970442 0.6329675346 -2.7906269930 0.3091570243 
0.6570220099 -2.7853439122 0.3014939656 0.5931820806 -2.8728434927 0.3689054034 
0.6520058962 -2.7932705479 0.3033092608 0.5877337030 -2.8829641403 0.3699424477 
0.6507210726 -2.7947496699 0.2997597456 0.5976044113 -2.8703734220 0.3781246647 
0.5659983985 -2.8743958122 0.3676788565 0.6512929125 -2.7716437126 0.3073248208 
0.6486358720 -2.7936714370 0.3041459044 0.5971289062 -2.8696857996 0.3721942735 
0.6389079915 -2.8082622816 0.2996218549 0.5920762280 -2.8772547328 0.3705545267 
0.6406969618 -2.8037974927 0.3041363806 0.6018080965 -2.8693894189 0.3805430789 
0.6436319933 -2.8011413887 0.3044407109 0.5909574944 -2.8788200310 0.3783891397 
0.5567688797 -2.8805232665 0.3673105432 0.6436133485 -2.7783827744 0.3092045248 
0.5669007713 -2.8764588539 0.3753690019 0.6220147280 -2.8006532967 0.3040898729 
0.6429085234 -2.8008565646 0.3096669569 0.5864927489 -2.8836290178 0.3752846251 
0.6426449296 -2.8014782185 0.3063043941 0.5954404876 -2.8746371174 0.3759341151 
0.6284968786 -2.8198637995 0.3007278749 0.5899429391 -2.8797316225 0.3711723684 
0.6561006929 -2.7885209854 0.3112458955 0.6024996268 -2.8666227641 0.3791604887 
0.6344534709 -2.8145154509 0.3028487115 0.5882239274 -2.8861269558 0.3726979123 
0.6441098019 -2.7993595686 0.2972503734 0.6021389756 -2.8640343618 0.3761092019 
0.6394939838 -2.8044731177 0.3967928455 0.6754043969 -2.7493320858 0.3204579438 
0.6292457342 -2.8150020005 0.3994248752 0.6857525821 -2.7387909960 0.3296628656 
0.6025698505 -2.8469032289 0.3918937593 0.6572050034 -2.7712247999 0.3241885677 
0.6110416275 -2.8406203347 0.3962657450 0.6666792005 -2.7638037811 0.3280012825 
0.5851482913 -2.8732035943 0.3942989610 0.6212233226 -2.8107586011 0.3194459545 
0.6042492595 -2.8494989185 0.4054660147 0.6313048737 -2.7971148192 0.3245264213 
0.5574324465 -2.8810394424 0.3628931177 0.6331944809 -2.7859537559 0.2980194714 
0.5862752212 -2.8712529065 0.3919606654 0.6241577355 -2.8056792046 0.3133572662 
END
