-0.1758638289 -0.5128974191 1.7042203567 -0.1783016557 -0.6377781812 1.7035688979 
3 3
image_id_list 10 31 86 
line_id_list 259 213 161 
line2d_list
678.9312133789 179.5171661377 650.8953247070 175.7868347168 
770.0993041992 167.9565734863 737.0402832031 171.3883209229 
718.0264282227 117.6669845581 682.0432739258 119.0921173096 
node_id_list 6723 6724 11710 
score_list 0.9152941300 2.4199989725 2.2835049893 
line3d_list
-0.1820608891 -0.5096236164 1.7046188267 -0.1822837456 -0.6377017139 1.7038119598 
-0.1758638289 -0.5128974191 1.7042203567 -0.1784176714 -0.6437212343 1.7035378951 
-0.1578160778 -0.5061043774 1.7044714753 -0.1679237189 -0.6507120782 1.7036294068 
END
