1.6098827400 -0.1176174158 1.1490517535 1.5878132864 -0.1510777224 1.2902106287 
10 8
image_id_list 0 39 87 0 1 58 74 87 93 67 
line_id_list 37 17 182 105 129 115 75 150 138 169 
line2d_list
580.6548461914 341.9446105957 574.4838867188 380.3985900879 
765.6796264648 448.9414367676 768.4306030273 433.8959045410 
698.7374267578 332.8965454102 707.2845458984 393.8197937012 
580.6367187500 360.0885620117 583.1497802734 342.0208435059 
734.3007202148 294.0147094727 734.5386962891 272.9834594727 
549.9923095703 338.0014648438 543.2108154297 301.9603271484 
726.3052368164 130.0754547119 728.3286132812 95.0768127441 
707.9190063477 364.2105712891 701.6211547852 331.8789978027 
681.7634887695 117.9061965942 676.8698120117 95.0278549194 
145.8039245605 200.2605285645 138.8591156006 168.3772277832 
node_id_list 308 309 310 826 827 828 829 830 831 13052 
score_list 3.9783690913 0.8799894930 3.8722952815 5.2059581963 3.2209494964 1.8541817029 2.6693286927 3.7475956131 2.6127608685 2.8539812713 
line3d_list
1.5696646271 -0.1338064461 1.2866134033 1.6084001631 -0.1356040886 1.1259453085 
1.6118057291 -0.1432138028 1.1432850341 1.5963592188 -0.1367197571 1.1868963263 
1.5689659813 -0.1333401873 1.2854290157 1.6077804527 -0.1371400805 1.1432395247 
1.5954969384 -0.1232008509 1.2143791562 1.5816021512 -0.1384643127 1.2910162802 
1.5952774216 -0.1243071240 1.2146728579 1.5800442509 -0.1341179846 1.2892534002 
1.5943002963 -0.1233311435 1.2111368100 1.5802929243 -0.1401503263 1.2907255914 
1.5905007754 -0.1398058889 1.2732825434 1.5774886094 -0.1576928920 1.3549205408 
1.5941854078 -0.1234690946 1.2117895977 1.5803093416 -0.1401306135 1.2906323100 
1.5986001393 -0.1263542884 1.2145758019 1.5826863930 -0.1415476908 1.2916680649 
1.5932694960 -0.1223438748 1.2129121927 1.5859842172 -0.1400175066 1.2933496969 
END
