3.7923961135 -0.9016045825 0.2077436314 3.7918338285 -0.5987133133 0.2082983198 
11 11
image_id_list 22 24 25 26 27 28 29 35 69 70 71 
line_id_list 7 112 169 72 152 24 219 129 160 96 47 
line2d_list
252.7300872803 302.2835693359 326.4399414062 274.5134582520 
487.2222900391 475.4162902832 612.1472167969 492.9513244629 
363.1967468262 526.5342407227 443.2312927246 537.2769165039 
354.9292907715 372.1453857422 401.9753112793 370.3519592285 
568.9902343750 384.6120910645 624.9799804688 383.2038574219 
436.8981933594 312.7430114746 484.9072570801 308.8547058105 
465.1260375977 344.9781799316 525.0772705078 352.3737487793 
661.0488281250 282.6264038086 764.1173095703 296.1026306152 
409.1125488281 414.6019897461 461.1896667480 429.3293151855 
243.9717407227 294.7149963379 309.9837951660 293.2634582520 
102.9352035522 109.8387069702 155.9375762939 106.8813400269 
node_id_list 9809 9810 9811 9812 9813 9814 9815 9816 9817 9818 9819 
score_list 8.9689005574 8.9786306639 8.9591585937 3.9700833300 5.3980975714 7.1114830919 5.7761233646 8.9829016319 8.5854125370 7.8225537599 4.4071161081 
line3d_list
3.7915807396 -0.5987143899 0.2086296319 3.7926160599 -0.8998539666 0.2075986479 
3.7919298450 -0.5991206432 0.2081335355 3.7927428716 -0.9027857494 0.2072290886 
3.7914211717 -0.5981007068 0.2088383254 3.7926446697 -0.9012194137 0.2075625951 
3.7931180563 -0.6021836261 0.2066941906 3.7920687998 -0.8942574339 0.2080438175 
3.7910699687 -0.5975695044 0.2092985427 3.7933496098 -0.8965677157 0.2066326228 
3.7918735800 -0.6033288384 0.2081175019 3.7935148443 -0.8939459877 0.2079105305 
3.7919818164 -0.6015287527 0.2081064601 3.7929725519 -0.9009106221 0.2071320624 
3.7919743171 -0.5992626226 0.2081138356 3.7929796619 -0.9030591259 0.2071250697 
3.7930018430 -0.6038665726 0.2076966329 3.7906541801 -0.9016100992 0.2089902492 
3.7895105340 -0.5991877604 0.2089947590 3.7916881602 -0.8985558098 0.2085995902 
3.7908142908 -0.6007538607 0.2092159101 3.7945918750 -0.8962407480 0.2060859981 
END
