3.2204779343 -1.5229391443 0.9081349505 3.4308040444 -1.5178971827 0.9129868688 
4 4
image_id_list 13 14 44 83 
line_id_list 98 86 131 64 
line2d_list
128.6630706787 464.4067993164 0.8857777715 472.1038208008 
125.5758590698 402.0390625000 0.3090488911 447.0782775879 
64.8745727539 189.1652221680 47.3475761414 175.8594055176 
144.0037689209 487.0947570801 0.9516354799 492.7838745117 
node_id_list 7889 7890 7891 7892 
score_list 1.9011953373 0.9972084701 2.5129190198 0.9865842770 
line3d_list
3.2139669873 -1.5224261521 0.9083324629 3.4016899086 -1.5192761501 0.9119284441 
3.2021454624 -1.5229973739 0.9078775522 3.4323334858 -1.5177649588 0.9131263319 
3.2763084750 -1.5245411311 0.9079698229 3.4307974117 -1.5176688214 0.9130370854 
3.2204556031 -1.5223172727 0.9084567574 3.5364918593 -1.5170141652 0.9145106822 
END
