2.0247078148 -3.0076097608 1.6747299187 2.0221738533 -3.0040911988 1.9789103033 
18 15
image_id_list 9 16 19 19 38 38 57 60 82 83 97 13 51 54 56 78 53 53 
line_id_list 170 76 68 100 97 109 123 76 76 145 61 42 129 100 139 37 90 127 
line2d_list
91.9876480103 172.9468536377 94.6282424927 222.0200042725 
57.1454238892 7.2496614456 81.9910888672 92.2947540283 
47.5730705261 36.9511871338 53.8882446289 111.0946960449 
56.8423728943 112.0163040161 51.6716537476 62.0339660645 
7.9114336967 21.9434871674 15.2382631302 140.1092376709 
18.2748527527 139.9806671143 11.1637649536 38.9181137085 
176.1049804688 11.9248638153 170.5610504150 77.9631500244 
293.1137084961 104.9969329834 293.0272521973 130.0000915527 
116.3427429199 4.7384386063 130.4768066406 77.2967147827 
462.1487731934 109.0128097534 456.5556030273 173.9617309570 
281.7086791992 131.9996643066 281.7413024902 200.0006103516 
490.4286804199 3.9148607254 482.9873352051 53.8490905762 
10.8638553619 21.0245857239 17.5237293243 57.9054260254 
484.1361389160 20.9887046814 490.3574218750 95.9703445435 
80.7263565063 13.0362739563 89.3318939209 77.9560089111 
441.1563415527 25.9430522919 435.4893798828 109.8980331421 
41.9090766907 4.0018019676 42.3651580811 27.0125827789 
42.7280654907 31.9914875031 43.2074584961 72.9975738525 
node_id_list 5875 5876 5877 5878 5879 5880 5881 5882 5883 5884 5885 7588 7589 7590 7591 7592 11969 11970 
score_list 4.1874923993 3.3148759081 2.6811441086 0.9452153505 3.5304712797 1.7720538883 3.8256202293 7.7489413559 3.1499373288 9.9076879381 7.3609398288 8.0845989125 6.7657776137 7.7159280048 6.5359285677 7.1559469741 3.9331350333 4.8521160870 
line3d_list
2.0276967648 -2.9911118892 1.9188302433 2.0292400015 -2.9969149635 1.6840174473 
2.0361612953 -2.9744696050 1.9801310462 2.0333654631 -2.9901661964 1.6759717647 
2.0294236206 -2.9910969266 1.9665994256 2.0282767642 -3.0023554667 1.6782640235 
2.0211387215 -2.9926225981 1.6749141397 2.0169374657 -3.0031145135 1.8719206809 
2.0236070839 -3.0010780680 1.9848812648 2.0245632502 -3.0078867598 1.6729270827 
2.0213148008 -2.9956861324 1.6743017515 2.0214809986 -2.9935453177 1.9419686307 
2.0274844714 -2.9903135969 1.9511319581 2.0292873414 -2.9970929767 1.6768144057 
2.0198643952 -3.0077467856 1.9705359890 2.0247924302 -3.0021715781 1.8551979552 
2.0326207494 -2.9833719307 1.9674234790 2.0240596243 -3.0126156046 1.6747824233 
2.0188822709 -3.0066911189 1.9681279881 2.0240061965 -3.0100155156 1.6751110680 
2.0198253118 -3.0077910017 1.9714507167 2.0319730092 -2.9940480119 1.6871403275 
2.0221996987 -3.0073697311 1.8534861626 2.0218555817 -3.0148968702 1.6776846754 
2.0240685888 -3.0038183898 1.8230362608 2.0249504311 -3.0042934440 1.7150522885 
2.0214080317 -3.0023577487 1.9788838722 2.0236946026 -3.0076937650 1.7148125505 
2.0223182954 -3.0064789517 1.8236462668 2.0223454631 -3.0089236284 1.6761956666 
2.0227199866 -2.9988240203 1.9687886186 2.0219201531 -3.0140738174 1.6793846024 
2.0238301450 -3.0026664467 1.9121064374 2.0240550420 -3.0042678987 1.8387326273 
2.0233567684 -3.0049072892 1.8228759859 2.0242636935 -3.0057765990 1.6892389671 
END
