3.4899320922 -1.5573272657 1.1707406618 3.4899835201 -1.5581899631 1.1420289120 
3 3
image_id_list 30 44 83 
line_id_list 212 181 109 
line2d_list
200.2007751465 203.9318695068 200.7303619385 221.0393066406 
42.1966590881 92.1513366699 44.6644973755 105.2515869141 
21.4409561157 376.1054077148 22.7149848938 394.9516601562 
node_id_list 11642 11643 12505 
score_list 0.9818659707 2.4160206996 0.0000000000 
line3d_list
3.4897073122 -1.5560000274 1.1948667775 3.4895857264 -1.5568712987 1.1419885778 
3.4899320922 -1.5573272657 1.1707406618 3.4900068172 -1.5585807685 1.1290223726 
3.4890853472 -1.5541278853 1.1869364997 3.4889331990 -1.5547398067 1.1406114475 
END
