-0.0533631425 -2.0449553343 1.0104953517 -0.0630884440 -2.0282020807 1.1908160250 
40 40
image_id_list 2 6 15 21 33 38 41 43 49 77 81 95 96 3 8 12 32 37 45 50 76 79 84 86 90 98 18 9 10 19 31 99 14 20 57 97 16 34 82 88 
line_id_list 2 7 13 16 11 24 14 2 0 6 6 3 12 2 33 29 5 7 13 6 4 9 14 7 47 20 51 27 45 17 12 32 14 16 17 11 12 16 14 10 
line2d_list
769.2321777344 18.1784286499 750.1539306641 82.4520416260 
303.6636352539 29.8967876434 302.1938781738 105.8877029419 
286.2321472168 61.0428657532 288.0780029297 94.1072998047 
774.6016235352 152.4221038818 757.7952880859 193.0888519287 
521.2403564453 278.9129028320 519.6058959961 311.9309997559 
619.6034545898 278.8936462402 609.8095092773 315.4125366211 
328.9178161621 253.0958251953 332.1120300293 289.1671752930 
451.5357971191 273.0086364746 451.7953491211 317.0130004883 
531.7593994141 141.5166320801 510.6499633789 195.6947174072 
750.7454833984 208.8262786865 743.4506225586 261.5085144043 
536.7516479492 163.9932250977 536.5618286133 198.9867706299 
517.2725219727 256.6643676758 508.3695373535 302.4889526367 
515.5845947266 267.6611938477 510.2606811523 305.6157531738 
508.4585876465 159.5736694336 501.9036865234 198.6483459473 
288.9609069824 254.3752441406 280.2601318359 282.7733154297 
23.1752586365 21.8208198547 32.1634063721 74.6527099609 
390.0965881348 257.8099975586 388.3159790039 285.0206909180 
342.8067932129 232.8424224854 341.2782897949 263.8163452148 
346.3886718750 227.3300628662 335.5995788574 269.3841552734 
297.7760620117 106.5758895874 292.5471801758 158.6533203125 
359.3750915527 190.6042327881 355.7792968750 223.5391845703 
322.2367553711 159.6120452881 318.1039733887 199.7014465332 
464.3661499023 156.7796630859 461.4446105957 191.7025756836 
386.4137573242 233.8210296631 384.0626525879 267.7967529297 
99.1973266602 221.0065002441 99.5939712524 270.0194702148 
509.1281433105 258.8236694336 502.2864379883 292.6534423828 
65.7675628662 117.3018875122 69.6907806396 159.3090667725 
482.4573364258 291.8415527344 479.9864807129 315.8959045410 
374.4645690918 232.4198455811 367.9783935547 260.7662353516 
504.8508911133 209.5999908447 499.5794372559 237.9217224121 
464.3992309570 290.8627319336 462.8118286133 320.9372863770 
329.4053039551 294.4869689941 323.8141174316 322.7655334473 
700.9919433594 94.7515411377 696.8032836914 128.6044616699 
490.0935058594 241.6957092285 484.9639587402 273.8346557617 
593.8963012695 237.2882690430 584.2664794922 265.7518310547 
711.1480102539 299.3373718262 704.3454589844 328.6155700684 
585.7529907227 112.8516311646 583.5089721680 146.8355102539 
769.7379760742 50.6878395081 760.4772338867 88.1286621094 
571.2987060547 124.7179412842 568.1676635742 154.7042541504 
674.6901855469 294.8514404297 655.7292480469 334.3905944824 
node_id_list 2100 2101 2102 2103 2104 2105 2106 2107 2108 2109 2110 2111 2112 2740 2741 2742 2743 2744 2745 2746 2747 2748 2749 2750 2751 2752 3926 4562 4563 4564 4565 4566 5314 5315 5316 5317 8155 8156 8157 11913 
score_list 11.4486320007 9.3161523665 13.2235672793 8.4893916280 15.3261668827 11.1623375685 13.5377863196 14.1039623721 13.2460993269 8.9577006675 15.9871571276 9.6376477420 12.5866751685 16.5742783718 11.5477832489 6.1584393008 12.4463863811 11.2725000681 8.1072572040 10.1921008052 10.8877015886 12.1264197832 13.4635866680 12.6090942005 7.2766347973 11.9850989770 8.8197059742 10.5729259859 9.8275242606 10.6146003778 13.8326046288 11.6719328391 6.1817128876 12.5615280899 5.5915698374 9.8620071815 9.5681065195 9.0205783286 8.3316000954 9.4388582309 
line3d_list
-0.0631058616 -2.0304671827 1.1780187899 -0.0511529392 -2.0455562762 1.0122760109 
-0.0596842347 -2.0266640751 1.1911412014 -0.0456003317 -2.0436856827 1.0135990726 
-0.0559986066 -2.0256588960 1.1820735801 -0.0636148260 -2.0498713688 1.0065932141 
-0.0639208617 -2.0294132650 1.1894804467 -0.0479971324 -2.0414363736 1.0204154882 
-0.0660438377 -2.0311829112 1.1827100890 -0.0441667965 -2.0406436175 1.0158725849 
-0.0654633498 -2.0306900394 1.1827018604 -0.0438983307 -2.0404331386 1.0157650344 
-0.0595141699 -2.0264684864 1.1867168281 -0.0567322078 -2.0467159133 1.0104772187 
-0.0676378042 -2.0316626332 1.1795782599 -0.0428526741 -2.0400571851 1.0137012673 
-0.0629205370 -2.0275720944 1.1885791027 -0.0548720607 -2.0456057817 1.0136527261 
-0.0655156602 -2.0314972326 1.1781718307 -0.0425148745 -2.0395330270 1.0141147491 
-0.0651612876 -2.0304365518 1.1826798612 -0.0440740890 -2.0408865185 1.0139609291 
-0.0567630519 -2.0279568409 1.1840701730 -0.0524749580 -2.0430321573 1.0128877302 
-0.0656304125 -2.0303206130 1.1867830270 -0.0593279723 -2.0468143197 1.0085684467 
-0.0616016282 -2.0287100005 1.1835952667 -0.0558348009 -2.0454048892 1.0115280642 
-0.0641665765 -2.0295134239 1.1811814436 -0.0505726400 -2.0434235746 1.0196752329 
-0.0617701610 -2.0271301528 1.1885221948 -0.0511773219 -2.0444278175 1.0114752390 
-0.0605619485 -2.0276252039 1.1805379692 -0.0596982479 -2.0464990735 1.0218289789 
-0.0651067691 -2.0322491895 1.1816865448 -0.0506181228 -2.0471656506 1.0138132484 
-0.0681126799 -2.0287356209 1.1881007980 -0.0469219390 -2.0434824216 1.0174117769 
-0.0738879287 -2.0318511287 1.1888337115 -0.0423958725 -2.0385850023 1.0220640511 
-0.0552438479 -2.0252404271 1.1830979358 -0.0476543240 -2.0420930263 1.0194083583 
-0.0553526757 -2.0244082391 1.1892600109 -0.0524718988 -2.0440828140 1.0141331313 
-0.0622958775 -2.0280410357 1.1824170777 -0.0429086325 -2.0393288952 1.0173186770 
-0.0548080530 -2.0242868106 1.1886793862 -0.0457403811 -2.0418418707 1.0132241685 
-0.0684177928 -2.0315267436 1.1736272199 -0.0464162567 -2.0422790970 1.0138805205 
-0.0638449163 -2.0297599052 1.1844505592 -0.0426665998 -2.0394623570 1.0187007205 
-0.0574216273 -2.0243946801 1.1885591304 -0.0373076803 -2.0362004399 1.0218859756 
-0.0547739022 -2.0252660433 1.1808989164 -0.0405685040 -2.0377235312 1.0233326135 
-0.0604963114 -2.0285512069 1.1828373538 -0.0590760782 -2.0456780738 1.0155970710 
-0.0493782811 -2.0208474629 1.1860077684 -0.0416011111 -2.0386679671 1.0187973740 
-0.0473495220 -2.0218513541 1.1856509439 -0.0455566857 -2.0416305745 1.0164676085 
-0.0589441376 -2.0273703696 1.1909622687 -0.0430130327 -2.0414249140 1.0232469922 
-0.0603006162 -2.0284587775 1.1868627915 -0.0523153953 -2.0427735663 1.0156148672 
-0.0364185063 -2.0135324802 1.1942975030 -0.0384310170 -2.0369153648 1.0205404746 
-0.0592670406 -2.0257094812 1.1862940024 -0.0511146337 -2.0446636011 1.0177715211 
-0.0509688419 -2.0225749231 1.1856940209 -0.0636352233 -2.0508524995 1.0190972601 
-0.0622874605 -2.0291965974 1.1843818354 -0.0539140198 -2.0443641614 1.0112821427 
-0.0550343735 -2.0244034135 1.1887330544 -0.0652811905 -2.0524322354 1.0137823200 
-0.0516769508 -2.0224389872 1.1846425166 -0.0551596026 -2.0451918887 1.0126644427 
-0.0743592342 -2.0334509806 1.1890235123 -0.0405221438 -2.0332714447 1.0719517335 
END
