3.2503619848 -1.4300953796 0.8473545633 3.6822771983 -1.4351810249 0.8390039708 
6 6
image_id_list 22 28 30 44 70 52 
line_id_list 40 225 11 103 198 52 
line2d_list
478.2208862305 80.3263549805 506.1671142578 89.4904174805 
561.5701293945 192.2724761963 553.6546020508 208.8349151611 
135.3824157715 308.9909362793 217.3572387695 340.0573730469 
3.5248067379 181.5014190674 53.4707298279 228.8344879150 
426.9967651367 155.9855804443 427.3735961914 182.0235443115 
183.6910247803 346.8652343750 238.0223388672 355.8651428223 
node_id_list 9896 9897 9898 9899 9900 12450 
score_list 3.6520291770 1.7602025991 2.6539844333 2.1393076310 1.7289494263 1.9081997503 
line3d_list
3.6785183549 -1.4424519781 0.8398064957 3.5532498493 -1.4392788841 0.8422294080 
3.6747120037 -1.4428434103 0.8536431107 3.4312566879 -1.4401963921 0.8525520421 
3.6765815895 -1.4359489314 0.8385729606 3.2502295090 -1.4359482179 0.8440670259 
3.6872101884 -1.4353401332 0.8387767526 3.0933792964 -1.4281462482 0.8504548489 
3.7321415770 -1.4359991420 0.8474330938 3.4292637723 -1.4359955863 0.8507534809 
3.6820369508 -1.4425696528 0.8310775128 3.0912712480 -1.4275523874 0.8585738073 
END
