1.1870642608 -1.3851797986 -0.0012197172 2.7951315911 -2.9954829218 0.0002326059 
46 16
image_id_list 12 17 13 30 30 44 44 48 48 54 54 52 52 55 55 71 71 73 73 89 89 94 30 71 94 30 63 63 94 94 72 72 73 73 94 71 71 71 72 91 71 71 73 73 94 91 
line_id_list 98 118 172 113 159 2 9 31 69 74 89 47 253 118 121 57 201 16 51 62 78 36 135 70 96 183 25 49 1 113 9 31 12 41 51 20 84 31 26 28 68 2 5 27 41 27 
line2d_list
318.1839294434 466.8666076660 222.1287994385 598.0942993164 
123.3017654419 599.3444824219 149.9784088135 575.9753417969 
463.1577758789 541.6086425781 412.8662109375 521.3317871094 
653.6383056641 599.2420654297 624.0221557617 554.9851684570 
626.0830688477 554.9440307617 655.8288574219 599.1152343750 
468.7312927246 589.0173950195 465.7052001953 367.9903564453 
468.1791076660 377.9973449707 471.1012268066 575.9985351562 
366.7772521973 599.4874877930 314.7875671387 469.0846862793 
317.2674865723 469.8921813965 369.4045715332 599.2399902344 
463.7337341309 599.2792968750 387.9605712891 527.0413208008 
388.9370727539 525.0664672852 467.0037231445 598.9960937500 
542.4703979492 599.1592407227 510.3118896484 492.2069091797 
512.6267700195 492.8100280762 544.8302001953 599.0514526367 
491.5838317871 504.6202392578 552.9815673828 599.0120239258 
550.5053100586 599.3194580078 490.1729125977 505.8883361816 
425.5979003906 322.8117675781 475.2032775879 286.2760009766 
477.9448242188 285.9264526367 453.9503173828 303.9338073730 
305.6726989746 424.3693542480 255.1882019043 242.9476318359 
257.4155273438 242.8834381104 307.6138305664 421.8278198242 
287.9162597656 599.3118896484 258.7037963867 497.7974853516 
260.6519470215 497.8080444336 290.4930114746 599.1492919922 
480.6644287109 225.1804046631 460.3257751465 300.0884704590 
621.5292968750 551.3149414062 590.3734130859 504.7501525879 
481.2658081055 281.3571166992 563.4125976562 220.2108917236 
498.8789062500 157.9672698975 481.5324401855 222.1439208984 
575.7709350586 480.1531677246 623.5653076172 551.6219482422 
265.4256591797 415.2753295898 124.0839767456 120.4391326904 
125.9634094238 119.0175628662 268.0012817383 414.9993896484 
376.3443603516 599.3654174805 510.2301940918 106.7907562256 
512.6347656250 107.1739501953 499.4912719727 155.1346282959 
221.1789093018 409.9281311035 256.9793701172 0.9106656909 
259.4911499023 0.9554058313 232.4910278320 309.0430297852 
331.3675231934 516.4565429688 306.3979797363 427.1683654785 
308.3688659668 424.8969421387 333.5045166016 514.8590087891 
458.8864440918 304.9692077637 434.6855163574 394.1859436035 
362.3800659180 369.5109252930 420.4746398926 326.2937927246 
422.0169677734 328.0228881836 363.3770446777 371.5084533691 
359.5912780762 374.4507751465 307.2815246582 413.3783264160 
232.1504974365 313.0999145508 223.6499786377 410.9696044922 
307.4576110840 599.6468505859 64.8296127319 396.2032165527 
288.1802673340 426.2354736328 357.4129028320 373.2331237793 
203.1152191162 488.1561279297 252.6853179932 451.5735778809 
354.5329895020 599.1314697266 332.3124694824 520.1935424805 
334.5921020508 518.8333740234 357.2112731934 599.2219238281 
433.8626708984 396.9630126953 404.2044067383 507.0550537109 
62.5641784668 391.3258361816 311.4731140137 599.6295776367 
node_id_list 7150 7151 8058 8059 8060 8061 8062 8063 8064 8065 8066 11549 11550 11551 11552 11553 11554 11555 11556 11557 11558 11559 11568 11569 11570 11629 11630 11631 11632 11633 12353 12354 12355 12356 12360 12872 12873 13183 13184 13185 13192 13367 13368 13369 13370 13389 
score_list 2.1126275244 1.5838957840 1.8010111803 7.6957139680 7.7204603387 9.4675939325 9.5601814254 8.4226710489 8.4741528379 8.4713777240 8.4792188113 5.2794147884 5.4798896407 6.7067518998 6.6368992197 7.7505439164 6.9736525092 8.6220279306 8.7901103697 6.4527335219 6.6637141256 8.9131050297 7.3349531426 8.6952380637 7.6410894154 8.5780204450 6.9477436504 6.7465244268 8.1399407626 5.3906380896 5.6290224288 4.8819400118 2.9850799589 4.3780738507 3.8599513355 2.9258366813 2.9730616200 1.9732618815 1.9915181589 1.9386089380 1.9489688797 0.8921883161 1.8176761268 1.8572471849 0.8850526504 1.9068453594 
line3d_list
1.1944320385 -1.3802041780 0.0036383778 1.5587418881 -1.7495783340 -0.0018236197 
1.3928564236 -1.5938443351 -0.0009372459 1.3027382744 -1.5053332526 -0.0030156591 
2.1383534259 -2.3407401603 -0.0066579311 2.2829909217 -2.4863128908 -0.0083155759 
2.1888482276 -2.3769255758 0.0015989457 2.3554786166 -2.5434388390 0.0012526861 
2.3504362627 -2.5507602955 0.0001254225 2.1837434538 -2.3834466800 0.0010798689 
1.8954495241 -2.0840688700 -0.0004423255 2.7687613098 -2.9548899131 0.0031577263 
2.7077598955 -2.9093652990 -0.0016236874 1.9254696516 -2.1249109093 -0.0016476212 
2.1754722939 -2.3633460947 -0.0008592813 2.7762114366 -2.9637900506 -0.0006240900 
2.7639964684 -2.9645679365 -0.0014930640 2.1686289880 -2.3682405660 -0.0007519504 
2.1759368265 -2.3619261231 0.0005195291 2.5859487970 -2.7704527867 0.0025120511 
2.5881843534 -2.7905863713 -0.0010641375 2.1647951062 -2.3654336040 0.0000325921 
1.8725958095 -2.0596839875 -0.0009546076 2.7032613049 -2.8873403190 0.0030821510 
2.6918380424 -2.8934461309 0.0013771300 1.8649176952 -2.0642363705 0.0009658198 
2.7189261643 -2.9206092491 0.0013906037 2.0827706423 -2.2826924656 0.0010741799 
2.0939482920 -2.2826352779 -0.0035208877 2.7198375039 -2.9065423687 0.0002707665 
2.1257765127 -2.3226203776 0.0081636860 2.3307702904 -2.5286360729 0.0072611068 
2.3405737065 -2.5405878041 0.0003575931 2.2371064477 -2.4372728929 -0.0000582977 
2.1300138579 -2.3179099957 -0.0008770784 2.8090421610 -2.9966046428 -0.0006112367 
2.7993470773 -2.9992848445 0.0001785518 2.1292642162 -2.3282925044 -0.0007264471 
2.2430823901 -2.4297781143 -0.0002194307 2.7696587499 -2.9576136893 -0.0012127015 
2.7581026144 -2.9573851000 0.0023704639 2.2371190498 -2.4383828700 -0.0032010768 
2.3550471384 -2.5552179557 0.0008121719 2.1304804430 -2.3302269464 0.0006594586 
2.3709579767 -2.5588925752 0.0010484031 2.5894710252 -2.7772524065 0.0005987362 
2.3598155258 -2.5556620673 0.0075831801 2.7644005052 -2.9604037307 0.0081226827 
2.5894379292 -2.7898962639 0.0010988442 2.3648962612 -2.5652748188 0.0007295964 
2.7209774548 -2.9208088538 0.0000727075 2.3652839630 -2.5646325922 -0.0004076841 
1.1951019424 -1.3855581142 -0.0073952087 2.7283987213 -2.9132985379 0.0029150665 
2.7327846233 -2.9337088090 0.0008733811 1.1839426082 -1.3816402497 0.0013010763 
1.4927518888 -1.6822234954 -0.0002807725 2.8018644629 -2.9887614212 -0.0020106595 
2.7936150530 -2.9940409777 -0.0002937424 2.6012958346 -2.8008374972 0.0000303093 
1.1920248342 -1.3802277575 -0.0030434974 2.5435505611 -2.7318901251 0.0068336954 
2.5540943598 -2.7535294074 -0.0078489401 1.4222193055 -1.6208985381 -0.0014972006 
1.8946046971 -2.0829363479 -0.0002709069 2.1213486856 -2.3091518020 0.0005925654 
2.1236669051 -2.3218473898 -0.0056582781 1.8939688442 -2.0915163322 -0.0058285728 
2.1165476118 -2.3159463003 0.0017908490 1.8915585461 -2.0905204687 0.0006682521 
1.8930767141 -2.0904388337 0.0100529488 2.1049821405 -2.3026764978 0.0105334465 
2.1079846799 -2.3081036182 -0.0014039309 1.8934303383 -2.0929591506 -0.0006380304 
1.8803079852 -2.0799073672 -0.0011176592 1.7106529253 -1.9098825564 -0.0009902284 
1.4119029354 -1.6105849969 -0.0016355660 1.1840515861 -1.3824969711 -0.0017277869 
1.2233251615 -1.4134605843 -0.0002864889 1.8710584054 -2.0604966201 -0.0012142284 
1.6545189481 -1.8526272767 0.0039826860 1.8760860833 -2.0734428074 0.0099095675 
1.4226120579 -1.6193495267 0.0084285538 1.5539135616 -1.7510700202 0.0076743104 
1.7221017794 -1.9111486687 0.0009525592 1.8849613692 -2.0732158371 0.0029045410 
1.8837852043 -2.0814392630 -0.0031341504 1.7163331083 -1.9142639497 -0.0009235556 
1.8864972084 -2.0847453777 -0.0023572529 1.6538609211 -1.8527544729 -0.0011396901 
1.8792961288 -2.0771841963 -0.0002437512 1.2137094756 -1.4120448315 0.0003856157 
END
