2.1116634347 0.0895091956 0.5605922933 2.7333546493 0.0864978187 0.5622800083 
5 5
image_id_list 66 67 68 69 75 
line_id_list 152 79 36 139 29 
line2d_list
799.5944824219 339.9068603516 734.6731567383 304.6009521484 
545.0435791016 411.5208740234 346.9798889160 405.6827392578 
586.4064331055 176.8598480225 452.1518859863 240.3212890625 
200.3435974121 365.8425598145 170.0757904053 378.1858825684 
444.0063171387 207.6911468506 184.0006408691 210.0692596436 
node_id_list 13287 13288 13307 13308 13309 
score_list 1.9849888954 7.9831479557 3.9536613302 3.9507485990 2.9865441511 
line3d_list
2.2499291393 0.0883777560 0.5611686783 2.1044153686 0.0890057894 0.5608218027 
2.7380496721 0.0862710416 0.5623322598 2.1116601749 0.0889745210 0.5608390728 
2.7333586752 0.0871243777 0.5619149832 2.2160749171 0.0895623339 0.5605321711 
2.7283668091 0.0893714407 0.5607939817 2.5137382381 0.0882034755 0.5613198382 
2.7396393167 0.0856572147 0.5630415009 2.1075821532 0.0895888893 0.5606163656 
END
