2.0006216182 -2.9043667024 0.1181893695 2.0218625447 -2.9536364941 0.8425028309 
33 31
image_id_list 9 13 14 16 19 20 31 34 57 60 83 97 21 30 33 48 48 51 54 55 73 78 80 82 89 23 38 53 91 94 56 71 30 
line_id_list 144 82 144 165 95 141 162 144 122 89 70 97 87 37 134 22 129 76 60 58 82 84 30 175 70 84 102 52 94 25 155 52 218 
line2d_list
132.4070587158 531.2100830078 117.2261810303 416.1020507812 
447.0725708008 429.0942993164 458.6100463867 297.8777770996 
308.8155212402 375.2657775879 282.3141174316 257.1539001465 
199.9339752197 432.3780517578 158.4951629639 315.5336914062 
104.2876892090 454.9524536133 80.1909408569 309.1336975098 
35.4134979248 559.1270141602 0.9607657194 400.0084838867 
33.6084899902 587.0700683594 5.1616501808 428.1500549316 
322.7327880859 299.2382507324 297.7615966797 166.4208374023 
162.5624542236 414.0044555664 163.7382507324 265.9582214355 
312.0775451660 488.0658569336 301.8670654297 345.0809020996 
446.4720458984 492.0072021484 448.6277160645 350.9484558105 
301.5548706055 547.0285644531 293.4125976562 420.0376586914 
229.3305358887 336.0389099121 220.6618041992 186.9034118652 
759.3702392578 524.6752929688 796.8477783203 336.5711975098 
72.9052810669 579.4027099609 46.9485054016 444.3944091797 
481.1998291016 495.0105285645 490.5769042969 317.0303955078 
482.9674377441 436.0678710938 480.1647949219 476.0115661621 
99.0160140991 516.9969482422 63.9030838013 334.0185852051 
526.7662353516 490.0249023438 509.5273132324 328.1568298340 
622.3996582031 508.0356750488 613.7276611328 362.0755920410 
418.0809936523 276.9899597168 399.7395019531 129.0322875977 
433.5410461426 506.0057678223 431.3946228027 335.0452575684 
138.3329162598 474.0614624023 130.9206085205 273.0397949219 
213.0509796143 393.2641296387 175.9637145996 260.0101013184 
399.9112854004 524.9946899414 408.9927368164 374.1199340820 
369.7205505371 245.0138244629 363.0004577637 109.1483612061 
68.8952026367 599.2999877930 43.8124237061 423.3117980957 
49.8981018066 515.0032958984 43.7369155884 325.9759826660 
49.3574295044 169.2574005127 0.8145630360 48.0742797852 
642.4411010742 223.7566680908 710.6919555664 66.9951248169 
167.3835144043 599.5380249023 143.5547790527 439.3637695312 
587.1081542969 332.1377563477 623.2860107422 168.8418121338 
783.3384399414 396.0773315430 773.1192016602 440.7987365723 
node_id_list 5775 5776 5777 5778 5779 5780 5781 5782 5783 5784 5785 5786 7840 7841 7842 7843 7844 7845 7846 7847 7848 7849 7850 7851 7852 8456 8457 8458 9649 9650 10369 11500 11644 
score_list 8.1381060945 11.8654000407 13.0073672181 6.1477975940 4.6479309588 4.1608609811 7.6944294701 14.6690995412 7.4963560509 15.3854973741 15.5857399899 12.8749168771 16.2450549252 12.1133842599 9.2173707458 13.6352671788 10.3150325176 11.9338101119 15.9762475793 13.9299750258 14.5391199481 9.2604397556 13.3232962582 7.7482631723 13.9326207240 10.3979065655 4.6922176335 11.7574273521 4.7210517074 8.5844569879 7.8488970334 4.5408780159 4.3857587425 
line3d_list
1.9996020996 -2.9093222342 0.1233060241 2.0255867567 -2.9283687830 0.7258535913 
2.0014441777 -2.9060235139 0.1303076396 2.0169601542 -2.9405979616 0.7227200111 
1.9999418869 -2.9098863701 0.1229471891 2.0194645983 -2.9379159345 0.7237769027 
2.0038755718 -2.9026559222 0.1282005199 2.0173760562 -2.9408173040 0.7270158562 
2.0003545176 -2.9049431805 0.1265989541 2.0262138643 -2.9472466415 0.8342611384 
1.9996963650 -2.9093913300 0.1254919058 2.0288686042 -2.9307743513 0.8019550083 
1.9999218149 -2.9055663146 0.1228938213 2.0261196349 -2.9440797281 0.8132660017 
2.0014618968 -2.9049808122 0.1260571167 2.0211658172 -2.9524717411 0.8334226803 
2.0018542481 -2.8998738286 0.1263251626 2.0219701835 -2.9530932044 0.8425366304 
2.0018199775 -2.8997831611 0.1251049849 2.0217079505 -2.9523994320 0.8332000366 
2.0007598825 -2.9001355652 0.1259495029 2.0224354143 -2.9525651760 0.8362802331 
2.0001349757 -2.9081403173 0.1253903119 2.0203224021 -2.9359625362 0.7237963396 
2.0001245811 -2.9050191119 0.1181595667 2.0221174048 -2.9510906449 0.8244273063 
2.0004964511 -2.9050347849 0.1191544717 2.0217381617 -2.9524989475 0.8343678168 
2.0048009427 -2.8935454626 0.1270423468 2.0142169276 -2.9536723541 0.7220841001 
2.0009744087 -2.9080876814 0.1352917999 2.0207516835 -2.9501868533 0.8105211413 
2.0102107679 -2.9148586869 0.3701518619 2.0069658531 -2.9009997318 0.2159596599 
2.0015627060 -2.9066670718 0.1301438465 2.0207552977 -2.9502292506 0.8182790816 
2.0007555808 -2.9022217471 0.1259722161 2.0205467418 -2.9528830360 0.8180875585 
2.0015152097 -2.9058604079 0.1326608401 2.0198936633 -2.9553430391 0.8248258226 
2.0024184523 -2.9014453049 0.1467838427 2.0168463772 -2.9463220685 0.6920204341 
2.0006639951 -2.9029518903 0.1289934761 2.0221253714 -2.9557699099 0.8341456309 
2.0014385286 -2.9053784700 0.1253653187 2.0217248178 -2.9519440105 0.8528830337 
2.0030492440 -2.9001275993 0.1288509870 2.0181893124 -2.9629012252 0.8364820033 
2.0010768607 -2.9047157364 0.1310959640 2.0198962241 -2.9529897550 0.7940174149 
2.0034967691 -2.9008958423 0.1273376418 2.0169341681 -2.9623356774 0.8479657680 
2.0022434739 -2.9092325838 0.1908845191 2.0232355274 -2.9554127529 0.8192068251 
2.0010965452 -2.9087366705 0.1144435522 2.0207529215 -2.9464813571 0.8169811069 
2.0017413904 -2.9027826920 0.1351602520 2.0138292464 -2.9373018676 0.5708560430 
2.0022809999 -2.9030112682 0.1509663188 2.0169825014 -2.9462425940 0.6947992248 
2.0098749262 -2.9002309933 0.2476071883 2.0115300062 -2.9625564054 0.7242077173 
2.0045541880 -2.9022977114 0.0337222875 2.0116919161 -2.9377957088 0.6926016155 
2.0188079999 -2.9260527736 0.6193031805 2.0168085020 -2.9061289729 0.4532101049 
END
