0.0010512283 -1.1776184541 0.7282902752 0.0017253095 -1.1776608614 0.8329309257 
50 50
image_id_list 0 3 4 8 12 17 39 45 46 47 58 59 64 79 85 87 90 92 1 6 32 37 40 43 49 50 62 76 81 84 86 93 95 96 98 11 42 18 33 65 9 10 19 20 31 99 15 57 82 16 
line_id_list 25 79 60 56 128 144 130 45 137 124 156 116 51 72 210 124 108 136 84 14 132 79 51 150 10 28 76 34 130 57 119 139 29 51 68 127 107 179 102 134 203 96 117 72 137 138 98 98 128 29 
line2d_list
138.3433685303 288.7923889160 131.7613525391 309.6083374023 
692.7653198242 244.1347045898 689.0597534180 265.1865539551 
266.1502380371 256.3570556641 278.1574707031 284.9338378906 
426.1326904297 354.2502746582 422.4117736816 371.0909729004 
277.8073425293 103.8440933228 279.8062438965 127.0167160034 
190.5858459473 260.8446655273 195.4386901855 279.1488037109 
403.2314453125 363.8870849609 400.7019348145 381.1031188965 
542.1325073242 362.0228576660 537.6359252930 388.1096191406 
169.8010406494 323.7613525391 173.0124206543 347.9983520508 
31.0117378235 217.7206573486 40.3719749451 251.6211853027 
131.3946533203 351.9899597168 131.0130462646 375.0167846680 
73.4678115845 342.8901977539 75.9393157959 375.9297485352 
145.8017272949 364.2746887207 139.7284545898 404.1110534668 
513.6784667969 256.9760742188 512.0349121094 279.0769653320 
366.0018005371 250.8066253662 369.7171020508 270.0545959473 
105.3191680908 408.9641113281 106.0281753540 435.0264282227 
354.6433105469 310.9783935547 354.2603454590 335.0200805664 
112.9515075684 482.2015075684 119.6167297363 516.8814697266 
211.8190765381 311.9213562012 210.2146148682 336.0142822266 
623.0979614258 288.2068176270 615.5474243164 328.2914733887 
540.5067749023 318.0272521973 541.4981079102 335.9724731445 
500.0489807129 302.0003356934 499.9230651855 321.0061035156 
118.5314102173 411.8548889160 125.1858291626 436.2223510742 
699.4144897461 370.9988708496 699.3645629883 397.0026245117 
785.7435302734 346.8851013184 772.0042114258 377.5538940430 
538.5935058594 253.9587249756 535.4374389648 285.0444030762 
465.1782836914 65.9934844971 466.4955444336 102.0184478760 
525.1427612305 277.0073852539 524.1054687500 297.0571899414 
729.4880371094 228.0014648438 729.5512084961 250.0012817383 
642.7791748047 245.9838409424 641.2341308594 267.0903320312 
552.5954589844 312.9973449707 552.4636840820 333.0030517578 
144.0948486328 289.2482299805 150.8913726807 314.0297851562 
759.9501342773 427.9892272949 753.6467285156 457.1398620605 
695.9352416992 390.9934692383 693.6109619141 414.0615539551 
682.8052368164 366.9711914062 679.6797485352 388.1005554199 
110.9610061646 163.0027008057 112.6210174561 186.9569702148 
363.6105957031 277.0781250000 370.0535583496 309.1898803711 
277.5036010742 209.8450469971 279.7889709473 232.0217437744 
676.1377563477 364.9199218750 677.6984863281 387.0916137695 
179.5940551758 0.6207206249 184.6980133057 22.0718536377 
606.4214477539 358.9905395508 606.5280761719 375.0097961426 
501.5498657227 329.9164428711 498.3325195312 347.2473754883 
638.2644042969 297.1321105957 636.3006591797 315.9269409180 
645.4760131836 340.0461730957 643.5359497070 360.0519714355 
609.3612060547 366.9602966309 609.9175415039 386.0315856934 
456.5757141113 376.8705139160 454.9201049805 395.0836486816 
428.1807861328 136.8964385986 429.9445190430 157.0048675537 
724.3359375000 343.0875549316 719.3167724609 362.3432312012 
716.0485839844 199.0027008057 714.9876708984 218.0549926758 
754.2886352539 194.9498596191 752.8007812500 216.0564422607 
node_id_list 242 243 244 245 246 247 248 249 250 251 252 253 254 255 256 257 258 259 1712 3082 3083 3084 3085 3086 3087 3088 3089 3090 3091 3092 3093 3094 3095 3096 3097 3700 3701 3933 3934 3935 4651 4652 4653 4654 4655 4656 5998 6435 6436 8604 
score_list 15.7645858582 18.6367142557 15.7279193869 16.5674574310 13.8533964818 14.9031816502 16.9854452170 14.9776542139 16.7058335831 15.3964542910 9.6831947642 14.5100452997 14.4083246562 15.0945011618 14.7585141962 15.8111874537 17.2597325530 14.6511735203 13.7439497563 13.6703975225 11.7025569102 8.6307384256 16.9198121554 16.1141905412 12.7299731211 17.2680997640 16.6134851081 15.3472955219 14.5589488629 14.3237046472 12.9887459874 14.8358894217 13.1667344468 10.8873073641 13.2384183049 16.4646111880 17.8526974788 15.4107392151 12.6240331082 14.1461351513 8.9843153031 11.6856209467 7.3474112047 13.6775751807 11.3074322148 12.8664492765 11.8364047686 6.1020851949 5.2281424566 4.9791576669 
line3d_list
0.0015440185 -1.1779682455 0.8324211849 0.0001975777 -1.1777141472 0.7331749875 
0.0012827410 -1.1782282545 0.8317299665 0.0006960302 -1.1774763666 0.7319637248 
0.0025362663 -1.1776294703 0.8306050601 0.0012794665 -1.1773573408 0.7316461733 
-0.0025848645 -1.1793500998 0.8283666777 0.0021183993 -1.1783914851 0.7344102861 
0.0023781572 -1.1778167449 0.8287747707 -0.0006583531 -1.1777050107 0.7308064647 
-0.0023303458 -1.1789307131 0.8284908794 0.0003313138 -1.1778236787 0.7273363707 
-0.0022688068 -1.1789051178 0.8261521329 0.0002438342 -1.1778600632 0.7306609729 
0.0033378896 -1.1776283023 0.8317735931 0.0050453530 -1.1772262154 0.7349856389 
-0.0006666083 -1.1785792806 0.8298899751 0.0013701024 -1.1773744267 0.7320798442 
0.0024213201 -1.1776535544 0.8299363462 0.0005544996 -1.1773456094 0.7317579541 
-0.0019606478 -1.1772277376 0.8276297227 0.0051920013 -1.1780542184 0.7318809572 
0.0014770391 -1.1777063065 0.8293544965 0.0007750994 -1.1773404991 0.7336416496 
0.0025755059 -1.1776313538 0.8308740733 0.0006400222 -1.1773411935 0.7334671126 
0.0031261841 -1.1786783122 0.8312366387 0.0025508518 -1.1773288884 0.7323207550 
-0.0006164294 -1.1785495963 0.8274802042 0.0013854012 -1.1773653764 0.7313451440 
0.0032080981 -1.1775306422 0.8288376908 -0.0026363620 -1.1776726200 0.7315726297 
0.0014453581 -1.1781716813 0.8277742510 0.0022783129 -1.1772471162 0.7317905799 
0.0017216591 -1.1771348886 0.8299751627 0.0011494299 -1.1776442131 0.7345250803 
0.0032922137 -1.1784605675 0.8329205078 -0.0012748221 -1.1774478244 0.7295411864 
0.0016656767 -1.1771780477 0.8315718600 0.0018814664 -1.1770665866 0.7354022400 
-0.0206062812 -1.1813364345 0.8265828698 0.0019564882 -1.1772737121 0.7294362445 
0.0004879083 -1.1775296879 0.8305384888 -0.0030116312 -1.1797087308 0.7287138789 
0.0014857059 -1.1775923533 0.8290804091 0.0018222943 -1.1773732605 0.7310439952 
0.0026687249 -1.1779888906 0.8298095650 0.0012767285 -1.1776279356 0.7332067741 
0.0024621967 -1.1776574542 0.8316580916 -0.0012874257 -1.1777043157 0.7346307567 
0.0011686968 -1.1778917267 0.8310213482 -0.0003582634 -1.1775146743 0.7318731274 
0.0006568555 -1.1779747197 0.8293077372 0.0017961589 -1.1771344293 0.7344321276 
-0.0000507178 -1.1784036063 0.8297469261 0.0012978537 -1.1774086690 0.7342237435 
0.0006478891 -1.1781710697 0.8329439302 -0.0005487744 -1.1781425144 0.7312250964 
0.0017718148 -1.1781858850 0.8300964604 0.0024188229 -1.1781828808 0.7339375530 
-0.0026438208 -1.1791680315 0.8298739681 0.0010574939 -1.1776506352 0.7313368385 
0.0017493539 -1.1778951647 0.8301094933 0.0009774570 -1.1774839582 0.7317864431 
0.0021588529 -1.1776987689 0.8305773443 0.0029964650 -1.1770690537 0.7346055701 
0.0021666534 -1.1776929045 0.8296835751 0.0029766420 -1.1770839566 0.7368768434 
0.0013472221 -1.1779427266 0.8293414463 0.0002218028 -1.1779214387 0.7351110235 
-0.0027794330 -1.1788270086 0.8284667763 -0.0045832417 -1.1791720838 0.7283259420 
0.0013204262 -1.1775893327 0.8300429104 0.0018912159 -1.1773810574 0.7334310583 
0.0012227123 -1.1780984006 0.8268027556 0.0017387376 -1.1770738237 0.7297936303 
0.0024193402 -1.1780977057 0.8270079995 -0.0003976175 -1.1785796631 0.7328886646 
0.0038079915 -1.1774077914 0.7880813110 0.0001869331 -1.1776205349 0.7351392786 
0.0051114890 -1.1776502050 0.8285294423 0.0017341142 -1.1773369289 0.7331582319 
0.0009893097 -1.1781751960 0.8290119571 0.0035916761 -1.1781988785 0.7353709206 
0.0082458596 -1.1771725231 0.8315184140 0.0008456887 -1.1778420040 0.7290592878 
-0.0023342152 -1.1790640818 0.8275435350 -0.0009788095 -1.1782712124 0.7304259936 
0.0024168809 -1.1780271736 0.8272208645 0.0063164720 -1.1766949424 0.7352730083 
0.0014707230 -1.1779258937 0.8274353037 0.0051065632 -1.1773664008 0.7304711142 
0.0133731840 -1.1747685609 0.8318370204 -0.0048950255 -1.1795493766 0.7242143232 
0.0048919058 -1.1769804582 0.8316047883 0.0029804907 -1.1780955221 0.7325590730 
0.0072973974 -1.1766937266 0.8342353212 -0.0045331128 -1.1791673370 0.7325264445 
0.0127379237 -1.1737042195 0.8324246425 0.0057012361 -1.1769600571 0.7326473059 
END
