1.2103078039 -0.0150400355 1.1245328196 1.2097971306 -0.0129045420 1.8007089533 
32 15
image_id_list 0 1 17 39 58 74 85 87 93 93 39 67 74 85 87 1 8 17 87 46 85 8 87 18 46 18 18 18 58 27 93 47 
line_id_list 121 192 100 39 5 4 62 6 124 174 13 163 143 16 55 216 19 10 165 82 57 58 91 9 81 20 21 31 46 181 258 140 
line2d_list
559.9551391602 209.9824981689 507.5251464844 344.4248352051 
674.9097290039 111.5195846558 634.8681030273 285.7398681641 
473.2338256836 140.8862152100 475.6450195312 167.0327301025 
748.6932983398 379.4149475098 758.0440063477 341.2558288574 
525.9022216797 262.0715026855 538.1033935547 108.0874252319 
564.9031372070 155.0939788818 569.0848999023 114.9047775269 
754.5709838867 194.0589141846 756.2590332031 149.0472106934 
610.5498046875 304.0348205566 614.0938720703 248.0692749023 
578.4406127930 136.9968414307 577.4672241211 0.9966558814 
575.1928710938 41.9977531433 576.3124389648 138.0196838379 
759.1758422852 336.5353088379 785.1313476562 231.0323181152 
9.8568420410 206.0156250000 4.2747583389 154.8609008789 
571.5516967773 99.0647201538 583.0687255859 0.8907506466 
759.0999755859 89.0511703491 763.1997070312 0.9162564874 
614.6865234375 246.1353149414 619.6004638672 184.8877105713 
649.3508300781 234.0811767578 677.3500366211 113.0810012817 
774.9194335938 353.2897033691 799.5354003906 275.1687011719 
471.8186950684 125.9325942993 464.3229064941 34.8910789490 
619.5866699219 182.0436706543 623.5267944336 129.1136627197 
543.9550781250 131.9909667969 543.3873291016 71.9868698120 
757.0064697266 140.9625244141 758.7044677734 95.9511260986 
761.2002563477 397.3814392090 773.8471679688 357.5870361328 
607.9373168945 359.0879821777 610.1683349609 309.9622192383 
682.4894409180 100.2583007812 686.1709594727 79.0296478271 
543.1064453125 67.0117340088 542.3185424805 7.0089488029 
681.4748535156 108.9094467163 672.8126831055 159.1401367188 
686.5935058594 77.2738723755 699.7396850586 0.7833929062 
670.9490356445 171.9911956787 663.1419677734 217.1972198486 
521.6977539062 313.1310424805 525.1804809570 268.0139465332 
201.1129913330 473.9734802246 179.5588531494 382.1035156250 
576.0213623047 1.0004683733 575.4079589844 29.0089340210 
690.6044311523 75.1233367920 705.7811889648 0.7512813807 
node_id_list 960 961 962 963 964 965 966 967 968 969 1942 1943 1944 1945 1946 1973 1974 1975 1976 4543 4544 4663 4664 8901 8902 9030 9031 9042 9043 11212 12035 12037 
score_list 6.2764545178 5.3912756240 4.8461972127 6.5900758955 6.2840591534 5.7466710766 4.6258359715 7.8484742816 6.8798743366 5.4806652700 6.3652026367 3.7526328782 7.3867819368 3.8937317949 4.4751039343 5.4055223576 2.9408269055 4.8872251799 2.9803506587 6.2881334574 4.4925137959 2.6777557466 3.8775441883 1.5295437562 4.8565009839 1.7929865118 3.4637093293 3.8143455073 4.7563499916 0.8262049789 5.2051933144 3.9579349050 
line3d_list
1.1956829789 -0.0050975706 1.7956421553 1.1976602004 -0.0097053791 1.1247486464 
1.1981793922 -0.0062438840 1.8053809646 1.2004236051 -0.0110583274 1.1201156647 
1.1924348129 -0.0092040108 1.3854901001 1.1923437207 -0.0091666373 1.2891194172 
1.2052778218 -0.0119306521 1.2658857764 1.2037199755 -0.0109526720 1.4078756371 
1.2027824510 -0.0106066452 1.3484539831 1.2020859671 -0.0095720820 1.7687412973 
1.2110695922 -0.0152326533 1.1245340033 1.2091154094 -0.0143579801 1.2338426707 
1.2085153352 -0.0135509483 1.1901546501 1.2025864339 -0.0109594412 1.3180010617 
1.2092449761 -0.0132947187 1.2952640192 1.2076325359 -0.0133298853 1.4598993418 
1.2105023380 -0.0158524147 1.1289705258 1.2099739837 -0.0129990061 1.6057614155 
1.1987680218 -0.0080643697 1.4694113307 1.1999304767 -0.0089297212 1.1236725465 
1.2062398557 -0.0124829876 1.4256308367 1.2060186114 -0.0117845154 1.8046329077 
1.2093527347 -0.0129935330 1.1602751235 1.2087842621 -0.0111476192 1.2923885633 
1.2108234785 -0.0158323342 1.2758941399 1.2098841131 -0.0155045795 1.5130878342 
1.2078540940 -0.0132069934 1.4820653850 1.2066605795 -0.0117689857 1.7030903798 
1.2094176664 -0.0135634232 1.4656655235 1.2119656333 -0.0144803540 1.6411890997 
1.2118089498 -0.0149155387 1.3367617090 1.2113143107 -0.0139037926 1.8007132549 
1.2146740955 -0.0174058917 1.3835024201 1.2140131784 -0.0162280237 1.6599548836 
1.2139947022 -0.0171205655 1.4426747320 1.2205594677 -0.0162584452 1.7508287239 
1.2112559366 -0.0145387671 1.6492135285 1.2114275631 -0.0141226900 1.7968708656 
1.2063660031 -0.0124904137 1.4475565111 1.2055085994 -0.0115854806 1.5694301248 
1.2165895036 -0.0176868147 1.3439552169 1.2142045539 -0.0170412898 1.4650991601 
1.2163999310 -0.0181705624 1.2234963166 1.2168636052 -0.0176028994 1.3684721507 
1.2182409070 -0.0186618831 1.1316779875 1.2128757276 -0.0177268722 1.2784664130 
1.2084868352 -0.0136814386 1.4897217546 1.2076792565 -0.0131536062 1.5311426052 
1.2079466821 -0.0126903386 1.5790955306 1.2088266433 -0.0127330480 1.6963413229 
1.1986546859 -0.0096315929 1.4705637519 1.1964568409 -0.0094559035 1.3652877679 
1.2066957161 -0.0125818816 1.5343819815 1.2048775481 -0.0113218903 1.6751897428 
1.1995248482 -0.0098569608 1.3382261927 1.2033389917 -0.0116185170 1.2376420320 
1.2120749607 -0.0157485150 1.2048765056 1.2101259268 -0.0148850535 1.3323662235 
1.2051548248 -0.0045796285 1.1262965443 1.2057249931 -0.0046947001 1.3297803464 
1.2040340100 -0.0107699000 1.6061912822 1.2003721403 -0.0091850273 1.5134733839 
1.2100926991 -0.0143572266 1.1767117686 1.2105973273 -0.0156015496 1.3461024243 
END
