1.0097314828 -1.9260487954 0.4399577597 1.0612446220 -1.9742037379 0.4409471036 
13 13
image_id_list 10 20 99 14 19 23 34 80 15 96 45 50 91 
line_id_list 254 201 213 161 230 181 194 160 203 133 128 125 89 
line2d_list
253.9888153076 411.6812438965 243.0246124268 411.5012207031 
386.1386413574 457.3583374023 373.9593200684 458.6013183594 
213.0803375244 464.8705444336 200.0611267090 464.3793945312 
599.9229736328 290.7452697754 587.9068603516 291.4827270508 
399.9641113281 386.4722900391 392.9682617188 386.3017578125 
646.8535156250 229.0269622803 636.0728759766 227.4891357422 
596.0155029297 256.6866455078 585.0422973633 256.1443176270 
529.7370605469 509.0215454102 509.0762329102 503.7037963867 
189.1033782959 269.6332702637 179.8599700928 271.1422729492 
366.0199279785 521.5502929688 350.9672241211 522.0957641602 
179.1033325195 518.1374511719 157.9148101807 520.0623779297 
94.0309371948 492.1414184570 71.7830810547 497.0084533691 
366.1713562012 310.0747375488 342.7244567871 295.8092651367 
node_id_list 6707 6708 6709 8483 8484 8485 8486 8487 8675 9332 12527 12528 12777 
score_list 2.0826990694 2.3267441495 4.4651659834 3.4193061908 0.8696576693 1.8296378129 1.9295736900 2.8643362239 1.6341284442 1.8465024283 2.0359984371 2.4573317361 4.0566216476 
line3d_list
1.0178943156 -1.9263596566 0.4416338299 1.0621539896 -1.9523512413 0.4474162961 
1.0081528909 -1.9263582419 0.4381179733 1.0602559085 -1.9510555867 0.4472393055 
1.0063957448 -1.9313827356 0.4368594353 1.0594270094 -1.9601237145 0.4455582331 
0.9967083869 -1.9330278001 0.4344179988 1.0472904632 -1.9615558072 0.4407083099 
1.0082961782 -1.9338841445 0.4358314107 1.0392977367 -1.9525082170 0.4410518621 
1.0063908996 -1.9388882224 0.4354460295 1.0508596229 -1.9647733359 0.4406213384 
1.0193734520 -1.9391438046 0.4387445743 1.0606787794 -1.9642157898 0.4434795316 
1.0146960452 -1.9460235629 0.4353985945 1.0654113360 -1.9737215659 0.4421043541 
1.0279278672 -1.9349171788 0.4417120949 1.0656865156 -1.9542646504 0.4480869322 
1.0153325582 -1.9353500037 0.4381983122 1.0545908946 -1.9712882099 0.4395206902 
1.0065746821 -1.9294728329 0.4376657222 1.0479554615 -1.9645488392 0.4395565285 
1.0241438357 -1.9463630680 0.4374529782 1.0620527814 -1.9733213788 0.4418154814 
1.0310870016 -1.9464365274 0.4395675909 1.0841190603 -1.9942308854 0.4429436491 
END
