-0.2388974221 -0.9144871271 0.4226577028 -0.2354020216 -0.3580520376 0.4259489687 
15 6
image_id_list 6 42 62 62 92 92 6 42 92 65 42 74 62 65 74 
line_id_list 39 21 71 81 20 48 61 54 21 59 33 14 67 36 9 
line2d_list
799.3133544922 446.2037963867 750.9357910156 427.1631469727 
495.9921875000 353.1319885254 694.1851196289 364.8752441406 
596.2904052734 189.9695281982 798.7507934570 262.9161376953 
799.2292480469 262.3599548340 609.2486572266 194.3058776855 
422.6753845215 426.9462890625 239.7812500000 483.2899169922 
239.1246032715 486.4068298340 424.5730285645 429.6059570312 
750.2321166992 429.4238586426 799.3211059570 449.2030029297 
527.0173339844 354.7313537598 504.9801635742 353.3070983887 
425.0845031738 432.2735290527 238.6495361328 489.8654785156 
396.9601135254 103.4237365723 507.1135559082 113.7938995361 
692.9904785156 364.1599426270 530.0307006836 354.4828186035 
30.0369415283 378.0555419922 1.1685632467 397.2534790039 
799.0617065430 256.8254089355 598.9730834961 186.0762023926 
506.0917968750 110.9994735718 328.0309143066 94.6629180908 
-0.6672199965 399.5167541504 120.6855468750 318.0421752930 
node_id_list 4001 4002 4003 4004 4005 4006 4029 4030 4031 12175 12181 12182 13157 13158 13407 
score_list 7.5175758581 11.6959923172 8.9465675884 9.3273061978 15.7488056074 15.9089392657 6.5143375407 9.0298244142 15.8605515550 10.1132415513 10.8949226337 9.0352467193 6.5324056168 7.0134146029 11.6178499206 
line3d_list
-0.2496242545 -0.8031948387 0.4134072965 -0.2492482634 -0.9051942642 0.4134696549 
-0.2422131976 -0.9144426175 0.4186541482 -0.2403616049 -0.3711599896 0.4198258036 
-0.2499824397 -0.9241184755 0.4131016095 -0.2474390829 -0.3801722080 0.4149168255 
-0.2537760883 -0.3804574744 0.4119241941 -0.2531494671 -0.8854349289 0.4116498350 
-0.2610360938 -0.3526334044 0.4082435920 -0.2595494765 -0.8867398572 0.4083283256 
-0.2446024795 -0.8926455789 0.4156775466 -0.2423681158 -0.3579573356 0.4173364026 
-0.2357267274 -0.9043111809 0.4178136761 -0.2332881514 -0.8013694793 0.4191378058 
-0.2453436566 -0.8236413444 0.4169874445 -0.2468426325 -0.8885948234 0.4162809601 
-0.2273652136 -0.3655155969 0.4239444865 -0.2290027277 -0.8982667243 0.4225726051 
-0.2438373167 -0.6928361149 0.4204920791 -0.2396622683 -0.3732785493 0.4219922240 
-0.2479283277 -0.3734397375 0.4160154865 -0.2491325136 -0.8154154862 0.4155456133 
-0.2556219879 -0.7287655305 0.4132199858 -0.2557394525 -0.8353816240 0.4132391057 
-0.2818419348 -0.3888449729 0.4052478586 -0.2778326483 -0.9309308294 0.4071082381 
-0.2695459526 -0.3757927818 0.4126146046 -0.2735536955 -0.9034295400 0.4106618214 
-0.2617827853 -0.8395859032 0.4055594131 -0.2685611770 -0.3205590614 0.4023040276 
END
