1.5360607973 -0.1581470963 0.9087279901 1.5316871961 -0.1818240103 0.9042459880 
3 3
image_id_list 29 52 69 
line_id_list 315 171 263 
line2d_list
-1.2120500803 417.7931823730 25.2765998840 433.2404785156 
0.9943419695 520.5187377930 21.9914398193 520.2719116211 
6.2795329094 349.5966186523 38.6125640869 372.0021667480 
node_id_list 11476 11477 11478 
score_list 1.7667410815 0.5376480804 1.6526828055 
line3d_list
1.5448236268 -0.1107086692 0.9177080088 1.5313408055 -0.1836992291 0.9038910121 
1.5340200416 -0.1579009253 0.9094189494 1.5300857745 -0.1866933609 0.9035410358 
1.5524299726 -0.0658912542 0.9237057148 1.5344169117 -0.1818470700 0.9017041092 
END
