1.0314733575 -3.0781669791 1.0826565273 1.1611699874 -3.1732367044 1.0775286306 
20 20
image_id_list 9 16 20 31 33 60 82 84 96 97 99 10 86 23 56 57 19 38 34 53 
line_id_list 114 116 120 117 88 65 87 144 120 46 116 155 122 79 128 131 132 131 84 57 
line2d_list
223.0785064697 319.8707275391 245.9824829102 317.8056640625 
269.0325927734 182.1546020508 297.8079223633 176.0887756348 
155.9501342773 275.4505615234 189.0406341553 272.4477233887 
158.8246307373 332.4607238770 186.9157104492 329.2602539062 
203.8862152100 328.1819152832 231.9006042480 324.2853393555 
446.0023498535 282.2491760254 472.9999694824 281.9954223633 
283.6450500488 172.7256317139 309.9409790039 168.6218109131 
95.9574813843 225.7576904297 133.8437347412 219.1094818115 
136.0060119629 300.0632019043 172.9571533203 296.5494689941 
403.9420166016 313.2057189941 429.9472045898 312.3655090332 
6.9991183281 297.0571289062 39.0069274902 297.5509643555 
46.9877929688 223.2341156006 80.0543136597 224.9583892822 
24.6049232483 303.5997924805 62.8846054077 297.2989501953 
489.9947204590 45.3882865906 516.0171508789 45.7428894043 
382.9679565430 264.1732788086 426.9793701172 262.4678649902 
298.9703369141 214.2915649414 325.1068115234 216.9497985840 
210.9146728516 226.8186645508 237.9905853271 225.7594757080 
233.9684448242 287.2313232422 268.9505310059 285.7952575684 
427.8292236328 86.3666839600 454.9509582520 83.5310440063 
281.9779357910 257.5788574219 320.0369873047 259.0289916992 
node_id_list 5625 5626 5627 5628 5629 5630 5631 5632 5633 5634 5635 6527 6528 8799 8800 8801 9277 9278 11810 12927 
score_list 7.1421968388 6.8647081452 8.4964516088 9.0665395563 7.6965944461 8.0688983427 6.7546788876 6.3479961919 3.9302788599 6.2286386778 9.3433892735 4.5898582094 5.3785865986 4.3084968205 4.4152254732 6.6934016694 5.5297881677 8.3732675003 3.8413351215 3.0756591089 
line3d_list
1.1539964164 -3.1505505359 1.0807811824 1.0340366210 -3.0799099634 1.0826342413 
1.1564462867 -3.1619480394 1.0789721036 1.0295942377 -3.0795474919 1.0823019046 
1.1546733922 -3.1679664133 1.0782710583 1.0310155848 -3.0805168040 1.0822597953 
1.1488021835 -3.1698345102 1.0778327482 1.0326246496 -3.0862299398 1.0817308564 
1.1514540081 -3.1845351868 1.0756690774 1.0377560129 -3.0844355196 1.0824485933 
1.1607809095 -3.1737510157 1.0772231134 1.0373828689 -3.0891229663 1.0815092252 
1.1527865254 -3.1682683587 1.0775007906 1.0280843372 -3.0827459073 1.0818322007 
1.1511734774 -3.1680213903 1.0781201527 1.0339807748 -3.0752428650 1.0829326773 
1.1709907865 -3.1448152958 1.0822435891 1.0249477956 -3.0953507486 1.0797341469 
1.1370758763 -3.1717237102 1.0765512179 1.0259079084 -3.0825077721 1.0817759763 
1.1550227972 -3.1523268149 1.0799508367 1.0487984935 -3.0596332803 1.0853252716 
1.1467367364 -3.1727617158 1.0772753869 1.0512229734 -3.0583222416 1.0854029284 
1.1372960357 -3.1755160019 1.0767631012 1.0405029167 -3.0695264546 1.0837992329 
1.1543598759 -3.1641679186 1.0768791986 1.0261078182 -3.0976795498 1.0792021834 
1.1660090262 -3.1585399169 1.0790166495 1.0323055358 -3.0905709850 1.0811675290 
1.1499023442 -3.1658025507 1.0781940729 1.0292296235 -3.0825863448 1.0816816077 
1.1415967929 -3.1752681564 1.0755355131 1.0138766391 -3.1023884142 1.0763275061 
1.1466743744 -3.1707287477 1.0774970723 1.0163226384 -3.1051337244 1.0785797414 
1.1404339083 -3.2025516388 1.0703172786 1.0454935166 -3.0695431514 1.0855021987 
1.1837777633 -3.2427351618 1.0636015733 1.0418123014 -3.0795100824 1.0842137971 
END
