3.6555511839 -0.3077718924 -0.0015390476 3.7576403856 -0.2045502123 -0.0000902193 
3 3
image_id_list 24 25 70 
line_id_list 48 66 205 
line2d_list
350.6668395996 558.2783813477 314.7090759277 515.2431030273 
288.2407226562 599.4138793945 247.3315734863 524.3643798828 
192.9112396240 361.1120910645 146.1458892822 324.0785522461 
node_id_list 10455 10456 10630 
score_list 1.3524636285 1.8629903689 0.8532802752 
line3d_list
3.6538379574 -0.3061846545 0.0060978537 3.7554064909 -0.2024805954 0.0098676198 
3.6023178201 -0.3615957754 -0.0022945242 3.9865097982 0.0268580549 0.0031578469 
3.5749983913 -0.3886200410 -0.0013015692 3.8981301444 -0.0645112350 -0.0027336672 
END
