3.7784717358 -0.8805902342 0.4264702622 3.7785757560 -0.6177414107 0.4266581967 
3 3
image_id_list 26 27 35 
line_id_list 149 216 131 
line2d_list
349.9748840332 338.5182800293 395.0089416504 336.1716918945 
567.9884033203 348.7660522461 620.0091552734 346.1839904785 
798.9737548828 254.1986083984 695.9224853516 240.5868682861 
node_id_list 10897 10898 10899 
score_list 4.0773907642 3.9430592035 4.5040757759 
line3d_list
3.7749335544 -0.6177414794 0.4287702167 3.7737823174 -0.8922378394 0.4297854077 
3.7757851658 -0.6094837645 0.4279043930 3.7732906122 -0.8827298281 0.4302937357 
3.7784717358 -0.8805902342 0.4264702622 3.7785803988 -0.6060094647 0.4266665849 
END
