1.1047297317 -2.9976192434 0.8322644263 1.1729811324 -2.9972558532 0.8333269159 
14 14
image_id_list 2 7 53 56 77 80 88 95 48 89 51 54 73 71 
line_id_list 10 11 72 25 14 154 103 16 67 73 35 80 49 141 
line2d_list
267.0224304199 339.7693786621 252.3521423340 359.2649841309 
50.4807319641 108.4283905029 28.3006076813 115.8931961060 
301.9765319824 325.4076232910 284.9179382324 324.4255065918 
422.1741333008 343.0096130371 405.1627807617 345.9437866211 
281.7818603516 389.6573791504 264.4036254883 397.8555603027 
380.9866027832 276.4898071289 365.9704895020 276.0789184570 
208.9562072754 305.4594116211 190.9723968506 304.9197082520 
55.2419509888 376.7897949219 34.3632850647 383.1858825684 
786.8036499023 353.1694335938 762.8084716797 349.1409301758 
647.6954956055 411.3727416992 628.7409057617 407.1679687500 
332.0957031250 306.1319580078 314.0555725098 307.6573181152 
761.0300903320 312.3720397949 742.0172729492 312.7889404297 
758.8500366211 120.1072998047 728.8584594727 116.0450592041 
788.9586181641 342.6503295898 775.1463623047 320.5330810547 
node_id_list 2162 2163 2164 2165 2166 2167 2168 2169 12703 12704 12809 12928 12929 12977 
score_list 8.8945860944 2.3563852070 3.4785917337 4.1949599194 5.9678669985 0.9777137821 2.7669860295 2.4449161617 3.6925993964 6.0178044558 1.8078268699 4.1175170790 6.7522800393 2.9954484825 
line3d_list
1.1090106088 -2.9987680916 0.8319854486 1.1735442752 -2.9979558123 0.8336205401 
1.1042849192 -3.0018599845 0.8305875840 1.1696482772 -3.0019787109 0.8311917083 
1.1065779833 -3.0041143665 0.8293852016 1.1729751947 -2.9962109283 0.8333509591 
1.1081947389 -2.9966838115 0.8327634537 1.1731603184 -2.9955370393 0.8345349617 
1.1090898068 -2.9936499488 0.8339386843 1.1725583439 -2.9978329207 0.8336471515 
1.1089880687 -2.9966698076 0.8327850865 1.1716803888 -2.9955631630 0.8344946064 
1.1062121999 -2.9947955596 0.8332494562 1.1681455546 -3.0014717662 0.8316001240 
1.1052340848 -3.0006242804 0.8314777440 1.1691498456 -3.0031405517 0.8311006157 
1.1072775675 -2.9952825708 0.8330800579 1.1717182722 -2.9860613553 0.8367855028 
1.1040313168 -2.9939076697 0.8334530660 1.1692690676 -2.9925464167 0.8347781303 
1.1045800268 -2.9842888409 0.8373218234 1.1692875536 -2.9973573645 0.8328466304 
1.1064169447 -3.0015598695 0.8304089768 1.1701533899 -2.9981248808 0.8325487847 
1.1060552812 -3.0000254390 0.8308713696 1.1693107027 -2.9988946891 0.8322992792 
1.1055001241 -2.9974186861 0.8324052958 1.1664396569 -2.9969526342 0.8333979680 
END
