3.7822230969 -0.8843394041 1.2670756033 3.7944064657 -0.6074122387 1.2644551093 
7 7
image_id_list 24 25 28 29 69 70 26 
line_id_list 45 44 61 159 123 39 65 
line2d_list
799.2586669922 43.3761596680 639.8433837891 17.9831008911 
423.0025024414 243.8082427979 339.9971008301 244.0647430420 
441.0206604004 124.1029968262 392.9496765137 133.7491607666 
537.0422973633 131.6190032959 476.9761047363 129.7802124023 
485.9141540527 233.4330902100 448.9778137207 226.1118927002 
276.9950561523 46.8394165039 203.9720306396 49.0938873291 
369.0704345703 190.6064605713 323.9818725586 195.8439636230 
node_id_list 10447 10448 10449 10450 10451 10452 10606 
score_list 1.6283802956 3.7198825144 3.8433948184 3.4370538352 3.4902377960 3.2366132542 3.7946053452 
line3d_list
3.7820410972 -0.8355412212 1.2671914827 3.7947039739 -0.6030127479 1.2643852870 
3.7713066464 -0.8956214343 1.2686776180 3.7915945584 -0.6072859258 1.2647302372 
3.7743916268 -0.8858942591 1.2682996305 3.7887112893 -0.6106825798 1.2650464139 
3.7794414718 -0.8832781560 1.2677675806 3.7941088700 -0.6139406453 1.2645171668 
3.7820084532 -0.8150648384 1.2672050986 3.7970277766 -0.6151501357 1.2638537173 
3.7873386248 -0.8845819852 1.2652236887 3.7926983668 -0.6067150721 1.2655804255 
3.7732410730 -0.8815327314 1.2682937878 3.7854588071 -0.6164139638 1.2659674683 
END
