0.1898950296 0.1570770915 1.6316236606 0.1758145203 0.1705556361 2.2912313961 
11 11
image_id_list 0 1 17 39 58 59 64 87 90 8 93 
line_id_list 78 18 258 69 238 36 54 104 45 170 93 
line2d_list
445.3353881836 80.4781036377 404.6133728027 194.2196044922 
492.7197265625 0.8082377911 473.9470214844 126.1418457031 
421.5644531250 1.1583559513 427.7276306152 57.0300445557 
726.6102294922 122.9056091309 697.5520629883 242.8915252686 
476.0586853027 17.0801582336 464.8596496582 164.9893798828 
574.2946777344 0.9269812107 567.5518798828 66.0571365356 
785.4010009766 0.5441048145 744.9890747070 142.2819976807 
451.0760498047 22.9366607666 445.6740417480 187.0221862793 
738.7889404297 0.7740633488 719.8741455078 102.1630706787 
771.8679809570 136.2736358643 733.7347412109 257.2316284180 
362.5125732422 0.8202059269 364.3125305176 15.9628515244 
node_id_list 636 637 638 639 640 641 642 643 644 4940 9017 
score_list 8.3228410213 8.3533238546 2.5065820365 4.8829457382 5.2751223645 6.2215451190 8.2705895633 7.3109551422 9.3032797213 0.9188889494 3.8052384241 
line3d_list
0.1798402403 0.1651319387 2.2932038649 0.1783077334 0.1662685332 1.6294300939 
0.1798722567 0.1652297834 2.2036336295 0.1796150108 0.1659624620 1.6312226499 
0.1875262626 0.1596546198 1.9053455599 0.1880707843 0.1592956385 1.6524140916 
0.1705415657 0.1751342562 2.2919686156 0.1928592455 0.1548405326 1.7027863577 
0.1766745224 0.1696928703 2.2647899247 0.1891497900 0.1577868254 1.6662001725 
0.1857276660 0.1643361603 1.8056231517 0.1860837161 0.1644563286 1.6329669435 
0.1814979717 0.1651102041 1.9837880199 0.1811401118 0.1656052044 1.6334735361 
0.1833733306 0.1643124146 2.2915203276 0.1834967782 0.1650585178 1.6323863450 
0.1815980169 0.1650924912 1.9790671496 0.1812919651 0.1655752501 1.6289187120 
0.1744896671 0.1714975186 2.2695311170 0.1946124126 0.1532314243 1.6826668621 
0.1783145237 0.1661902725 1.6946639184 0.1781371278 0.1663051465 1.6320292700 
END
