-0.0971923334 -2.1328212690 1.0375185203 -0.0236305143 -2.1228054994 1.0380814417 
3 3
image_id_list 6 50 42 
line_id_list 148 201 144 
line2d_list
296.6793518066 81.3034896851 270.6678771973 93.2786178589 
276.9795227051 148.9445800781 267.7602539062 152.3511505127 
54.3765029907 184.1429138184 32.8542556763 199.7996520996 
node_id_list 4156 4157 12248 
score_list 3.1571915019 2.1436054749 1.9740063799 
line3d_list
-0.1265459061 -2.1368178888 1.0372938962 -0.0197346588 -2.1222750613 1.0381112542 
-0.0971923016 -2.1328253449 1.0375868888 -0.0236305699 -2.1227983566 1.0379616274 
-0.1277568988 -2.1369922893 1.0374441218 -0.0218764073 -2.1226412887 1.0393451890 
END
