0.0050477273 -1.3141299560 2.1901166182 0.0089185943 -1.3085788264 2.3610328705 
17 11
image_id_list 8 9 10 19 37 98 99 9 10 31 33 37 98 31 57 20 57 
line_id_list 268 234 219 264 209 217 185 81 34 43 182 146 64 214 56 237 179 
line2d_list
460.2534790039 92.0719528198 469.7817077637 58.5057601929 
585.3028564453 121.0072708130 586.0235595703 91.0005645752 
522.6153564453 52.9263648987 529.6602172852 16.1263942719 
644.1616821289 14.0152750015 645.3966674805 0.9430013895 
467.9520874023 20.9992218018 468.2771911621 0.9882567525 
695.8480224609 30.9743461609 700.9374389648 0.8206607103 
453.8010559082 117.9792633057 457.2257385254 85.1277770996 
583.2907714844 90.9828796387 582.6146240234 118.9906997681 
526.8435668945 14.7829933167 520.2611694336 49.8613624573 
568.5351562500 43.9869766235 569.3633422852 78.0154953003 
625.0233154297 33.9988746643 623.4290161133 0.9311020970 
465.3958740234 6.9783806801 465.0027160645 17.9643115997 
695.9069213867 0.6938456297 691.9566040039 27.7011089325 
572.0878906250 81.0059585571 571.8460693359 43.9879417419 
774.0761108398 9.7614316940 764.7987060547 45.6898078918 
643.9639282227 24.9965553284 646.2625122070 0.9295626879 
767.3339843750 48.0878105164 777.2611083984 10.3315801620 
node_id_list 5133 5134 5135 5136 5137 5138 5139 5512 5513 5514 5515 5516 5517 6095 6259 6662 6663 
score_list 6.4278223935 4.9427206840 6.2368227211 1.9208345007 6.0549330946 6.3986695013 5.0493134104 3.4515741501 4.2755987751 5.1253381980 7.4435241170 4.3425069404 5.6097681294 6.0073976607 2.5162830808 4.3771595634 3.0580191338 
line3d_list
0.0137352006 -1.3107521788 2.1937385655 0.0306901592 -1.3006912437 2.3593942498 
0.0120008520 -1.3098213557 2.1922344198 0.0135928448 -1.3059505890 2.3576163060 
0.0062532578 -1.3134257953 2.1915037901 0.0108381159 -1.3076496358 2.3589052012 
0.0073446705 -1.3126919881 2.1942131648 0.0245050480 -1.3074995774 2.2490715238 
0.0018561124 -1.3137958937 2.1908848348 0.0097988112 -1.3090095110 2.2771229037 
0.0039838768 -1.3144073943 2.1959251026 0.0092108764 -1.3104146590 2.3083439162 
0.0112590165 -1.3103382044 2.1891712240 0.0161009436 -1.3043536701 2.3593173696 
0.0106953530 -1.3231174967 2.3602783860 -0.0040646207 -1.3320277117 2.2074029948 
0.0135479797 -1.3217347603 2.3637716233 0.0014360310 -1.3294741420 2.2054838117 
0.0077153578 -1.3244876126 2.3623383788 0.0069548010 -1.3268786895 2.2061282274 
0.0055652599 -1.3138801998 2.1900967855 0.0053939159 -1.3117301301 2.3198958376 
0.0230338027 -1.3208605942 2.2500502410 0.0122009434 -1.3257007802 2.2038754369 
-0.0065249649 -1.3317967028 2.3136922154 -0.0044343410 -1.3321573654 2.2107552961 
0.0107833920 -1.3119027814 2.1890130178 0.0002839726 -1.3112962644 2.3607611110 
0.0077116522 -1.3244992626 2.3615772794 0.0069592077 -1.3268648357 2.2070333011 
0.0074154537 -1.3132611113 2.1958532504 -0.0072096938 -1.3170207436 2.2920166479 
0.0055562919 -1.3137676663 2.1968903957 0.0053419763 -1.3110783781 2.3592419085 
END
