0.2945137592 -1.5285483922 0.4469116509 0.2881946700 -1.4460660722 0.4492830796 
30 25
image_id_list 0 1 4 45 46 58 90 93 3 12 87 4 40 43 49 50 62 95 47 50 6 18 65 91 7 72 12 42 65 62 
line_id_list 140 107 134 108 166 224 75 140 150 72 123 54 36 145 87 117 120 112 195 80 132 273 149 126 98 75 44 148 84 128 
line2d_list
85.9752349854 397.5642395020 70.9668807983 398.4171447754 
187.2569732666 449.3022155762 169.9466247559 456.8780212402 
326.8085327148 438.4217834473 311.1768188477 460.1273498535 
430.7955322266 469.9262695312 412.0469665527 465.7872924805 
84.0692443848 450.5893554688 68.9258117676 452.3685607910 
42.1078109741 470.1626892090 24.9769248962 471.7511596680 
296.1629333496 448.8197937012 274.0429992676 453.2163085938 
163.8693542480 437.5949707031 147.6898956299 450.6146240234 
640.9737548828 348.1344909668 628.0159912109 348.5272827148 
233.2638702393 229.2118072510 215.0392608643 233.1802825928 
36.4658126831 568.5394897461 8.0422859192 577.1397705078 
309.4513549805 459.2407836914 321.2742004395 437.0793151855 
32.1447257996 558.9179687500 12.0144624710 562.0917358398 
615.0002441406 509.9649658203 593.9944458008 509.8226928711 
631.9628295898 471.1103820801 601.9964599609 461.0105895996 
413.0633850098 390.5910339355 389.0209350586 386.8649597168 
328.2176208496 213.3971252441 310.0570373535 206.8420104980 
617.8837280273 549.3641967773 594.0761718750 541.7615356445 
0.1224459261 432.7177429199 9.0843372345 426.5844116211 
389.0256652832 384.7289428711 415.9735107422 387.2799377441 
421.7235412598 455.3667602539 392.7623596191 442.5364379883 
202.0338134766 322.5895080566 186.0291137695 323.5075378418 
59.9847335815 180.5202484131 30.9803638458 179.6692352295 
734.6806030273 461.6016540527 716.1367187500 429.9199829102 
692.6719970703 257.6349792480 664.9838256836 252.0807037354 
537.9964599609 584.9978637695 558.5906982422 550.7538452148 
213.7704925537 231.0921020508 233.0549163818 226.2172393799 
254.0020446777 458.6065368652 227.9975585938 458.4717407227 
28.9196643829 177.7266540527 67.0832138062 175.3189086914 
310.1810607910 205.0903778076 336.7265014648 210.3740539551 
node_id_list 1025 1026 1027 1028 1029 1030 1031 1032 1763 1764 1765 3334 3335 3336 3337 3338 3339 3340 3685 3686 4135 4136 4137 4138 4395 4396 7097 7098 7099 12772 
score_list 3.6877474904 6.6335443567 7.8723631834 5.4483362023 3.4349304266 3.8398337410 7.1228218052 7.6949325352 5.0472894306 3.9288013519 5.4658989870 9.0268378338 9.6852101803 6.7833818161 3.5831174945 8.4783022360 12.1826344969 8.0082831186 5.0451657747 4.5307622930 12.5854918228 3.0081381574 9.3384840073 7.7683157026 5.4715595612 1.9673767718 4.3051733023 10.8173466955 6.8704150996 9.8636479732 
line3d_list
0.2929170733 -1.4577641011 0.4503300774 0.2916570922 -1.5172614142 0.4473295887 
0.2887159145 -1.4568379474 0.4487708876 0.2991885113 -1.5317986461 0.4495791113 
0.2856183600 -1.4488172765 0.4470987125 0.2923909366 -1.5265813259 0.4456923776 
0.2857556467 -1.4514409807 0.4470651694 0.2946473935 -1.5165362300 0.4474100624 
0.2894733734 -1.4536266884 0.4491951531 0.2972102723 -1.5036780092 0.4500180061 
0.2834575450 -1.4573475026 0.4453808818 0.2839236065 -1.5146697727 0.4424109059 
0.2857708330 -1.4508945578 0.4471179272 0.2943912316 -1.5273684205 0.4463920132 
0.2861377972 -1.4528220453 0.4471526947 0.2931359518 -1.5258198680 0.4463071101 
0.2775964457 -1.4526806344 0.4423920515 0.2942308424 -1.5154600486 0.4475725695 
0.2830715879 -1.4518655451 0.4449984394 0.2922888273 -1.5238175781 0.4451468421 
0.2921023623 -1.4489521002 0.4503934942 0.2993143833 -1.5251745580 0.4499076869 
0.2854795073 -1.5255785594 0.4457103835 0.2685454124 -1.4510775776 0.4492842764 
0.2863303413 -1.4508228936 0.4473351050 0.2971709669 -1.5161015788 0.4484784056 
0.2866896100 -1.4514731079 0.4479542037 0.3000889380 -1.5174755957 0.4506293771 
0.2812361116 -1.4475952385 0.4453899047 0.2978711902 -1.5284399647 0.4487814804 
0.2868031771 -1.4508001413 0.4481097796 0.2934967906 -1.5254142455 0.4459860920 
0.2874153055 -1.4576235718 0.4479155692 0.2935884657 -1.5264361529 0.4459570062 
0.2820558640 -1.4522608931 0.4454895082 0.2942927424 -1.5216761483 0.4469992688 
0.2791805663 -1.4720168247 0.4526865256 0.2684522627 -1.4475984429 0.4499744164 
0.2946079135 -1.5251075401 0.4538607707 0.2680167660 -1.4490204682 0.4501964727 
0.2881993792 -1.4517106475 0.4488356552 0.2917349314 -1.5282746147 0.4447502958 
0.2857434826 -1.4558580117 0.4463218490 0.2999559776 -1.5163392796 0.4483455757 
0.2857056790 -1.4523875759 0.4469591157 0.2900078616 -1.5258810948 0.4437942148 
0.2893925983 -1.4476060684 0.4505588984 0.2937997449 -1.5273726259 0.4470734477 
0.2844210326 -1.4453475078 0.4476402564 0.3028864313 -1.5210837574 0.4519052004 
0.2887628155 -1.4515844536 0.4492213937 0.2947631923 -1.5285677727 0.4482503954 
0.2946623908 -1.5274866885 0.4561632148 0.2698888800 -1.4497037859 0.4513456413 
0.2852952480 -1.4550829449 0.4466874202 0.2954421519 -1.5261294239 0.4472471569 
0.2955647237 -1.5243405248 0.4539766670 0.2617556699 -1.4461642515 0.4456620505 
0.2916045473 -1.5266427067 0.4508288059 0.2597817214 -1.4522462002 0.4431568878 
END
