1.8575614058 -0.0077966029 1.3371525261 1.9661002941 -0.0079781295 1.3372595503 
4 3
image_id_list 0 17 17 58 
line_id_list 110 171 222 203 
line2d_list
683.8637084961 369.3252563477 655.2743530273 357.3453063965 
577.0781250000 190.7836151123 558.9176025391 184.2283477783 
558.8090209961 186.5341491699 578.1914062500 193.4647674561 
716.1433105469 309.3775634766 670.0537109375 298.7666931152 
node_id_list 882 883 884 885 
score_list 1.9171091929 1.8150721341 1.7614471206 0.9513732118 
line3d_list
1.9661002365 -0.0073919957 1.3383121749 1.8443035797 -0.0077598919 1.3383855732 
1.9649500978 -0.0101980651 1.3397912265 1.8598567654 -0.0095131289 1.3393258079 
1.8575641437 -0.0090461331 1.3322565354 1.9698495223 -0.0098539536 1.3333353041 
1.9669371650 -0.0040222243 1.3380346227 1.8400331695 -0.0052716382 1.3381823585 
END
