0.1313353306 0.1873885030 0.3676646168 0.1298128431 0.1877234500 2.0847252958 
23 19
image_id_list 0 1 4 12 39 39 47 59 59 64 66 74 85 87 90 92 93 0 8 58 85 65 18 
line_id_list 119 100 190 105 110 119 153 66 71 111 193 193 159 163 160 138 221 217 122 202 158 48 145 
line2d_list
329.1460571289 393.4074096680 426.4167480469 119.7926483154 
433.8053588867 360.1184997559 482.0998840332 31.8675708771 
527.9776611328 185.0042877197 492.5178527832 0.7079558969 
569.1140136719 175.1703338623 595.7742919922 0.8125863671 
682.1140747070 316.2491149902 695.7708740234 255.1723785400 
646.3568725586 475.3065795898 681.0450439453 321.7842407227 
408.0317687988 233.0071411133 409.6380310059 0.9905710220 
552.5137939453 177.1577148438 570.8782348633 0.8831353188 
523.0302734375 460.1080932617 551.9069213867 184.8853149414 
613.6469116211 576.1831054688 776.5073852539 0.8605503440 
257.0298767090 66.9939804077 243.7054901123 0.8578658104 
288.9626464844 285.9090576172 262.0165405273 0.7149859667 
666.7410888672 302.0016784668 665.4701538086 105.0034179688 
432.8130798340 467.0265502930 447.3520507812 21.9788322449 
659.8209838867 399.1511230469 733.1326904297 0.8403673768 
653.0179443359 479.4728393555 800.2207031250 162.5670166016 
390.2367858887 274.8472290039 356.3721618652 0.7069654465 
427.5717773438 116.2050170898 441.2398681641 78.0860061646 
714.6925048828 328.9087829590 732.7766113281 267.9337463379 
461.5549316406 246.0362243652 466.1953735352 174.9474792480 
665.6300048828 98.9950485229 665.0012817383 18.9999904633 
724.7573242188 233.3658599854 799.6593017578 78.3184890747 
640.5358276367 93.0746688843 653.3784179688 0.9133839607 
node_id_list 941 942 943 944 945 946 947 948 949 950 951 952 953 954 955 956 957 1247 1752 1753 1754 7153 9122 
score_list 11.1512213069 12.3385090520 11.8023839708 9.4730159621 6.9869995696 3.6416845414 13.1002390100 8.2649113337 7.7679584061 10.9288907435 11.7428566774 10.7765561298 2.5845520417 10.4048843061 12.3543960281 11.3317849221 10.9158693482 2.1188055851 2.9159299745 4.9202677500 5.0412487872 5.7584374165 3.9480561493 
line3d_list
0.1306102943 0.1879286089 0.3678883894 0.1272652489 0.1904046642 2.0642065555 
0.1316757347 0.1873489710 0.3677409207 0.1296190054 0.1882201206 2.0679915278 
0.1315374968 0.1867821982 0.3671838374 0.1312629908 0.1866512910 1.1407010499 
0.1301358033 0.1890731155 0.3699691507 0.1306207650 0.1880044488 1.1629758693 
0.1219449181 0.1923256609 1.3211261157 0.1259139388 0.1901380721 1.6396760812 
0.1299196773 0.1887206155 0.4493552341 0.1277701002 0.1905695468 1.2927136541 
0.1338593406 0.1862353436 0.3682708911 0.1308898498 0.1869466166 1.2498156814 
0.1318299045 0.1873565020 1.3158629618 0.1308972355 0.1880524780 1.8153592997 
0.1318207949 0.1871410810 0.3697580590 0.1292373937 0.1896922395 1.2923329510 
0.1329844950 0.1853976837 0.3704449078 0.1334952255 0.1840829189 1.9965199154 
0.1290445194 0.1899169509 0.3681623806 0.1313364686 0.1867326644 0.6298076988 
0.1287635466 0.1900589387 0.3651794231 0.1359893021 0.1839134876 1.4390439257 
0.1338074844 0.1864429838 0.3744481274 0.1309416298 0.1876593631 1.2899747179 
0.1294441519 0.1881640234 0.3676627887 0.1247777795 0.1907142917 2.3096441004 
0.1304952193 0.1878506801 0.3677469504 0.1281094990 0.1888617934 1.9840179171 
0.1321730838 0.1860310343 0.3709910705 0.1348078237 0.1834282938 1.3388827699 
0.1311797275 0.1875597677 0.3689882385 0.1305843378 0.1878105020 1.6984957453 
0.1281812746 0.1881830790 2.0847237595 0.1300184841 0.1866236548 2.3060843047 
0.1286813997 0.1888193448 1.3195841327 0.1280257059 0.1891924943 1.6318386867 
0.1318174276 0.1873658125 1.3225449948 0.1312466596 0.1877917308 1.6282231498 
0.1218466909 0.1923798004 1.3132424894 0.1258185922 0.1901906239 1.6320236514 
0.1314113269 0.1873807985 0.3678864186 0.1323565233 0.1866126669 0.7918333352 
0.1324947990 0.1869359163 1.3177767595 0.1332484530 0.1865215266 1.6152741021 
END
