2.2738072324 -2.9968659955 0.3614308565 2.2755807728 -2.9875708951 0.9776565671 
22 15
image_id_list 9 13 14 14 16 19 23 57 82 13 30 48 51 56 78 78 80 89 56 56 80 78 
line_id_list 160 51 71 87 171 50 75 87 86 46 46 85 138 108 50 75 127 79 140 172 95 103 
line2d_list
71.8442459106 564.0117797852 56.9118499756 366.8551940918 
394.3860473633 306.0403137207 401.6118164062 236.8550109863 
229.0034027100 278.9993286133 216.3602600098 214.9289093018 
239.4279937744 333.9195861816 230.0480499268 283.9909667969 
101.0508956909 348.9827270508 79.3132476807 284.8937683105 
28.6008243561 411.9261779785 13.3697786331 287.9545593262 
313.4717102051 147.9848785400 311.5487365723 87.9824142456 
102.8712692261 303.0466613770 106.3577194214 237.9655914307 
130.6658782959 307.8405456543 116.0360412598 246.7518768311 
397.0472412109 269.1105346680 387.5639953613 358.9539794922 
715.7562255859 360.1466369629 702.2034912109 430.0394592285 
429.0185852051 341.9501342773 427.5918273926 370.0300598145 
2.9125797749 382.7951049805 18.9051342010 454.0213012695 
40.0484695435 478.8117675781 57.8608322144 578.0249633789 
365.0117187500 327.9776916504 362.3703613281 445.0083618164 
365.9635314941 378.0293884277 368.2526550293 302.9772033691 
49.6976737976 324.9714660645 52.8906288147 403.0044860840 
358.2439575195 390.0112304688 356.0375671387 438.0017395020 
32.2360877991 447.1412048340 17.4406986237 367.1033935547 
24.4529914856 390.9257202148 29.8526039124 423.8602294922 
47.3529129028 317.0285034180 43.6492652893 232.9713897705 
365.4188537598 421.0005798340 365.4581909180 392.0006103516 
node_id_list 5811 5812 5813 5814 5815 5816 5817 5818 5819 7612 7613 7614 7615 7616 7617 7618 7619 7620 7641 7642 7643 11514 
score_list 3.6387150413 6.1345426258 6.4014432489 2.0797168094 4.8650721950 3.2659351908 5.9228067990 4.1376660307 3.7809594302 5.4375080269 3.6827052578 4.5634316590 3.8121099198 4.3550325172 3.4104818608 4.9126712629 4.5958288176 4.5898196905 3.9587315247 2.9919837795 5.9632756872 2.6299827316 
line3d_list
2.2643205733 -3.0187367955 0.0317662479 2.2829404799 -2.9714481473 1.0177735604 
2.2792825719 -2.9778963868 0.6738433802 2.2807079075 -2.9771084304 0.9641735098 
2.2795538381 -2.9803392183 0.6834011152 2.2808275372 -2.9777649884 0.9758039776 
2.2741758333 -2.9965522561 0.4132676850 2.2744595807 -2.9910622199 0.6567243973 
2.2752487232 -2.9903139193 0.6708134487 2.2770814809 -2.9834850515 0.9640572392 
2.2759117406 -2.9882225771 0.4135921857 2.2753291867 -2.9900354536 0.9687119561 
2.2791618896 -2.9781556980 0.6753948522 2.2802414363 -2.9732498372 0.9686150962 
2.2749546967 -2.9909108416 0.6687615427 2.2760088881 -2.9855824094 0.9638072076 
2.2746884830 -2.9920032032 0.6735353159 2.2746998052 -2.9906937794 0.9692968100 
2.2761893211 -3.0036207636 0.8234510898 2.2756754912 -3.0024545649 0.4279745704 
2.2759276173 -3.0076111214 0.6614370813 2.2744452763 -3.0011318472 0.3710815681 
2.2758756213 -3.0012087333 0.6571379050 2.2754993533 -2.9963347560 0.5451932081 
2.2766931366 -3.0009022528 0.6409208713 2.2757586699 -3.0017596547 0.3614990557 
2.2759749366 -3.0031341921 0.6584469757 2.2755755764 -3.0022277962 0.3510737038 
2.2795987903 -3.0044914543 0.8683089624 2.2771546965 -3.0042585542 0.3913296426 
2.2758622495 -2.9892913215 0.6736679015 2.2748307103 -2.9903954833 0.9683554967 
2.2762135015 -3.0110134867 0.6573399696 2.2754854842 -3.0129307879 0.3723865924 
2.2759468672 -3.0027814957 0.6496143242 2.2754291394 -2.9976870778 0.4243464412 
2.2796197402 -2.9791619938 0.7629692996 2.2804591312 -2.9758370868 0.9851257458 
2.2752125898 -2.9902459496 0.9146787521 2.2761351921 -2.9881024660 0.8242233389 
2.2795545837 -2.9796862332 0.6950543707 2.2806256370 -2.9754492800 0.9774592061 
2.2718846074 -2.9922416447 0.4963228924 2.2732880385 -2.9970642905 0.6140724277 
END
