0.5857525598 -0.4209567892 0.0064377299 0.5251355520 -0.3364555180 -0.0051270973 
18 18
image_id_list 1 12 17 32 39 58 66 79 85 90 47 74 8 76 65 86 37 62 
line_id_list 300 222 183 243 261 306 232 193 251 263 227 24 229 196 174 202 166 154 
line2d_list
417.0251770020 492.3705139160 420.4798583984 482.8120117188 
494.8556213379 310.0167236328 503.5728759766 302.6807250977 
380.3816833496 414.6585388184 392.4011535645 407.6921386719 
708.1430664062 513.7057495117 723.1351318359 510.6666870117 
537.1629028320 584.0202636719 550.1511230469 581.9465332031 
326.2837524414 599.6169433594 345.3829345703 590.8325805664 
212.7824554443 267.5081176758 223.0567932129 251.6862640381 
701.2670288086 526.9546508789 718.3306884766 522.1822509766 
573.0797119141 441.1463317871 587.2369995117 433.4351196289 
588.4003295898 557.4130249023 597.5544433594 548.5403442383 
391.9446105957 419.2920837402 396.3319702148 405.1026306152 
312.7456054688 486.0283203125 313.5059814453 466.0192260742 
540.9869384766 586.2979736328 554.9855346680 586.4388427734 
688.0433349609 535.6413574219 709.0151367188 534.2235107422 
460.2577819824 434.6661987305 486.5738525391 424.4830017090 
728.0065917969 564.0494995117 748.0499877930 561.3747558594 
661.1457519531 523.8248291016 679.1147460938 520.6492919922 
590.9734497070 594.2824096680 631.0892333984 598.0496215820 
node_id_list 2073 2075 2076 2077 2078 2079 2080 2081 2082 2083 3691 3692 5070 5071 7238 8996 11756 12665 
score_list 8.3470296016 6.0313512323 4.9356255002 4.1924974355 3.3477234127 1.9941044658 7.7557828694 5.2077526408 7.0176691025 8.7757973072 5.2848477466 7.9722524167 3.9356623928 2.2568604846 6.0972752132 4.3305639507 2.5007285624 0.7458222865 
line3d_list
0.5727172127 -0.4157411511 0.0001412329 0.5284913063 -0.3358840695 -0.0024645029 
0.5726792726 -0.4085720140 -0.0002330659 0.5374157507 -0.3469994938 0.0023071324 
0.5774287252 -0.4165757311 0.0039915810 0.5352534166 -0.3424966386 0.0014410856 
0.5872428811 -0.4196904850 0.0078787804 0.5308775943 -0.3401642598 -0.0015732611 
0.5772767316 -0.4163903663 0.0039059186 0.5328346582 -0.3417899957 -0.0020241378 
0.5850721517 -0.4269687856 0.0020146994 0.5344708932 -0.3446083727 -0.0006379001 
0.5779757047 -0.4172261794 0.0006811652 0.5335737239 -0.3430120070 -0.0006125432 
0.5869175597 -0.4192314866 0.0078242264 0.5325356434 -0.3425036142 -0.0012952185 
0.5787645721 -0.4194346384 0.0035920637 0.5342571145 -0.3429664422 -0.0006992626 
0.5697597165 -0.4081278520 -0.0011785854 0.5364698353 -0.3460646153 0.0001733192 
0.5753568311 -0.4132472142 -0.0004259431 0.5374829089 -0.3471167566 0.0023022947 
0.5675548293 -0.4179213762 -0.0092561189 0.5226109909 -0.3356219548 -0.0067470132 
0.6005886051 -0.4196721093 0.0175372870 0.5243295029 -0.3372239723 -0.0065170948 
0.5861940056 -0.4178613550 0.0078886544 0.5221064633 -0.3369044244 -0.0078923329 
0.5819855651 -0.4123598385 0.0083153015 0.5375838300 -0.3477612729 0.0011939663 
0.5842111803 -0.4165033544 0.0070575358 0.5404315284 -0.3395763166 0.0040653666 
0.5671603897 -0.4157507209 -0.0044872070 0.5319628680 -0.3394733236 -0.0011125918 
0.5820489065 -0.4161513537 0.0049924876 0.5303324795 -0.3443076161 -0.0042774637 
END
