2.9844028712 -2.7285961615 0.5099315401 2.9888877801 -2.7325753873 2.0486385123 
9 9
image_id_list 26 30 44 48 52 54 55 73 89 
line_id_list 277 35 35 56 187 109 115 122 81 
line2d_list
793.0041503906 369.0000915527 799.1001586914 99.0022583008 
513.4182128906 363.0461120605 553.3697509766 0.8201900125 
401.6227416992 286.0439147949 421.7262878418 0.9101968408 
235.7963409424 368.0094604492 218.8003387451 1.9628392458 
455.4421691895 397.0186462402 459.0098876953 120.9742813110 
279.3422546387 417.9377441406 210.0840454102 37.1666030884 
421.0724487305 417.8841857910 388.9136657715 120.1173248291 
128.4841613770 167.7669372559 47.9797744751 0.5283618569 
187.2779998779 405.9571228027 174.9300537109 38.0023460388 
node_id_list 11096 11097 11098 11099 11100 11101 11102 11103 11104 
score_list 6.9038083028 9.2577492713 8.3257343339 7.3257438002 4.6457151248 8.2595382405 7.0795990132 7.7526111663 6.3515217569 
line3d_list
2.9842010253 -2.7285741725 0.5181109844 2.9877165686 -2.7314500177 1.5303562103 
2.9840010575 -2.7283416463 0.5193225936 2.9869465511 -2.7300972261 1.9250447164 
2.9869041859 -2.7300135871 0.3805580774 2.9864996903 -2.7310681278 1.5032169863 
2.9870158921 -2.7318462784 0.5019714535 2.9861903783 -2.7293198279 1.8427422254 
2.9880087372 -2.7339384581 0.5115008593 2.9886942383 -2.7260251082 2.0464116660 
2.9856225952 -2.7302065343 0.5271197240 2.9877486346 -2.7308792505 2.0486462190 
2.9880037649 -2.7345162084 0.5183515084 2.9886729796 -2.7277523036 2.0500240551 
2.9854258279 -2.7288399256 0.5136441803 2.9877629097 -2.7316854667 1.0850827484 
2.9880274037 -2.7324676414 0.5099109636 2.9886184031 -2.7318892524 2.0490261045 
END
