2.1099831274 0.0891729662 0.6067338845 2.7373292309 0.0874759479 0.6075650434 
8 8
image_id_list 26 29 67 68 69 28 75 66 
line_id_list 158 116 87 34 157 135 33 138 
line2d_list
130.1710662842 395.2288208008 56.3230895996 450.4322204590 
229.3780212402 332.5300903320 148.2665557861 390.3737792969 
547.0501708984 398.3654785156 346.9624328613 392.2234191895 
588.9493408203 160.8883514404 434.0678710938 231.1496276855 
202.1300506592 355.3396911621 154.2558135986 373.6682128906 
217.1648406982 349.1853637695 145.6732177734 412.7570800781 
446.0070495605 193.8918151855 178.9999847412 195.9987030029 
799.5391845703 320.9786682129 740.9692993164 290.0581665039 
node_id_list 10912 10913 10914 10915 10916 11301 11424 13284 
score_list 1.9899070659 3.9800075326 7.9589137663 4.8842577218 3.9378285569 2.9627357645 3.6776466958 2.7450100677 
line3d_list
2.7289101337 0.0873587176 0.6074256224 2.2414564101 0.0884721906 0.6071808265 
2.7287183799 0.0873591556 0.6074255261 2.2394017598 0.0884768840 0.6071797947 
2.7391908903 0.0874522518 0.6076519729 2.1099844734 0.0895368144 0.6064608567 
2.7373315012 0.0880552393 0.6070342757 2.1570331947 0.0889587587 0.6069760987 
2.7296313831 0.0884212233 0.6071914882 2.4044027366 0.0875378655 0.6075012953 
2.7296861937 0.0865321116 0.6080586528 2.2026808905 0.0874571528 0.6080078151 
2.7396368982 0.0868357754 0.6082237304 2.1037204200 0.0913060951 0.6048258122 
2.2315744374 0.0893307603 0.6062690908 2.1032096794 0.0893972074 0.6061231266 
END
