4.0014495279 0.0137212701 0.6681906505 4.0009165185 0.2393627384 0.6687275724 
8 6
image_id_list 24 25 29 35 35 68 70 68 
line_id_list 94 203 359 55 156 144 238 190 
line2d_list
149.9202270508 212.5323486328 257.0617980957 228.5876007080 
200.9332427979 376.8890075684 229.9946441650 379.0713500977 
340.9595031738 234.6437225342 362.0020141602 235.9677886963 
426.0672607422 73.4873123169 488.1788635254 81.6368026733 
396.0421142578 69.6903686523 423.0858764648 73.3687210083 
759.8162841797 43.1707992554 798.9509887695 49.3123626709 
58.9987754822 185.9143829346 84.0079574585 185.5570373535 
799.0104370117 50.9360656738 759.9106445312 44.5468482971 
node_id_list 10517 10518 10519 10520 10521 10522 10523 11850 
score_list 3.8236309011 3.5491550822 1.8696413328 3.7971339820 0.9563610606 1.8125717094 2.6770906945 1.5265603153 
line3d_list
4.0017810023 0.2393757366 0.6681672453 3.9982794253 0.0028555559 0.6701357083 
4.0013816547 0.1581725448 0.6685652013 4.0046318312 0.0235199415 0.6659207729 
4.0001513632 0.1354369896 0.6690918803 3.9938217161 0.0136916313 0.6730741259 
4.0030947739 0.1583766754 0.6671933739 4.0042735799 -0.0003256690 0.6662002917 
3.9995300964 0.2348035991 0.6696370658 3.9973174759 0.1658272650 0.6709924933 
4.0060938439 0.2393787594 0.6671343203 3.9967854445 0.0915167442 0.6700699805 
3.9979758375 0.2185579617 0.6707843294 3.9997732975 0.1050911490 0.6686562200 
4.0128657525 0.0956165853 0.6606984952 4.0133503890 0.2407902359 0.6605819256 
END
