0.7681009028 -0.0161897847 0.0045816807 1.0659842171 -0.3141267826 0.0036660675 
15 7
image_id_list 1 4 4 47 47 66 66 66 74 90 90 1 74 93 93 
line_id_list 116 174 175 44 78 46 195 226 100 248 282 160 152 89 142 
line2d_list
516.7523803711 531.0921020508 499.5357971191 484.8007202148 
737.5086669922 350.5805358887 671.9329833984 295.0792236328 
671.8565063477 291.9866333008 739.7133789062 349.3391418457 
527.9190673828 470.3537597656 501.6574707031 390.1120910645 
503.4942932129 388.5075073242 531.0115356445 471.9961853027 
324.7193908691 286.9580993652 329.6483154297 253.9474792480 
323.2480773926 293.9133300781 319.8966369629 322.9880981445 
322.2945251465 324.1386413574 324.8810729980 299.9872741699 
456.4589538574 505.3216552734 410.6232910156 428.2239685059 
707.4614868164 599.0417480469 709.8116455078 573.0734863281 
711.6987304688 571.9677124023 708.8044433594 598.9790649414 
501.2032165527 484.9235839844 518.5850219727 531.1560058594 
412.9434509277 427.4390258789 459.4844360352 505.7119445801 
521.3061523438 419.5296020508 491.0836486816 379.9361572266 
495.7824096680 383.3989868164 523.0816040039 418.9373168945 
node_id_list 1776 1777 1778 1779 1780 1781 1782 1783 1784 1785 1786 1870 1871 3829 3830 
score_list 2.5636289353 4.8392933281 4.8434583112 4.6219651478 4.9299785355 4.8335996308 3.9696518022 3.9901351824 4.4297021751 0.9996319327 0.9999810598 2.9442621750 4.9308313879 2.7186585579 2.9139124475 
line3d_list
1.0374118234 -0.2892184106 -0.0063110566 0.7831877625 -0.0378620046 -0.0015594028 
1.0576122274 -0.3091300881 -0.0071049034 0.7670247860 -0.0213586241 -0.0048324365 
0.7665827165 -0.0177160128 0.0072874828 1.0654775340 -0.3134578154 0.0029820858 
1.0608494325 -0.3175618592 -0.0017454485 0.7661069570 -0.0230153452 -0.0021816241 
0.7717629721 -0.0206757901 0.0065717558 1.0757445188 -0.3248500184 0.0058703544 
0.9530705294 -0.2074898527 0.0134842434 0.8344423330 -0.0850734200 0.0087094088 
0.9667704589 -0.2270142600 0.0036187535 1.0602142434 -0.3198945772 0.0032952944 
1.0704254051 -0.3180313528 0.0041611175 0.9940150867 -0.2424163500 0.0053034078 
1.0508062073 -0.3105432717 0.0033278606 0.7620645193 -0.0235426998 0.0043273506 
0.8687307754 -0.1224013923 -0.0034229408 0.7641061329 -0.0188917337 -0.0019132508 
0.7670484023 -0.0144379337 0.0043880037 0.8783989842 -0.1275615539 0.0064673048 
0.7961012290 -0.0455930162 0.0072818359 1.0514113267 -0.3010206585 0.0066325230 
0.7696531118 -0.0191327222 0.0073490996 1.0614016735 -0.3110156049 0.0066071153 
1.0457582029 -0.2975422398 -0.0059773727 0.7917541602 -0.0462451162 -0.0023122003 
0.8316887383 -0.0806224377 0.0062525398 1.0589402478 -0.3089151111 0.0072050536 
END
