0.7020606226 -2.5581817294 0.1567677816 0.6729014443 -2.6359136159 0.3593764164 
20 20
image_id_list 9 57 98 10 15 16 37 76 96 13 19 21 34 78 83 97 14 82 20 80 
line_id_list 249 183 229 257 207 233 218 236 206 207 241 201 182 196 208 185 211 233 250 177 
line2d_list
348.6095886230 455.0758972168 343.9682617188 431.2005615234 
406.1112670898 387.0303039551 406.4991760254 359.9928283691 
315.5290832520 481.9139099121 307.5548400879 432.9096984863 
193.6719360352 411.0308837891 190.0918426514 372.9913635254 
150.3638000488 267.2471008301 142.2277832031 246.2999420166 
435.2098083496 331.9378662109 423.9743652344 294.0075988770 
202.5895385742 462.7768859863 186.4760131836 420.1983032227 
189.0567474365 426.9830932617 176.2387390137 383.9289245605 
316.6694946289 502.0565185547 308.1066284180 451.9817810059 
744.0148925781 445.0012512207 747.8157348633 399.9002075195 
346.3128356934 388.1044921875 341.1242675781 353.9811096191 
509.1190185547 341.0706787109 510.1334228516 325.0084228516 
562.1422729492 254.0870208740 559.0784301758 223.8905792236 
737.9120483398 487.0697021484 734.7647705078 437.9509887695 
722.1449584961 497.0140686035 722.5378417969 465.0065917969 
536.5115356445 487.0782165527 529.9351196289 446.0103759766 
534.1973876953 297.1857299805 528.1811523438 271.1895141602 
427.6039123535 315.0960998535 419.8813781738 283.2714538574 
320.3247070312 450.9322814941 311.3976440430 408.1256103516 
505.0099487305 443.0015869141 508.2252197266 422.8762207031 
node_id_list 6145 6146 6147 6717 6718 6719 6720 6721 6722 8090 8091 8092 8093 8094 8095 8096 8527 8528 9557 13446 
score_list 4.6212841449 3.1333118735 6.9158976788 4.2177519310 9.7688062482 8.2485556698 6.8581052361 3.4461169487 7.3678905740 4.4209314458 6.5096212531 10.7196168568 9.2905895944 7.2414592351 8.2093004706 8.3211594377 6.4401519409 5.1071531643 3.7373174041 6.6389202410 
line3d_list
0.7058693880 -2.5665476746 0.2042225478 0.6479318202 -2.6488087468 0.3295036708 
0.7063467516 -2.5652413569 0.1999913589 0.6496316204 -2.6490615975 0.3292041956 
0.7235789559 -2.5412855341 0.1664376087 0.6610940375 -2.6454456555 0.3533759679 
0.7034796894 -2.5585884484 0.1572551193 0.6686122130 -2.6356182651 0.3424898164 
0.6895461463 -2.5861427272 0.2125355042 0.6721408661 -2.6280903875 0.3252979393 
0.6951428059 -2.5673416699 0.1452667794 0.6824987399 -2.6260904330 0.3582525991 
0.7161111324 -2.5472984951 0.1650392196 0.6650024090 -2.6433259410 0.3604628811 
0.7103642717 -2.5532809245 0.1653103173 0.6661611430 -2.6389388805 0.3460717675 
0.6888168179 -2.5705228878 0.1357175141 0.6833123587 -2.6250481171 0.3649848715 
0.7097547655 -2.5534754023 0.1638695499 0.6827705657 -2.6241344720 0.3508674120 
0.6982746694 -2.5651065178 0.1559866006 0.6695918144 -2.6342337393 0.3418123122 
0.6985517931 -2.5625291042 0.1546041626 0.6926043772 -2.5860419229 0.2298367040 
0.6954212615 -2.5676812476 0.1685918076 0.6835412499 -2.6153820266 0.3301423174 
0.7210919664 -2.5431778984 0.1683814236 0.6778085022 -2.6295084502 0.3526073589 
0.6912436651 -2.5759641784 0.1877346721 0.6804717605 -2.6195114514 0.3355286566 
0.7175590493 -2.5468754547 0.1635894858 0.6727673661 -2.6347952290 0.3597861952 
0.6999282859 -2.5707594893 0.2012351594 0.6785466002 -2.6222806710 0.3397021978 
0.6963353409 -2.5686368385 0.1619110343 0.6717967309 -2.6323043159 0.3471787959 
0.7159254407 -2.5476724187 0.1627951420 0.6913641805 -2.6227570763 0.3708191452 
0.6979900443 -2.5926102307 0.2799315946 0.6688858216 -2.6348636897 0.3415473127 
END
