0.0014838668 -2.1897459108 0.7288755466 0.0016652966 -2.1901231612 0.8320345216 
45 45
image_id_list 2 3 6 7 15 21 33 34 38 41 43 49 51 53 77 80 81 88 95 96 8 12 37 45 50 62 76 79 84 85 90 98 18 91 20 10 31 99 42 14 16 23 60 97 82 
line_id_list 35 89 71 24 168 79 135 48 77 58 108 36 29 43 61 37 138 51 49 121 147 146 152 122 116 123 181 158 162 234 180 138 243 15 159 141 157 121 118 128 167 88 57 59 119 
line2d_list
684.7280273438 149.9532165527 679.5446166992 180.0936584473 
468.6428833008 240.9764251709 467.2494201660 262.0824890137 
257.4925231934 168.9277648926 262.3354797363 201.9508056641 
504.6905517578 56.9639129639 501.2871398926 86.1500930786 
265.2827758789 128.7612457275 268.3284301758 145.1250000000 
711.2211303711 227.3122253418 705.8746337891 248.2236175537 
494.6289367676 347.8208923340 496.6323547363 366.0404357910 
722.3046875000 124.9071884155 719.8740844727 143.1166687012 
568.8781738281 347.9836425781 566.2069702148 367.8936157227 
309.5885925293 327.8812561035 313.4669799805 347.1075134277 
415.8735351562 366.0160522461 418.8103637695 389.1510009766 
448.9421997070 240.9862823486 442.3320617676 268.8414916992 
758.0213623047 361.9036865234 754.6781005859 395.8699035645 
676.4978027344 389.9292907715 672.2580566406 420.0363464355 
689.5135498047 312.9851379395 689.7691650391 339.0120849609 
758.0774536133 334.7774047852 751.8190307617 360.7150573730 
508.1833801270 238.8736267090 510.1290893555 257.0930175781 
594.6387329102 391.9281005859 588.8964843750 420.7803649902 
461.6603088379 343.9775390625 460.0671081543 368.0705566406 
475.7393188477 339.9968566895 475.4983825684 360.0060119629 
245.0190429688 311.8296203613 242.1748352051 328.2040710449 
1.4706841707 133.8328857422 10.2485342026 158.5567321777 
315.4493713379 298.8649902344 317.0366210938 315.9034423828 
291.9579162598 309.9960021973 289.7731628418 333.0732116699 
250.0904998779 211.9958343506 251.3341674805 239.0306243896 
212.5325012207 0.5175709128 219.9315338135 24.0215530396 
325.3595886230 260.9841918945 325.5690612793 279.0050048828 
283.3863220215 241.0172729492 283.9775085449 262.0287780762 
430.5469055176 229.0292205811 431.7756347656 248.0789794922 
151.7177734375 286.0888671875 157.7026062012 305.0936584473 
54.6018753052 330.0479125977 57.9513664246 357.8855285645 
466.6370239258 326.9730834961 465.2307739258 345.9429626465 
39.7861595154 206.0553131104 45.7390289307 229.0675048828 
773.9201049805 104.5242385864 755.8051147461 136.3192291260 
454.5743408203 305.9987792969 454.5251770020 323.0015258789 
337.1001586914 288.0104980469 335.4086914062 304.1476440430 
438.1211853027 353.9412536621 439.0148620605 370.9992065430 
295.6371459961 352.9770202637 294.6201171875 369.0392761230 
40.2527999878 268.8745422363 53.7715950012 296.1133728027 
665.2714233398 165.0043334961 664.9835205078 183.0157165527 
555.1411743164 181.9917602539 556.1953125000 200.0469818115 
768.5971679688 112.8890991211 763.5679321289 131.1563568115 
749.3461914062 343.0184631348 748.2818603516 362.9616699219 
671.5055541992 358.9638061523 670.2517089844 376.0916442871 
541.6699829102 186.9326171875 542.2791137695 202.0290832520 
node_id_list 2258 2259 2260 2261 2262 2263 2264 2265 2266 2267 2268 2269 2270 2271 2272 2273 2274 2275 2276 2277 3144 3145 3146 3147 3148 3149 3150 3151 3152 3153 3154 3155 4053 4054 4299 4890 4891 4892 7191 8430 8431 8432 8433 8434 8652 
score_list 17.7287612802 14.8525756567 12.8600641081 12.1598366231 12.5811015660 11.5051097833 12.5526290381 7.9512434421 10.3192775070 14.6562245084 14.7497173973 16.0163146829 12.7093132494 15.4924708363 13.6480459707 10.9801764016 13.6355330712 16.2261078224 14.5986659997 13.8852374410 10.4196825128 6.1398887194 10.6997880113 13.3291192966 12.4066339267 12.2994302451 6.8152082432 11.4851270294 11.0491976892 9.2199231250 5.8407481826 10.2622977298 6.6411282492 10.8964459386 8.4882653054 9.6687387130 10.3948384127 10.7788841978 8.5482663917 8.3540736733 9.4568054633 8.3647083757 10.8026702889 10.0386788956 9.8678895520 
line3d_list
0.0022639796 -2.1895795846 0.8299854970 0.0010851528 -2.1896890208 0.7350770379 
0.0030754224 -2.1901085050 0.8310638288 0.0004047965 -2.1903270064 0.7315059281 
-0.0008502983 -2.1921290272 0.8275605095 0.0025573888 -2.1889185152 0.7322678030 
0.0063578181 -2.1876285172 0.8312442667 -0.0023195613 -2.1913521251 0.7321149724 
0.0091503038 -2.1865936665 0.8276456102 0.0022170576 -2.1890590856 0.7326341820 
0.0013825355 -2.1905784373 0.8306627219 0.0029384010 -2.1890844212 0.7350594012 
0.0052176376 -2.1888126703 0.8284756749 -0.0003738452 -2.1909070411 0.7296710942 
-0.0081875393 -2.1975918078 0.8247665342 0.0000361795 -2.1919096105 0.7338301915 
0.0012550880 -2.1906305429 0.8299399854 0.0018072480 -2.1895768186 0.7322888088 
0.0005656008 -2.1919964149 0.8291346456 0.0019477651 -2.1896707048 0.7297954271 
0.0037938011 -2.1895881182 0.8301149224 0.0025843864 -2.1888074618 0.7321908908 
0.0026942188 -2.1896405680 0.8290993093 0.0002457099 -2.1899303383 0.7324491036 
-0.0000207135 -2.1922304006 0.8276439495 0.0012581683 -2.1900208923 0.7323892825 
0.0001455721 -2.1922005954 0.8301860306 0.0015986622 -2.1898725333 0.7325317537 
0.0016297688 -2.1903827294 0.8284838032 0.0012984199 -2.1893817278 0.7331037306 
-0.0008052698 -2.1916478082 0.8295700995 0.0011524432 -2.1902135575 0.7340312116 
0.0010167397 -2.1915842762 0.8287787996 -0.0021533904 -2.1917190781 0.7320821234 
0.0016290622 -2.1903805945 0.8282803801 0.0012910045 -2.1893593258 0.7309691653 
0.0018539362 -2.1901282626 0.8309730575 0.0013419546 -2.1893379118 0.7339602577 
0.0037930468 -2.1895876314 0.8300538507 0.0025686182 -2.1887972836 0.7309141688 
0.0017328482 -2.1911336909 0.8280783858 0.0005241622 -2.1901384397 0.7350498116 
-0.0065071408 -2.1930889451 0.8245363105 0.0040296548 -2.1886640889 0.7328853508 
0.0020153256 -2.1918369024 0.8267184446 -0.0005606634 -2.1910629233 0.7289511911 
-0.0002212158 -2.1916919446 0.8288868038 -0.0023891009 -2.1909188971 0.7326390703 
-0.0029310732 -2.1920135191 0.8281299410 0.0034456027 -2.1884940165 0.7322175437 
0.0034427144 -2.1888307422 0.8066717096 -0.0001827145 -2.1905896554 0.7288319763 
-0.0048648684 -2.1923280462 0.8248488040 -0.0029933992 -2.1919198373 0.7311757774 
0.0090079282 -2.1878150199 0.8331564627 -0.0029267752 -2.1918960754 0.7322024118 
0.0030039823 -2.1911147323 0.8317464319 0.0022600861 -2.1889833343 0.7327788214 
0.0066073019 -2.1884258813 0.8318380815 0.0038659275 -2.1890930197 0.7337456099 
0.0035775148 -2.1895278776 0.8317875443 0.0025911488 -2.1895538185 0.7328731370 
0.0030647957 -2.1908704945 0.8280365423 0.0000509135 -2.1905201400 0.7303319563 
-0.0084668335 -2.1963920032 0.8284579831 -0.0017008587 -2.1915341055 0.7278802604 
0.0019237768 -2.1898830747 0.8299690024 0.0020138619 -2.1893917282 0.7341613455 
0.0050064440 -2.1900494114 0.8302940413 -0.0027344647 -2.1917882341 0.7323236334 
-0.0030101198 -2.1940514240 0.8291433703 -0.0026635914 -2.1920422279 0.7326951256 
-0.0028792576 -2.1942466142 0.8269922028 0.0048157165 -2.1888656795 0.7298010608 
0.0021086337 -2.1913218784 0.8296521066 0.0048302906 -2.1884761733 0.7345631253 
0.0008745867 -2.1899298777 0.8281376351 0.0009021826 -2.1898070972 0.7322754748 
0.0060386992 -2.1870548431 0.8299999181 0.0011256599 -2.1906331395 0.7299026493 
0.0016205995 -2.1914147660 0.8296134597 0.0024743762 -2.1903414311 0.7288716267 
0.0020839365 -2.1907247983 0.8320315851 0.0035415515 -2.1884490599 0.7347113761 
0.0029860727 -2.1898646470 0.8291636617 0.0020819629 -2.1897602030 0.7309280077 
0.0030198025 -2.1898685436 0.8328285532 0.0021118821 -2.1897636593 0.7341788645 
-0.0007409730 -2.1932539122 0.8238208090 0.0043749556 -2.1876632913 0.7329877317 
END
