0.2819041735 0.1662438312 0.4808750207 0.5060212021 0.1680471821 0.4801450855 
5 5
image_id_list 4 12 18 64 59 
line_id_list 39 177 186 20 33 
line2d_list
605.9982299805 162.7322998047 581.9992675781 162.8896942139 
583.7833862305 165.8534698486 634.3893432617 200.4301147461 
624.2772827148 347.8889160156 615.0927124023 324.9628601074 
684.6654663086 600.5149536133 652.2634887695 571.9712524414 
541.5307617188 448.1749267578 641.3839111328 531.9268188477 
node_id_list 3657 3658 7207 9150 13105 
score_list 3.4239591162 3.0046465782 1.5380476416 4.1350536814 3.8838181996 
line3d_list
0.5062192628 0.1449296798 0.4838437664 0.4095514452 0.1425577508 0.4865133206 
0.2820216749 0.1526740414 0.4834272576 0.6820731038 0.1337260491 0.4919955618 
0.4960111731 0.1583428639 0.4955266263 0.3008891137 0.1685882819 0.4830662292 
0.4027429899 0.1710775600 0.4782216009 0.2747959235 0.1747600546 0.4757293205 
0.2589260575 0.1697970117 0.4777103053 0.7456254941 0.1656293377 0.4830327808 
END
