1.6580270314 -1.1410517270 -0.0020724584 1.5868360257 -0.9684691991 -0.0097799141 
5 5
image_id_list 14 15 23 34 82 
line_id_list 215 221 200 213 258 
line2d_list
759.3777465820 523.2155151367 689.6903076172 508.4630126953 
310.9918823242 478.4020690918 261.9714965820 477.4128723145 
696.8493652344 466.2960815430 647.4159545898 441.1480407715 
654.5346679688 510.8420104980 602.6011352539 486.8638610840 
605.7838745117 517.2569580078 553.7741088867 508.3135986328 
node_id_list 8530 8531 8532 8533 8687 
score_list 2.7110778805 1.8704250322 1.6152473014 1.9469402643 1.6007222861 
line3d_list
1.5720182882 -0.9530706722 -0.0163717511 1.6560125518 -1.1419488106 -0.0035525989 
1.5860575795 -0.9688279112 -0.0106218363 1.6657445456 -1.1276378443 0.0061895602 
1.5807780568 -0.9727687886 -0.0150348406 1.6572365215 -1.1447011547 -0.0033657974 
1.5936846503 -0.9688988176 -0.0042108515 1.6580603601 -1.1439813769 -0.0025476365 
1.5895104115 -0.9565002046 -0.0037945484 1.6688807249 -1.1291805068 0.0083458282 
END
