0.2074120934 0.1972227549 0.9796923987 0.9446936263 0.2036421694 0.9776066133 
15 15
image_id_list 0 92 4 12 59 74 85 87 90 18 47 58 64 39 93 
line_id_list 137 90 9 122 161 44 66 127 124 172 40 36 106 91 31 
line2d_list
474.8252258301 355.4090270996 372.7867126465 302.4832153320 
799.9167480469 347.6966552734 766.7445678711 324.3631591797 
727.1483764648 12.0842647552 519.9238891602 40.4439315796 
705.0462646484 92.8885040283 602.3068847656 50.2603340149 
720.8872680664 361.2595214844 559.3837280273 291.1164855957 
492.1371459961 168.0397338867 297.1161499023 140.1868133545 
730.9890136719 207.0225067139 677.5289306641 180.9167938232 
567.9907836914 374.0310974121 448.7020568848 338.6340026855 
799.6262207031 309.3932800293 700.4857788086 270.7535400391 
646.5731201172 207.8048248291 636.1697387695 194.1113281250 
617.3514404297 119.1469497681 429.1051330566 83.4457092285 
495.5390014648 342.9697265625 466.6095581055 327.8348388672 
799.6373901367 439.6642456055 694.6777954102 389.5796508789 
720.1809082031 415.7336120605 674.7578735352 384.8840942383 
534.0341186523 162.3580169678 392.0123596191 159.4050750732 
node_id_list 1023 1024 3573 3574 3575 3576 3577 3578 3579 7174 7175 9138 9139 12051 13045 
score_list 6.6498589949 6.9459195488 5.8077450374 5.3534500131 5.7118631836 8.2576011297 5.3813067821 6.9824854090 6.7983902046 3.9191024665 5.8099696043 5.4298012046 7.3699352412 2.5285030701 7.5173846932 
line3d_list
0.9141160016 0.2604077954 0.9551723643 0.2048964266 0.1930421803 0.9814168455 
0.3021750279 0.1999187264 0.9778229489 0.2134098999 0.2025596992 0.9770686522 
0.9457359353 0.2050246001 0.9770245207 0.2039082474 0.2069939453 0.9759151269 
0.8530114576 0.1957038136 0.9806581631 0.2186981192 0.1969956054 0.9798641763 
0.8650294350 0.2018758255 0.9783022438 0.2201164785 0.1974336059 0.9798771764 
0.9446948289 0.2035710984 0.9778129804 0.2198328628 0.1963462139 0.9801568791 
0.6887292926 0.1918871021 0.9831896149 0.2187815852 0.2007712853 0.9773747245 
0.8711466049 0.2092557242 0.9754709244 0.2074696457 0.1913192517 0.9818667623 
0.6898593567 0.1960744351 0.9804286498 0.2104800299 0.1992249759 0.9783950186 
0.3786485275 0.1953903090 0.9800623163 0.2243049662 0.1971531361 0.9791459836 
0.9456728799 0.2028634470 0.9778766497 0.2170642582 0.1983453449 0.9793312318 
0.5457179593 0.2004607195 0.9786070720 0.2459530895 0.1923593017 0.9814958984 
0.5489972044 0.1938794705 0.9805699133 0.2186572659 0.1963067715 0.9801678071 
0.6741195808 0.2073613141 0.9762229027 0.2489147229 0.1749417148 0.9873166885 
0.9359819114 0.2188190046 0.9711029610 0.2162721542 0.2000709569 0.9777020135 
END
