-0.0080481296 -1.1952554873 0.9380582290 0.0257752179 -1.1428963418 0.9761181888 
7 6
image_id_list 42 90 92 92 58 64 87 
line_id_list 179 243 204 212 263 219 281 
line2d_list
365.3453063965 229.9360046387 352.8345642090 234.5515441895 
363.5225219727 275.0452575684 351.1231384277 281.2462463379 
100.6526412964 434.8171691895 137.3846588135 422.9852294922 
129.8667602539 428.5384826660 110.9960708618 433.9863891602 
138.6284484863 318.3710327148 123.1297073364 327.5267639160 
165.1138916016 309.6868591309 145.1309661865 317.3418884277 
112.9905929565 369.3102722168 98.8538360596 377.7553100586 
node_id_list 12261 12262 12263 12264 13080 13081 13082 
score_list 2.1304837592 3.3249048675 4.1136866041 3.8607767623 2.8068181499 2.0934792947 2.6756672553 
line3d_list
0.0229191161 -1.1397934339 0.9743876908 -0.0087104735 -1.1878514315 0.9444304983 
0.0062880093 -1.1496365867 0.9674824381 -0.0214676126 -1.1884538354 0.9372727315 
0.0017915070 -1.1811852993 0.9490210282 0.0316039403 -1.1249672403 0.9835533026 
0.0324134752 -1.1375440682 0.9763601753 0.0158409840 -1.1660503771 0.9587464156 
0.0136912615 -1.1476408170 0.9714587459 -0.0210490831 -1.2111070649 0.9265831016 
0.0178072663 -1.1554010863 0.9671405056 -0.0089804690 -1.1940795108 0.9372689932 
0.0104288562 -1.1484212019 0.9698857913 -0.0145435715 -1.1908558361 0.9392528692 
END
