-0.0030925452 -0.5113745461 0.0200221063 -0.0009324260 -0.5116297922 0.2663999344 
18 16
image_id_list 4 12 42 47 50 59 66 74 79 87 90 92 65 74 45 62 62 58 
line_id_list 173 125 64 180 43 80 111 141 99 230 177 105 73 182 103 66 130 177 
line2d_list
431.6375732422 299.1020202637 443.4729003906 341.1483764648 
425.3752136230 208.9635314941 423.2677612305 245.0739898682 
637.1410522461 465.9441528320 633.5637207031 520.9716186523 
255.9339294434 311.9011535645 261.0243835449 359.9974060059 
743.8814697266 467.9700317383 726.6905517578 535.9216918945 
310.3872985840 495.9877319336 309.1655578613 557.0433349609 
85.6068344116 152.1699066162 106.7543945312 201.1061401367 
150.0157623291 402.9964294434 160.6731872559 450.0739746094 
655.1953125000 393.0343933105 648.2949218750 432.2279968262 
280.1287536621 521.9931030273 279.8206787109 561.0144042969 
500.7819213867 427.8634338379 496.0324096680 470.2278442383 
409.1376953125 556.8402709961 401.2846374512 599.2379150391 
448.1302795410 204.0118560791 442.4916076660 265.9537353516 
162.7354431152 449.0596618652 152.1187744141 401.9732055664 
709.4251708984 559.8811645508 701.2825317383 599.2651367188 
687.6343383789 344.1773681641 671.7646484375 400.9342041016 
669.8483886719 400.9591674805 682.7823486328 352.9413757324 
288.9453735352 476.9948730469 288.8040161133 506.0039062500 
node_id_list 3817 3818 3819 3820 3821 3822 3823 3824 3825 3826 3827 3828 7177 7178 12203 12204 12205 12520 
score_list 9.8522332711 4.7150902122 8.4755007885 9.7305237077 5.6656162257 6.2540140107 8.4866659024 9.5280224757 1.7431715407 4.7996277810 4.4712092604 9.1340785864 9.5298509629 6.3985430786 0.8766671875 6.9316196057 6.4208977228 3.7461895149 
line3d_list
0.0011721927 -0.5124229426 0.2255859614 -0.0026146533 -0.5117811989 0.0156860946 
0.0004973666 -0.5112128630 0.2449104009 0.0023876406 -0.5173505389 0.0485021570 
-0.0011405348 -0.5111644717 0.2598397852 -0.0030588069 -0.5115821401 0.0362542068 
0.0002174302 -0.5112476422 0.2489371860 -0.0023923105 -0.5116120301 0.0357844189 
-0.0033923585 -0.5114260691 0.2701057834 -0.0019385228 -0.5110487562 0.0212296025 
0.0019044236 -0.5128521874 0.2663737959 -0.0032050493 -0.5114975461 0.0364645462 
0.0013638038 -0.5125456432 0.2662358790 -0.0044937304 -0.5107762597 0.0347388319 
-0.0027772366 -0.5114086241 0.2345829048 -0.0066958466 -0.5101709359 0.0171164530 
0.0007089934 -0.5122548988 0.2541315435 -0.0026001036 -0.5117212126 0.0543068332 
0.0057141003 -0.5135973843 0.2322703715 -0.0018709961 -0.5119139079 0.0528589458 
0.0006153696 -0.5122397993 0.2484779336 -0.0028926043 -0.5116740385 0.0366437445 
-0.0022235483 -0.5113371988 0.2283595152 -0.0035234907 -0.5111028283 0.0287883911 
-0.0019884588 -0.5113795838 0.2644511785 -0.0035805617 -0.5110925388 0.0200266772 
0.0104152458 -0.5151542820 0.0325461809 0.0129414049 -0.5154591840 0.2471631147 
0.0042446790 -0.5140985431 0.2789193432 -0.0038007915 -0.5105380730 0.1284444513 
-0.0014821160 -0.5116917220 0.2583603700 -0.0012432900 -0.5111703615 0.0272732897 
0.0061236491 -0.5140338689 0.0327068316 0.0090285051 -0.5144611004 0.2331031104 
0.0150113538 -0.5159826368 0.2573497210 -0.0106012100 -0.5095432738 0.1085429282 
END
