3.4224594970 0.4878165363 0.7375169189 3.4216884102 0.4869386859 0.9389340617 
8 8
image_id_list 25 26 28 29 68 69 67 75 
line_id_list 258 264 286 217 113 181 1 1 
line2d_list
16.0147705078 386.9965515137 10.1810398102 361.9578247070 
138.5158386230 321.1330871582 129.1236267090 286.9660034180 
220.6510772705 274.1306762695 208.2138214111 240.9199218750 
226.1157836914 242.9903869629 222.7164001465 202.0235290527 
617.6377563477 32.0877380371 621.9348144531 0.8534567356 
213.2238464355 277.1786193848 217.6154479980 247.0898284912 
715.2775268555 274.0559692383 705.0408935547 324.8065490723 
702.6690673828 0.4467641115 679.7864990234 55.4955673218 
node_id_list 10739 10740 10741 10742 10743 10744 11079 11080 
score_list 3.9514806234 3.8200151390 4.8447756862 4.5142986375 4.4453660497 4.5805637293 4.6150654619 2.9672360065 
line3d_list
3.4288486318 0.4923113997 0.8413287356 3.4278539325 0.4914529116 0.9337850423 
3.4215509048 0.4866972780 0.7353706955 3.4185754582 0.4828114786 0.9401927465 
3.4212377100 0.4847402949 0.7339443021 3.4214068615 0.4853885943 0.9389262280 
3.4230411889 0.4880152309 0.7404724288 3.4233052653 0.4888183434 0.9352774080 
3.4236722807 0.4892051078 0.7690431866 3.4233143078 0.4887273356 0.8709518042 
3.4208554866 0.4857720999 0.7803091670 3.4184555477 0.4826160885 0.9417531092 
3.4233019558 0.4888082784 0.9328360135 3.4230371865 0.4880030589 0.7375199434 
3.4215507638 0.4876396692 0.8980296316 3.4219051039 0.4873331879 0.7409001295 
END
