0.2680403132 -1.5250324429 0.4405444569 0.3285696766 -1.4374078154 0.4831309956 
8 8
image_id_list 7 45 39 87 43 76 49 90 
line_id_list 70 96 263 73 50 125 80 71 
line2d_list
664.8909912109 249.6752929688 693.9410400391 254.3650970459 
410.9563903809 464.4989013672 437.9626159668 465.2845764160 
326.9667053223 440.5544738770 340.1174316406 439.5719909668 
6.4243521690 575.3671875000 35.0918502808 565.2605590820 
591.9354248047 507.4701538086 616.0191650391 506.4535827637 
436.9512634277 365.6121215820 455.1663208008 363.3238220215 
602.7056884766 459.0590820312 633.1348266602 467.5148010254 
273.7663879395 451.0949096680 295.1486816406 445.5760192871 
node_id_list 4371 4372 12085 12086 12293 12294 12518 12519 
score_list 5.0461808476 3.7583385480 1.5164098575 4.9153827622 5.9117448506 3.5983504915 3.7446059805 4.9635021725 
line3d_list
0.2693848984 -1.5256528484 0.4413171705 0.3228635907 -1.4435049850 0.4794871254 
0.2714426425 -1.5275851244 0.4409609486 0.3320304702 -1.4181425224 0.4892358697 
0.2917171112 -1.5128495216 0.4546800364 0.3433391035 -1.4476743111 0.4895330594 
0.2695045379 -1.5270659023 0.4413147566 0.3268811619 -1.4555361431 0.4799455749 
0.2795044020 -1.5256040060 0.4454905267 0.3055880864 -1.4469135843 0.4737807454 
0.2695006814 -1.5154309515 0.4440167209 0.3073208920 -1.4213905610 0.4803758869 
0.2701823079 -1.5281271546 0.4409225130 0.3221941762 -1.4503199577 0.4775016504 
0.2846507319 -1.5267405865 0.4487644432 0.3079204986 -1.4584818385 0.4734308201 
END
