0.0019666193 -1.7187365774 1.3469525636 -0.0039497930 -1.2689472185 1.3453776488 
11 11
image_id_list 1 64 87 93 4 40 42 43 50 59 49 
line_id_list 82 161 173 42 19 18 22 86 112 101 123 
line2d_list
0.9724349976 185.3057556152 196.9856262207 182.1166687012 
0.8527125120 99.6828002930 135.0783843994 128.6366119385 
19.9826049805 264.4262390137 68.9981842041 262.9401245117 
0.6440861225 171.6123352051 79.1240158081 151.4835205078 
0.7037574649 175.4090728760 163.4176177979 93.8382797241 
15.0279769897 280.2761840820 52.1534957886 276.5151977539 
97.8922805786 83.5767822266 279.9844360352 69.7942733765 
621.9647827148 223.9897460938 669.0122070312 222.3503265381 
377.0219421387 61.6193695068 522.0588378906 69.9791183472 
0.9783024788 146.8522338867 18.0181770325 147.2860565186 
759.9746704102 138.1106414795 799.2079467773 147.0915374756 
node_id_list 1702 1703 1704 1705 3610 12097 12098 12099 12100 12101 12300 
score_list 2.8187462609 5.3313999231 3.0043981786 3.4737466472 4.6131849316 5.3004713691 4.1223570429 0.9966267669 4.2822354443 2.7423339995 1.9303229702 
line3d_list
0.0024812759 -1.9273308814 1.3475401018 -0.0064248364 -1.2618950686 1.3451250328 
-0.0028503086 -1.5235968395 1.3460882456 -0.0043794012 -1.2712486737 1.3455171074 
-0.0120100498 -1.4132396144 1.3458358042 -0.0099818634 -1.2690260982 1.3455103193 
-0.0027963001 -1.5322053484 1.3461077298 -0.0039884439 -1.2695607196 1.3455134133 
0.0061470802 -1.7107864469 1.3477683015 -0.0003283971 -1.2677321998 1.3460760162 
-0.0061282047 -1.4163813389 1.3458447588 -0.0021011542 -1.2811084416 1.3455401207 
0.0264208015 -1.7232796046 1.3520532556 -0.0100272840 -1.2790419693 1.3435629983 
-0.0095648046 -1.4158305477 1.3452905013 0.0039625602 -1.2706700482 1.3456467590 
-0.0105736081 -1.7189042041 1.3461883635 -0.0042809980 -1.2784280068 1.3451743801 
-0.0134798789 -1.3116547944 1.3445536166 -0.0072388321 -1.2731574004 1.3451967349 
-0.0007068114 -1.4288733366 1.3458580577 0.0008946351 -1.3335906360 1.3458383931 
END
