-0.1471441922 -1.0155864846 0.3235132368 -0.1527356054 -1.0168446203 2.1237369614 
34 25
image_id_list 9 10 17 17 19 20 31 37 37 76 76 84 84 86 86 96 98 98 45 45 46 58 58 99 11 15 50 59 57 16 18 59 65 82 
line_id_list 164 98 29 121 133 97 123 101 123 56 95 80 86 40 58 113 28 45 51 73 222 127 182 113 222 189 46 94 152 205 281 88 145 135 
line2d_list
645.9585571289 139.9846343994 641.5468139648 439.0228271484 
586.7380981445 85.9502792358 523.4687500000 419.2787780762 
163.9461517334 3.0127744675 224.9690246582 260.2445678711 
229.1943969727 277.9536132812 240.6226196289 325.8514404297 
716.3710327148 36.9118499756 667.4164428711 386.1985168457 
724.2925415039 51.9152450562 678.3647460938 435.2832946777 
647.5432739258 90.0377731323 657.2131347656 462.9944763184 
534.7874145508 35.0006752014 534.5474853516 313.9996032715 
534.6921386719 321.9995422363 534.6701049805 384.0002441406 
584.5737915039 0.8933845758 562.6702880859 293.9006042480 
562.5108642578 299.8810119629 556.8231201172 371.0657653809 
709.4285888672 0.8502110839 684.4544677734 262.8526916504 
684.0531616211 270.9054565430 676.9455566406 342.0943908691 
589.3671875000 338.9788208008 587.3582763672 399.0454406738 
599.7589111328 7.0239300728 589.7338256836 324.9600830078 
795.1302490234 59.6395339966 738.7839965820 508.2240905762 
777.9840087891 55.1585578918 724.5515747070 386.7666015625 
722.1373901367 401.8604125977 710.6091308594 473.0985717773 
659.1040649414 1.0193589926 587.1757812500 387.6606445312 
583.7641601562 405.7698974609 568.4375000000 488.0814514160 
184.2575378418 1.0821541548 231.2595062256 425.8606262207 
176.4462127686 34.0027809143 174.3948822021 362.9899902344 
174.0498962402 378.9970092773 173.8300170898 449.0025939941 
514.2886962891 145.9390106201 487.7702636719 455.2375183105 
157.2609863281 0.9173109531 166.8786468506 263.8947143555 
466.5803222656 0.9199110866 473.4699707031 222.8923034668 
635.7406616211 0.5435300469 581.1548461914 390.3017883301 
122.5163345337 0.9763200879 138.7612915039 355.1943969727 
800.3476562500 235.3475952148 746.3103637695 444.8538208008 
798.6438598633 266.0714416504 795.8545532227 291.2058105469 
308.6305847168 0.9561211467 329.5016174316 300.8955078125 
140.1169891357 384.9947204590 144.0343627930 471.9984436035 
269.4801330566 1.2836207151 284.7209777832 136.6937408447 
777.4846191406 0.6065523028 752.4240722656 288.2112121582 
node_id_list 5846 5847 5848 5849 5850 5851 5852 5853 5854 5855 5856 5857 5858 5859 5860 5861 5862 5863 6437 6438 6439 6440 6441 6442 7001 7002 7003 7004 8664 8857 9200 9201 12767 13485 
score_list 8.3305857358 10.4692474994 7.9355755209 7.8474031708 9.1495864208 10.7076713483 9.6510902825 10.3362082590 10.8096260243 11.2134399905 11.1298279247 8.9983842146 9.9510849472 8.8957249924 9.9343497359 7.6461033101 9.5783237035 10.8231518030 8.6009424870 9.0117681701 9.2840784596 5.7134268517 6.0153810676 10.1319682385 8.0871646235 10.0657065214 4.3076143900 5.9569535387 2.2000791815 0.9960224650 8.8755276212 6.3065268546 5.0517057785 2.5631832211 
line3d_list
-0.1448795132 -1.0155357297 2.0730358578 -0.1479139431 -1.0157262086 0.3354840302 
-0.1508052749 -1.0158715521 2.0842159756 -0.1473846501 -1.0156961768 0.3378655340 
-0.1421245586 -1.0151864057 2.0588774081 -0.1319478503 -1.0134518939 0.7594273339 
-0.1304247132 -1.0131633601 0.6566647326 -0.1261612890 -1.0123558415 0.3686456872 
-0.1422757803 -1.0130751142 2.0950148128 -0.1433705285 -1.0149091721 0.3390413309 
-0.1500639310 -1.0158294850 2.0878911423 -0.1426163562 -1.0154258439 0.3388572331 
-0.1626165495 -1.0192429237 2.1170001810 -0.1581205320 -1.0182975125 0.3333502499 
-0.1553366266 -1.0165817248 2.1237290664 -0.1478009425 -1.0157627933 0.7322435106 
-0.1492798973 -1.0150856814 0.6879959115 -0.1479460759 -1.0147417528 0.3399892825 
-0.1514584931 -1.0171619346 2.0311782348 -0.1428855824 -1.0157659340 0.7299263743 
-0.1425944516 -1.0143826926 0.7005297045 -0.1492205811 -1.0164948288 0.3347553280 
-0.1504746051 -1.0170937436 1.7990956662 -0.1522928700 -1.0171926283 0.7209047614 
-0.1478669374 -1.0153001832 0.6845369429 -0.1549407992 -1.0172020791 0.3308545845 
-0.1433532349 -1.0145780320 0.6667601444 -0.1444211146 -1.0149625848 0.3482060067 
-0.1506014207 -1.0164842267 2.1936546873 -0.1439300684 -1.0150242608 0.7387254462 
-0.1548694260 -1.0174712322 2.0190919764 -0.1537486978 -1.0172950903 0.3328835569 
-0.1387414595 -1.0161068712 2.1224816639 -0.1352935643 -1.0151161249 0.7447484098 
-0.1496593570 -1.0158215823 0.6722738698 -0.1503898863 -1.0158665362 0.3390251528 
-0.1518944149 -1.0167845619 2.1132056857 -0.1467264683 -1.0156654888 0.7382167173 
-0.1518158596 -1.0159790288 0.6661257578 -0.1509094620 -1.0157779056 0.3365960452 
-0.1490806467 -1.0166577623 2.0410903887 -0.1411638295 -1.0155270108 0.3371901169 
-0.1568782543 -1.0173463238 2.1377462084 -0.1457779701 -1.0151450851 0.7451566647 
-0.1532317823 -1.0164719104 0.6707792095 -0.1485303128 -1.0149425600 0.3492318833 
-0.1476584242 -1.0159473128 2.0725925042 -0.1505144692 -1.0159362920 0.4038339779 
-0.1424451525 -1.0164057960 1.4325406243 -0.1778978842 -1.0193095003 0.3201722954 
-0.1419399135 -1.0139356020 1.4379434243 -0.1924091103 -1.0267906258 0.3140233527 
-0.1536434993 -1.0193094326 1.5297350118 -0.1674661882 -1.0167300375 0.3234493184 
-0.1354056413 -1.0162559119 1.7279409508 -0.1562818891 -1.0159983353 0.7292759280 
-0.1284941862 -1.0152397993 1.3934849035 -0.1864090707 -1.0200199129 0.3248769365 
-0.1561865159 -1.0161939039 0.4569766802 -0.1433813851 -1.0154692530 0.3352464933 
-0.1048325318 -1.0133010436 1.6106135812 -0.1633191904 -1.0158955854 0.3293839973 
-0.1494406881 -1.0158656994 0.6352996156 -0.1569010534 -1.0160255082 0.3373063295 
-0.1765660248 -1.0188694355 0.7214233926 -0.1645432070 -1.0164556802 0.3238639849 
-0.1284114458 -1.0152975996 1.7379781687 -0.1667784268 -1.0166657357 0.3268821388 
END
