0.8447748172 -1.6557022550 0.4383890411 0.9737224111 -1.7518811061 0.4398362708 
6 6
image_id_list 9 10 19 60 82 57 
line_id_list 152 112 128 101 98 138 
line2d_list
461.0553588867 450.4612426758 432.9796447754 453.8302612305 
330.0451660156 419.0940246582 291.9861755371 420.6649475098 
465.0233459473 391.3091125488 434.9681396484 393.5777282715 
675.0597534180 486.4173583984 641.9973144531 483.0259094238 
550.0733032227 307.4734802246 514.9856567383 312.9073791504 
521.9104003906 409.7507019043 494.0683593750 406.4273681641 
node_id_list 5793 5794 5795 5796 5797 13023 
score_list 1.8537825966 0.6448080573 0.5552612651 2.6886100639 0.8139780951 3.3140878993 
line3d_list
0.8381823156 -1.6646097685 0.4338098170 0.9713710530 -1.7554172339 0.4377639822 
0.8282787565 -1.6436981793 0.4375543307 0.9643432928 -1.7560505812 0.4360080679 
0.8427393407 -1.6677167272 0.4339451079 0.9695458824 -1.7541728411 0.4377097957 
0.8866478464 -1.6745312511 0.4433771530 0.9774388979 -1.7491259241 0.4416101637 
0.8136064377 -1.6524857474 0.4317591464 0.9744070517 -1.7496528612 0.4400886127 
0.8475205088 -1.6774992024 0.4317940278 0.9861704949 -1.7350553671 0.4489086420 
END
