1.9760858618 -0.0013570876 1.0021333182 1.9769525552 0.4359248638 1.0029250768 
9 8
image_id_list 10 11 46 15 17 58 66 17 99 
line_id_list 200 141 175 123 43 187 89 117 106 
line2d_list
757.6376953125 568.0308227539 799.1349487305 582.6159667969 
493.0163269043 532.7296752930 798.9874877930 551.2072143555 
735.9533691406 497.4508666992 799.0925903320 492.0906982422 
548.9625244141 334.2159118652 799.0623168945 377.6410217285 
589.6370849609 306.4607238770 732.2001953125 272.8491210938 
699.9405517578 493.1179199219 799.0297851562 486.4424743652 
799.5927124023 65.7251205444 728.7192993164 123.6565704346 
720.0383300781 278.1618041992 589.0487060547 309.2055053711 
675.6873168945 478.7227478027 799.1572875977 501.1333007812 
node_id_list 6636 6637 6638 6917 6918 6919 8924 8958 12576 
score_list 0.9285970243 3.9331872751 2.6515080471 0.8366168093 1.5406251841 0.7100807670 1.8968815010 1.5400051050 0.9909551084 
line3d_list
1.9754421695 -0.0013550140 1.0016926864 1.9770272769 0.0682711549 1.0023897976 
1.9759198094 0.0034424334 1.0019907459 1.9753544050 0.4944287433 1.0013104283 
1.9759272238 -0.0029960814 1.0019996672 1.9758398294 0.0728954762 1.0018945108 
1.9753537533 -0.0016031837 1.0016693361 1.9801030653 0.4244445721 1.0046870857 
1.9796532888 0.0068311351 1.0058475885 1.9783906901 0.4741596085 1.0044515477 
1.9720943176 0.0029494995 1.0008670778 1.9767537195 0.2188566771 1.0029642622 
1.9788521730 0.3054674110 0.9985731014 1.9780086444 0.0227444623 0.9981790341 
1.9747057279 0.4359438048 0.9949235909 1.9742346418 0.0076501718 0.9952385603 
1.9753577908 -0.0012409944 1.0016719015 1.9777510724 0.2134537394 1.0031926112 
END
