-0.1345042970 -0.9445519854 0.3436410011 -0.1687509180 -0.3568833292 0.3259590943 
5 5
image_id_list 4 47 59 90 74 
line_id_list 214 207 220 262 270 
line2d_list
349.3605651855 317.4926757812 408.8553466797 254.8625793457 
124.1565017700 323.0823364258 256.0330200195 265.0751037598 
143.8365478516 473.5962524414 315.9482421875 453.5554504395 
395.7738037109 403.8419494629 518.0031738281 391.0300903320 
16.2624015808 439.7028503418 107.5134658813 370.6788024902 
node_id_list 3852 3853 3854 3855 12659 
score_list 7.9375712907 2.8672649423 5.0646927256 6.9855596192 6.9866808432 
line3d_list
-0.1361151499 -0.8304499050 0.3458264176 -0.1844487134 -0.3465044425 0.3155621243 
-0.1144245912 -0.9466839170 0.3553891273 -0.1789487048 -0.3575839496 0.3224248088 
-0.0954920900 -1.0158411128 0.3640418242 -0.1873910804 -0.4511596514 0.3159602316 
-0.1434468496 -0.9450963841 0.3428676762 -0.1867874743 -0.3374144099 0.3142220350 
-0.1305832364 -0.9087586597 0.3476189845 -0.1718912397 -0.5093144355 0.3198054750 
END
