0.0056971698 -2.5423995994 1.3273562687 0.0097474101 -1.2785246245 1.3279951430 
58 58
image_id_list 0 1 3 4 17 39 45 85 93 32 46 58 64 79 87 8 40 43 50 76 81 95 96 98 11 42 6 19 20 31 90 99 9 10 14 15 16 23 33 34 37 38 82 84 86 97 57 21 49 51 60 18 41 53 77 80 88 56 
line_id_list 169 83 17 17 33 170 104 32 81 15 78 134 150 37 160 142 7 17 56 24 11 92 50 96 92 28 93 76 51 31 134 104 43 130 17 33 25 136 33 90 29 106 20 29 33 42 120 101 85 96 38 222 10 109 24 118 117 110 
line2d_list
0.6132584214 134.4002227783 150.7594909668 175.8707733154 
0.9640240073 192.6296691895 193.0416564941 187.5869750977 
395.9710998535 125.4533615112 688.9746093750 131.2769012451 
0.0668742880 188.1897583008 163.4898223877 103.9502410889 
0.6441900730 193.9333648682 144.2093353271 169.2158660889 
303.9032287598 254.6432495117 397.7354431152 268.7587280273 
231.7932891846 175.4284057617 535.7943115234 219.4212341309 
43.0927925110 194.5580291748 323.1640625000 147.9865722656 
0.5392020345 179.2838897705 79.3046112061 158.1344299316 
303.0375366211 236.1090698242 521.0585937500 228.7311706543 
0.9261306524 204.7718200684 124.0820693970 197.3645782471 
0.9369143844 225.7865905762 102.9509582520 229.3887786865 
0.7860853672 110.0358200073 127.7409896851 136.2541809082 
203.9594879150 122.8736572266 497.9301147461 136.5069885254 
0.9429778457 271.3989562988 64.0410156250 269.1516723633 
201.7851867676 207.9445343018 427.6991271973 259.3229370117 
0.7992835045 288.2958984375 52.1469879150 282.2479553223 
319.0691223145 244.4761352539 664.0619506836 228.3238067627 
156.9386291504 56.0617980957 518.9431152344 76.9843826294 
262.9537658691 158.3166046143 507.9324951172 166.9219360352 
434.1239318848 146.1538085938 702.1469116211 117.3678970337 
393.7788085938 199.3766021729 753.8031005859 257.2254333496 
420.8252868652 228.5514984131 679.8067626953 257.7159118652 
415.8051757812 219.7928619385 672.8128662109 247.7220611572 
0.8519534469 17.2043266296 70.0357666016 25.7090206146 
0.8690323234 99.0898818970 277.0789489746 80.1515045166 
528.0806884766 0.2683094740 605.9059448242 8.8527030945 
429.8692016602 178.3284912109 629.8018798828 198.0122833252 
403.9162902832 208.8871459961 631.8680419922 230.3980865479 
388.0176696777 267.7165832520 585.0457763672 262.8559875488 
0.9974548221 177.6788024902 328.0020141602 177.0488586426 
254.9176635742 264.9692382812 444.9057006836 281.1098937988 
413.9658508301 268.4609069824 588.9637451172 272.5519104004 
298.7933044434 193.0943298340 498.6518859863 230.8430328369 
610.0473632812 74.5753021240 799.1644287109 58.9958801270 
201.0293426514 35.3762512207 403.0440979004 31.0688095093 
497.0238342285 89.5867691040 734.0390625000 79.9625167847 
740.8927612305 4.7550683022 799.2770996094 13.0493736267 
442.0725708008 255.3951873779 645.0954589844 244.8352355957 
679.9709472656 18.2234745026 799.0225219727 21.0513858795 
252.0091400146 208.5597839355 478.0304870605 204.8663177490 
517.6974487305 229.6364898682 799.2431640625 281.6847534180 
492.0148315430 101.0264205933 701.0289916992 98.0055236816 
364.9940795898 127.1140670776 623.9920654297 128.4915466309 
290.9917297363 207.4461669922 530.9895629883 208.8199310303 
622.8630371094 265.4199523926 799.1517333984 282.4273986816 
520.8164062500 197.9564819336 727.6804199219 237.6649169922 
684.7736816406 100.1907043457 799.3845825195 121.9766921997 
386.6735839844 59.4078330994 799.4376220703 155.1126251221 
702.7285766602 158.9818267822 799.2464599609 172.2003021240 
701.9195556641 236.6152038574 799.0770263672 241.4527130127 
0.9997217059 84.4711761475 238.0002593994 84.4280319214 
244.0928192139 232.9781188965 381.0928039551 219.9781341553 
637.7866210938 222.5813293457 799.2207031250 244.3641510010 
592.9855346680 162.8023223877 799.0267333984 166.5158386230 
712.7655029297 179.5609283447 799.2182006836 192.5474395752 
565.5570678711 213.3629302979 799.5213012695 289.3958129883 
783.8589477539 182.6233062744 799.0914916992 183.9469146729 
node_id_list 1127 1128 1129 1130 1131 1132 1133 1134 1135 1706 1707 1708 1709 1710 1711 2829 2830 2831 2832 2833 2834 2835 2836 2837 3606 3607 4080 4885 4886 4887 4888 4889 5356 5357 5358 5359 5360 5361 5362 5363 5364 5365 5366 5367 5368 5369 6485 8166 8575 8722 8723 8915 9396 9397 9398 9659 9660 13009 
score_list 7.8166785826 11.2308612319 13.0970448392 10.1429603981 12.2784059692 10.0245625922 15.3213412527 13.3204972142 10.1034408723 13.1859169338 13.6685099389 13.8878445157 12.1700627150 13.4762257269 8.3478186443 11.7072721117 11.7804211701 16.0483561796 11.0510870786 13.1774500523 12.5027742189 13.1898698831 15.9303906031 12.4592458881 10.5606320444 11.0526315569 5.8219677708 11.4018869466 15.2656158785 12.5577251514 7.9811016372 17.7547810597 12.9989681741 10.9802973733 10.7155184254 9.5395513465 14.8318572951 8.5996704665 12.2953325455 8.9412836763 12.4025409570 15.6089246600 9.5903852199 14.2317704693 10.9543263052 11.0750765888 11.5542428387 9.0397792396 14.3476790810 6.5244296181 9.5368896199 11.7029865685 10.5136254118 8.2485133178 13.1463387925 9.1012036424 10.0940957011 0.7537160489 
line3d_list
0.0161925620 -1.8890759003 1.3290966300 0.0174073690 -1.2911290389 1.3293734042 
0.0054745415 -1.9293088818 1.3266090479 0.0022625243 -1.2832837773 1.3271247504 
0.0119070037 -2.5241238428 1.3284016116 0.0134266608 -1.2871750597 1.3287455723 
0.0079868688 -1.7260452930 1.3272201826 0.0085741903 -1.2859447629 1.3273075668 
0.0245463831 -1.9340851423 1.3296769367 0.0123814831 -1.2827755468 1.3289088575 
0.0019800805 -1.7795145804 1.3279267543 -0.0036670145 -1.2860203567 1.3280332633 
-0.0064241861 -2.5361112372 1.3265952429 0.0000278584 -1.2841514496 1.3272479635 
0.0087881450 -2.5253986025 1.3278363069 0.0174677095 -1.2823064742 1.3293841907 
0.0119182401 -1.5474202794 1.3278148113 0.0161863746 -1.2886200102 1.3288649348 
-0.0022980908 -2.5240689735 1.3272267921 0.0090418001 -1.2780474738 1.3286331434 
-0.0064033097 -1.7423678540 1.3264349441 -0.0037372175 -1.2892737877 1.3269419018 
-0.0061974808 -1.6489624286 1.3264999077 0.0103781569 -1.2812706840 1.3285691351 
-0.0072320683 -1.5224883267 1.3260305163 -0.0046005942 -1.2833809144 1.3266798163 
0.0107090602 -2.5205888371 1.3280593964 0.0061491507 -1.2831293849 1.3280818497 
0.0023586090 -1.4689672846 1.3272184988 0.0088932624 -1.2879259950 1.3274270119 
0.0217750257 -2.5195507850 1.3299513212 0.0242416070 -1.2834976368 1.3308129321 
0.0147310956 -1.4599428831 1.3283306111 0.0072303695 -1.2809721345 1.3280235674 
0.0129570919 -2.5217115804 1.3286163629 0.0132980173 -1.2859834669 1.3287193036 
0.0015337542 -2.5296471845 1.3266893375 0.0010390287 -1.2841197138 1.3267878099 
0.0052914795 -2.5224625631 1.3276755277 0.0056274172 -1.2836901475 1.3280447756 
-0.0022183980 -2.5289713615 1.3267041924 0.0004731184 -1.2834856727 1.3270562802 
0.0100696788 -2.5214084442 1.3284043600 0.0121718027 -1.2830611585 1.3286367902 
0.0116216661 -2.5236962652 1.3287599258 0.0114482499 -1.2809019646 1.3290429053 
0.0010497838 -2.5240241451 1.3277418663 0.0062053115 -1.2847780774 1.3281985639 
0.0148666032 -1.5206920926 1.3286324405 0.0045967155 -1.2879199237 1.3279706639 
0.0091583229 -2.0393446073 1.3272676602 0.0084675247 -1.2818270326 1.3273006450 
0.0129294865 -1.4199108918 1.3275938335 0.0072250514 -1.2843724747 1.3272146392 
0.0067288545 -2.5219968392 1.3282627259 0.0079295953 -1.2800405184 1.3289851658 
0.0010319291 -2.5283159228 1.3277402846 0.0062056451 -1.2846978851 1.3281985934 
-0.0041798009 -2.5306813922 1.3269390777 0.0102331951 -1.2792389253 1.3288167687 
0.0194022311 -2.2817088112 1.3293049658 0.0405297102 -1.2960627308 1.3316228230 
-0.0045263538 -2.5332939472 1.3269778006 -0.0011151772 -1.2894826762 1.3275660566 
0.0017572575 -2.5269567868 1.3278515107 0.0152073807 -1.2815885488 1.3295827086 
-0.0095242758 -2.5356665379 1.3269196609 -0.0025545837 -1.2848889858 1.3281208071 
-0.0004000232 -2.5305235978 1.3267283956 -0.0089194144 -1.5411812644 1.3267733111 
0.0079551363 -2.5276926297 1.3271506795 -0.0041717334 -1.2857609315 1.3275259389 
0.0142458777 -2.5167647748 1.3289229363 0.0167208846 -1.2798766227 1.3293673819 
0.0039809402 -2.5264816871 1.3273992566 0.0017530789 -2.1802920955 1.3275709670 
-0.0105284769 -2.5449062073 1.3259661666 0.0036712575 -1.2840608616 1.3278084930 
0.0044234951 -2.5258324913 1.3268954126 0.0089884810 -1.8547973421 1.3284925223 
0.0131287562 -2.5195605300 1.3290192136 0.0038865510 -1.2813439907 1.3277470600 
0.0083550866 -2.5251404552 1.3285587101 0.0118356938 -1.3331542814 1.3290543847 
-0.0040628155 -2.5329566885 1.3277932393 0.0248656020 -1.2750686461 1.3298693676 
0.0191826866 -2.5168570697 1.3290738130 -0.0059287957 -1.2873056364 1.3273073998 
-0.0101597455 -2.5319668461 1.3269014524 0.0136249479 -1.2838442056 1.3277697942 
0.0033455678 -2.5233203255 1.3282510858 0.0139052526 -1.5835018730 1.3291224984 
0.0116214498 -2.5221459643 1.3287602788 0.0114480630 -1.2795624639 1.3290432103 
0.0000098869 -2.5352151771 1.3267672924 0.0069424439 -1.8912021754 1.3281172578 
-0.0020895177 -2.5307882176 1.3267017308 -0.0024979659 -1.3256574134 1.3268075384 
0.0138038687 -2.5137087179 1.3282478570 0.0158465399 -2.0892173262 1.3288702219 
-0.0108600712 -2.5420674870 1.3259143784 0.0033407188 -1.9575872668 1.3279405273 
0.0194067763 -2.2108684401 1.3291468048 0.0238964200 -1.2785709130 1.3298671352 
0.0083297795 -2.5228090542 1.3271579221 0.0015336315 -1.6259468129 1.3274556982 
-0.0035382424 -2.5431687620 1.3261573019 -0.0017875961 -1.7987281436 1.3266445899 
0.0043611571 -2.5268278349 1.3272358660 0.0179963939 -1.8777294408 1.3293001243 
-0.0092698981 -2.5423506947 1.3254947639 0.0074153198 -2.1596891807 1.3279518658 
0.0043939479 -2.5277060121 1.3274213158 0.0139950960 -1.5827537743 1.3287674177 
0.0061192552 -2.5271696125 1.3268452938 0.0035190127 -2.4768067048 1.3264032674 
END
