-0.1268371035 -1.0175853961 0.3493243709 -0.1337493459 -0.2525464770 0.3373427587 
22 22
image_id_list 3 45 76 98 6 40 50 65 96 8 58 86 87 18 19 20 81 82 43 84 62 64 
line_id_list 211 188 204 200 174 73 192 181 209 242 281 215 317 319 223 235 162 217 197 252 163 233 
line2d_list
717.0308227539 331.7284851074 799.0553588867 333.7175292969 
569.1235961914 487.5518493652 743.7996215820 535.7266235352 
557.2510375977 370.1201477051 720.8707885742 391.9677429199 
710.9862670898 473.0525512695 799.4843750000 496.1435546875 
711.5700683594 472.9609680176 799.3436889648 512.2318725586 
203.8583068848 501.5445556641 235.0518951416 500.2654418945 
583.1124877930 389.4915771484 724.0709228516 420.6795349121 
307.9628295898 139.3718261719 434.0028686523 151.9711608887 
739.0178222656 507.0675048828 799.6547241211 528.1137084961 
439.6517944336 437.2572326660 571.4511108398 473.7605285645 
173.9671173096 450.0433349609 342.9350891113 448.1638183594 
587.1203002930 399.8570861816 736.2576293945 415.5521240234 
158.7012176514 508.6326599121 308.5393066406 475.8916625977 
329.0342407227 300.4696655273 488.9318542480 304.0460510254 
667.3646240234 385.6019592285 799.0159301758 419.9388732910 
678.6810913086 434.3600769043 799.3864746094 465.5020446777 
770.9943237305 320.2180175781 799.0535888672 320.9524230957 
751.3455810547 286.8553161621 799.2302856445 294.5707702637 
750.9729614258 479.2542419434 799.1726684570 484.3746337891 
677.2104492188 340.5598144531 799.3779907227 358.4134216309 
571.6628417969 230.8221130371 690.2258911133 279.4492492676 
192.9921569824 529.3595581055 341.0089416504 532.5900268555 
node_id_list 3513 3514 3515 3516 4205 4206 4207 4208 4209 5105 5106 5107 5108 9215 9330 9541 9542 9543 12347 12543 12782 12783 
score_list 4.1814801714 4.5007308274 3.3986272463 4.2744653914 9.1726458804 6.9016123198 7.2524313752 8.8920397184 7.8269014092 3.9992425384 3.7806741481 2.5976696608 4.2164754858 6.9302860044 2.2918974894 5.9296217632 2.8320989945 1.9371051487 7.0299336186 5.0337802597 10.0209146228 5.4137583462 
line3d_list
-0.1506111533 -0.9050072820 0.3384899190 -0.1224851809 -0.5077203143 0.3450364217 
-0.1682033928 -1.0143555116 0.3324978401 -0.1324266606 -0.4030616668 0.3394860591 
-0.1625116817 -1.0159216970 0.3350725814 -0.1267679683 -0.2756508799 0.3401364876 
-0.1511033583 -1.0144377235 0.3394041940 -0.1155303808 -0.6695498883 0.3492661794 
-0.1238444150 -0.9415763311 0.3503724223 -0.1242092711 -0.7589986355 0.3480548017 
-0.1393371646 -1.0127677331 0.3455742392 -0.1225064999 -0.8795672063 0.3510157736 
-0.1237139451 -1.0068648375 0.3512011872 -0.1245719039 -0.5775334492 0.3457513032 
-0.1254152556 -0.9353198684 0.3494651258 -0.1411343053 -0.5694300816 0.3368581539 
-0.1377263013 -1.0133063288 0.3464388050 -0.1216187633 -0.7975134818 0.3493617231 
-0.1257979715 -0.9994336763 0.3528565859 -0.2274641676 -0.2132346894 0.2912090058 
-0.1275506378 -1.0132655477 0.3520314814 -0.2325504247 -0.2282995369 0.2885969273 
-0.1350370783 -1.0154290549 0.3475939595 -0.2244678899 -0.3197401304 0.2982474817 
-0.1346502318 -0.9688547698 0.3487929636 -0.2424581176 -0.2543089166 0.2875236247 
-0.1146360551 -1.0089442734 0.3559621932 -0.2339398298 -0.2761544921 0.2935473507 
-0.1521555898 -1.0179767849 0.3389401129 -0.0723594108 -0.3822114695 0.3646292291 
-0.1629387938 -1.0183077784 0.3349164362 -0.1275202778 -0.5018715842 0.3431484419 
-0.1506891039 -0.9993490883 0.3392325838 -0.1507006816 -0.8834214572 0.3362272832 
-0.1631627482 -1.0215732511 0.3348643845 -0.1472296061 -0.7892526401 0.3385675807 
-0.1533410183 -0.9903335203 0.3381691989 -0.1234341901 -0.8392731675 0.3475282195 
-0.1678072691 -1.0177598885 0.3331429455 -0.1465442416 -0.5177364526 0.3355028911 
-0.1310401752 -0.9254964118 0.3448959421 -0.1290495859 -0.5809635336 0.3439102571 
-0.1148134754 -0.9939548058 0.3534844062 -0.1329754269 -0.5761217382 0.3413166313 
END
