0.2541313766 -0.8891407886 0.0032237947 0.6242195064 -0.5201305472 0.0111113963 
11 7
image_id_list 18 85 47 50 62 65 62 62 65 65 66 
line_id_list 117 175 156 62 24 28 23 8 143 109 2 
line2d_list
419.6376647949 463.1082153320 392.9710083008 444.0405578613 
546.8952026367 448.3220520020 521.0302734375 439.9070129395 
261.0190124512 446.2879943848 289.0290222168 444.4397583008 
588.4241943359 558.6217651367 622.8007812500 597.1776123047 
520.9307861328 498.2233276367 499.7989196777 397.0419921875 
302.3213500977 315.7305603027 363.7761535645 389.0261230469 
501.8136901855 398.0405883789 541.9001464844 582.0217285156 
539.2434692383 581.1655273438 521.5505981445 500.3171997070 
366.0495910645 391.8593444824 414.0060729980 444.8986816406 
416.4547729492 443.5934143066 367.8558654785 389.2348327637 
183.0013580322 287.0629577637 103.9949874878 288.7676391602 
node_id_list 9092 9093 12644 12645 12646 12647 12769 13147 13148 13151 13244 
score_list 3.1831808392 1.8084637984 2.9779607342 0.8483068827 1.8214317803 3.1492970639 2.5598445925 2.6281715187 2.6842341699 2.8525683233 2.8569431918 
line3d_list
0.5485684197 -0.5698228938 -0.0125111095 0.4362497684 -0.6822238394 -0.0126698378 
0.5941228511 -0.5392062094 0.0004261194 0.5027469002 -0.6316596982 0.0011659366 
0.3498640839 -0.8018679851 0.0056283358 0.4147174272 -0.7381940702 0.0088483532 
0.2637357404 -0.8881210110 0.0109412863 0.3741753852 -0.7785534023 0.0099803369 
0.4793527735 -0.6735718202 0.0054660933 0.2588568479 -0.8941955247 0.0179822212 
0.2450495294 -0.8947513561 0.0003623042 0.4821944907 -0.6740661010 0.0114568601 
0.2492781757 -0.8940036437 0.0034352732 0.6230815193 -0.5184479286 -0.0040602962 
0.6273860538 -0.5231035476 0.0016238453 0.4827332992 -0.6694030511 0.0044120017 
0.4859427162 -0.6674752107 0.0053106968 0.6218908330 -0.5239478918 -0.0017050835 
0.6239321820 -0.5180018479 0.0091505534 0.4778534170 -0.6639907086 0.0066214195 
0.5933758789 -0.5485393451 0.0086215170 0.3959106301 -0.7458830638 0.0052027035 
END
