2.3810934710 0.0875763860 0.9149456851 2.8138655651 0.0847172706 0.9177518497 
4 3
image_id_list 29 67 67 68 
line_id_list 218 238 203 131 
line2d_list
236.1620025635 245.3170623779 153.3281097412 287.6421203613 
588.0236206055 306.0985412598 525.0145263672 304.4461059570 
521.0396728516 304.1664733887 441.9806823730 300.4058227539 
626.2865600586 35.9123191833 399.3717346191 107.1835479736 
node_id_list 11440 11441 13330 13331 
score_list 2.1763409824 3.9819398966 4.9338157055 0.7884757231 
line3d_list
2.8138257956 0.0812664935 0.9203692820 2.3366455485 0.0994508522 0.9080990123 
2.8252433470 0.0831764659 0.9189055698 2.6340821553 0.0894193122 0.9141629238 
2.6209175603 0.0856177757 0.9157384273 2.3810252758 0.0811891978 0.9189551693 
2.8298893720 0.0856161049 0.9172574443 2.0620155046 0.0852630883 0.9155114394 
END
