1.2308323009 -0.3945733200 0.8439417876 1.3351468512 -0.4898653088 0.8433532005 
5 5
image_id_list 5 27 28 69 29 
line_id_list 15 21 109 37 48 
line2d_list
455.4413452148 81.4149169922 367.4558715820 97.4944381714 
459.8958435059 562.6528930664 405.1699829102 592.3135986328 
65.1815719604 525.3862304688 8.9219598770 551.8339843750 
84.0501098633 461.8153686523 1.0562565327 466.9154663086 
95.6876602173 559.0503540039 1.2432773113 590.7254028320 
node_id_list 3864 3865 3866 3867 11413 
score_list 1.9147113467 2.5555119747 1.7602187214 2.7835169481 0.9847970080 
line3d_list
1.3390473560 -0.4908578685 0.8419155904 1.2316545861 -0.3936673252 0.8429942025 
1.3329036232 -0.4905862659 0.8449199846 1.2378731763 -0.3927173791 0.8392716493 
1.3330129584 -0.4868834923 0.8425655660 1.2324729961 -0.3923744472 0.8421798638 
1.3349581210 -0.4900733053 0.8435793319 1.2282067055 -0.3930245550 0.8444074321 
1.3396995345 -0.4875855864 0.8403778983 1.2375108100 -0.4073235213 0.8462479232 
END
