0.9921125022 -1.8065266064 0.5013270997 0.8457219945 -1.9226936416 0.5967840839 
3 3
image_id_list 0 1 3 
line_id_list 2 187 0 
line2d_list
94.5425872803 489.3738708496 39.6024513245 437.2565917969 
223.5316162109 585.3392944336 149.7897644043 542.8908081055 
616.5209350586 426.6023864746 565.2321166992 370.7867431641 
node_id_list 9 10 11 
score_list 6.1842677286 5.7183418669 12.3825142862 
line3d_list
0.9997236523 -1.8054307125 0.4982718472 0.8452797537 -1.9233130916 0.5953520302 
0.9977317471 -1.8095123419 0.5063111256 0.8437464156 -1.9257781799 0.5997468320 
1.0045883622 -1.7966264859 0.4931919549 0.8288111466 -1.9361131118 0.6078111550 
END
