3.7945711013 -0.8831258799 0.8920807362 3.7929566900 -0.6113736232 0.8932700117 
3 3
image_id_list 22 25 70 
line_id_list 8 127 4 
line2d_list
328.1595458984 76.9856491089 244.7549591064 90.4861450195 
430.0430908203 355.1475830078 350.9419555664 351.1475830078 
288.9726867676 144.0511016846 220.9714508057 146.0074157715 
node_id_list 9820 9821 9822 
score_list 3.6966419490 3.8922709977 2.8207538641 
line3d_list
3.7956721522 -0.8927224062 0.8918080284 3.7898770873 -0.6037130721 0.8939740059 
3.7946160215 -0.8906872447 0.8920476453 3.7929566900 -0.6113736232 0.8932700117 
3.7997502034 -0.8830901041 0.8909363761 3.7910329022 -0.6091655558 0.8937018918 
END
