0.3838672062 -1.4766926685 0.1769453872 0.2943224593 -1.4544018439 0.4569039510 
28 28
image_id_list 9 10 14 15 16 17 19 20 31 33 37 38 76 84 86 96 97 98 11 18 45 57 58 82 99 41 46 43 
line_id_list 129 145 111 136 124 161 116 90 118 120 58 73 65 78 73 87 85 38 192 239 64 105 163 114 126 62 167 60 
line2d_list
530.8148803711 477.5549316406 540.9915771484 427.5909118652 
399.9842529297 450.2815246582 418.4585876465 398.4505920410 
761.7137451172 322.3780212402 778.4056396484 261.0221557617 
352.2047119141 276.7899475098 358.5319213867 222.7112426758 
650.8345336914 344.7252197266 664.3029785156 287.5998840332 
159.6016082764 418.2265014648 150.4001922607 361.4211120605 
541.3959960938 419.8121948242 557.0696411133 369.3998413086 
543.4234008789 480.8470153809 558.6715087891 423.3821411133 
520.7024536133 513.6230468750 530.8968505859 451.4908447266 
571.3967285156 527.5336303711 583.6358642578 459.2181396484 
430.6376953125 446.9614257812 436.9489440918 387.6752014160 
670.6174316406 578.0959472656 696.4448242188 510.0304260254 
436.9930419922 429.6365356445 448.2139892578 367.6765441895 
547.6178588867 404.9306335449 558.9277343750 342.6238403320 
474.7318115234 465.9639282227 483.2646179199 402.4978027344 
566.1092529297 556.7512817383 585.5752563477 487.0436401367 
770.7140502930 538.3051147461 788.6551513672 479.2871704102 
570.7063598633 520.9185180664 588.8787841797 455.4115600586 
9.9657583237 346.7204895020 16.6014060974 274.6869201660 
198.1096801758 391.8424377441 201.9232940674 321.8867797852 
403.5701293945 553.2519531250 429.3547668457 469.4935302734 
601.4094848633 456.7398681641 626.4566650391 405.2492675781 
31.3421058655 550.9122924805 42.0450782776 470.6061706543 
622.5842285156 331.3878173828 635.6904907227 279.6681518555 
363.5480651855 505.2858276367 379.8345642090 449.3692932129 
398.5224609375 510.7747802734 404.8995056152 440.6272277832 
78.7492599487 533.8873291016 82.9054718018 450.8451232910 
609.5145263672 598.9734497070 610.7652587891 528.9600830078 
node_id_list 5705 5706 5707 5708 5709 5710 5711 5712 5713 5714 5715 5716 5717 5718 5719 5720 5721 5722 6513 6514 6515 6516 6517 6518 6519 8632 9185 11860 
score_list 11.9365029977 10.5643864771 6.8177116161 14.5019661758 7.3157117548 11.5424080091 11.3318159469 16.5961078176 14.4966575252 15.3685920160 9.6834194260 9.2900033524 11.1465964788 12.2786862078 9.3013649254 10.5983991396 12.1079591059 14.2439347171 9.1561518724 7.9726481381 7.5031826067 7.3036997585 6.4033335936 7.2340691167 11.9850315655 12.4906624133 8.6181808159 9.7992986071 
line3d_list
0.3870886778 -1.4760879612 0.1775375212 0.2911097035 -1.4567519740 0.4493874829 
0.3866855129 -1.4743333276 0.1867226275 0.2864629992 -1.4596410389 0.4441631295 
0.3744633349 -1.4804273945 0.1742349248 0.3030772879 -1.4518083126 0.4594976811 
0.3800284835 -1.4781589217 0.1797597378 0.3084318161 -1.4499353427 0.4555127603 
0.3750700193 -1.4806837785 0.1795722429 0.3051702759 -1.4483883500 0.4528239920 
0.3856084684 -1.4761800407 0.1796906702 0.2815327928 -1.4603725615 0.4433855323 
0.3842656127 -1.4758396863 0.1845960095 0.2929261326 -1.4558589999 0.4444708951 
0.3796913994 -1.4772620795 0.1853838494 0.2890115304 -1.4571608530 0.4460476668 
0.3765821812 -1.4804230140 0.1696524840 0.3048508941 -1.4518313924 0.4555402083 
0.3811322306 -1.4770487488 0.1788382044 0.2949561737 -1.4541535366 0.4553431673 
0.3839005100 -1.4763804030 0.1820749058 0.2863908626 -1.4570334922 0.4568306655 
0.3803416297 -1.4768387023 0.1813749309 0.2966089524 -1.4545926460 0.4500400528 
0.3848328380 -1.4756334982 0.1839269412 0.2911190721 -1.4567538614 0.4493609472 
0.3838956075 -1.4754287680 0.1860716130 0.2892351210 -1.4576591861 0.4494523071 
0.3781874144 -1.4778857908 0.1825086286 0.2902988998 -1.4544673053 0.4647519272 
0.3850790774 -1.4745369166 0.1847412577 0.2939094095 -1.4567941273 0.4499250122 
0.3902242009 -1.4744337943 0.1808664037 0.2939380424 -1.4549926209 0.4469007690 
0.3851988700 -1.4753508458 0.1846031861 0.2931899220 -1.4559963635 0.4491416037 
0.3834964072 -1.4756030783 0.1815484153 0.2994650800 -1.4535823293 0.4531967225 
0.3935246369 -1.4735991100 0.1855394771 0.2823112228 -1.4572425978 0.4476513120 
0.3866027820 -1.4757244574 0.1799104129 0.2903117974 -1.4555038082 0.4491470704 
0.3840263449 -1.4767038938 0.1815246705 0.2711543599 -1.4629029189 0.4424511383 
0.3861279169 -1.4750775591 0.1821200259 0.2939267257 -1.4552573958 0.4477422050 
0.3766979724 -1.4802797574 0.1776445671 0.2935425952 -1.4547455544 0.4466007284 
0.4077903807 -1.4656248644 0.1863614030 0.2680202869 -1.4666864165 0.4398457971 
0.3837249799 -1.4756770074 0.1840351857 0.2938733984 -1.4549635241 0.4560642277 
0.4061386421 -1.4656340821 0.1894620256 0.2691807981 -1.4665910975 0.4404726544 
0.3990194803 -1.4716306820 0.1859718006 0.2970409352 -1.4663537383 0.3809916691 
END
