-0.0544290710 -1.9775177603 0.3567091150 0.1041245338 -1.6894270260 0.4469019061 
13 13
image_id_list 9 16 82 96 99 10 18 19 20 33 57 21 43 
line_id_list 255 213 220 186 232 243 312 231 231 185 204 181 176 
line2d_list
495.9451599121 416.5580444336 514.7791748047 414.2205810547 
603.0664672852 264.9559936523 632.0762329102 266.8030090332 
582.9539794922 263.7286987305 607.9212646484 262.8250427246 
515.0965576172 440.6809997559 553.5113525391 452.3110046387 
332.0176086426 437.1263732910 350.9294433594 434.4932861328 
370.0164794922 373.8905334473 393.2430114746 377.3846130371 
118.9810180664 302.1348571777 159.9832305908 301.2353820801 
507.9829101562 347.1663208008 530.1597290039 349.4465332031 
500.0212707520 394.8634033203 527.2941894531 399.1109619141 
557.0013427734 439.9824218750 534.0559082031 438.2565002441 
578.0183715820 378.9168701172 600.2577514648 383.8341979980 
747.9929199219 355.0148010254 716.5211181641 339.9139404297 
532.0845947266 476.4777221680 558.2089233398 480.7104492188 
node_id_list 6172 6173 6174 6175 6176 6686 6687 8867 9333 9538 9539 9724 12336 
score_list 3.9719424233 3.2363752914 3.2194557103 5.3505967449 4.3926999616 2.1330020216 2.8244446558 2.1586056783 4.5424646585 1.9559077978 3.8386250969 1.8416366579 2.6366528106 
line3d_list
-0.0617457599 -1.9382505730 0.3561037373 0.0899058506 -1.7245289799 0.4402229444 
-0.0651547264 -1.9576089212 0.3576072314 0.1008052044 -1.7062987181 0.4439973102 
-0.0802435431 -1.9612616719 0.3491517679 0.1185133585 -1.6988848190 0.4518169611 
-0.0835292857 -2.0063282317 0.3430579148 0.0802051774 -1.7137607915 0.4354716056 
-0.0537247487 -1.9345409907 0.3603572757 0.0801975259 -1.7402930263 0.4347842290 
-0.0368999858 -1.9230090902 0.3693760497 0.0786233283 -1.7165873043 0.4345787910 
-0.0472658928 -1.9617631800 0.3606638424 0.0939925800 -1.7031310640 0.4412723686 
-0.0294192580 -1.9248528084 0.3732064718 0.0799573738 -1.7241343418 0.4350759483 
0.0066112789 -1.8961003651 0.3867437362 0.1136791769 -1.6940404831 0.4486941200 
0.0257791860 -1.8070528604 0.4031783929 -0.0254704176 -1.9960123256 0.3648762200 
0.0287963828 -1.8913175856 0.3971505229 0.0819969458 -1.7241925339 0.4352379297 
0.0421081596 -1.7859034939 0.4121846642 0.0151477256 -1.9862569931 0.3828733258 
0.0514136083 -1.7600155553 0.4093087621 0.1620085037 -1.6482932265 0.4664660457 
END
