3.8836020750 0.0417089504 0.5156900356 3.9174506097 0.0445029663 0.5935965631 
9 7
image_id_list 22 24 24 25 26 35 70 35 68 
line_id_list 114 2 5 6 200 3 2 0 1 
line2d_list
-0.1606233418 242.4747161865 9.5388441086 266.1886291504 
226.9499969482 311.0511474609 228.8403930664 275.9375610352 
232.1995239258 274.0899353027 229.5045013428 310.0378112793 
215.3795013428 428.0299377441 217.2794342041 403.9431762695 
253.7687988281 324.9636230469 253.1058502197 310.9476928711 
465.1481323242 123.0225830078 460.7143554688 152.1088867188 
96.6851425171 227.0408935547 94.2247619629 208.1007080078 
459.5227355957 152.0769348145 463.8061218262 122.9714660645 
786.9602050781 101.5811157227 796.1886596680 78.6731491089 
node_id_list 10226 10227 10228 10229 10230 10231 10232 10577 10578 
score_list 3.5254038589 3.5096109599 2.2170655000 3.4949295222 2.5752514349 2.3386421791 2.6311965371 1.9210321410 1.5110197876 
line3d_list
3.9127560743 0.0431127454 0.5725857122 3.8873677388 0.0409291352 0.5152943031 
3.8846324893 0.0418226663 0.5199598154 3.9161845943 0.0446660776 0.5924053719 
3.9322489055 0.0416558794 0.5864882490 3.8964411510 0.0394327108 0.5139088663 
3.8833879505 0.0404842958 0.5053289341 3.9232652285 0.0434756964 0.5911070911 
3.8841351734 0.0406511074 0.5079996846 3.9194793923 0.0436910072 0.5877575758 
3.9234223713 0.0428919701 0.5939340211 3.8924311034 0.0419312004 0.5215692217 
3.8900993633 0.0417515917 0.5128655889 3.9165168555 0.0431640372 0.5925722780 
3.8963860006 0.0447175845 0.5172638039 3.9234636586 0.0462888996 0.5934850082 
3.8971317519 0.0468425741 0.5104004131 3.9286528344 0.0486283692 0.5864417555 
END
