-0.1053394512 -1.8410259005 1.0147097399 -0.0987390310 -1.8439161137 1.1054445780 
51 35
image_id_list 8 12 12 85 90 90 3 76 84 98 3 6 37 43 45 49 79 79 81 86 95 96 42 88 9 31 31 99 14 15 15 32 14 16 16 82 33 41 38 18 19 20 38 96 19 20 50 82 45 95 43 
line_id_list 222 87 203 254 26 202 3 208 232 211 172 119 204 165 154 86 15 135 159 214 138 185 124 41 277 82 211 230 197 82 208 276 28 113 222 139 177 93 13 306 92 125 178 144 244 199 160 245 1 5 15 
line2d_list
318.6092224121 286.1098937988 320.5622863770 275.2817993164 
81.6772003174 42.0901603699 86.4436950684 59.1553802490 
90.2415313721 57.6510353088 85.4469833374 40.5932846069 
218.1858520508 224.6258392334 214.3802947998 212.5644989014 
156.9191284180 238.9013977051 158.7562561035 256.0261535645 
162.8595123291 255.0157165527 160.9444122314 237.8943634033 
543.7133789062 177.8657379150 542.3497924805 190.9321441650 
397.6505737305 223.0924530029 397.0565490723 207.9977722168 
504.6283569336 189.0134277344 504.0830993652 173.9247283936 
545.8801269531 292.1235046387 546.6736450195 280.0442504883 
546.0494384766 191.1133575439 547.4835205078 177.8361968994 
379.3763427734 101.9759674072 377.7269592285 76.1451416016 
380.2472229004 259.2182006836 378.7150878906 246.9109802246 
505.6841430664 304.9315490723 504.1683349609 289.7830200195 
387.8024902344 271.0915222168 389.5300292969 255.9463958740 
578.5328369141 202.7915039062 584.2623291016 184.4569854736 
362.0868225098 179.9545135498 361.2843627930 196.0639801025 
365.4035034180 194.0061798096 365.4607543945 180.9932250977 
579.3812255859 191.0637817383 577.9111328125 176.8029937744 
424.4724426270 263.1238708496 423.4795227051 250.8800201416 
566.9623413086 303.2293395996 568.8474731445 287.0990295410 
555.3854980469 304.0010681152 555.3627929688 290.9976196289 
132.6960296631 184.1240844727 124.4764633179 163.9890594482 
719.3092651367 368.5639038086 724.6550903320 346.6716003418 
511.8139648438 314.1144714355 510.9255981445 304.9106750488 
494.8883666992 305.0527954102 495.5020446777 317.9761657715 
499.7754516602 320.8928833008 497.5692749023 304.9213562012 
359.0036010742 325.0000610352 359.1842346191 312.9877319336 
739.5945434570 121.0119857788 739.2678833008 109.9625167847 
317.8088073730 76.2124557495 320.0868225098 88.9845123291 
323.9652404785 90.2129898071 320.9974365234 75.7946929932 
424.1099548340 280.9961547852 423.7230834961 269.9396972656 
736.3087158203 109.9596862793 735.4849243164 124.0865936279 
620.0773925781 128.0108795166 620.2306518555 141.0090789795 
624.7870483398 144.0223999023 623.0891723633 127.8853988647 
601.0458374023 139.0162963867 601.2503051758 150.9957275391 
558.3999633789 308.2327270508 556.4447021484 294.7898559570 
369.7176818848 281.3107604980 366.4090576172 267.6585083008 
657.7081909180 304.7611999512 655.0404663086 319.1923522949 
123.2857208252 155.9130401611 117.2907943726 136.2158508301 
532.1977539062 226.9830932617 531.9652099609 238.0203399658 
521.4074707031 261.9702453613 520.8014526367 274.0402526855 
659.2558593750 318.2043457031 661.3938598633 305.0640869141 
551.4802856445 291.0647277832 552.0328369141 304.0411682129 
535.6923217773 240.0794982910 534.8938598633 226.9456634521 
525.2280273438 275.0578308105 524.1683959961 260.9124755859 
355.4693298340 166.2004547119 351.6345520020 136.9169006348 
605.1687622070 151.1779632568 603.9760742188 138.9051513672 
385.9765930176 255.8058013916 381.7383422852 278.1401062012 
565.2128295898 286.8464965820 560.6724853516 310.1311340332 
500.3911743164 290.0602722168 501.8814697266 305.1107482910 
node_id_list 1993 1994 1995 1996 1997 1998 2753 2754 2755 2756 3427 3428 3429 3430 3431 3432 3433 3434 3435 3436 3437 3438 4120 4121 5051 5052 5053 5054 6217 6218 6219 6220 8197 8198 8518 8594 8678 8679 8797 9206 9261 9262 9263 9264 9337 9338 9522 11831 12198 12200 12275 
score_list 10.0776920514 5.1577208646 6.7229150514 6.2630313095 5.8115540122 8.1195718090 15.1974972183 9.1208906994 6.6772018992 8.3910856971 16.0510001065 9.3630850089 6.8149126833 9.1823363005 5.9469467737 11.9799181700 4.7959716664 8.5339211479 10.3313199938 8.1787821051 7.8199434187 8.8204118602 6.6957991377 7.3841506216 6.7887248086 7.0261674246 8.3338094682 10.1424539656 3.6018242247 7.1321950393 9.2330472694 10.7440155397 3.1069574253 5.0513325092 4.4513224568 3.4559496348 11.0065840204 11.8565031752 4.7228679811 6.0359633347 4.9429740085 4.7074429566 4.4913087891 5.6368656276 5.0765080167 5.1591755396 6.4784688839 2.6961521810 4.0754822613 3.3657012457 4.9631262223 
line3d_list
-0.1049640735 -1.8421344390 1.0409755502 -0.0912793353 -1.8411237869 1.1042973792 
-0.0978016698 -1.8580212754 1.0996851831 -0.0898807891 -1.8552114640 1.0404187554 
-0.0976730021 -1.8414737383 1.0427977615 -0.0987404798 -1.8442129738 1.1037042790 
-0.0958664387 -1.8402923439 1.0423344049 -0.0836762961 -1.8402297564 1.1042328060 
-0.0961265256 -1.8575096804 1.1013699478 -0.0913054810 -1.8551594161 1.0421078429 
-0.0953361350 -1.8416233318 1.0440816109 -0.1012517919 -1.8443238123 1.1032403088 
-0.1244159548 -1.8514429607 1.0943069389 -0.1301071570 -1.8505309253 1.0336279492 
-0.1134627006 -1.8432809392 1.0244182831 -0.0996295227 -1.8425587028 1.1015637414 
-0.1142199393 -1.8450978651 1.0243509825 -0.1006184809 -1.8429494945 1.0996591168 
-0.1203477637 -1.8477109175 1.0409090104 -0.1037853065 -1.8451315487 1.1019699783 
-0.0995460666 -1.8409352742 1.0395431866 -0.0936926457 -1.8418134523 1.1006305240 
-0.0981163104 -1.8422363318 1.0451273344 -0.0979147935 -1.8436541095 1.1046794725 
-0.1143364216 -1.8432316851 1.0285151018 -0.0946041101 -1.8420992923 1.0997243395 
-0.1131651411 -1.8452171693 1.0370339133 -0.1014055007 -1.8442799015 1.1001254119 
-0.1065801530 -1.8446446568 1.0402476352 -0.0985419502 -1.8430094389 1.1018238674 
-0.1090893615 -1.8449734191 1.0410677139 -0.0993294000 -1.8431249375 1.1007216648 
-0.0915453876 -1.8561927190 1.1045302315 -0.0906009270 -1.8588864997 1.0335891558 
-0.1104659377 -1.8444654295 1.0396702412 -0.0918231702 -1.8412165075 1.1007724679 
-0.1068009658 -1.8417802358 1.0270618892 -0.0937641686 -1.8419341045 1.0994667286 
-0.1111568029 -1.8435479287 1.0303052106 -0.0997784979 -1.8434198857 1.0963522735 
-0.0991295982 -1.8436186063 1.0433127344 -0.0953247247 -1.8425695890 1.1027934158 
-0.1076888786 -1.8441343290 1.0400559772 -0.1014990717 -1.8443027883 1.1002525795 
-0.0985524789 -1.8423507740 1.0460364926 -0.0981301029 -1.8437024741 1.1047967990 
-0.0969343810 -1.8403774414 1.0458363235 -0.0997417496 -1.8439686237 1.1051075275 
-0.1146771143 -1.8443972490 1.0373884748 -0.0981280137 -1.8419170556 1.0993759923 
-0.0938692674 -1.8576521629 1.1035200501 -0.1020507423 -1.8626531468 1.0309539020 
-0.1114507159 -1.8420306875 1.0141653155 -0.0942522545 -1.8408337046 1.1044711315 
-0.1130459541 -1.8448929773 1.0281579879 -0.0998781300 -1.8427994632 1.0991775404 
-0.1253789736 -1.8535888019 1.0415444238 -0.1129994126 -1.8518345595 1.0980736580 
-0.0835868435 -1.8537684841 1.1002486601 -0.0995033602 -1.8597658561 1.0305568282 
-0.0961769880 -1.8335182983 1.0252163312 -0.0926035224 -1.8391867290 1.1009503486 
-0.1082338921 -1.8428055895 1.0339273143 -0.0801210803 -1.8374761057 1.1028177888 
-0.0819697190 -1.8523586720 1.1017871733 -0.1042278252 -1.8641019275 1.0290679222 
-0.0865292803 -1.8546797656 1.1029311214 -0.0994211341 -1.8616190674 1.0346881383 
-0.1140588660 -1.8445712577 1.0164087037 -0.0922820857 -1.8414389404 1.1024129590 
-0.0830980788 -1.8536005359 1.1028881969 -0.1093709803 -1.8649049430 1.0311056414 
-0.1018789428 -1.8393580350 1.0314466951 -0.1003737481 -1.8438967636 1.0984118667 
-0.1006862702 -1.8392274737 1.0349243593 -0.0994082400 -1.8437673301 1.1009113126 
-0.0936972111 -1.8569914590 1.0999088396 -0.0943394705 -1.8577956919 1.0342690621 
-0.1154997447 -1.8442162086 1.0167467295 -0.0866935947 -1.8397615145 1.1062629370 
-0.0757725419 -1.8513850168 1.1025574765 -0.1134953956 -1.8665976134 1.0322016895 
-0.0779715325 -1.8513741056 1.1002400156 -0.1219560158 -1.8710124479 1.0263012712 
-0.1303000335 -1.8522716511 1.0334421587 -0.0914606172 -1.8406190613 1.1027824090 
-0.0866688291 -1.8552269947 1.1008320283 -0.1275194675 -1.8714882181 1.0318068022 
-0.1282557542 -1.8493436655 1.0206104593 -0.0846463950 -1.8390151526 1.1033100317 
-0.1280818750 -1.8485588716 1.0227321211 -0.0823691395 -1.8383972208 1.1066184998 
-0.1294841289 -1.8468200013 1.0014865949 -0.0898427243 -1.8418053847 1.1044694959 
-0.0922335205 -1.8321633719 1.0341015423 -0.1038796841 -1.8464016338 1.1004125261 
-0.1063203546 -1.8607937899 1.0991178328 -0.0772728456 -1.8552523968 1.0122148988 
-0.0972716717 -1.8563264953 1.1004358934 -0.0813938873 -1.8564955020 1.0194514637 
-0.0991664863 -1.8581369352 1.0999885405 -0.0717974881 -1.8510997635 1.0494111439 
END
