0.0046299376 -1.1766190770 1.4987875869 0.0031170873 -1.1098950326 1.4979719786 
18 18
image_id_list 4 46 59 64 92 18 40 45 20 43 50 76 98 87 84 85 90 93 
line_id_list 33 106 115 109 41 183 14 92 176 32 41 135 102 59 58 88 225 35 
line2d_list
184.2416687012 9.6114482880 164.2090454102 17.5289211273 
166.0400848389 148.1399841309 148.9908447266 148.7395019531 
84.9074249268 87.5764617920 56.9451255798 85.9344482422 
222.8263244629 74.6462707520 192.5911712646 66.5213699341 
96.1041107178 107.7153320312 39.0109519958 111.1804733276 
278.9724121094 36.3260231018 261.9797668457 35.9724884033 
87.0979385376 226.9794311523 69.0781250000 228.7812805176 
594.7904052734 176.4955596924 575.8815307617 173.8455352783 
675.9700317383 194.5602874756 660.9594726562 193.7576751709 
723.1398925781 170.9173736572 701.0386962891 172.5301055908 
589.9655151367 11.5556373596 564.9378051758 10.0016555786 
548.9917602539 128.3893737793 534.9768676758 128.0929107666 
723.9265747070 210.6694641113 706.9118652344 208.8035583496 
116.9964752197 217.1267852783 97.9833679199 216.5982055664 
672.0637817383 84.7213058472 655.0501098633 85.3519897461 
354.2942504883 101.9677886963 340.1616821289 104.0811843872 
377.9967346191 126.4079055786 360.9898071289 126.2716598511 
108.2192764282 94.1887207031 91.2435073853 97.3200912476 
node_id_list 3643 3644 3645 3646 3647 9147 9148 9149 9493 9494 9495 9496 9497 12096 12280 12281 12282 12517 
score_list 3.1015056762 4.7077381772 4.7972052318 8.5438931020 6.7392741104 3.1391043702 9.0949930878 7.1120727638 2.5508803133 4.3124416173 3.6258650643 3.3424720339 2.3761938591 1.9731955793 1.8771027410 3.6715532505 3.7559331703 2.7051936227 
line3d_list
-0.0007881473 -1.1087266196 1.4977020096 0.0027286555 -1.1774095882 1.4985534904 
0.0071672956 -1.1098005667 1.4981875022 0.0094306118 -1.1713822705 1.4993718405 
0.0049090009 -1.1111516435 1.4979758766 -0.0039873415 -1.1752283657 1.4980498424 
0.0010141280 -1.1126482466 1.4975980090 0.0016020712 -1.1763873960 1.4986431918 
0.0034830648 -1.1125776775 1.4980855311 0.0043721712 -1.1763533041 1.4986803107 
0.0064812055 -1.1108007478 1.4979063678 0.0040626686 -1.1745951896 1.4991589769 
0.0002856021 -1.1145890761 1.4979851083 0.0064239372 -1.1731026927 1.4998802364 
0.0051631759 -1.1111518938 1.4979752362 0.0100572157 -1.1740380714 1.4988643020 
-0.0080161246 -1.1152115809 1.4986736504 0.0038637401 -1.1752069328 1.4991793360 
-0.0021899560 -1.1129252469 1.4976907055 0.0070062713 -1.1765654640 1.4987658118 
-0.0214439094 -1.1172163831 1.4973535261 0.0045071956 -1.1776401733 1.4992154779 
-0.0042197147 -1.1147170029 1.4984845017 0.0091360189 -1.1734612751 1.4988977718 
-0.0006672335 -1.1123517897 1.4982982836 0.0071478252 -1.1756822547 1.5003716010 
0.0037016829 -1.1145134779 1.4981046082 -0.0039926157 -1.1736331655 1.4995244433 
-0.0036133724 -1.1124650065 1.4984155379 0.0137415781 -1.1739527113 1.4986877737 
0.0045010649 -1.1142422175 1.4979816222 -0.0000184608 -1.1757661365 1.4984667565 
-0.0053529017 -1.1112697465 1.4984543479 0.0090801994 -1.1763420014 1.4989060330 
-0.0040014353 -1.1088151135 1.4980097600 0.0002002206 -1.1767122301 1.4987823982 
END
