1.7675608067 -2.9936100751 0.7123746800 1.7659500062 -3.0004676695 0.8186078010 
4 4
image_id_list 14 31 57 97 
line_id_list 149 166 72 153 
line2d_list
320.9623413086 244.6468353271 317.0016479492 222.6397552490 
64.1704559326 431.8603820801 61.7759895325 411.7881469727 
207.7708587646 288.1192016602 209.2496032715 266.1514282227 
331.1227416992 407.9721679688 330.5524902344 384.9615173340 
node_id_list 8460 8461 8462 8463 
score_list 5.2742183119 5.2165539076 3.3643627251 9.3491331866 
line3d_list
1.7551571738 -3.0119537082 0.7105211520 1.7507951951 -3.0247155986 0.8195017314 
1.7511434718 -3.0313624078 0.7141910245 1.7559908571 -3.0231230972 0.8095215306 
1.7540155482 -3.0186622711 0.7105521175 1.7499503064 -3.0296111390 0.8201108088 
1.7555825423 -3.0098891236 0.7068301076 1.7517013849 -3.0196653716 0.8171524946 
END
