1.2014338153 0.0111449778 1.8133653021 1.6743110238 0.0127596237 1.8132733632 
4 4
image_id_list 0 1 58 87 
line_id_list 257 278 9 269 
line2d_list
697.9074707031 249.2967071533 563.5630493164 207.4012451172 
799.0364990234 123.6824264526 677.9128417969 109.7581939697 
592.3127441406 78.0311813354 681.0368652344 51.1215515137 
799.1188964844 110.5302124023 624.9273071289 124.0641937256 
node_id_list 1369 1370 1371 2070 
score_list 1.8368942218 1.9878611862 0.9521957607 1.7891377894 
line3d_list
1.8276007279 0.0154733598 1.8141535491 1.2004859691 0.0104317548 1.8129050984 
1.6190111897 0.0128615585 1.8133953205 1.2014328880 0.0114107487 1.8132633485 
1.4396560056 0.0123545302 1.8133812345 1.7657851498 0.0149764017 1.8140304876 
1.6742948598 0.0175067720 1.8135063057 1.1986232796 0.0068075910 1.8131660019 
END
