3.8099083164 -0.8842149546 0.4860530726 3.8103676941 -0.6083926822 0.4858357192 
3 3
image_id_list 24 25 70 
line_id_list 58 240 199 
line2d_list
651.9373779297 407.4331665039 517.8496093750 388.0397033691 
360.0518798828 456.4711914062 436.2019653320 463.9411010742 
236.0010223389 237.0509796143 301.0149536133 235.7446899414 
node_id_list 10478 10479 10480 
score_list 6.0302514638 4.8097254530 5.4084243795 
line3d_list
3.8098756352 -0.9038376269 0.4860685356 3.8103676941 -0.6083926822 0.4858357192 
3.8153233794 -0.6002674520 0.4820231757 3.8149424098 -0.8842260679 0.4825899093 
3.8138399564 -0.6001443059 0.4825889176 3.8154390319 -0.8842626061 0.4808712926 
END
