2.8289954991 -1.1378300890 0.0059632939 1.7039895435 -0.0083415451 0.0006599543 
47 17
image_id_list 5 69 12 17 17 47 47 66 66 67 67 74 74 93 93 12 66 66 22 26 26 27 27 28 29 69 22 28 29 70 70 69 69 68 70 70 68 70 29 68 75 75 29 68 68 69 68 
line_id_list 78 104 17 38 246 190 202 49 77 220 233 166 184 188 195 161 114 116 91 225 232 117 207 259 110 304 94 290 64 12 85 221 239 105 105 169 89 68 225 112 106 125 232 84 102 354 118 
line2d_list
734.7564697266 138.6270446777 782.0425415039 130.2399597168 
394.0363159180 576.2463989258 458.9529418945 566.6807250977 
753.7270507812 599.0189208984 757.1137084961 469.0029602051 
530.1527099609 582.0767211914 552.8394775391 536.9193725586 
553.6605834961 537.8342285156 532.4685668945 581.2288208008 
775.8686523438 516.3795776367 799.5838623047 549.5830078125 
798.9687500000 553.0222778320 774.8310546875 519.1203002930 
561.7043457031 576.0442504883 544.0474243164 458.1426696777 
543.9365234375 456.1593933105 532.5333251953 380.0699462891 
236.6528625488 599.4056396484 211.8475189209 578.1781616211 
212.3599090576 575.5781250000 239.9210968018 599.0924682617 
762.2957153320 599.6606445312 671.8001098633 503.1875000000 
674.6864624023 503.3506774902 765.0834350586 598.9210815430 
799.0689697266 497.9156799316 706.0929565430 421.8862915039 
709.2218017578 421.7267761230 799.1947021484 494.7601623535 
759.6281127930 469.0157165527 756.3748779297 599.0093994141 
534.9096069336 379.8610229492 546.3807373047 454.9418334961 
546.5899658203 457.9118957520 564.3424682617 576.7995605469 
620.0658569336 599.2366333008 551.6880493164 329.3323669434 
350.0376281738 526.0776977539 402.7786254883 500.5427856445 
404.9258422852 501.8452148438 379.1025390625 514.2140502930 
558.6406250000 598.3850097656 666.2797851562 535.4787597656 
652.2074584961 546.3533935547 561.3918457031 599.6674194336 
495.4141845703 443.8647766113 466.0175781250 459.0340270996 
540.3063964844 520.8138427734 418.2844238281 566.7554321289 
459.0516967773 568.3298950195 428.0301208496 573.1922607422 
554.1605834961 329.9591674805 622.5899658203 599.1042480469 
437.8444213867 471.7019042969 492.5546264648 443.1466979980 
397.9748229980 571.9332885742 539.7681274414 518.3859863281 
266.3722534180 534.0673828125 342.3002929688 482.9604492188 
344.6990966797 484.5510253906 268.4411926270 535.6582641602 
389.0749816895 579.5191040039 354.0828552246 584.5736083984 
343.1610717773 584.1727905273 374.9730224609 579.8036499023 
735.9930419922 560.1932373047 590.0023193359 554.9363403320 
263.0757446289 539.1136474609 221.0735321045 567.1102905273 
219.1408386230 568.2093505859 192.9064636230 585.8609619141 
741.0007324219 557.9791259766 799.0354003906 559.9674072266 
169.8576812744 598.7879638672 261.5132141113 537.2747192383 
326.9147949219 598.7747192383 393.8015747070 573.4754028320 
585.0197143555 552.4237060547 705.0503540039 556.5273437500 
295.4637451172 599.5430297852 70.0615081787 376.9503479004 
72.3462600708 375.6495666504 297.6813049316 598.3104858398 
395.1802368164 575.4806518555 332.0570678711 599.1521606445 
434.0234069824 549.4083251953 317.9676513672 544.8175659180 
439.0011901855 546.9671020508 584.0295410156 552.1771850586 
302.0544433594 592.4218750000 279.0503540039 595.3901367188 
321.0114440918 542.6786499023 434.0104675293 546.7058715820 
node_id_list 3889 3890 7042 7043 7044 7045 7046 7047 7048 7049 7050 7051 7052 7053 7054 7199 7200 7201 10124 10125 10126 10127 10128 10129 10130 10131 10134 11042 11043 11044 11045 11194 11195 11215 11216 11217 11418 11419 11444 11445 11446 11447 11449 13265 13343 13344 13345 
score_list 0.0000000000 2.9762324977 3.8418707364 0.0000000000 0.0000000000 2.8949020637 2.8726165510 2.8335088784 5.8183632961 5.4671451907 5.7821018253 2.6925054153 2.8611349838 2.6328608720 2.7558368152 3.8218949989 5.8153751409 2.9483293198 3.7308278188 4.7494563865 3.6637337693 2.2460901034 1.6383722970 2.5735185301 3.9305926269 1.9513365598 3.6717287626 2.7982955273 3.5334188527 3.9160392919 2.9887637614 2.9816802742 2.9629625765 3.5099574403 1.9531584063 0.9615598541 0.9733458213 1.8949611543 0.9947132909 1.7378635361 5.4296157312 5.7335650272 1.6292120735 1.5587357494 1.7752225658 1.8621989990 2.4849073283 
line3d_list
2.5911954919 -0.9054483163 0.0086459515 2.7186715738 -1.0283354773 0.0052152897 
2.6108647241 -0.9188205739 0.0051011791 2.8350245087 -1.1318650961 -0.0025748280 
2.0713645872 -0.3850284912 -0.0003030386 1.7030852662 -0.0167450759 -0.0026859886 
1.8985948390 -0.2060363432 0.0092209100 1.7305232020 -0.0375696582 0.0088060457 
1.7292820099 -0.0340122510 0.0023747821 1.8896448071 -0.1938890039 0.0003725859 
1.7050174578 -0.0092180544 0.0010015942 1.7900320566 -0.0947861866 0.0021943294 
1.7919548572 -0.1064414779 0.0003048279 1.7057301451 -0.0202820693 -0.0006547572 
2.1190546558 -0.4315286207 -0.0048289270 1.8889037700 -0.2034737000 -0.0006465848 
1.8843100106 -0.1976060902 -0.0026821156 1.6996089182 -0.0138805560 -0.0017436713 
1.8003310366 -0.1147572180 0.0002042375 1.7069037285 -0.0215314729 -0.0003668716 
1.7063377274 -0.0107479974 0.0006760358 1.8102562941 -0.1151966786 0.0018800073 
1.9718257766 -0.2729577657 -0.0131959882 1.6973597068 0.0010974945 -0.0100269403 
1.7049647964 -0.0104109740 0.0037170841 1.9754370383 -0.2808785813 0.0020081469 
2.0826920373 -0.3823851526 -0.0130583505 1.7310962458 -0.0302836870 -0.0130349411 
1.7449340035 -0.0492247160 0.0028714002 2.0817284726 -0.3837138952 0.0009335300 
1.7098634760 -0.0149701802 0.0034997989 2.0755174746 -0.3812304596 0.0036988354 
1.7053223494 -0.0101367742 0.0010962996 1.8879483495 -0.1922218731 0.0016579961 
1.8946681659 -0.2005064313 0.0039153021 2.1259122976 -0.4322121323 0.0040990619 
2.4565185512 -0.7644076741 -0.0063449431 3.2577283990 -1.5654392961 -0.0059384323 
2.6247371332 -0.9277814953 0.0019914442 2.8163562728 -1.1183712169 0.0037823399 
2.8193007694 -1.1264040771 -0.0049506586 2.7237543935 -1.0309879219 -0.0051861603 
2.3013534455 -0.5861349341 -0.0114421057 2.6901842920 -0.9967794244 0.0046345144 
2.6326212443 -0.9381027649 -0.0079906836 2.2929800010 -0.5965484742 -0.0096198378 
2.8189540060 -1.1336170020 0.0004161146 2.7101677424 -1.0247518653 -0.0003344329 
2.7775894873 -1.0929187327 -0.0010537951 2.4190013508 -0.7327908902 -0.0013505905 
2.8173454787 -1.1351986381 0.0010980908 2.7141492020 -1.0302603032 -0.0001980522 
3.2454425360 -1.5627806492 -0.0006665635 2.4516468403 -0.7655765530 -0.0013235706 
2.6197477694 -0.9204743344 0.0003274267 2.8085518764 -1.1251491111 0.0119744190 
2.3677211043 -0.6784103273 0.0064970813 2.7857127019 -1.0898759064 0.0028928604 
2.6009367211 -0.9096192307 0.0056373889 2.8258481736 -1.1262381582 0.0003303959 
2.8175033836 -1.1353592086 0.0011000741 2.6010043261 -0.9152054266 -0.0016191494 
2.5964636131 -0.9051832665 -0.0056426941 2.4839884257 -0.8015449347 0.0007557116 
2.4636827295 -0.7655814968 0.0010979319 2.5678668204 -0.8575628306 -0.0077256751 
2.3568881218 -0.6665056980 -0.0039205635 2.1298516068 -0.4426513102 -0.0007810842 
2.5890770315 -0.9002866998 -0.0035442726 2.4855424524 -0.7929702559 -0.0059835743 
2.4903126089 -0.7840047708 -0.0167228567 2.4268406612 -0.7221329359 -0.0155931756 
2.3585610551 -0.6737283217 0.0096295612 2.4456000035 -0.7605707639 0.0096978283 
2.3663120007 -0.6770232237 0.0065092316 2.5892059760 -0.8964372003 0.0045872812 
2.1885726671 -0.5043835858 0.0096561455 2.3529292940 -0.6687943423 0.0102429337 
2.1257314703 -0.4319163057 0.0012095908 2.3103236313 -0.6175729326 0.0027743702 
2.3534012978 -0.6694836533 0.0112472672 1.7025607413 -0.0184692277 0.0091105348 
1.7040541314 -0.0082809162 -0.0001286494 2.3581873588 -0.6649553993 0.0038465818 
2.3585139415 -0.6717935824 -0.0016831392 2.2020731098 -0.5156165335 -0.0007858167 
1.8819452590 -0.1960843983 0.0003055802 1.6924513853 -0.0081899863 0.0034129400 
1.8877522857 -0.2063782702 0.0138878588 2.1168827795 -0.4341722858 0.0124153898 
2.3423956767 -0.6546961223 -0.0013696140 2.2771211641 -0.5952310929 0.0041725935 
1.6969206644 -0.0157077742 0.0143966951 1.8801755141 -0.1979799407 0.0134127047 
END
