1.4078898703 -0.3729525943 0.7542422933 1.5509181426 -0.4110339825 0.7664560108 
6 6
image_id_list 9 10 19 57 99 31 
line_id_list 226 249 253 185 187 234 
line2d_list
692.1335449219 471.4075317383 670.1951293945 478.5955200195 
598.0644531250 502.1369323730 572.1552734375 514.3299560547 
736.0599365234 461.1484985352 708.1649780273 472.4086914062 
799.1250000000 509.3907775879 774.8715209961 511.5708007812 
545.1702270508 489.7324218750 525.3130493164 494.3471679688 
692.7281494141 522.3813476562 661.5889892578 536.0646972656 
node_id_list 6087 6088 6089 6090 6091 6702 
score_list 2.8410679233 3.4283497069 3.1622200760 2.8658710183 2.9475904502 0.9880413125 
line3d_list
1.4074729126 -0.3748630084 0.7531685436 1.5508450264 -0.4114864661 0.7659014282 
1.4096368652 -0.3715825038 0.7555106251 1.5587651985 -0.4139479733 0.7663589684 
1.4043988115 -0.3740777497 0.7528955326 1.5582062125 -0.4133668324 0.7665551755 
1.4373264542 -0.3824739118 0.7556904479 1.5450033033 -0.4099551330 0.7659707580 
1.4010587881 -0.3740650751 0.7518444367 1.5240478608 -0.4036688176 0.7643945058 
1.4450400046 -0.3751188457 0.7648891179 1.5429722412 -0.4181399341 0.7574247222 
END
