0.0021233164 -1.4592465183 0.0048392458 0.0037758754 -0.0224839654 0.0085770484 
99 51
image_id_list 0 1 3 3 4 8 8 17 17 32 32 39 39 46 47 47 58 58 59 59 59 66 66 74 74 87 87 90 90 92 92 92 93 12 12 79 79 85 85 6 37 40 43 50 62 76 81 86 96 98 37 50 62 76 86 11 42 42 7 18 65 7 20 38 43 45 50 65 84 91 98 20 45 84 9 10 19 46 58 90 99 84 16 16 31 57 82 96 11 18 42 47 12 18 65 74 42 65 49 
line_id_list 103 70 136 188 50 212 231 126 134 171 225 228 255 149 88 107 165 176 152 160 186 90 101 71 128 221 246 111 137 63 107 217 99 109 120 132 159 100 150 125 139 48 126 146 104 155 120 149 168 178 140 174 122 171 172 157 117 126 120 225 126 112 196 179 140 158 143 116 203 98 195 189 173 192 219 216 196 143 198 76 200 210 159 190 180 180 213 171 154 235 112 76 80 180 136 176 133 125 130 
line2d_list
270.0001525879 440.0017089844 120.8489913940 454.4400329590 
361.0498962402 429.1216735840 223.2611389160 485.6366882324 
762.9997558594 406.0354614258 671.0108642578 405.4078979492 
799.0062866211 406.3309020996 766.9902954102 406.0299377441 
477.9492797852 300.9596252441 360.4608459473 448.5708618164 
481.1857910156 517.2410888672 348.0838012695 484.6576843262 
566.8981933594 538.4106445312 485.9157104492 518.3400878906 
312.0648498535 378.2686157227 176.7434997559 410.9375305176 
383.7844848633 361.0995178223 316.7927246094 377.1339721680 
632.9895629883 461.3416137695 496.9939575195 457.1983642578 
725.9879760742 464.3544921875 636.9885864258 461.3369750977 
468.1040039062 518.2349853516 335.8294677734 500.2546386719 
553.0179443359 529.8696899414 470.9223327637 518.5639648438 
310.0327758789 507.3860168457 204.8571319580 516.3176879883 
321.0710449219 334.1284179688 230.2190856934 384.3959655762 
226.3956451416 386.7116394043 111.2828750610 450.7101135254 
248.0317382812 531.4335937500 140.8738250732 539.2759399414 
353.0676879883 523.9560546875 254.9225006104 530.9054565430 
395.2061767578 551.1920166016 263.8128051758 573.9177246094 
443.1210937500 543.7129516602 402.9220275879 550.5410156250 
257.2092285156 575.2114257812 113.1874313354 600.0852661133 
69.1748962402 228.3396453857 0.7742487788 263.5615844727 
175.8749084473 173.7556152344 76.7433090210 224.4985351562 
215.3619995117 403.3853759766 132.3446807861 481.3669433594 
129.3813323975 484.4035644531 52.2890968323 557.2476196289 
342.9653625488 551.8896484375 246.7188110352 582.1043090820 
241.2846221924 583.8974609375 192.1520080566 599.4793090820 
556.1910400391 467.2180480957 464.7734069824 481.5550842285 
460.2100524902 482.3230285645 359.8812561035 498.2520446777 
489.1829528809 567.4295043945 413.3169250488 599.7440185547 
542.4035034180 544.9552001953 493.7858276367 565.4930419922 
422.8664550781 597.6821289062 460.8788452148 581.7116088867 
336.2535705566 365.3208923340 212.2464294434 463.3118591309 
478.9721374512 241.8495483398 396.8268432617 257.0651855469 
391.1999206543 258.0674133301 301.1741943359 274.9299316406 
607.9931030273 438.0693054199 442.8326416016 421.6873474121 
718.0885009766 449.1151733398 613.9304809570 438.6949462891 
488.0005187988 386.0031433105 340.9765625000 410.8613281250 
581.0536499023 370.3192138672 492.8567199707 385.1477355957 
658.4020385742 600.0844116211 615.7028198242 576.5388793945 
598.0050048828 457.9342651367 451.9384460449 446.8081665039 
255.0333709717 594.4855346680 185.0203704834 599.2965087891 
799.0964965820 588.0963745117 710.9275512695 578.6782836914 
667.1708374023 525.3597412109 526.7620239258 487.8917541504 
614.0258178711 377.9492492676 491.6585083008 315.7054138184 
621.1088867188 456.2953796387 462.8696289062 431.8436889648 
799.0745849609 399.3359069824 670.9733276367 393.5958557129 
652.0552978516 482.5418090820 497.8869628906 463.9366760254 
716.6864624023 599.7590332031 686.8251342773 587.4233398438 
781.2584838867 583.1644287109 666.1390991211 547.5504150391 
665.0589599609 463.2603149414 602.0607910156 458.2375183105 
799.3409423828 560.7311401367 676.7841796875 527.8031616211 
786.0435791016 465.9147949219 621.5754394531 381.8304443359 
707.0370483398 469.7645874023 624.8693847656 456.8296203613 
743.1409301758 493.8670959473 661.0432128906 483.6525268555 
234.9465484619 349.6567077637 132.8901367188 341.3497314453 
753.1482543945 544.8464355469 576.2422485352 522.1146240234 
571.9293212891 521.5531616211 438.1969299316 504.4593200684 
799.4451904297 366.5377807617 766.1798706055 356.4092102051 
400.0215454102 381.1027832031 303.9808654785 378.7962036133 
387.0375976562 264.6532287598 243.1033935547 249.0464477539 
761.9738159180 355.0850830078 673.7072143555 327.9524841309 
635.3545532227 501.8526306152 575.8555297852 483.4674682617 
755.2355346680 600.6725463867 700.6659545898 575.7308349609 
705.9876708984 578.1115112305 623.8874511719 569.0158691406 
512.0097045898 575.9688110352 436.8340759277 552.5322875977 
521.7940673828 486.7651367188 438.6277465820 464.3832092285 
241.0117797852 248.8931274414 145.8448333740 238.4083862305 
637.0608520508 413.6680297852 574.1591186523 402.1324462891 
792.4388427734 593.3014526367 755.5625000000 520.7304687500 
662.7741699219 546.7274780273 596.6292114258 526.1943359375 
739.2381591797 533.2154541016 637.8654785156 502.4432373047 
588.7363891602 599.8428955078 515.9728393555 577.0867919922 
747.0973510742 433.4615783691 639.1904296875 413.9471130371 
645.0897216797 503.5805664062 562.7902221680 485.9810180664 
529.3494873047 494.0063781738 431.7603759766 459.6812744141 
663.1958618164 456.3752441406 574.7933959961 428.6589050293 
200.0778961182 516.9390869141 125.9245605469 523.0905761719 
138.0414886475 539.5791625977 60.9357299805 545.1028442383 
356.1383361816 498.8756713867 298.8307800293 507.9287414551 
498.1823730469 542.2503662109 398.9718322754 518.1158447266 
798.9757690430 443.1274108887 753.8956909180 434.5481567383 
799.2020263672 370.0441589355 753.9007568359 360.4694824219 
751.0171508789 359.9208679199 688.9049682617 346.4378051758 
604.1879272461 530.2121582031 562.9128417969 520.3652954102 
730.2490844727 518.4683837891 636.7011108398 474.6379089355 
710.9719848633 349.1303100586 657.8489990234 337.7019348145 
682.1795043945 585.5674438477 611.4872436523 556.2357788086 
128.0768737793 341.1043395996 58.8998489380 335.1668395996 
299.0066223145 378.7409973145 235.9455718994 377.1291503906 
432.2517395020 503.0763549805 325.8491516113 489.1526794434 
105.9010009766 453.8206481934 41.6164321899 489.3051147461 
299.0504455566 275.2702941895 243.7371673584 285.5914306641 
449.9886779785 382.4391784668 404.0450744629 381.2534484863 
541.0793457031 281.2663574219 396.9272460938 265.6725158691 
47.0397491455 561.9810180664 16.6451663971 590.6234741211 
799.1307983398 551.0640869141 758.9375000000 545.4472045898 
604.0730590820 288.3656616211 548.0104980469 281.9089965820 
691.7174682617 586.6416625977 603.9945678711 548.0122680664 
node_id_list 780 781 782 783 784 785 786 787 788 789 790 791 792 793 794 795 796 797 798 799 800 801 802 803 804 805 806 807 808 809 810 811 812 1684 1685 1686 1687 1688 1689 3271 3272 3273 3274 3275 3276 3277 3278 3279 3280 3281 3482 3483 3484 3485 3486 3680 3681 3682 4128 4129 4130 4408 4409 4410 4411 4412 4413 4414 4415 4416 4417 4424 4425 4426 5027 5028 5029 5030 5031 5032 5033 5074 6064 6065 6066 6067 6068 6069 6660 6661 6927 6928 7144 7162 7163 7173 12239 12240 12322 
score_list 12.3203968210 14.2866584004 12.1663366368 8.5534131571 16.4118057956 17.5157059779 8.5725765458 11.7776554665 7.2278154986 16.5390544422 8.7258485977 12.6826846870 8.6651209132 12.9794691197 13.1674592017 14.0359010520 10.5470851689 8.6997265562 10.5888511313 0.9839109933 12.2773119684 13.3203611310 14.0796355821 14.5917450778 13.7998795727 12.6497631508 14.0643483588 13.3952867518 16.5085869574 14.7954916362 2.8547491951 14.6619600507 14.1445690388 14.2844228895 15.5385262976 12.5402264422 6.7511316132 15.5612056889 10.6015878710 12.8925523726 10.7161384944 15.7782545163 12.7185687962 12.4079057232 14.7310821493 11.6659196199 9.7219322601 14.4964847122 11.8482247936 7.8060561202 4.7763546661 6.2098053619 6.9394804022 4.6696497286 5.3315931006 16.6121277205 8.3939919355 14.5682625393 10.4119979506 17.5285150884 16.8414362963 10.1566584796 12.4668925839 9.4181069578 13.6683269027 12.0826676042 11.6063129025 11.8028331418 13.5475256871 2.9926986675 9.3710699273 9.8136231093 9.9158059515 10.7916941891 13.8862832679 9.7480030660 7.7666132090 10.6956598874 7.5051354566 12.8086010939 16.1788299321 1.7686538686 5.8694318090 8.6646628055 5.9517368568 8.3607621045 5.8645742430 14.6186470550 13.4998137447 16.6416395973 10.8972738987 6.8383788927 9.6271040415 12.5568068071 12.7208755329 7.9550359970 1.8836726682 1.8797158475 7.1827939815 
line3d_list
-0.0045346960 -0.0236001282 0.0056041245 0.0019584028 -1.0028145657 0.0062292743 
-0.0016910230 -0.1966818404 0.0067392339 -0.0010419199 -1.0732649249 0.0041794102 
0.0003566848 -0.6802677075 0.0063401541 0.0023067408 -1.1417678000 0.0066282978 
-0.0036543250 -0.4961584536 0.0041100749 -0.0004711353 -0.6597130455 0.0060913263 
-0.0011603011 -0.2071370328 0.0064219271 -0.0016329488 -1.1251574858 0.0031431365 
0.0078777720 -0.6825608055 0.0095276564 0.0045426529 -1.4381533282 0.0061450315 
0.0046771845 -0.2033706652 0.0082355894 0.0105869006 -0.6564826675 0.0111413121 
0.0111299721 -0.6861446279 0.0125309577 0.0103421311 -1.4477000672 0.0103271912 
0.0100690181 -0.2581339400 0.0121023169 0.0113610402 -0.6584961893 0.0126695187 
0.0081204393 -0.6855729596 0.0096608417 0.0120934536 -1.4397201154 0.0104686915 
0.0011583538 -0.1995772117 0.0062130068 0.0130211011 -0.6649086437 0.0125340839 
0.0102682541 -0.6878247194 0.0110833216 0.0061679195 -1.4281650554 0.0071760993 
0.0041186832 -0.2046098172 0.0087991007 0.0046507834 -0.6708604616 0.0087140688 
0.0128665466 -0.6978108538 0.0117298597 0.0065666816 -1.1326377073 0.0078161018 
0.0002380427 -0.2038382185 0.0063437984 0.0004006860 -0.6613829134 0.0060348746 
0.0041500285 -0.6809827002 0.0083298938 0.0042066302 -1.1338562373 0.0069002455 
0.0067278167 -0.6890350446 0.0086050125 0.0065540020 -1.1391041980 0.0074433302 
-0.0021514172 -0.2101021443 0.0042825356 0.0018264567 -0.6585543308 0.0063461176 
0.0068510130 -0.2090167708 0.0094814498 0.0064336219 -0.6632413625 0.0087417041 
-0.0029207119 -0.0224517846 -0.0008321223 -0.0030903559 -0.1761968075 -0.0005289322 
0.0087020249 -0.6848842414 0.0098167849 0.0056100850 -1.1172841850 0.0073015843 
0.0012684311 -0.6821494559 0.0058978518 0.0035713370 -0.9489890704 0.0064094037 
0.0004452717 -0.2104791272 0.0057903058 0.0010895029 -0.6511000624 0.0056769811 
0.0006948258 -0.2044192541 0.0071363365 0.0004505693 -0.6637253073 0.0066793582 
0.0013999316 -0.6788890924 0.0067951720 0.0023461004 -1.0067523071 0.0064075702 
-0.0022059406 -0.2039553555 0.0042542507 0.0018534121 -0.6615931906 0.0063601011 
0.0064376910 -0.6868723913 0.0088702210 0.0083323533 -0.8898303347 0.0092147177 
-0.0021725254 -0.2048738800 0.0042710777 0.0002643947 -0.6605854026 0.0055675155 
0.0020104156 -0.6829991835 0.0065358897 0.0035001706 -1.1337811377 0.0062276770 
-0.0003013195 -0.2092559857 0.0052509507 -0.0002863045 -0.4710247995 0.0049171851 
-0.0028999321 -0.0036194337 -0.0008692603 -0.0031048242 -0.1893091754 -0.0005030742 
0.0088030077 -0.4456252369 0.0122407624 0.0100724240 -0.3181094150 0.0134370892 
-0.0095648569 -0.1940736769 0.0005827693 0.0010091674 -1.0844546982 0.0060144447 
0.0009930614 -0.2063055487 0.0074695090 -0.0003008856 -0.6563785114 0.0058409100 
0.0020203027 -0.6868688079 0.0074567679 0.0023078244 -1.1408722632 0.0057712172 
0.0097636362 -0.6846700610 0.0107991871 0.0084381838 -1.4386770059 0.0084620951 
-0.0019700550 -0.2025823388 0.0044078231 0.0092943353 -0.6582946277 0.0103948370 
0.0007230562 -0.6871434006 0.0063821283 -0.0018569399 -1.4501906990 0.0034125927 
-0.0033715311 -0.2028575540 0.0046252643 0.0013894639 -0.6620045351 0.0070191562 
0.0027433837 -0.9524001567 0.0058629581 0.0022725323 -1.0611377882 0.0053494574 
0.0097752232 -0.6780786020 0.0108196177 0.0084207386 -1.4486010171 0.0084313350 
0.0043378990 -0.8321474767 0.0070709008 0.0047650772 -1.1142501882 0.0066102247 
0.0033876252 -0.8488978854 0.0066307910 0.0065593325 -1.1356003117 0.0078898543 
0.0026187584 -0.6814625090 0.0053374044 0.0015577699 -1.1321685247 0.0044477046 
0.0022443054 -0.6789710751 0.0062265800 0.0026840522 -1.1068918117 0.0058320293 
0.0105241689 -0.6789372747 0.0107250807 0.0070903934 -1.4422452772 0.0072789057 
0.0055732044 -0.8896056803 0.0078038770 0.0067235028 -1.4421860795 0.0073868341 
0.0143788274 -0.6922914600 0.0134421616 0.0050474953 -1.4424595275 0.0065007765 
0.0084381534 -1.0173840594 0.0085678910 0.0070294190 -1.1322323066 0.0076273548 
-0.0024017726 -0.6818017632 0.0028906042 0.0052530056 -1.1352493400 0.0068947128 
0.0090170304 -0.3517210635 0.0099798679 0.0088261324 -0.6578677129 0.0104337784 
0.0094489567 -0.3107793997 0.0101211249 0.0079199645 -0.6533279084 0.0097152987 
0.0039953932 -0.2052805590 0.0078407961 0.0025655184 -0.6552415832 0.0065225739 
0.0091776487 -0.3060501996 0.0099832093 0.0030203472 -0.6619185966 0.0073192067 
0.0090526253 -0.2946369178 0.0098952317 0.0088301213 -0.6514705956 0.0104242936 
0.0028905978 -0.6795813023 0.0075180555 0.0047132482 -1.1321491026 0.0072341678 
0.0031955100 -0.2046867680 0.0076459961 0.0030212775 -0.6680762364 0.0072110038 
0.0024074716 -0.6803006812 0.0064705179 0.0019445854 -1.0817766180 0.0052806846 
0.0070198258 -1.0363246387 0.0077408439 0.0089333820 -1.1391354276 0.0087377558 
0.0021924717 -0.6811988440 0.0069154902 0.0031443565 -1.1274204966 0.0062842386 
0.0039130209 -0.6822860904 0.0071385401 0.0019250284 -1.1413897711 0.0049704768 
0.0023628009 -1.1517090717 0.0044450941 0.0033696127 -1.4439136813 0.0053524395 
0.0142510195 -1.1449234546 0.0113725035 0.0010930921 -1.4501186486 0.0049924815 
0.0161264142 -1.2306829018 0.0125620949 0.0052731934 -1.4492453969 0.0070402302 
0.0049814136 -1.1521700623 0.0067894416 0.0022195555 -1.4410918530 0.0049951752 
0.0124719496 -1.1503558600 0.0097573146 0.0091167618 -1.4472709557 0.0077088998 
0.0031862242 -1.1489533714 0.0048536624 0.0020625857 -1.4494654990 0.0047055402 
0.0032430195 -1.1476310442 0.0059327194 0.0004808895 -1.4606212466 0.0038114878 
0.0116793447 -1.1480297338 0.0104410282 0.0040654396 -1.4470936558 0.0064475057 
-0.0044370142 -1.2681607652 -0.0002303312 0.0044911888 -1.4592529816 0.0062767953 
0.0038947551 -1.1495457119 0.0052093117 0.0026797031 -1.4445326352 0.0050077869 
0.0065346746 -0.6826730495 0.0087578248 0.0045567871 -1.1352054814 0.0067431375 
0.0178242868 -0.8687802097 0.0130828334 0.0174398024 -1.1349296806 0.0129925075 
0.0055501167 -0.6798611562 0.0082809414 0.0019839008 -1.1396469451 0.0054697371 
0.0188804210 -0.9404753415 0.0136411990 0.0107889155 -1.4409943085 0.0096404738 
0.0097495345 -0.8731926482 0.0102289362 0.0049516794 -1.4434208913 0.0063691504 
0.0143881069 -0.9444980485 0.0119415973 0.0066755039 -1.4433718241 0.0077353153 
0.0112985294 -1.1510187750 0.0092914667 0.0037304588 -1.4551412088 0.0055588147 
0.0008801658 -1.1510982563 0.0041459375 0.0029962510 -1.4539440881 0.0050202228 
0.0048236147 -1.1501267431 0.0069897347 0.0045209047 -1.3874332123 0.0062617959 
0.0105841199 -0.8735647223 0.0096825761 -0.0043693389 -1.4461463286 0.0023761486 
0.0194380976 -0.4798974115 0.0151939321 -0.0004239306 -0.6527188799 0.0056194989 
0.0021002163 -0.9363115679 0.0060233057 0.0091006370 -1.1325831877 0.0090976396 
0.0115247852 -1.1449809695 0.0100662188 0.0010922690 -1.4501082983 0.0049920897 
0.0021747580 -1.2317311010 0.0042093171 0.0086608437 -1.4493297291 0.0091044311 
0.0039108335 -0.9475385779 0.0067384885 0.0008706910 -1.4483374910 0.0040211132 
0.0115076975 -1.1454807459 0.0100579077 0.0013024684 -1.4439604438 0.0050943257 
0.0079040643 -1.1503253422 0.0079502043 0.0031131129 -1.4525241855 0.0053209303 
0.0056050210 -1.1529409829 0.0069660219 0.0018868757 -1.4536983102 0.0052071801 
0.0039232297 -1.1505857266 0.0063746415 0.0022818241 -1.4486710803 0.0050014055 
-0.0042595244 -1.1028439150 0.0004489414 -0.0063267677 -1.4631440302 -0.0009183721 
0.0007152053 -1.1512716908 0.0034682606 -0.0004037931 -1.3584694948 0.0027576410 
0.0021072655 -1.1510852419 0.0059183419 0.0035322756 -1.4123095903 0.0059357950 
0.0044611581 -0.4520274434 0.0083019888 0.0075988826 -0.6623226245 0.0102074665 
0.0061150584 -0.2079732099 0.0099018223 0.0052673496 -0.6511725889 0.0087040722 
0.0000488680 -1.0249791903 0.0044922021 0.0001237666 -1.1337688436 0.0043083274 
-0.0018352109 -0.0927565826 0.0001580697 -0.0048005265 -0.1884725682 -0.0017469121 
-0.0020482959 -0.0159310655 0.0008908572 -0.0012671866 -0.1857260633 0.0031686648 
0.0067964771 -1.1503290343 0.0065902824 0.0019017465 -1.4284268939 0.0036939293 
END
