4.0134362225 -0.8451146325 0.2676595346 4.0130168709 -0.5701060808 0.2680182167 
3 3
image_id_list 29 70 69 
line_id_list 265 180 204 
line2d_list
468.1020507812 318.0883789062 524.9494628906 324.4514465332 
240.9790649414 261.0145874023 304.0143432617 259.6756286621 
464.1054077148 405.6180725098 414.9831848145 392.0608825684 
node_id_list 11454 11455 13361 
score_list 1.9868600337 3.2438755608 3.4882272556 
line3d_list
4.0135067635 -0.5701047213 0.2675485446 4.0140944884 -0.8693774438 0.2670322647 
4.0233662540 -0.5398743131 0.2633320558 4.0107395613 -0.8451209597 0.2693578838 
4.0134605033 -0.8610378545 0.2676387666 4.0130098348 -0.5654918548 0.2680242349 
END
