0.2452807321 0.2011290326 0.6940904166 0.9443584738 0.1894083981 0.6998015391 
10 10
image_id_list 4 12 47 64 74 87 90 92 58 59 
line_id_list 0 66 59 48 53 82 69 60 97 81 
line2d_list
728.0453491211 96.6059341431 540.0509643555 110.6809539795 
687.4356079102 168.2207183838 600.6137084961 119.6910476685 
602.5892944336 206.5309448242 435.5395812988 161.7162628174 
799.8081665039 580.8498535156 678.0762939453 495.3146362305 
486.7009887695 247.6063385010 310.6578369141 214.8382720947 
563.6895751953 450.3640136719 458.5574951172 406.0498046875 
799.6190795898 395.8472595215 698.2454833984 341.4049987793 
799.9568481445 482.8851623535 728.0201416016 421.1416015625 
495.6297912598 418.4531250000 474.2167358398 400.9587402344 
681.5336303711 465.7023925781 563.2322387695 387.1563415527 
node_id_list 3527 3528 3529 3530 3531 3532 3533 3534 13049 13050 
score_list 6.6386889930 3.1752429560 5.0731382510 2.5625477176 5.3718605869 2.5997549366 1.5540339277 7.5190463756 2.9214944125 3.8839490824 
line3d_list
0.9443695906 0.1899033009 0.6994564394 0.2356420579 0.2101256262 0.6886662674 
0.8684082523 0.1874162037 0.7006012928 0.2685814866 0.2120649914 0.6894778889 
0.9505951072 0.1840388847 0.7021253955 0.2455211462 0.2130126141 0.6890502496 
0.6431264886 0.2023158105 0.6920545151 0.2584722490 0.2032643474 0.6938024403 
0.9491782565 0.1868014219 0.7020419535 0.2482175188 0.2043115051 0.6930612835 
0.8861806120 0.1947607852 0.6963121388 0.2822519315 0.1989564105 0.6969701492 
0.7615049795 0.2057852769 0.6886169512 0.2700413226 0.2005018651 0.6958574631 
0.4454663690 0.1964505441 0.6962365575 0.2370099555 0.2006457493 0.6941926549 
0.5945783767 0.2024355276 0.6922751248 0.3627317909 0.2030072489 0.6933286696 
0.7988776674 0.2062849441 0.6893430795 0.2941475786 0.1995456104 0.6953114817 
END
