0.4821601149 -3.0122769386 1.6681140284 2.7882283380 -2.9584167921 1.6650250044 
48 40
image_id_list 9 14 16 20 31 57 76 84 86 97 98 99 9 82 10 33 45 96 13 19 38 51 80 82 13 16 19 21 55 57 37 48 53 78 81 38 78 41 43 56 95 60 77 52 88 54 83 89 
line_id_list 11 21 8 7 42 102 144 44 46 4 142 180 101 0 171 8 150 26 69 26 49 36 91 6 78 2 61 151 12 125 90 34 103 55 42 67 91 26 58 60 96 24 10 29 99 6 33 87 
line2d_list
46.9793281555 227.1566162109 310.0173950195 220.7095031738 
142.0810394287 50.0831069946 483.1171569824 24.5657997131 
0.8983367682 110.4589080811 362.2927246094 42.5580024719 
0.9302619696 157.4342651367 274.0120849609 145.2711181641 
0.9631257653 222.4041442871 265.0300903320 216.3025360107 
173.7709197998 81.3154830933 416.8864135742 123.6522216797 
0.9164620638 76.3173904419 108.9260330200 83.1664657593 
1.1100476980 83.1914901733 212.0653228760 63.7073097229 
0.9179692864 157.8760681152 143.0367431641 147.5034179688 
268.9969482422 205.1980590820 506.0011291504 204.2990875244 
0.8797774315 107.0316314697 280.9223022461 139.6667022705 
0.8448545933 172.9264373779 137.8541717529 195.8707885742 
92.0010910034 224.0901641846 47.9954414368 224.6244506836 
129.9571075439 77.5895309448 78.9911270142 82.9150695801 
0.8756976724 91.9257659912 178.8888854980 115.8275985718 
0.9674025774 226.4969024658 314.0783691406 206.2095184326 
0.6992081404 40.0970191956 47.7280426025 52.9918632507 
0.9666873813 167.0648040771 274.0120544434 157.3386993408 
283.7516784668 32.0053863525 792.8698120117 95.0510864258 
0.9890233278 114.0941009521 314.9975585938 117.2444305420 
0.9898601770 143.4793701172 377.9927062988 146.0634002686 
0.9271311760 74.2427673340 495.0726318359 53.7515373230 
24.0717468262 0.4722477198 544.8276367188 71.2676849365 
78.1934661865 85.7151336670 373.1627197266 52.4426422119 
482.0166931152 54.8744964600 453.9807128906 51.1450538635 
81.7954406738 92.8808135986 20.9987277985 103.9930419922 
54.0121459961 112.3000259399 1.0107564926 111.3801956177 
469.0550231934 0.4455151558 547.0807495117 8.1860971451 
460.1457519531 191.4506835938 799.1395263672 157.3889007568 
169.1141815186 78.3512268066 136.0814056396 72.5374450684 
0.9102580547 157.3917388916 108.0787734985 151.4116821289 
313.9963073730 60.4986724854 799.0068359375 56.9328117371 
0.8804170489 75.2833862305 466.9339294434 118.7091064453 
250.8624572754 102.3422927856 736.9479980469 130.8856353760 
115.9895019531 118.9213180542 291.2064514160 95.5475234985 
15.0163869858 140.3977661133 0.9723648429 140.0156250000 
435.0356750488 111.3606491089 386.0208435059 108.6264801025 
0.8205831051 201.8076782227 88.1014099121 188.6739196777 
0.8055114150 205.0545196533 110.3143692017 182.5282592773 
0.9975559115 81.8054885864 572.0033569336 80.6371459961 
0.9924303293 96.0356597900 199.9964141846 97.4901809692 
122.9921569824 168.7674102783 567.9865722656 173.3153991699 
0.7415199280 166.7331542969 382.1846923828 88.9052200317 
519.0541992188 191.7886962891 799.1066894531 172.5528564453 
0.8595348001 33.0017776489 392.8644104004 87.9671096802 
306.0656127930 132.5165405273 799.1112670898 69.8759918213 
292.9057312012 167.9533996582 740.9241943359 189.5711822510 
260.9186096191 141.0164337158 799.0709228516 184.1143798828 
node_id_list 5197 5198 5199 5200 5201 5202 5203 5204 5205 5206 5207 5208 5576 5577 6567 6568 6569 6570 7774 7775 7776 7777 7778 7779 7828 7829 8174 8175 8176 8689 8699 8700 8701 8702 8703 9245 9246 9356 9357 9358 11772 11944 12147 12690 12810 12868 12869 12870 
score_list 9.0745707080 7.6223551708 8.5295421345 12.1557025832 10.8823811880 8.5238211331 10.0080869130 9.7358083192 7.1196986932 9.4644594630 12.1711202141 13.9421496892 1.7767131682 1.5317404099 8.9802341946 10.7957342633 8.8065652908 6.1128835737 4.9472532218 7.1700153025 11.6906840974 5.5857144116 9.7641778461 7.0075980784 3.5102939151 3.5281066146 1.6150736268 6.2619742447 10.0774344402 2.5991724455 6.4114842484 6.0389558042 12.8906226076 5.0156478473 7.5987954539 1.4216912062 2.8842904016 10.7221968789 10.0566001673 7.5117738253 7.1434001843 7.3615620988 10.1031380510 9.3572664612 5.2907785164 8.9204169587 7.5922370522 11.4494598926 
line3d_list
2.2677012686 -2.9882436979 1.6640078265 0.5205470830 -2.9932005389 1.6702108163 
2.4450981283 -2.9923411522 1.6653370161 0.5047419932 -2.9977507744 1.6687095444 
2.3386057345 -2.9854290445 1.6650497936 0.5058700503 -2.9987381020 1.6687724771 
1.8889419301 -2.9758075810 1.6657953612 0.4971212692 -3.0065363139 1.6692500793 
1.9330924411 -2.9983919976 1.6649872717 0.5124819070 -2.9976419574 1.6696422298 
2.0168056762 -2.9902464563 1.6648767693 0.5005549996 -2.9989534486 1.6696549539 
1.0760159339 -2.9935920719 1.6678227378 0.4881911705 -3.0126343019 1.6689266899 
1.5248599255 -2.9942757299 1.6669578825 0.5076766250 -2.9969335813 1.6687318841 
1.2786179759 -3.0044598541 1.6678681693 0.5146861099 -2.9928435676 1.6685144538 
2.1021667056 -2.9833339985 1.6654756228 0.4977232799 -3.0073363084 1.6692722091 
1.8305057664 -2.9915546274 1.6663279375 0.5066385709 -2.9985412139 1.6688145793 
1.3329275731 -2.9928614716 1.6673575986 0.5019203261 -2.9993188045 1.6686615306 
2.0486332765 -2.9881432949 1.6741960076 2.2803974206 -2.9526816926 1.6751458793 
2.0407187643 -2.9852656402 1.6742218675 2.2729940913 -2.9709128290 1.6748717428 
1.5083255185 -2.9876579305 1.6667155179 0.5013831134 -3.0054396673 1.6692466535 
2.0542277272 -2.9926356251 1.6653602305 0.4890690529 -3.0207026491 1.6689398415 
0.6894008092 -3.0018597366 1.6682317583 0.5009509464 -3.0005623411 1.6686211284 
1.6963008642 -2.9678909794 1.6653517213 0.5089204223 -3.0014431570 1.6689571523 
2.7857325928 -2.9573617572 1.6652932068 0.4887348679 -3.0148928266 1.6680635014 
2.2473190275 -2.9787988975 1.6637459235 0.5045617427 -3.0049884396 1.6698843312 
2.0746639374 -2.9763352111 1.6656908529 0.4788118945 -3.0166640313 1.6684891603 
2.0686002272 -2.9676687800 1.6665132578 0.4943793041 -3.0235264198 1.6676495489 
2.3073484158 -2.9634388613 1.6646599553 0.4893265715 -3.0118034714 1.6680627979 
2.2779023966 -2.9734564781 1.6643598000 0.4979427862 -3.0090631661 1.6694612809 
2.0240668798 -3.0176618770 1.6737280325 2.1436518439 -3.0073656281 1.6741040618 
2.0277992033 -3.0070137546 1.6732987433 2.2642337025 -2.9885543522 1.6741232402 
2.0357506820 -2.9870516610 1.6736737879 2.2366950142 -3.0011003718 1.6736179430 
0.9194918054 -2.9786084399 1.6687269420 0.5037393545 -3.0086181289 1.6683191048 
2.7875024327 -3.0026934918 1.6676429564 1.2680650832 -2.9992938241 1.6682718786 
2.0362042278 -2.9960916272 1.6740588534 2.1774329219 -3.0089324373 1.6741464737 
1.1602652973 -2.9970321676 1.6678987576 0.5110833139 -2.9992171315 1.6686442422 
2.7768707810 -2.9938003512 1.6677430401 1.2063412450 -3.0075091161 1.6682073103 
2.1447561629 -2.9688692332 1.6652359599 0.5030565642 -3.0185447488 1.6685244537 
2.7125442542 -2.9583867762 1.6647187950 0.4837717280 -3.0164250199 1.6684895679 
1.5971371040 -2.9767551560 1.6674611116 0.4730173690 -3.0144599529 1.6686875858 
2.0334749669 -2.9870788815 1.6736716256 2.0668254532 -2.9952456136 1.6735748318 
2.0296349552 -3.0015524771 1.6734515644 2.2182586801 -3.0154651403 1.6733882637 
0.9129909144 -3.0019028577 1.6669700511 0.5030928805 -2.9985421643 1.6683171088 
0.9363879510 -2.9969881701 1.6679443502 0.5013544601 -3.0010860013 1.6686026272 
2.2122190575 -2.9679634454 1.6658417664 0.4897666432 -3.0194258552 1.6682265690 
1.1677709248 -2.9937381994 1.6665856938 0.5002671862 -3.0046562237 1.6680552942 
2.7789760408 -2.9372952750 1.6646907273 0.4869720874 -3.0301369981 1.6679063261 
1.6856790513 -2.9749150615 1.6661887824 0.4821880947 -3.0134832586 1.6679686617 
2.7894695360 -3.0113572638 1.6685554721 1.3539063379 -2.9901218657 1.6672486956 
1.7414478609 -2.9641050550 1.6667573131 0.4954207270 -3.0333373202 1.6664859915 
2.7961586559 -3.0263630417 1.6692093471 1.0029164805 -2.9719470594 1.6652952837 
2.7787213382 -3.0173420723 1.6664560863 0.5270562268 -2.9710793025 1.6669273851 
2.7910283719 -3.0113803227 1.6685568911 0.7769521187 -2.9815873390 1.6667235009 
END
