2.9829594034 -2.7297414784 2.0509490239 2.9755780993 -1.8405413081 2.0481606505 
4 4
image_id_list 52 89 54 55 
line_id_list 232 96 107 80 
line2d_list
459.8219909668 119.9192199707 328.7039184570 94.5289611816 
175.7750701904 37.4121704102 0.6001057029 9.5106706619 
210.8115539551 36.2603340149 22.8276195526 8.1528835297 
389.9472351074 119.7884521484 252.9484710693 115.7465667725 
node_id_list 12903 12904 12984 12985 
score_list 0.9911921677 2.4837985109 1.9108818269 2.5177950236 
line3d_list
2.9804624237 -2.7236328129 2.0507335145 2.9602285818 -1.8263178516 2.0461322194 
2.9837538632 -2.7312993105 2.0511241719 2.9818244546 -2.0057894269 2.0490296233 
2.9837676636 -2.7302747147 2.0511551604 2.9820152626 -1.8404825834 2.0498474200 
2.9836503094 -2.7297358484 2.0509154751 2.9822886657 -1.8388302819 2.0504133118 
END
