0.6070343314 -2.9895091125 0.8356346948 0.6693082800 -2.9971632461 0.8333813385 
7 7
image_id_list 7 43 49 77 79 45 88 
line_id_list 23 52 19 31 62 82 150 
line2d_list
189.2962188721 59.8971824646 173.3803558350 65.1520233154 
145.0231475830 427.0349426270 132.7628936768 435.1522521973 
116.1321945190 190.2788696289 98.1179351807 192.1409301758 
395.5015869141 332.0581970215 382.5641784668 338.1903076172 
28.5506057739 267.3490295410 16.5148582458 272.2614440918 
13.2101745605 287.5214538574 0.8926655054 289.2229919434 
343.9947509766 308.4441528320 328.9850158691 308.2667846680 
node_id_list 4294 4295 4296 4297 4298 12516 13435 
score_list 2.3499835258 2.6765851127 2.7482402726 2.8915264264 1.2618176851 1.3976592089 0.9966370484 
line3d_list
0.6091793378 -2.9881531215 0.8363411985 0.6714976137 -2.9940286818 0.8348160276 
0.6103310422 -2.9911067770 0.8348898445 0.6695830182 -2.9952187223 0.8342035608 
0.6093715080 -2.9906585964 0.8350372794 0.6696232065 -2.9948789570 0.8343254707 
0.6068161749 -2.9910320857 0.8347788927 0.6663004403 -2.9967398903 0.8332711388 
0.6090572615 -2.9918857442 0.8345947374 0.6644246354 -3.0017894107 0.8317880838 
0.6052715375 -2.9930986970 0.8339575561 0.6431974206 -3.0073610536 0.8287546507 
0.6051561173 -2.9876904932 0.8366666801 0.6618664514 -2.9966570198 0.8331844478 
END
