2.0379979993 0.0891741445 0.0600146290 2.0376003655 0.0883384824 0.0013388707 
3 3
image_id_list 66 74 93 
line_id_list 84 26 47 
line2d_list
654.9342041016 414.9100341797 649.5866088867 426.2760009766 
790.8767700195 501.3516540527 785.2079467773 515.4844970703 
797.8389282227 405.9754333496 795.5333251953 421.0813903809 
node_id_list 13266 13267 13268 
score_list 1.8645344599 2.7273170628 0.9859458992 
line3d_list
2.0404187025 0.0876337560 0.0600201627 2.0391670322 0.0873415510 0.0013424520 
2.0379983760 0.0891749362 0.0600702224 2.0375682844 0.0882710610 -0.0033951026 
2.0389708910 0.0886151345 0.0632548085 2.0381205958 0.0878682911 -0.0061593197 
END
