3.0724365356 -2.6931053007 1.5543992718 3.0720003019 -2.6925521236 1.9217665371 
4 4
image_id_list 30 48 54 89 
line_id_list 152 136 106 88 
line2d_list
516.7750244141 107.9772186279 527.6115112305 0.9606632590 
197.0283050537 90.9984588623 192.1199493408 0.9934585690 
210.0923767090 175.9826049805 186.5769042969 51.0796585083 
154.4776153564 119.0227355957 151.3840789795 47.9397659302 
node_id_list 11589 11590 11591 11592 
score_list 4.3607801934 2.8385740370 3.4534014489 3.5871896716 
line3d_list
3.0690347259 -2.6883872095 1.5426684659 3.0696830809 -2.6886643573 1.9217579313 
3.0716597088 -2.6921439332 1.5489644577 3.0714077332 -2.6922706862 1.8445394815 
3.0634783036 -2.6773564975 1.5543649200 3.0638982425 -2.6792899177 2.0081011131 
3.0715142846 -2.6923799819 1.7411859754 3.0711362660 -2.6912407474 2.0080533847 
END
