0.0442087916 -2.9984434534 2.0083002589 3.1002236927 -2.9991585358 2.0083263093 
50 28
image_id_list 8 37 86 9 31 10 20 33 33 57 81 96 98 99 10 31 37 13 19 38 83 16 54 60 19 57 78 19 60 53 97 20 41 98 20 83 83 83 97 97 76 52 55 55 89 52 52 55 96 60 
line_id_list 61 49 18 95 61 57 27 40 98 34 9 20 55 67 62 75 32 45 101 32 60 11 2 19 28 68 23 64 43 28 19 50 4 63 77 12 48 50 75 64 45 5 3 4 1 7 11 6 32 48 
line2d_list
114.0217437744 49.9506568909 89.0272521973 38.9381523132 
118.0037155151 79.9490585327 101.0211105347 78.7105102539 
167.9902496338 73.1225280762 0.9344199300 59.8238029480 
135.9762420654 157.3116912842 105.9979705811 155.0266265869 
181.9558868408 151.6776580811 1.0066790581 139.8973999023 
103.0701293945 29.7219619751 1.0052365065 3.9792382717 
232.9661560059 73.4693374634 0.9469909072 56.7349624634 
172.9996490479 144.1032562256 1.0016026497 143.5240783691 
222.0000000000 144.0000000000 179.0000000000 144.0000000000 
357.9868774414 46.0495681763 232.0673828125 12.7452058792 
324.9953002930 19.0916385651 84.9597091675 6.7859315872 
313.0055847168 83.9209518433 0.9366348386 61.8978919983 
245.9550018311 54.1705245972 42.1595802307 0.3952232301 
63.9065666199 114.3453216553 0.9181270599 97.3025970459 
132.9293212891 37.2851982117 107.0329437256 30.8670845032 
222.9743041992 154.3961791992 188.9875640869 152.1916503906 
98.9861907959 78.1468734741 0.9129690528 68.9256210327 
799.0635375977 10.6420965195 743.0540161133 0.6958410740 
272.9698791504 51.2577705383 251.0358123779 48.6936454773 
445.1092529297 75.2344131470 0.8809679151 11.8340234756 
753.0000000000 120.9999465942 682.0180053711 115.7565307617 
43.9502449036 0.4761424363 0.9581632614 4.5595192909 
550.9902954102 0.9427962899 226.8145446777 55.8124389648 
393.9938049316 101.1319656372 180.9928894043 91.1519165039 
203.9475860596 43.4736976624 0.9977634549 21.0202159882 
229.9583282471 12.1565933228 187.0682220459 0.7436426282 
799.0011596680 57.9902915955 329.0754699707 0.3843644559 
244.0101013184 47.9093360901 207.0235290527 43.7888412476 
526.9926757812 107.1804962158 492.0095214844 105.7649154663 
594.0220947266 40.8190765381 264.0569152832 0.5338038802 
394.9619750977 133.4052734375 264.9800109863 121.2132034302 
269.9761047363 76.3243865967 235.0183563232 73.7506332397 
70.0260086060 117.4313430786 0.9755858779 121.5951232910 
316.0867919922 72.6707305908 248.0683593750 54.7406997681 
305.0088500977 78.9034500122 283.0106506348 76.8839111328 
564.9849243164 107.2060241699 248.9946746826 84.0727157593 
660.9946899414 114.0758514404 567.0329589844 107.5274505615 
249.0429687500 84.4049301147 799.2068481445 124.1360321045 
433.9837646484 137.1885375977 415.9453735352 135.6337432861 
466.9787292480 140.2566528320 450.0123596191 138.8508758545 
139.9572448730 9.1937074661 101.0853118896 0.6135128140 
759.0579833984 93.3816909790 589.0308227539 119.2029266357 
798.9993286133 64.9959487915 503.0438232422 115.2581100464 
402.2937316895 131.7519989014 798.8766479492 65.2642059326 
799.0142211914 66.2490921021 190.9294433594 54.7222480774 
799.0613403320 87.4108657837 761.0139160156 93.0929870605 
472.8954162598 136.0409088135 799.5371704102 87.6240005493 
500.9401245117 115.6431198120 444.0319213867 125.1902389526 
344.9706420898 86.3713073730 316.9875183105 84.1576919556 
440.9989318848 103.0281372070 409.0072631836 101.8091964722 
node_id_list 4665 4666 4667 5539 5540 6332 6333 6334 6335 6336 6337 6338 6339 6340 6356 6357 6358 7608 7609 7610 7611 8704 8705 8706 9234 9235 9236 9247 9266 9381 9382 9393 9394 9395 9408 11658 11659 11660 11661 11670 11859 12859 12860 12861 12862 12863 12864 12865 12923 13139 
score_list 1.5143478550 1.9187363621 6.2855587227 1.9739535927 7.6751542198 6.9418881077 8.9175924073 6.7134495660 7.3268937602 5.8874878549 8.6830240896 8.5081305839 9.9296684901 6.9180146358 3.3386963027 5.7165418489 3.2546734101 1.8173022846 1.9093635902 5.8439328420 2.8236973488 0.6184656036 3.1038839324 5.9121812147 3.9305156334 1.6038759778 6.4045589974 4.9239800944 4.3011031034 7.5015923504 7.7803072329 2.9598483049 5.7719209104 3.9770448638 0.9859463443 5.6452956602 3.7090312973 3.8669653106 3.7442470979 1.9488726159 2.4703579719 4.9262916547 3.8440522170 3.2375641007 2.9948772262 1.8202050343 3.7839830299 2.3083959139 0.6560404803 2.9579513046 
line3d_list
0.2636234681 -2.9956422950 2.0081331262 0.4788336929 -3.0044399583 2.0091414894 
0.3636000477 -2.9989844935 2.0086248583 0.5199040659 -2.9754597956 2.0036478437 
0.2590810177 -2.9974470155 2.0083521769 1.2097894895 -2.9996985778 2.0083858531 
1.7812389487 -2.9949169932 2.0077565493 1.9281189908 -3.0235060078 2.0122800899 
1.0296407451 -2.9956731219 2.0081505670 1.8965481106 -3.0001805026 2.0085573191 
1.0138481264 -2.9998637222 2.0086039679 1.5048260312 -2.9990229664 2.0082809464 
0.7587438955 -2.9997815392 2.0086634762 1.8302080886 -2.9999769792 2.0083822829 
1.2669641054 -2.9994571956 2.0084987012 2.0076719764 -2.9901772027 2.0075954667 
1.0174551269 -2.9864357558 2.0075872500 1.2396819866 -2.9926515998 2.0079938559 
1.0138135817 -2.9956162172 2.0081456176 1.7566064555 -3.0027733934 2.0088155968 
0.0512123605 -3.0029928884 2.0091006522 1.5836397686 -3.0001255385 2.0084615627 
0.2581215088 -2.9974243787 2.0084988557 1.6445052782 -2.9949310912 2.0078073901 
0.7572902017 -2.9997812741 2.0086638577 1.6837205839 -2.9999502592 2.0084207268 
1.0164256092 -2.9957795888 2.0082910130 1.3454795224 -3.0019027756 2.0086611404 
0.8413839621 -2.9986038644 2.0083928438 0.9972933694 -2.9931443838 2.0072065167 
0.7711132640 -2.9994260892 2.0085855714 0.9857819296 -2.9985252012 2.0083330328 
0.5208469770 -2.9855051626 2.0067593544 1.0857328291 -2.9960433905 2.0081011717 
0.5899541241 -3.0033345155 2.0088038559 0.9006261879 -2.9949768668 2.0079717965 
0.8301070156 -2.9923270205 2.0070861617 0.9740323617 -2.9989194012 2.0084188390 
0.0442087704 -2.9985225032 2.0086154208 2.0411313016 -2.9969037051 2.0076774604 
0.4962436139 -2.9954520299 2.0080890203 0.8948042189 -3.0011715636 2.0088021674 
2.0719907395 -2.9836133123 2.0073028440 2.2175451445 -2.9962157062 2.0078649638 
1.7790184800 -2.9850768391 2.0055760396 3.1000191533 -3.0350097284 2.0150649781 
1.5172814748 -3.0047332324 2.0090872277 2.5217576820 -2.9958373968 2.0080701553 
1.2601415844 -3.0073266844 2.0092786864 2.2003247787 -2.9948802052 2.0080286831 
1.7685701715 -3.0005959261 2.0086027145 1.9780605004 -2.9978226187 2.0083241905 
0.1908412071 -2.9877125377 2.0062553822 2.4394252398 -3.0060845481 2.0095569512 
1.0236647096 -2.9946150745 2.0080315982 1.2466165555 -3.0013260925 2.0088100359 
0.7745665683 -2.9935985074 2.0080549548 0.9718372027 -3.0122454579 2.0098470281 
0.0090255559 -3.0106154263 2.0110418528 1.2942529577 -3.0021915049 2.0089952895 
1.3810484851 -2.9982583797 2.0083769379 2.1100770543 -2.9932460167 2.0077982303 
0.5204779635 -2.9931889084 2.0073444496 0.7497588109 -2.9956361129 2.0077496341 
0.5049002649 -2.9958575924 2.0076737954 0.8208666049 -3.0004860990 2.0086717636 
0.2632049908 -2.9974567823 2.0083523230 0.7454185404 -2.9985988083 2.0083694040 
0.2611484360 -2.9927888431 2.0070676500 0.4154146794 -3.0044378167 2.0100652570 
1.5156895907 -3.0033151155 2.0088685743 2.9717878529 -2.9935588604 2.0078770099 
1.0147008756 -2.9943195485 2.0088329083 1.5113479196 -2.9901198931 2.0068993694 
2.9716056462 -2.9854132186 2.0058027468 0.2116445588 -3.0085625076 2.0105111418 
1.1167820755 -2.9935649063 2.0072583785 1.2504098126 -2.9873678582 2.0059248059 
0.8654735945 -2.9939988298 2.0074244653 1.0069548715 -2.9849901105 2.0055016949 
0.2488828840 -3.0019224397 2.0089093945 0.5129633786 -2.9924824164 2.0079656212 
1.5246364672 -2.9943538461 2.0074935169 2.3480776392 -3.0048125540 2.0093897770 
1.2634358949 -2.9964908891 2.0081349595 2.5117599950 -3.0086711007 2.0092843315 
3.1359314967 -3.0352361669 2.0151047881 1.2631070877 -2.9901927670 2.0066183456 
0.8366964518 -2.9929894849 2.0072036837 3.1592882914 -3.0119661746 2.0106139174 
1.3734663929 -2.9988019193 2.0081043740 1.5162643943 -2.9927566111 2.0071183378 
3.1002320791 -2.9634482650 2.0047488053 1.3757432149 -3.0108273054 2.0095574579 
2.5074255334 -2.9786153299 2.0061621850 2.8297226564 -2.9747159788 2.0063238865 
0.0209675941 -3.0216824307 2.0098297425 0.2152259061 -3.0166084576 2.0104573455 
1.2763226016 -2.9782147266 2.0064168714 1.4405554684 -2.9980415684 2.0081576356 
END
