0.0491260693 -1.1507704288 0.9221817982 0.0600965353 -1.2243071361 0.8999185871 
3 3
image_id_list 59 92 64 
line_id_list 39 36 24 
line2d_list
49.4362564087 324.1098937988 84.5898742676 313.6249389648 
127.2135314941 461.0553283691 61.9625625610 500.6416625977 
119.3233947754 341.4736328125 167.6546783447 332.2002563477 
node_id_list 13106 13107 13219 
score_list 1.5530357009 3.6816771322 1.4558584375 
line3d_list
0.0633309833 -1.2248109450 0.9031765109 0.0456225937 -1.1418659912 0.9225296143 
0.0491260693 -1.1507704288 0.9221817982 0.0647380016 -1.2554195924 0.8904993024 
0.0624468824 -1.2400618707 0.8951488470 0.0481363720 -1.1441363375 0.9241902669 
END
