3.8540865023 -0.8889856224 1.1815666672 3.8435875696 -0.6065997875 1.1832325765 
14 8
image_id_list 25 26 28 29 69 70 25 69 52 29 52 52 70 27 
line_id_list 90 33 93 158 148 29 110 133 180 180 33 104 84 253 
line2d_list
424.0030517578 265.0924682617 342.0006103516 264.8173828125 
373.0188598633 203.1753082275 325.9186096191 208.2436370850 
444.0903625488 137.4816436768 396.0913085938 146.4866485596 
534.0079956055 147.8231201172 475.9460449219 145.1901550293 
488.9768371582 248.1079711914 445.8173217773 238.8517303467 
279.0247192383 65.7375335693 207.0050659180 68.1513061523 
425.0076293945 272.2356567383 342.9858703613 271.4168090820 
483.9009094238 251.4651794434 444.9636535645 243.1706848145 
59.0155830383 276.8229980469 0.9795864224 277.9217834473 
535.0453491211 152.7898712158 475.9784240723 150.5751800537 
60.0178375244 281.7392578125 0.9798233509 283.1638183594 
0.9897281528 280.3855285645 59.9899559021 279.3992614746 
281.0066528320 72.2259216309 208.0110473633 74.3751449585 
608.9933471680 204.9295806885 558.9678955078 209.6608123779 
node_id_list 10426 10427 10428 10429 10430 10431 10467 10468 10650 10666 10667 10668 10669 11229 
score_list 4.4572314120 2.9836075181 2.5447067016 4.5377020106 4.8098137826 4.3166658221 4.5008679234 4.3637542460 0.9693736906 3.3115153235 0.8984619034 0.5913109529 3.5081016937 3.9971576280 
line3d_list
3.7911848072 -0.8889033758 1.1961787595 3.7864983644 -0.6099706004 1.1964573984 
3.7931730183 -0.8853456489 1.1957042524 3.7927280834 -0.6113262366 1.1959968504 
3.7920138093 -0.8802675753 1.1960447978 3.7925276718 -0.6087666340 1.1960567267 
3.7868601915 -0.8743753263 1.1964797509 3.7976002213 -0.6116392199 1.1956350014 
3.7893023382 -0.8451146218 1.1963323160 3.7930543500 -0.6127582495 1.1958312967 
3.7984717712 -0.8813457278 1.1950136413 3.7938088447 -0.6055446015 1.1961209645 
3.7895770523 -0.8913355899 1.1733532285 3.7932599658 -0.6084077588 1.1725233283 
3.7892095553 -0.8230312038 1.1739236555 3.7933246161 -0.6127470859 1.1727625503 
3.7751831876 -0.8821573695 1.1969911642 3.7910677363 -0.6466801376 1.1959660532 
3.7847163204 -0.8806838723 1.1752939794 3.7970408623 -0.6129628040 1.1716006332 
3.8045575166 -0.8942457231 1.1726153358 3.7986389082 -0.6476319183 1.1723456665 
3.7907673704 -0.6463502692 1.1850549024 3.7947745641 -0.8916227838 1.1840393344 
3.7853087355 -0.8886328546 1.1735591895 3.7979515814 -0.6040509181 1.1722801886 
3.8039305329 -0.8737733032 1.1925789008 3.7937064479 -0.6223201823 1.1957054409 
END
