-0.1653097591 -0.9297145715 1.7055408412 -0.2193915520 -0.9014580668 1.9712104600 
10 9
image_id_list 19 37 76 86 43 79 85 43 58 87 
line_id_list 130 199 189 205 181 204 290 191 317 278 
line2d_list
724.1377563477 123.0425872803 741.7014770508 66.2168197632 
552.7203979492 123.0840835571 559.1343994141 68.1324081421 
598.8087768555 80.1684265137 611.8820800781 17.3919448853 
615.8870849609 120.1410980225 625.4174804688 60.2254676819 
783.1924438477 93.0166778564 786.9921264648 49.1726493835 
596.0887451172 38.1743087769 602.0395507812 1.0063278675 
387.1566467285 42.1128196716 384.6417846680 1.0219237804 
790.9283447266 47.0654716492 794.1110229492 1.9373040199 
197.5362091064 141.9422607422 205.2140960693 80.2756729126 
156.2799072266 158.0147247314 160.0149688721 87.0007858276 
node_id_list 9273 9274 9275 9276 11890 11891 11892 12345 13092 13506 
score_list 3.5942705968 4.5417306584 4.5697073749 4.7120281733 6.6488997912 5.1302051898 5.8285748686 4.1361032522 3.3950275016 4.8867361312 
line3d_list
-0.1670316897 -0.9296784729 1.7069430053 -0.2299312473 -0.9041579371 1.9687713277 
-0.1670777691 -0.9296597769 1.7071348172 -0.2300629548 -0.9041044988 1.9693195789 
-0.1773073075 -0.9322887025 1.7063568036 -0.2199253067 -0.9015231217 1.9699375307 
-0.1731296887 -0.9308325513 1.7091211321 -0.2190524057 -0.9014117907 1.9692811974 
-0.1603545142 -0.9293398522 1.7065097147 -0.1982303862 -0.9170507204 1.8365369082 
-0.1569194207 -0.9276406545 1.7091606159 -0.2005116270 -0.9168309721 1.8479072977 
-0.1458054367 -0.9298709330 1.7094825879 -0.1975298848 -0.9118633689 1.8753894006 
-0.1783612383 -0.9096906399 1.8411462758 -0.2135693821 -0.8997966360 1.9730813753 
-0.1434129535 -0.9282342684 1.7052892509 -0.2299639110 -0.9014021411 1.9741839093 
-0.1652017728 -0.9305461980 1.7092877369 -0.1974211427 -0.9005190121 1.9706722953 
END
