1.5139789788 -2.9975857346 1.3439104802 1.5132394675 -3.0004375254 1.6643310770 
54 30
image_id_list 2 21 33 34 38 77 80 96 2 3 81 81 84 98 9 13 14 16 16 19 19 20 31 31 33 34 38 57 60 60 82 83 83 84 97 97 9 13 20 82 96 14 21 54 56 56 78 78 80 55 89 88 77 98 
line_id_list 79 8 28 38 6 77 14 46 86 39 44 78 126 105 14 20 29 56 115 10 23 33 49 88 60 37 70 20 2 41 24 20 23 161 20 31 17 19 44 65 71 67 12 14 20 71 17 30 32 147 58 165 57 77 
line2d_list
24.2193622589 180.5259399414 0.3916307986 119.2365188599 
335.9973449707 68.0405731201 338.7252807617 0.9888229966 
140.6946258545 285.9040222168 131.7132873535 220.9014434814 
378.4674682617 42.0446395874 375.0195922852 0.9145293832 
178.3659362793 237.9959411621 177.3673706055 147.9959259033 
111.8514633179 277.7452392578 74.7586059570 153.7730255127 
285.5798339844 133.0277709961 290.0822753906 39.0039405823 
62.7663078308 252.9119720459 52.8857078552 166.8982543945 
0.3548795283 126.2528991699 21.8410549164 181.0623016357 
184.6922149658 198.9311676025 169.5871887207 47.0410537720 
153.7330932617 211.8104553223 131.3946533203 125.4150848389 
137.6903991699 158.0765380859 151.3098144531 213.1706237793 
27.5520439148 179.8614654541 3.7021074295 84.8238067627 
92.0637969971 210.9912567139 91.3409881592 122.9972000122 
187.5476379395 281.9617614746 183.9903259277 231.0006713867 
584.9792480469 151.1786804199 598.7067871094 75.9464950562 
344.7702941895 105.8947677612 336.0589904785 42.1285552979 
215.4814147949 146.8831329346 198.4872131348 76.8817214966 
196.8289184570 79.0402297974 212.8723144531 147.2651824951 
167.9698791504 183.9386138916 163.9195251465 119.9418029785 
161.9393920898 121.0032196045 165.2885894775 184.0377960205 
102.6770629883 231.9293823242 94.7497253418 155.9218139648 
104.4569778442 288.0561523438 98.0397109985 225.9958953857 
96.1878738403 225.9831237793 101.8564834595 289.1026916504 
129.2512817383 221.1008605957 138.0119018555 286.1331176758 
372.5626525879 0.9562360048 375.8399047852 43.0902328491 
174.7688293457 147.0146026611 175.8478851318 238.0136566162 
264.3310852051 164.0312042236 269.9897766113 103.9990386963 
396.6460266113 235.9925384521 395.9304199219 173.9892578125 
393.6754760742 174.9937744141 394.2378234863 236.0070190430 
241.1327209473 134.8029785156 230.7092895508 74.8766250610 
556.3686523438 182.9402618408 550.3987426758 246.0377197266 
552.8788452148 247.0813446045 558.8947143555 182.0828094482 
1.0903943777 83.9776229858 25.1559829712 181.2089080811 
373.2890625000 270.0031433105 373.4300537109 212.0010528564 
371.5935058594 211.9946594238 370.8188476562 270.9976196289 
182.5935363770 230.9665832520 185.5220031738 282.9706115723 
594.3656616211 88.0699996948 582.3070678711 151.0587768555 
92.4030685425 155.0589904785 100.1132354736 233.0876159668 
229.8116455078 81.0299987793 238.4229888916 135.0919036865 
50.0612869263 165.1066894531 60.0634117126 253.1064605713 
337.8128051758 62.9035034180 343.0334472656 106.8773040771 
336.0480041504 0.9628070593 333.4298400879 67.9777221680 
637.7672729492 174.9665679932 634.3707885742 97.0274200439 
296.8041076660 197.9506683350 289.7499694824 82.9539947510 
286.9419860840 83.0652236938 294.0313415527 198.0597229004 
545.6526489258 201.0529327393 551.8224487305 124.9855957031 
549.7557983398 125.9777145386 542.8281250000 201.8930511475 
287.6439819336 37.9305877686 282.7269592285 133.9860229492 
729.4885253906 239.0164184570 727.4015502930 174.0192108154 
547.3681640625 252.9344024658 555.8870849609 170.8844451904 
84.3917312622 144.0131378174 85.2416687012 53.9928398132 
71.1358947754 152.2623748779 109.0949096680 277.2748107910 
89.4217529297 138.9967651367 89.0194854736 210.9945220947 
node_id_list 2591 2592 2593 2594 2595 2596 2597 2598 2607 2967 2968 2969 2970 2971 5225 5226 5227 5228 5229 5230 5231 5232 5233 5234 5235 5236 5237 5238 5239 5240 5241 5242 5243 5244 5245 5246 5264 5265 5266 5267 5268 7408 7409 7410 7411 7412 7413 7414 7415 7416 7417 8199 9385 13473 
score_list 8.3878354184 13.9227713112 14.7997984249 15.6863943044 10.1074345191 9.0684396035 14.6016621498 10.7687989651 7.2287277672 2.9865233353 9.7587574838 9.8269876743 6.7044426835 9.0831691860 10.1933819980 12.9715848929 14.7592185904 15.1881395678 13.2956504510 9.5423266679 6.6755941835 9.8690203446 12.7620311637 12.3014546098 14.6645001388 15.5418433952 9.7623448354 12.3771882465 16.6511762487 16.5100687518 11.3091257356 15.1998443310 16.2421291980 6.2116090825 17.4574522758 17.1625726201 9.2385450539 11.7263255968 8.0564356641 9.0573526913 10.5599838533 10.1692747144 13.8310445205 11.2566499738 12.1947588273 12.0174063565 13.1838994097 12.5122706754 14.1758050976 10.5516166831 10.0795033893 11.7549915065 7.0656656218 6.9011599987 
line3d_list
1.5125927990 -3.0018881918 1.3448335851 1.5127478129 -3.0015935677 1.4135638377 
1.5132591531 -2.9968326122 1.3464430876 1.5123421660 -2.9999917468 1.6190164117 
1.5124217707 -2.9981527902 1.3466825459 1.5117731631 -3.0024744054 1.6532863982 
1.5101038095 -3.0019089635 1.3496855586 1.5097046052 -3.0032401398 1.5354451924 
1.5119967742 -3.0022717517 1.3465654695 1.5142558671 -2.9971417288 1.6552284539 
1.5139761837 -3.0003595377 1.3438857865 1.5147647350 -2.9989203458 1.6602763623 
1.5138740495 -2.9961386026 1.3489460172 1.5148383679 -2.9961927071 1.6596674433 
1.5142693964 -2.9967652881 1.3463448961 1.5119227336 -3.0027984397 1.6587186664 
1.5117838261 -3.0063584615 1.4055309853 1.5115141055 -3.0066945147 1.3434256313 
1.5138893214 -2.9976902367 1.3500162251 1.5128322474 -3.0005875565 1.6521847161 
1.5124028695 -2.9985920441 1.3471425780 1.5096231001 -3.0048237114 1.6409214159 
1.5235075566 -2.9993638927 1.5338082387 1.5250603476 -2.9985837640 1.3451324470 
1.5109930180 -3.0024080959 1.3467312541 1.5117891894 -3.0024863798 1.6609452897 
1.5099744590 -3.0035847374 1.3461393020 1.5148570459 -2.9964672747 1.6488864349 
1.5224191673 -2.9820404420 1.3493144599 1.5109531451 -3.0021025660 1.6275987919 
1.5161176155 -2.9930624646 1.3498295482 1.5151451557 -2.9958680049 1.6485356653 
1.5155206892 -2.9933713709 1.3470202325 1.5115549379 -3.0015766751 1.6385652781 
1.5121097068 -2.9990765565 1.3459664674 1.5126790541 -2.9997672035 1.6520812074 
1.5240194496 -2.9983856817 1.6447319063 1.5271641346 -2.9965223659 1.3477206113 
1.5151766224 -2.9939513302 1.3477473441 1.5131190607 -2.9990026831 1.6468972868 
1.5245989625 -2.9982338226 1.6419876665 1.5227307389 -3.0048580422 1.3468185622 
1.5142188580 -2.9968542744 1.3496601952 1.5092895612 -3.0053184315 1.6550878164 
1.5125776388 -2.9978741651 1.3486600144 1.5150881589 -2.9959852464 1.6392527177 
1.5204595570 -3.0027692934 1.6398269732 1.5254016042 -2.9984134266 1.3449483267 
1.5258705417 -2.9943692553 1.6527062849 1.5253993426 -2.9968224318 1.3472345083 
1.5264255368 -2.9949600123 1.5366594514 1.5269591378 -2.9969826944 1.3468895522 
1.5250553600 -2.9956146761 1.6585216630 1.5245112385 -2.9982085612 1.3483496591 
1.5133997609 -2.9962518979 1.3468647354 1.5123243912 -3.0000196263 1.6389229479 
1.5113501543 -2.9997084243 1.3462578470 1.5118013868 -3.0010421913 1.6551280651 
1.5267980883 -2.9927757723 1.6497224506 1.5235116580 -3.0018790316 1.3463787419 
1.5138628053 -2.9943394791 1.3482674346 1.5121089781 -3.0009119421 1.6371135732 
1.5227920337 -3.0039212238 1.6557315533 1.5226328089 -3.0043244399 1.3501342110 
1.5147647440 -2.9920944509 1.3467833755 1.5158188900 -2.9917876965 1.6606061725 
1.5213815683 -3.0005618828 1.6643487617 1.5315127932 -2.9865996169 1.3468346890 
1.5163740805 -2.9906625744 1.3544924287 1.5155263182 -2.9950802755 1.6326918477 
1.5217168713 -3.0013328969 1.6325674950 1.5244828890 -2.9994673478 1.3493544827 
1.5229297972 -2.9982140490 1.6280391364 1.5290155610 -2.9914629386 1.3440217153 
1.5227735408 -2.9990705250 1.6007701305 1.5220988189 -3.0036814360 1.3485162023 
1.5218252180 -3.0009211309 1.6591078500 1.5199214396 -3.0067895411 1.3446362029 
1.5230462334 -3.0010999675 1.6092700549 1.5240129228 -3.0033759159 1.3482116712 
1.5221183024 -3.0001805688 1.6654505646 1.5214825440 -3.0029710994 1.3458395525 
1.5291625068 -2.9848220118 1.5453256752 1.5265996162 -2.9932208466 1.3436897283 
1.5252162405 -2.9949821274 1.6181084333 1.5238562631 -3.0009537359 1.3457962253 
1.5137370540 -2.9944399372 1.3712657633 1.5150202649 -2.9933978033 1.6453060063 
1.5166921184 -2.9914097277 1.3469503230 1.5152898618 -2.9954521110 1.6625200056 
1.5212325377 -3.0017547325 1.6625091411 1.5207630491 -3.0038385815 1.3457337885 
1.5135437438 -2.9970568389 1.3484871754 1.5149321273 -2.9963401792 1.6480787453 
1.5221027922 -2.9995184487 1.6439667795 1.5209929706 -3.0054808671 1.3443238468 
1.5224069400 -3.0003807625 1.6623957766 1.5225159098 -3.0017922732 1.3446524543 
1.5186836544 -2.9838616485 1.3682729064 1.5189863897 -2.9848423688 1.6309756836 
1.5191162298 -2.9828610728 1.3558181390 1.5201554811 -2.9824445760 1.6467871882 
1.5179046036 -2.9902025817 1.3651495137 1.5165017711 -2.9946737968 1.6402895789 
1.5207945093 -3.0022549291 1.6650838950 1.5180204727 -3.0070492564 1.3455755147 
1.5375621953 -2.9763921363 1.5939895824 1.5206611390 -3.0055961711 1.3460657511 
END
