2.0259642385 -2.9840665188 1.3420494793 2.0258479655 -2.9848494793 1.6622082695 
31 17
image_id_list 9 13 14 16 19 33 34 34 38 57 57 60 60 82 83 83 97 9 13 14 16 19 38 82 97 78 78 54 56 56 53 
line_id_list 26 7 54 90 58 59 9 52 118 8 12 20 133 57 9 27 9 38 8 37 44 22 62 44 13 6 7 119 97 124 155 
line2d_list
94.6144714355 228.0268707275 99.0733413696 291.9948730469 
482.2170104980 57.8945846558 470.7811889648 142.8359069824 
237.1093750000 46.1535530090 249.8748168945 120.1939926147 
83.1029205322 95.9687576294 107.4501800537 176.1669158936 
54.4408874512 116.0549240112 61.9118041992 192.1069030762 
21.3749580383 299.7795410156 10.6765394211 233.0518646240 
279.6602783203 55.9068489075 271.8962402344 0.8735590577 
269.4367370605 0.9389763474 277.1469726562 56.1191902161 
15.5676794052 144.0326080322 23.9416885376 255.0798034668 
170.0594329834 79.9356231689 164.9265289307 154.9265289307 
167.6925811768 154.0457763672 172.4527130127 82.0299224854 
297.4155578613 237.9480590820 295.2521362305 178.9907531738 
294.5785827637 191.9815979004 296.0092773438 236.9678955078 
131.4396362305 81.1198654175 146.8672332764 153.2423095703 
453.7514038086 244.0486755371 458.0296630859 178.0019226074 
455.4942626953 178.9672546387 451.2861022949 243.9537658691 
281.7281799316 208.0019378662 282.2348937988 279.0054626465 
101.6563796997 290.9523315430 97.0802001953 227.9215698242 
473.5805664062 142.0779113770 484.8486938477 58.1138954163 
252.5220642090 119.9082641602 239.3188781738 44.7682533264 
110.0440368652 175.6829986572 85.7783203125 95.7636795044 
64.5110626221 190.9489593506 57.0151824951 115.8986053467 
26.5119895935 254.0354461670 18.5878849030 144.9572906494 
149.2061462402 151.9558715820 134.2225189209 81.9523696899 
284.8390197754 278.9887084961 283.8696289062 206.9882965088 
435.2278137207 114.9620132446 430.9949340820 200.9997558594 
433.7300415039 201.0346221924 437.8081970215 115.0383300781 
497.1740112305 190.1644897461 490.5868225098 117.0372161865 
108.0960464478 210.9874114990 93.2824249268 97.9629821777 
94.7756805420 124.0300140381 104.5463409424 197.0606994629 
42.5141067505 171.0077819824 41.1686553955 86.9812850952 
node_id_list 5297 5298 5299 5300 5301 5302 5303 5304 5305 5306 5307 5308 5309 5310 5311 5312 5313 5331 5332 5333 5334 5335 5336 5337 5338 7323 7324 7325 7326 7327 8219 
score_list 6.4980148923 12.6308486170 10.4748297224 7.4635730660 7.2587222479 7.8074644212 10.7579455432 9.3131454322 4.5571647853 8.3317039286 8.6724056466 11.7110888438 10.5740949561 6.4627347765 12.3059744763 10.9451540043 9.2910483836 6.7720757852 13.1702661826 10.7520296103 7.8225883885 7.6505781660 5.6087937274 6.8923268589 9.8596353819 8.9666109209 9.4240529285 8.8945768511 7.3533464520 6.5965862724 6.8325136544 
line3d_list
2.0261986425 -3.0061194022 1.6550507180 2.0225350147 -3.0146001952 1.3409252385 
2.0260509338 -3.0074397151 1.6627146746 2.0255622280 -3.0089284065 1.3449259801 
2.0244951351 -3.0098304442 1.6544399601 2.0223662295 -3.0148575622 1.3447045127 
2.0278787154 -3.0034544540 1.6615285276 2.0269235753 -3.0063050958 1.3436223142 
2.0231167308 -3.0124058696 1.6581746324 2.0228201636 -3.0140120688 1.3426803681 
2.0194038095 -2.9972093276 1.3511330729 2.0221152805 -2.9923685465 1.6354461032 
2.0204427518 -2.9945497642 1.3441876024 2.0197925199 -2.9961106689 1.5782770680 
2.0303266185 -2.9987711596 1.5788888105 2.0322380858 -2.9954197779 1.3445589205 
2.0207310981 -3.0172696480 1.6613569413 2.0164673567 -3.0270073873 1.3374829140 
2.0266240216 -3.0064679505 1.6685788934 2.0245721072 -3.0119783780 1.3419807142 
2.0197692281 -2.9951022272 1.3481811851 2.0227046189 -2.9900350958 1.6608929240 
2.0193536857 -2.9973050503 1.3485703698 2.0233520680 -2.9898415435 1.6274026281 
2.0239458514 -3.0110009616 1.5670274064 2.0223963532 -3.0148463478 1.3526371685 
2.0242911699 -3.0108835712 1.6586235429 2.0222418931 -3.0154175716 1.3423982435 
2.0188533352 -2.9971498087 1.3486070334 2.0204104524 -2.9941768185 1.6572557046 
2.0293035802 -3.0042278516 1.6520706129 2.0289199570 -3.0041132583 1.3479246901 
2.0261178914 -3.0036885429 1.6530263084 2.0236777748 -3.0088878189 1.3456757268 
2.0208413543 -2.9937804905 1.3467468252 2.0238471461 -2.9883509633 1.6552526781 
2.0255902510 -2.9828780645 1.3509631403 2.0259688418 -2.9829061936 1.6622130658 
2.0217961560 -2.9913734361 1.3453579032 2.0205502460 -2.9956162220 1.6584099950 
2.0230418188 -2.9894844850 1.3454824234 2.0210180681 -2.9949249884 1.6608763145 
2.0221175313 -2.9917019553 1.3495908132 2.0217708674 -2.9931223682 1.6593260484 
2.0261046960 -2.9843888902 1.3496117737 2.0257907896 -2.9848660063 1.6614676573 
2.0208609907 -2.9937450201 1.3487622560 2.0238387835 -2.9883660690 1.6543943701 
2.0217880033 -2.9914011992 1.3474063969 2.0205537229 -2.9956043816 1.6575363629 
2.0287148763 -3.0004114537 1.6606956769 2.0285817795 -3.0019679905 1.3467370616 
2.0218129088 -2.9924261432 1.3474709787 2.0218179811 -2.9930122034 1.6606171346 
2.0255832033 -2.9827232469 1.3653159647 2.0259543494 -2.9829928233 1.6388462063 
2.0215711443 -2.9919808025 1.3523931905 2.0206340876 -2.9948884994 1.6288804414 
2.0270138615 -2.9720599867 1.5674020373 2.0272899018 -2.9699570047 1.3902982501 
2.0259243887 -2.9837692827 1.3588898794 2.0259689306 -2.9854166908 1.6406162831 
END
