2.7315009361 0.0872211493 0.3782009235 2.1706762022 0.0889238570 0.3772334430 
3 3
image_id_list 28 67 75 
line_id_list 230 70 37 
line2d_list
233.2911224365 390.2869567871 161.8062744141 462.8090515137 
538.0352783203 462.5724182129 343.9808349609 457.7750854492 
436.0167846680 256.9868164062 197.0178985596 261.0520019531 
node_id_list 11351 11352 13306 
score_list 1.9521356393 3.9663153578 1.9758332517 
line3d_list
2.7315034861 0.0879465531 0.3779994017 2.1706605756 0.0854500192 0.3801780450 
2.7378365726 0.0872019138 0.3782118532 2.1085857589 0.0891123685 0.3771263306 
2.7385426657 0.0862339680 0.3796367070 2.1075251259 0.0919201337 0.3739790175 
END
