2.0396530875 -3.0034700398 1.3481493774 2.2508883529 -3.0098006941 1.3473013345 
5 5
image_id_list 9 14 19 57 78 
line_id_list 29 12 8 111 51 
line2d_list
94.8942260742 291.0092773438 53.8284988403 295.3936767578 
247.8102569580 119.7551879883 200.8347015381 126.9155807495 
59.0243606567 191.3433685303 6.0074319839 195.1047515869 
164.1366577148 153.6891784668 114.9415817261 148.5603027344 
430.0028686523 200.6104431152 375.9989624023 200.4993438721 
node_id_list 5318 5319 5320 5321 8154 
score_list 1.6226440842 2.9181597788 1.6493833988 1.6427056291 3.1708708837 
line3d_list
2.0431721818 -3.0158965244 1.3477320271 2.2495054413 -3.0118195179 1.3469764064 
2.0397498091 -3.0002891757 1.3484961192 2.2569348652 -3.0132552303 1.3468733230 
2.0414773713 -3.0003923120 1.3484832109 2.2507942742 -3.0128886340 1.3469192052 
2.0313145385 -3.0062033207 1.3474720238 2.2556017945 -2.9939361698 1.3489791567 
2.0353712752 -2.9967420689 1.3486342578 2.2503625753 -3.0048708540 1.3476359236 
END
