1.0337151927 -2.9732899032 1.4999976511 1.0391127243 -2.9661274173 1.3567686150 
3 3
image_id_list 84 86 96 
line_id_list 96 67 31 
line2d_list
129.9206085205 113.0141448975 137.4207305908 155.1032257080 
65.3948364258 196.9428863525 70.7597732544 234.0347442627 
177.4346923828 175.0378417969 181.5841674805 237.0278320312 
node_id_list 13496 13497 13498 
score_list 3.0895409182 5.8424857514 9.6859718385 
line3d_list
1.0470183646 -2.9661568202 1.5169239766 1.0454104155 -2.9704589019 1.3540582274 
1.0359384207 -2.9773460561 1.4998785957 1.0483607186 -2.9675737606 1.3529518731 
1.0295522730 -2.9788140678 1.6104649929 1.0391127243 -2.9661274173 1.3567686150 
END
