0.0008804095 -1.5249632413 1.3539658051 0.0009144562 -1.5253860078 1.6556661330 
11 8
image_id_list 4 42 42 50 64 90 4 95 43 95 49 
line_id_list 41 42 67 4 99 14 101 12 16 93 23 
line2d_list
2.2128098011 0.3483590782 74.6593017578 135.1830596924 
153.5580291748 0.8145232797 177.5953521729 73.1344985962 
177.3833923340 66.8783035278 156.4288940430 0.8638604283 
440.3791809082 0.9619412422 438.7226867676 27.9829978943 
10.7185077667 0.9684525132 0.6330590844 90.9588775635 
255.7793731689 71.0037460327 256.9342651367 139.0011138916 
75.1199417114 135.4694061279 3.7523493767 1.6654648781 
684.4274291992 129.9056854248 672.7250976562 200.9547271729 
583.5297241211 135.0254516602 586.4490966797 188.9756927490 
667.8805541992 233.8076324463 685.5593261719 130.9242858887 
767.6331787109 0.5109598041 722.6500244141 126.2325897217 
node_id_list 3659 3660 3661 3662 3663 3664 3761 12188 12206 12207 12276 
score_list 3.6477642031 6.5520911127 6.4437255792 4.4002165822 2.5669036574 2.9053846808 3.5649704172 2.6165115071 3.8152276415 2.7347982155 3.8787653738 
line3d_list
0.0003176587 -1.5251230029 1.6343312816 -0.0008010901 -1.5240861089 1.3520030441 
0.0037430621 -1.5256100717 1.5075974221 0.0009075922 -1.5243562293 1.3554241167 
-0.0057560260 -1.5246076050 1.3672744797 -0.0053359411 -1.5251274351 1.5055818461 
-0.0054677663 -1.5260245664 1.5151779852 -0.0016268501 -1.5258742394 1.4451872554 
-0.0044419640 -1.5259889622 1.5358951270 -0.0050042225 -1.5260554957 1.3627649616 
-0.0040306218 -1.5259402869 1.6625553217 -0.0047211393 -1.5260219977 1.4499316966 
0.0017543823 -1.5248183026 1.3515415945 0.0025258287 -1.5247358610 1.6313959686 
-0.0043249838 -1.5264204885 1.6556652747 -0.0013353495 -1.5258974567 1.4525512863 
0.0023442872 -1.5267993315 1.6457929649 -0.0100708800 -1.5252970016 1.4690257251 
0.0002852057 -1.5239966314 1.3548061207 -0.0234191632 -1.5273979436 1.6522205172 
-0.0116885283 -1.5263814525 1.6700542579 -0.0156878155 -1.5254754596 1.3539669571 
END
