0.2051039762 0.2227145022 0.4359547112 0.2031385288 0.2229288615 1.6255599733 
235 20
image_id_list 0 1 59 64 87 90 0 1 4 8 12 17 39 58 85 90 93 0 1 4 4 8 8 12 12 17 39 58 59 59 64 74 74 85 85 87 90 92 93 0 1 8 39 39 87 90 93 0 1 1 4 4 8 12 17 39 39 47 58 59 64 66 74 74 85 87 90 92 93 93 0 1 8 12 12 17 39 58 59 93 0 0 1 4 12 12 39 47 64 64 87 90 90 92 93 0 1 8 8 17 39 39 58 59 59 64 85 85 87 87 87 90 90 93 0 1 0 1 4 8 12 17 39 39 85 87 93 0 1 8 8 17 17 39 39 58 58 59 59 64 74 85 85 87 87 90 90 93 93 0 0 1 4 4 8 12 39 58 66 66 74 85 87 87 93 0 1 0 1 4 4 8 17 47 58 59 64 74 74 85 85 87 87 90 90 92 93 47 59 64 66 85 90 92 47 58 59 87 87 12 8 85 17 64 64 90 47 58 59 18 18 18 87 65 17 93 74 18 18 18 18 58 58 85 58 64 39 64 58 59 64 93 64 87 64 
line_id_list 6 35 6 15 46 24 8 32 149 44 46 115 77 19 190 56 70 14 33 107 139 15 90 67 68 88 35 26 8 165 174 28 59 33 70 33 59 59 88 36 39 53 45 101 25 68 168 40 31 34 89 98 48 73 37 5 37 53 7 148 155 194 92 117 3 117 79 88 71 79 51 71 138 33 95 36 138 34 20 204 56 57 76 153 41 110 20 48 0 3 32 50 58 26 78 58 88 4 16 55 15 55 65 22 56 9 45 176 71 88 115 19 63 77 59 25 67 69 171 50 51 114 24 151 135 114 182 68 56 11 30 30 56 25 60 18 28 37 92 1 187 56 142 51 106 82 95 129 203 72 94 54 74 100 26 116 52 64 68 82 91 205 86 140 122 96 87 98 22 106 164 27 99 131 50 146 177 33 85 118 184 41 154 61 81 119 94 65 1 22 38 40 80 24 64 96 5 99 87 64 18 23 122 7 14 62 113 85 32 96 166 70 226 13 8 173 198 25 6 88 18 11 51 108 112 18 78 12 14 0 13 110 2 170 16 
line2d_list
402.1272583008 219.4054718018 409.6428222656 198.5118103027 
476.4338989258 157.2146453857 480.3721618652 130.9060211182 
579.7565307617 120.2024154663 585.1934204102 73.0222930908 
762.0335083008 153.7232818604 748.1950683594 202.0558624268 
456.2148132324 221.0633392334 457.7283325195 192.0379791260 
732.2856445312 107.8544006348 725.4685668945 141.2993316650 
341.7931823730 387.2851257324 370.8966369629 306.3223266602 
446.4277343750 352.0654296875 460.6514587402 259.0996704102 
523.0800170898 46.6302223206 533.2396850586 103.7796096802 
701.3380126953 403.3898315430 689.1975708008 445.0575561523 
593.1141967773 113.4735717773 585.1463623047 165.8701934814 
451.1278686523 194.7512969971 455.3595886230 230.9579772949 
674.5961303711 389.3529052734 665.5806884766 430.1283874512 
469.1792602539 335.0118408203 465.8777160645 384.9919128418 
675.7983398438 185.9902343750 676.0751953125 236.9941711426 
690.8919677734 330.1737976074 701.2805175781 276.8598022461 
400.8611145020 263.0159301758 389.6195678711 165.0436553955 
363.1475830078 343.6844482422 375.8677368164 309.3211975098 
459.6046142578 300.9369506836 465.8175354004 261.9709167480 
535.0969238281 99.9832992554 525.7746582031 45.8665504456 
528.3821411133 46.7612571716 537.3648681641 98.7642364502 
705.3252563477 406.3933105469 692.7866821289 448.6398925781 
695.5850219727 449.1726989746 707.6802368164 408.2008056641 
604.2473754883 57.8750915527 595.9304809570 107.9884567261 
598.5751342773 108.0954513550 606.8651733398 58.1435852051 
459.8944702148 215.0102844238 458.4281616211 199.9582977295 
671.5823974609 434.1340637207 680.7789916992 394.1793212891 
468.6787719727 385.0474548340 472.0328674316 337.0722045898 
562.8372802734 301.0936279297 555.2646484375 368.8059387207 
558.8416748047 368.0915832520 565.9133300781 303.0993957520 
677.2318725586 477.0672912598 699.2035522461 401.3492431641 
305.2844848633 203.0556030273 301.0003051758 147.9222717285 
297.2730102539 144.7164459229 302.3347473145 203.1442718506 
684.2336425781 235.0034332275 684.3591308594 190.0010070801 
681.0677490234 188.0000152588 681.0518798828 236.0000152588 
454.7463684082 395.0248107910 456.3415527344 347.0113525391 
695.7035522461 329.7402954102 705.8347778320 279.1672363281 
732.2420043945 403.0995483398 766.2758178711 336.6534729004 
399.9134216309 207.0095520020 395.2753601074 164.9696197510 
386.9548645020 261.3496704102 400.6759338379 223.8813323975 
468.6459045410 207.0993804932 476.0457458496 159.0070343018 
731.5516357422 301.4458007812 718.4277954102 347.1229248047 
685.7445068359 337.1674804688 702.6218872070 262.1398925781 
696.3662109375 294.0825500488 687.3500976562 334.0789184570 
451.2149353027 283.0800476074 453.2748107910 226.0822143555 
724.9129638672 143.3574829102 712.5905761719 209.2972412109 
382.6888427734 106.1505050659 376.7064208984 54.0336990356 
347.6545715332 387.2283630371 360.9931030273 348.9975891113 
452.3777160645 349.0568847656 458.6952209473 307.1046752930 
460.9256591797 308.1437072754 454.5685424805 349.0882873535 
546.2821044922 163.9501800537 536.7320556641 109.8707199097 
539.2232055664 110.7900085449 547.8476562500 161.0261535645 
684.0454101562 487.3117370605 692.8031616211 457.9413146973 
588.6962280273 166.1159973145 596.8557128906 117.1425704956 
467.5646972656 286.1576843262 463.3678283691 247.9595794678 
667.7268676758 439.1686706543 658.4600830078 479.1067504883 
661.1744384766 480.0391540527 669.6790771484 442.1524353027 
430.4246520996 218.0079956055 431.5172424316 159.9909057617 
465.1014709473 439.0712890625 467.9545898438 394.9970703125 
549.8826904297 448.2024841309 557.0029296875 382.0003051758 
650.7832641602 568.3616943359 672.9783325195 491.2817077637 
275.2904663086 50.9508285522 266.8108825684 0.8627219200 
308.9279785156 213.9286499023 312.9264831543 265.9287719727 
310.4663085938 268.0428771973 306.0453186035 212.9963531494 
683.9735717773 292.0095520020 683.7570190430 245.9964294434 
452.3613586426 455.0134277344 454.2579956055 403.9724426270 
683.7359619141 391.1430969238 694.0291137695 338.2000732422 
695.2603149414 476.6286621094 724.8037109375 417.4009094238 
403.1286926270 214.9848175049 408.3187255859 258.9623718262 
406.2028503418 259.9755249023 400.6463012695 213.9220275879 
389.0484924316 267.3727722168 376.5426330566 302.5484619141 
471.2848815918 212.0440979004 464.7728271484 254.1196136475 
709.9074096680 400.9724731445 722.6205444336 358.1843566895 
613.7456054688 0.9579258561 605.7789306641 49.1288261414 
608.3630371094 50.0598945618 616.4707031250 0.9126857519 
457.5789184570 191.0435638428 453.4320373535 150.9553070068 
682.5048217773 386.1158752441 691.8959350586 345.2056579590 
472.5068664551 328.0346679688 476.0618591309 276.0726623535 
572.2243652344 217.9126129150 564.0027465820 290.8876342773 
386.6698303223 110.9196395874 392.3276977539 158.0806579590 
363.0245056152 350.3677673340 350.2073974609 386.0744323730 
373.5487976074 308.1935119629 361.2454833984 343.0865478516 
463.5726318359 260.7930603027 457.7691650391 300.8215332031 
530.1613159180 105.7904129028 519.5653686523 47.0784378052 
593.6303710938 109.2691802979 602.3063964844 56.7203826904 
600.4939575195 56.9160690308 591.6448364258 110.2727966309 
678.3974609375 392.0901184082 669.1161499023 433.0263366699 
429.4222106934 90.0682601929 426.8498840332 219.0368957520 
695.9689941406 400.7002563477 673.7249145508 477.2107543945 
670.3618164062 478.3970947266 693.2048950195 400.0597534180 
450.2599182129 396.0397644043 451.8393554688 345.9949340820 
699.1437988281 276.1896362305 680.1857299805 390.5282287598 
703.1041870117 278.0203857422 693.1185302734 329.0231933594 
762.0601806641 334.5261230469 687.5556030273 482.2885742188 
392.7484130859 164.7835388184 398.1122131348 208.1099090576 
413.6785583496 199.2435150146 406.2032165527 220.0729217529 
484.8569335938 130.9781341553 480.9861450195 156.3035736084 
745.1689453125 273.0497741699 737.4813232422 299.1418151855 
739.4848022461 299.8501281738 747.0045776367 274.0013427734 
441.9100646973 63.9127235413 444.3222045898 89.0650024414 
707.9484252930 262.7591857910 702.3771972656 287.0863952637 
704.3745117188 287.8603820801 709.7148437500 263.9363403320 
479.5704956055 176.9750213623 477.7053222656 209.0410308838 
588.9337158203 69.8790893555 583.3463134766 119.1526641846 
586.4858398438 119.0532531738 591.8641357422 69.9851074219 
769.0890502930 149.7369232178 753.5760498047 203.4551391602 
681.1123657227 23.9999828339 681.1169433594 55.0001296997 
683.9281005859 55.9981269836 683.8615112305 22.9982604980 
460.8505554199 221.0356597900 462.1499633789 190.0482177734 
459.5602722168 190.9830780029 458.4043884277 221.0155639648 
455.8491210938 191.9936523438 454.5414123535 223.0648803711 
736.6374511719 105.9297790527 729.8145751953 141.1577606201 
732.5844726562 141.1099700928 739.0025634766 107.0004806519 
382.4078063965 46.9518318176 379.0910949707 18.8711261749 
408.0635986328 220.6782073975 415.0460815430 200.3594818115 
482.9655456543 155.9954376221 486.3786926270 130.1822967529 
372.2397155762 302.7275695801 385.4690551758 265.8097229004 
461.1305541992 256.1750183105 467.9693603516 211.9952545166 
518.6782226562 40.8730468750 511.1738281250 0.7802861333 
715.9731445312 354.2834472656 703.4890136719 397.1424560547 
600.1847534180 50.8653869629 608.5138549805 0.4243525267 
445.9266662598 146.7638092041 451.1028747559 188.9873962402 
689.6809082031 342.9270935059 679.8950805664 385.7474975586 
685.5796508789 341.3506469727 676.3188476562 383.0707702637 
675.6826171875 126.9947280884 676.0845336914 178.9993438721 
449.3839111328 340.0823974609 451.2563476562 285.9051818848 
389.1807556152 159.9776763916 383.2658691406 112.0906829834 
403.3667297363 225.7716369629 390.5865478516 261.2115173340 
479.0119934082 162.1569671631 472.3580322266 205.0555267334 
735.7213745117 304.6191711426 722.4618530273 349.1375427246 
724.7339477539 350.9219055176 737.8458862305 306.2482604980 
452.5570068359 141.9396972656 447.7901916504 97.9144439697 
445.2796936035 96.8666763306 449.9929199219 142.1049194336 
700.7446289062 293.9422607422 691.2238769531 336.0506286621 
693.4945068359 337.8869323730 703.0344848633 295.2313537598 
476.5186767578 268.0313110352 479.7760925293 214.0468292236 
477.2042846680 214.9473266602 473.6941833496 267.9797668457 
582.2353515625 128.9141998291 573.4796142578 206.9416046143 
576.5774536133 207.0644836426 585.2907104492 129.0324554443 
750.5223999023 213.8605194092 725.8733520508 298.2550964355 
294.6494750977 65.0275726318 289.6097106934 0.9520434737 
681.1141357422 63.9998893738 681.1109008789 119.9998931885 
683.9533691406 119.0005722046 683.9240112305 64.9994964600 
458.8908081055 280.9963378906 460.6289062500 229.0210266113 
458.2667236328 227.9719848633 456.2782592773 280.0106201172 
728.2569580078 148.8560180664 716.9909667969 206.9982604980 
719.4460449219 208.0871734619 730.9573974609 149.1871032715 
388.9331665039 104.0077743530 383.2134094238 54.8587875366 
380.1547241211 53.7434082031 386.1514587402 104.1010437012 
375.6770935059 316.8780822754 365.3827819824 344.1445007324 
359.4523315430 347.5164184570 345.2543029785 387.4460144043 
456.6072387695 306.2413635254 449.8664855957 351.1301269531 
534.0744628906 108.6306381226 544.4222412109 166.7467651367 
541.2797241211 168.7718200684 530.4297485352 107.9233627319 
687.4335937500 450.4229125977 677.4061279297 484.4147949219 
587.6689453125 143.9440612793 592.5718383789 114.9276580811 
663.9795532227 436.2134704590 655.0862426758 477.0187988281 
460.7962341309 389.1153564453 457.7221984863 436.9821472168 
258.4550170898 0.9182536006 267.9920043945 54.0014381409 
269.6231994629 53.2342185974 260.7164306641 0.8781208992 
301.9806213379 205.8187866211 307.9280395508 270.8236083984 
676.1409301758 240.9928436279 676.3149414062 293.0022888184 
450.1301879883 401.0743713379 448.8265686035 455.9483642578 
448.8764038086 424.9960021973 449.5856628418 402.9866333008 
398.4789428711 213.7115936279 403.9675903320 260.8874206543 
393.0473937988 262.3053283691 405.8553466797 226.3043060303 
474.9193420410 206.8357238770 481.6731872559 162.4063568115 
378.1985473633 303.7167053223 390.7323303223 268.2588806152 
467.3175048828 254.8921203613 473.9161071777 213.1448059082 
524.6925659180 37.8733482361 517.9189453125 0.8319565654 
514.9536132812 0.8250679374 521.8128662109 38.2177658081 
720.3416137695 356.1011352539 707.5899658203 399.1746520996 
450.6605529785 148.8249053955 455.1173400879 191.0930633545 
433.7244262695 82.0188980103 435.4202880859 17.0109634399 
473.1790161133 275.0119323730 469.7123107910 326.9808044434 
567.4127197266 290.1535644531 575.3493041992 217.1466827393 
702.0277709961 391.4257202148 725.9487915039 309.2762756348 
300.2817687988 137.9784088135 295.4542236328 74.9652023315 
291.4256591797 72.7074661255 297.1564025879 139.8158569336 
681.0711669922 127.9997406006 681.0839233398 180.0002288818 
684.3757324219 179.9869384766 683.8913574219 128.9915313721 
456.8370971680 338.9949951172 458.4009094238 288.0122985840 
456.0360717773 287.0012512207 454.2593078613 338.0090332031 
715.4220581055 214.8865203857 704.6160278320 269.9246215820 
707.1279296875 271.0251770020 717.9542236328 215.9909973145 
774.1614990234 321.0844726562 799.4813842773 270.2397155762 
395.0416259766 158.1112518311 389.5650024414 110.9344100952 
431.9897460938 150.0260314941 433.5415649414 91.0142440796 
542.8729858398 447.9850158691 551.0045166016 379.0005493164 
644.3159790039 567.5085449219 667.5578613281 487.8709716797 
263.5032348633 0.7459501624 272.3528137207 53.1093750000 
677.6606445312 292.9959411621 678.2482299805 244.0029754639 
711.4895019531 214.2863922119 700.5286865234 271.2939147949 
800.8284912109 258.9613647461 761.6850585938 333.4117126465 
429.0000000000 117.0000000000 429.0000000000 92.0000000000 
464.6440429688 333.1160278320 461.1228027344 383.0086669922 
551.9748535156 370.2197875977 559.6824340820 300.9646606445 
450.6485900879 346.0302124023 448.2257690430 398.0570678711 
453.7898864746 345.9930725098 452.1718444824 395.0056762695 
609.7155151367 0.9528019428 601.5620727539 50.0932540894 
690.8746337891 455.2707214355 681.1363525391 486.7326660156 
681.1589965820 244.9889373779 680.5275268555 293.0069274902 
440.6822814941 94.8151016235 445.7494201660 140.9176330566 
722.9017333984 297.9714660645 747.5375366211 213.1561279297 
745.0721435547 212.0208740234 720.1762695312 298.0509948730 
714.7192382812 208.1364135742 726.1549682617 147.8397369385 
431.3905944824 15.0825214386 429.7608642578 82.0428543091 
472.4922790527 213.0972442627 468.9107971191 268.0593566895 
582.3137817383 73.9213943481 577.1222534180 119.2431030273 
625.1489257812 327.7426757812 630.2325439453 291.1713256836 
645.0687255859 193.3141479492 653.6063232422 137.0920715332 
627.4312133789 288.7491455078 622.2423095703 321.1986389160 
452.4150085449 286.0156250000 450.5322265625 335.9823608398 
800.7482299805 151.9356994629 757.2510375977 233.2048034668 
446.6350402832 89.0330581665 444.4541625977 64.9588546753 
376.3822326660 18.9561576843 379.7043457031 47.9192085266 
285.7332458496 0.8557296395 291.0030517578 64.1662216187 
670.4193115234 3.9115836620 664.3308105469 43.8981056213 
662.5215454102 55.2232131958 652.7308349609 121.9605102539 
655.9338378906 122.1384658813 665.5799560547 57.0859985352 
667.1224365234 44.1708030701 673.0811157227 5.0123414993 
480.6235656738 208.0328826904 482.3146972656 175.9638671875 
475.0640869141 178.9220275879 472.5476379395 209.1289367676 
676.1616210938 24.9895496368 675.7875366211 54.9973526001 
468.3928527832 274.0899963379 465.1031494141 325.0066528320 
717.2498779297 308.0732727051 692.3469238281 392.9816284180 
663.8213500977 433.4094238281 673.6692504883 389.6000366211 
696.3008422852 389.3783569336 720.0494995117 307.7235717773 
465.3569030762 393.0256652832 462.0570983887 438.9322204590 
560.6771850586 291.1910095215 569.1384887695 216.9018707275 
722.8612670898 308.6678161621 699.2811889648 389.4985961914 
376.4867248535 49.8121528625 372.6928710938 19.7861022949 
670.3654174805 488.3995056152 647.0689697266 568.0202026367 
454.7334289551 234.0349426270 452.3472900391 284.1118469238 
750.8803710938 202.2504272461 764.3717651367 154.8212890625 
node_id_list 39 40 41 42 43 44 62 63 64 65 66 68 69 70 72 73 75 127 128 129 130 131 132 134 135 136 137 138 139 140 141 142 144 146 147 148 149 150 151 295 296 297 298 299 304 306 307 324 325 326 327 328 329 331 332 333 335 336 337 339 341 343 344 345 346 348 350 351 352 353 469 470 471 472 473 474 475 476 477 478 498 500 501 502 503 504 505 506 508 509 510 511 512 513 514 515 516 517 518 519 520 521 522 523 524 525 526 527 528 529 530 531 532 533 534 535 561 562 563 564 565 566 567 568 569 570 572 573 574 575 576 577 578 579 580 581 582 583 584 585 587 588 589 590 591 592 593 594 595 614 708 709 710 711 712 713 714 716 717 718 719 720 721 722 723 733 734 739 740 741 742 743 744 745 746 747 748 749 750 751 752 753 754 755 756 757 758 1641 1658 1659 1660 1661 1683 1690 1694 1695 1696 1699 3809 3814 4541 4542 4641 4642 4643 4644 6747 6748 6749 7032 7073 7104 7130 7140 8899 8900 8914 8930 8931 8932 9028 9029 9034 9035 9046 9047 12049 12621 13039 13096 13097 13098 13102 13216 13218 
score_list 8.1596752922 8.1113314508 7.9464548938 8.2702577177 7.4654664707 9.0605252125 12.9038279207 11.1693143694 10.5178895173 2.7546225740 9.1482123551 5.0557609976 7.2952517694 5.9270644853 5.4264024248 10.9408502157 11.3644565549 12.3200912265 12.3999530575 10.8478180016 10.9491717594 1.9948946158 2.6062044102 9.5231473623 10.7203087460 4.8256277374 7.2351033302 6.7539050418 9.2805086369 10.5521011670 10.5502725811 12.4205717454 10.9234386844 5.3801808361 4.9582635205 10.7562619844 11.0828212531 9.8107015627 11.7623318196 9.8297892060 8.2796457476 2.6361213370 7.2586144803 7.0961581939 7.4448794125 9.3359004672 8.7892801137 13.5316267082 12.7535945050 10.5966600058 11.9305626716 12.3136443079 2.6089013535 11.8856375783 5.7365269691 5.9058741573 7.7090123165 13.3534972959 7.7577632430 10.8902124892 11.5069405481 15.0611434932 10.7035612329 12.8265395770 6.3141379056 10.8466936170 11.7560790483 11.8242295068 9.6950385900 11.9255429463 11.8033288489 10.9812567825 1.9618088126 10.2960692536 10.8366857046 5.6508972758 6.8434129032 7.2848062592 9.8473434815 11.1249364211 11.8613387231 13.1108682397 11.2799371967 10.7684403135 9.7355129575 8.9849883430 6.5992152413 13.6266425417 9.8961557227 10.0848375386 10.5130830860 8.4397014502 10.7640577395 11.3452774526 11.2219261596 9.5967651983 8.9533429003 2.5120979655 1.9409281432 3.3784108328 7.4411943772 7.4822108106 6.4578855286 8.7744911591 8.6511787893 9.6167794373 5.1378944916 5.1945304958 8.2383110150 8.8310996842 7.5545813482 10.8401013070 10.2609831554 8.6644055744 9.1757467861 8.5323318775 12.1786482212 11.2244914878 10.0436473597 3.3300737217 9.6881223425 5.0275797852 6.8683617144 7.8489838065 6.4480208705 11.0165911840 11.2381396788 10.5194987682 9.3361494123 2.9768062053 2.8211798665 5.0685618017 4.8316283693 7.9036040056 7.4447137447 7.6659283907 7.8818262603 8.7546133453 8.8099480547 9.2395403556 7.5001620480 5.8572682405 4.7443985132 8.7910747433 8.7618066962 10.6056317215 10.5599867638 8.7548785018 8.5515647102 9.0827589833 12.1043442559 10.9005033831 11.5276130434 11.4940509178 2.7866330307 10.2243184278 5.9273801451 7.4731639285 12.6243929535 13.6845380691 10.7992151410 4.9378455267 9.2769838088 9.9214676949 10.9180992231 10.3293152376 8.7590848303 12.0346179669 11.4636538747 10.6541787337 10.5282416969 2.9533908021 4.9889968665 10.3912615514 6.9769563719 10.5215148690 10.6811082029 11.1462295410 10.0170719626 5.8574380429 4.6980023611 10.6252755005 10.6458159186 10.6877762566 11.3705339665 8.7335565869 11.6589093935 10.7854297078 8.8057520081 9.4332588062 11.6578900632 2.5706801419 10.5507855883 8.4811595225 8.2189370085 5.7814829950 9.8641188122 9.0027400549 10.6050534381 10.2051038664 1.7834554746 4.6504762498 5.7214388949 8.1198702067 8.7267509443 9.3366990158 10.1709896980 7.4346138381 9.1471941816 4.6947862957 4.4763344754 3.5449355560 10.6182076237 5.1540801708 2.6504718782 8.4912585585 8.2619625580 4.3713449184 4.7165380942 4.5209446289 3.7653486751 6.0635015218 5.2219590556 3.4656298387 7.6489914681 10.0163220261 6.0388131932 8.9796124225 6.1981918556 10.0595195070 9.6102917964 7.6669081596 8.8779200095 7.4957261823 7.4865580955 
line3d_list
0.1723016710 0.2317704336 1.4896218023 0.1713522582 0.2332441475 1.6169191693 
0.1781657536 0.2304115165 1.4806447930 0.1764341136 0.2321787806 1.6104792248 
0.1788443784 0.2299822714 1.4866145178 0.1797392152 0.2299927074 1.6189312941 
0.1793322421 0.2327949675 1.6184763990 0.1799255725 0.2328010284 1.4913787835 
0.1736625032 0.2369838230 1.4890270560 0.1686771518 0.2435717319 1.6129249571 
0.1763464610 0.2336155512 1.6099036228 0.1721604023 0.2358545262 1.4851393996 
0.1889085020 0.2085986234 0.4348003742 0.1923980831 0.2047800047 0.9537426641 
0.1979191778 0.1996621048 0.4359469945 0.1989032533 0.1982078109 0.9579659650 
0.2046578878 0.2225992656 0.9468730788 0.2049032021 0.2228664509 0.7149369691 
0.1986414180 0.2020558912 0.9505150804 0.1890691197 0.2072397067 0.7270286380 
0.2098858130 0.2101224588 0.6993466551 0.2100441740 0.2140219183 0.4462538020 
0.1921188830 0.2022199549 0.9570228781 0.1888483802 0.2053176671 0.7571276419 
0.1912976375 0.2062175365 0.9508053861 0.1894396167 0.2083301493 0.7291835316 
0.2079933089 0.2209809890 0.9427672378 0.2098745684 0.2205457655 0.7199981445 
0.1867716600 0.2072787489 0.9467165241 0.1847337322 0.2092110819 0.7111837473 
0.2113036155 0.2080901408 0.7219845635 0.2131860343 0.2065975112 0.9531880248 
0.1993816224 0.1979184843 0.4383048311 0.2037708656 0.1923254413 0.9516688872 
0.2097731810 0.2337068544 0.7258688983 0.2128330821 0.2329577615 0.9453491574 
0.2084282221 0.2342364753 0.7259659518 0.2093657121 0.2343143729 0.9413690750 
0.2105008629 0.2337057982 0.7262808931 0.2116423662 0.2323318309 0.9458327060 
0.2112361449 0.2539380175 0.9353130632 0.2128670021 0.2507708941 0.7245722985 
0.2098142691 0.2202047954 0.9426150674 0.2083984450 0.2212803058 0.7185143953 
0.2090635066 0.2348486213 0.7193575112 0.2126657633 0.2324486607 0.9370454270 
0.1977616067 0.2292403302 0.9402247665 0.2003453847 0.2276078473 0.7196733174 
0.2098998873 0.2348954663 0.7213540562 0.2113296358 0.2329459058 0.9420837209 
0.2132947864 0.2318440289 0.8457328023 0.2114463768 0.2329177521 0.9269085561 
0.2090230797 0.2345973627 0.7185036346 0.2125451763 0.2331936543 0.9355648586 
0.2136357001 0.2321754299 0.7205616373 0.2099227243 0.2340799290 0.9340499826 
0.2029462961 0.2254594878 0.9427885939 0.2033158097 0.2253977602 0.7201051790 
0.2079754917 0.2352376835 0.7234416009 0.2104528168 0.2323247347 0.9380398469 
0.2070288551 0.2358878836 0.7231420637 0.2089492598 0.2333073998 0.9463993910 
0.2096050555 0.2337675253 0.7232138461 0.2093232014 0.2343261553 0.9389827619 
0.1979332419 0.2288597556 0.9511412376 0.2005200915 0.2272948719 0.7237942089 
0.2080949004 0.2358076665 0.7230168794 0.2105114452 0.2345033589 0.9296511034 
0.2096210542 0.2203883881 0.9407299506 0.2083804500 0.2213007388 0.7209374693 
0.2081112731 0.2367385614 0.7215057920 0.2109851167 0.2331646940 0.9407733260 
0.2096264140 0.2343113885 0.7212191445 0.2112963200 0.2338008261 0.9414736762 
0.2095009395 0.2343687394 0.7190470464 0.2093800505 0.2347054698 0.9300864678 
0.2081105258 0.2350473340 0.7275944338 0.2086900940 0.2350520505 0.9417831361 
0.1945211721 0.2014370672 1.2339364238 0.1982626789 0.1991211268 1.4637661671 
0.1979580787 0.1999370583 1.2315384175 0.1989938218 0.1987686247 1.4746232799 
0.2144262611 0.1948811132 1.4749210951 0.2134454874 0.1975342279 1.2447128568 
0.1796346829 0.2081563316 1.2253032691 0.1841840162 0.2053251290 1.6127525386 
0.2129562903 0.1967735346 1.4530487239 0.2102220971 0.1983797607 1.2467944132 
0.1914086888 0.2072367421 1.2228369007 0.1927855341 0.2062045387 1.4686706869 
0.2119277890 0.1972112080 1.4813104126 0.2150047663 0.1961652535 1.2293171424 
0.1941517400 0.2059394967 1.2300616119 0.1949816542 0.2051813322 1.4646768307 
0.2101501052 0.2347613627 0.4448203592 0.2080074692 0.2337995139 0.6910815422 
0.2095730761 0.2349233883 0.4501417261 0.2095545569 0.2330134255 0.6917650646 
0.2153582136 0.2470296100 0.6854169753 0.2150132666 0.2480127788 0.4490935546 
0.2101652925 0.2347185828 0.4424279107 0.2106825607 0.2325625533 0.6847276822 
0.2119239382 0.2507610431 0.6733290124 0.2109158087 0.2523828288 0.4476584475 
0.2103203974 0.2338728278 0.5137181581 0.2102367163 0.2336568265 0.6724871676 
0.2104422990 0.2341630841 0.4423261089 0.2101313452 0.2336918186 0.6797545486 
0.2091442833 0.2351313529 0.4385262119 0.2131433167 0.2323233672 0.6619286806 
0.1984787212 0.2257223239 0.6855778219 0.2155245218 0.2168063220 0.4703319857 
0.2094000082 0.2349027112 0.4650514491 0.2115081869 0.2330513949 0.6753470336 
0.2130681313 0.2318001733 0.4423957656 0.2080531409 0.2354814582 0.6822002791 
0.2092152482 0.2343458812 0.4725661473 0.2086292293 0.2339157721 0.6741289864 
0.2115594717 0.2334198872 0.4468731362 0.2098482577 0.2329991673 0.6772056750 
0.2093000509 0.2344023092 0.4445254048 0.2079527807 0.2345845575 0.6808018433 
0.2116163825 0.2327433434 0.4469808218 0.2094136240 0.2345200692 0.6368779194 
0.2112093002 0.2511139491 0.6718060817 0.2105476026 0.2525785413 0.4441127948 
0.2093102577 0.2350493427 0.4426744265 0.2098686177 0.2332510928 0.6825185715 
0.2096818342 0.2348975204 0.4472458965 0.2075071931 0.2340963278 0.6712153516 
0.2107219949 0.2338183188 0.4434049619 0.2113394782 0.2331879806 0.6817241763 
0.2103594071 0.2339735212 0.4397048038 0.2102308134 0.2336415898 0.6836867120 
0.2129287727 0.2305985749 0.4506444499 0.2102993091 0.2321962095 0.6709204482 
0.2275112546 0.2265138591 0.6895162638 0.2296316071 0.2260131157 0.4532589751 
0.2109111995 0.2337777896 0.4430173027 0.2086002569 0.2338694352 0.6917532215 
0.1927500017 0.2422551409 1.2019882566 0.1943952186 0.2412985785 0.9818312801 
0.1999261849 0.2275908240 1.2050750196 0.1997965854 0.2276611523 0.9821203643 
0.2094514986 0.2340460089 0.9743367129 0.2108151561 0.2329203914 1.1960620960 
0.1991917312 0.2281095891 1.1720134637 0.2013931967 0.2268808679 0.9781562276 
0.2128717851 0.2324572805 0.9764933306 0.2106754644 0.2330613961 1.1739001750 
0.2120223030 0.2331069468 0.9747969420 0.2096245060 0.2338008261 1.1838689044 
0.2093998104 0.2340991657 0.9778255895 0.2094534126 0.2342379315 1.1940072382 
0.2139105436 0.2318657015 0.9747399527 0.2090661673 0.2338915868 1.2007549290 
0.1999239685 0.2275920267 1.2012620758 0.1997921899 0.2276635375 0.9745586364 
0.2014500530 0.2243159825 1.2045238300 0.2039016569 0.2230571820 0.9786353176 
0.2160674270 0.2464875028 0.6862300405 0.2155127140 0.2476155182 0.4547467214 
0.2169070145 0.2026693847 0.9512208441 0.2183244600 0.2028825828 0.7317623789 
0.2210673445 0.1945013860 0.9548479901 0.2250929096 0.1920148415 0.7378866456 
0.2083468471 0.1863830646 0.7207306659 0.2078616475 0.1865291742 0.9565942404 
0.2185300066 0.2027021194 0.7221985822 0.2148955532 0.2053236475 0.9512686402 
0.2231522625 0.1899855304 0.9537272096 0.2268950023 0.1866867190 0.7220044439 
0.2296162968 0.2105745975 0.9486405306 0.2253773214 0.2128736087 0.7274462985 
0.2216777935 0.1952907440 0.9569986467 0.2238413075 0.1952538008 0.4525139121 
0.2243246124 0.2057156511 0.9515737226 0.2226572368 0.2076483000 0.7290448294 
0.2235631941 0.1963515722 0.7254331720 0.2222387550 0.1979243671 0.9519014693 
0.2183707561 0.2028895462 0.7245945062 0.2169164138 0.2026707984 0.9497655870 
0.2111515222 0.1971030719 0.9558843599 0.2375516273 0.1881684852 0.4607042783 
0.2250755434 0.2055244458 0.9519218182 0.2225689631 0.2076546129 0.7313806935 
0.2115509353 0.2081802107 0.9450081754 0.2126598155 0.2075034639 0.4377066689 
0.2204955420 0.1947099665 0.9526901669 0.2246539465 0.1921716415 0.7354722555 
0.2106721587 0.2198422557 1.6205545144 0.2109057404 0.2196186917 1.4947414962 
0.2116127246 0.2193893840 1.6141970404 0.2121715579 0.2190128540 1.4902548798 
0.2105675924 0.2195947691 1.6212149262 0.2098944491 0.2204193063 1.4917611804 
0.2161408441 0.2278649786 1.4908372717 0.2215331859 0.2246153544 1.6187847743 
0.2007162796 0.2236587449 1.6114158928 0.2195740825 0.2164584160 1.4937915315 
0.2106827466 0.2198321219 1.6148516043 0.2109111274 0.2196135357 1.4918399073 
0.2154842909 0.2281838156 1.4899011111 0.2143051643 0.2281142201 1.6106178658 
0.2118310568 0.2183810912 1.6196626909 0.2098589479 0.2204613987 1.4859540631 
0.2089705956 0.2215788028 1.6255698523 0.2093395851 0.2211965349 1.4895695753 
0.2126987783 0.2295135838 1.4903013770 0.2129067552 0.2287042465 1.6256002711 
0.2103856525 0.2199840373 1.6267763458 0.2114623495 0.2193481124 1.4880959896 
0.2120659028 0.2181698544 1.6088627209 0.2118900907 0.2184994248 1.4914166231 
0.2151493453 0.2285455505 1.4861474755 0.2140974026 0.2283110096 1.6110408185 
0.2154425574 0.2282549955 1.4911197892 0.2123653031 0.2315558990 1.6215698446 
0.2082096633 0.2210101963 1.6173804926 0.2078136646 0.2210853371 1.4908680603 
0.2006458370 0.2071736192 1.6127679951 0.1972667951 0.2089146400 1.4817098017 
0.2099676502 0.2201755360 1.6186823651 0.2105667125 0.2197753120 1.4896327862 
0.2149316214 0.2287135380 1.4904039180 0.2130516749 0.2292804090 1.6152740037 
0.2153195372 0.2284367199 1.4917972882 0.2147328575 0.2280172953 1.6122945345 
0.2202398626 0.2258825306 1.4951328429 0.2175544768 0.2265256453 1.6172779561 
0.2198744747 0.2245769454 1.4930262235 0.2140951882 0.2279228014 1.6187133378 
0.1921444843 0.2056057023 0.9762975870 0.1959211274 0.2006165138 1.2067906245 
0.1942577791 0.2053280598 0.9718364731 0.1964947216 0.2027397599 1.2058191388 
0.2034594672 0.1970236061 0.9775249899 0.2020115030 0.1971728660 1.1268466678 
0.2022076728 0.2005890887 1.2063383517 0.1981896787 0.2035758695 0.9835705919 
0.1985696071 0.2014945675 0.9722612669 0.1993571837 0.2014410082 1.1756435579 
0.2054011287 0.1975705528 1.2109025131 0.1983389887 0.2034534773 0.9887978969 
0.2111311376 0.2197124401 1.2041149079 0.2088225259 0.2207168749 0.9776045064 
0.1956108568 0.2046318086 1.2064639115 0.1935746327 0.2066596118 0.9852438373 
0.1926961292 0.2044229853 1.2032021121 0.1968508869 0.2041316023 0.9805223145 
0.1930418263 0.2071155740 0.9710766193 0.1947528136 0.2053193756 1.2110159457 
0.1974776325 0.2031262043 0.9738910895 0.1950503657 0.2036295898 1.2028577442 
0.2029719248 0.2230416851 1.4583594814 0.2019387045 0.2239503872 1.2406912465 
0.2031878958 0.2229362586 1.4598272481 0.2025277308 0.2236680010 1.2420125494 
0.2079122250 0.2206834316 1.4641354350 0.2099583545 0.2201432438 1.2391069665 
0.2108493106 0.2326088650 1.2331765233 0.2129166716 0.2304547823 1.4590102606 
0.1977512504 0.2379821364 1.2277667075 0.1894050330 0.2395056239 1.4461291104 
0.2096059227 0.2204275010 1.4551873157 0.2100868562 0.2202367454 1.2312945381 
0.2106997868 0.2193730334 1.4568473884 0.2103857629 0.2199387783 1.2398369742 
0.2122392657 0.2325232748 1.2325979765 0.2119952826 0.2315637084 1.4523356358 
0.2077655365 0.2339947028 1.2353180803 0.2104896133 0.2310831509 1.4654146983 
0.2100092298 0.2199368696 1.4610893739 0.2085600167 0.2207709147 1.2352681606 
0.2076354888 0.2223149513 1.4620893625 0.2082459959 0.2220029962 1.2353411474 
0.2037795600 0.2359725235 1.2345054510 0.2057612076 0.2340651463 1.4622316347 
0.2102463493 0.2205401641 1.4609387163 0.2095416045 0.2211223208 1.2346783965 
0.2107321259 0.2328544309 1.2324436677 0.2118882175 0.2307658337 1.4365647653 
0.2112513563 0.2188427269 1.4565338338 0.2109454410 0.2194094841 1.2322674896 
0.1932504704 0.2394375467 1.2308715771 0.1957498072 0.2374145679 1.4488707544 
0.2134001080 0.2315587791 1.2332654652 0.2136611814 0.2301594151 1.4571087067 
0.2100115873 0.2199355129 1.4614567188 0.2085746326 0.2207625030 1.2375456510 
0.2091276256 0.2208809692 1.4607201142 0.2083189133 0.2219312886 1.2366178214 
0.2115145827 0.2319648967 1.2327697431 0.2126723241 0.2306907416 1.4599964516 
0.2145345263 0.2306089678 1.2352931425 0.2138404962 0.2300107771 1.4571461308 
0.1917377943 0.2391693037 1.4623588846 0.1929121117 0.2395777553 1.2339032882 
0.2143367123 0.2543023308 0.8999614404 0.2146867408 0.2494296862 0.7257399149 
0.2247999628 0.1924708433 0.7058885403 0.2255978760 0.1927280625 0.4508484545 
0.2161787257 0.2022369624 0.7034633506 0.2168628978 0.2030328115 0.4472930235 
0.2144524746 0.2036543999 0.7014094281 0.2141243713 0.2052846808 0.4434204178 
0.2066185556 0.1885125432 0.4422495838 0.2069241721 0.1882183946 0.7111288149 
0.2250356242 0.1920090356 0.7077675943 0.2347831012 0.1886024653 0.5282903330 
0.2144381417 0.2045023857 0.5575159516 0.2113292314 0.2074068364 0.6933972781 
0.2282140412 0.1890226177 0.7076323343 0.2391347968 0.1858049189 0.4879077516 
0.2247993637 0.1924706501 0.7060800509 0.2254769699 0.1926890866 0.4894941479 
0.2197962381 0.1931983573 0.6531867309 0.2203667112 0.1928207474 0.4530105814 
0.2171933299 0.2025151377 0.4512640445 0.2136219794 0.2064227787 0.6472181527 
0.2120866049 0.2054671986 0.7231707262 0.2169779151 0.2029388918 0.4473310963 
0.2255472940 0.1915227005 0.7079193333 0.2400396013 0.1857509603 0.4630838892 
0.2165131232 0.2047182401 0.7008514607 0.2224821309 0.2038798341 0.4490523635 
0.2193721834 0.2002207714 0.5925573467 0.2194007907 0.1996632634 0.6936753258 
0.2167531236 0.2017707928 0.7031108349 0.2163333012 0.2034518241 0.4496618261 
0.2183083633 0.2280939654 1.2401263029 0.2178650013 0.2273888203 1.4605231702 
0.2157167832 0.2296307619 1.2352007007 0.2153523936 0.2287412166 1.4605481611 
0.2163197313 0.2311979119 0.9818039007 0.2147268265 0.2312926707 1.2025331301 
0.2133170668 0.2320981351 0.9808727242 0.2161615778 0.2287709313 1.2026410934 
0.2145188415 0.2291391168 0.9774038826 0.2118332383 0.2318630096 1.1155835605 
0.2029855788 0.2255035427 1.1187028392 0.2046843220 0.2243372317 0.9788285947 
0.2103361836 0.2198241957 1.2034739005 0.2083642600 0.2212787462 0.9802661276 
0.2096880520 0.2201877394 1.1970841316 0.2102265876 0.2202633312 0.9765931627 
0.2119712178 0.2316082415 0.9783198717 0.2113635171 0.2323927929 1.2002475983 
0.2110932314 0.2195969936 1.2052222038 0.2107918973 0.2198593967 0.9787433558 
0.2109575622 0.2320721922 0.9794750314 0.2079390137 0.2328306268 1.2047299314 
0.2077591008 0.2342836455 0.9746006725 0.2070743614 0.2346772004 1.2057180552 
0.2087914248 0.2355389726 0.9756399586 0.2109338372 0.2327316618 1.1992064684 
0.2012940890 0.2233982479 1.2078479053 0.2029755062 0.2228973505 0.9717410234 
0.2107959792 0.2193728559 1.1991211353 0.2089801425 0.2206771941 0.9759460742 
0.2242525263 0.2281842912 0.9780469260 0.2069571286 0.2331247408 1.1922085955 
0.2112657056 0.2340349649 0.9766751059 0.2139301823 0.2298529323 1.2028222841 
0.2065395261 0.2225267091 1.2067274835 0.2082976871 0.2216978743 0.9817621794 
0.2097973191 0.2203472989 1.2056333498 0.2090684735 0.2206010957 0.9804430810 
0.2117178715 0.2318516992 0.9760502487 0.2121960855 0.2315872462 1.2014993189 
0.2083446369 0.2364708716 0.9742334086 0.2070493865 0.2363349136 1.1120744637 
0.2141166253 0.2315176617 0.9766510969 0.2136948372 0.2306288148 1.2030862170 
0.2090744928 0.2355155812 0.7219670086 0.2109353959 0.2332294832 0.9455721356 
0.2164565512 0.2032475099 0.4536955010 0.2133213832 0.2070485342 0.6908418719 
0.2166177544 0.2030092918 0.4519115575 0.2140218477 0.2059729480 0.6929392647 
0.2193051879 0.2144632891 0.6467188299 0.2225957409 0.2111327385 0.4503479421 
0.2279966096 0.1973014031 0.4562829005 0.2079114960 0.2088470085 0.6852028676 
0.2140493922 0.1963979005 1.2093930601 0.2135965533 0.1969949777 0.9771436138 
0.2045925810 0.2241269750 1.1418730636 0.1995667020 0.2283456423 0.9341019829 
0.2327633703 0.1825764459 0.8636361858 0.2286853822 0.1843103045 0.9530421825 
0.2282389558 0.1917675685 0.9550555597 0.2294151388 0.1903527361 0.7347118014 
0.2364731368 0.1914262663 0.7299904824 0.2375907018 0.1906427899 0.9536005914 
0.2347856614 0.1814572461 0.9554076105 0.2247887812 0.1865747575 0.7195663608 
0.2157048539 0.2146247761 0.9482580004 0.2114684683 0.2192123577 0.7250794712 
0.2185895845 0.1935792761 1.1773879876 0.2214496290 0.1909874433 0.9816831992 
0.1840779255 0.2315605078 0.6762665228 0.1970382882 0.2247470785 0.5087326682 
0.1821683430 0.2336206643 0.6680695024 0.2019940206 0.2222444895 0.4414745821 
0.2142775273 0.1962975160 1.4689651239 0.2192247532 0.1955405019 1.2424510759 
0.2263379155 0.1937473595 1.2353382994 0.2260813043 0.1939177059 1.4595704667 
0.2158451265 0.1954057106 1.4616959220 0.2155810119 0.1958893476 1.2329879254 
0.2283752624 0.1926596955 1.2366182798 0.2278209402 0.1920118740 1.4664264080 
0.2230374335 0.1948532273 1.2110599587 0.2225236109 0.1951124858 0.9855867521 
0.2149791538 0.1962831127 1.4678990072 0.2148570738 0.1966258781 1.2349311987 
0.2148738370 0.1971240625 1.6126233852 0.2116202276 0.1986829688 1.4882385541 
0.2122751345 0.2339169758 0.4240108370 0.2162727027 0.2308248090 0.5872909641 
0.2117229903 0.2318488685 0.9784634612 0.2121551111 0.2316099052 1.1821823434 
0.1937701038 0.2253135143 0.5868314039 0.2024704614 0.2215870746 0.4479839614 
0.2280331736 0.1847102001 1.2158219124 0.2245925384 0.1870876576 0.9972284293 
0.2033328031 0.2255326240 0.6647710123 0.2044003978 0.2240845152 0.4372050932 
0.2045258181 0.2333104690 1.4908002919 0.1866735152 0.2407197608 1.6039472913 
0.1935360998 0.2380324412 1.6129668207 0.1930885674 0.2389025434 1.4879171903 
0.1900596410 0.2413884701 1.4345845489 0.1923749831 0.2388647500 1.2326691365 
0.2041327625 0.2229419153 1.6099782566 0.2048701178 0.2224825571 1.4883274186 
0.2049588846 0.2221083540 1.4527926150 0.2029277512 0.2234962178 1.2324949706 
0.2115195440 0.2319594365 1.2337434899 0.2126103594 0.2307589370 1.4478348087 
0.2144115505 0.2288650106 1.4884892780 0.2100767192 0.2301472703 1.6070090729 
0.2073268674 0.2343100241 1.4908151677 0.2093343541 0.2313400669 1.6246964095 
0.2134481677 0.1982209126 1.6103588690 0.2143479209 0.1955914583 1.4844757892 
0.2145373113 0.1971543033 1.6084119356 0.2145772711 0.1955224990 1.4951294899 
0.2155572467 0.1958254190 1.2091137210 0.2147005055 0.1965555468 0.9880311180 
0.2204507099 0.1908621091 1.2062024704 0.2183272735 0.1921336303 0.9700076470 
0.1726261657 0.2109595888 0.7052506079 0.1754530878 0.2091825445 0.9450668013 
0.2287240425 0.1912341301 0.9838772153 0.2293791624 0.1905727430 1.2092641402 
0.2281560077 0.2135401362 0.6890365331 0.2312958134 0.2113442899 0.4818890539 
0.2400101732 0.1886810312 0.9848377664 0.2409704774 0.1886762826 1.2100314410 
0.2410853407 0.1885966971 1.2092740668 0.2427066492 0.1868729341 0.9881612022 
0.1774151296 0.2339461427 1.4811300086 0.1752166568 0.2346518844 1.6112083994 
0.2453491873 0.1838623571 0.7064440896 0.2438188564 0.1851472146 0.4677439951 
0.2263808112 0.1884360132 1.4370893088 0.2306693977 0.1818178657 1.2245005373 
0.1738820476 0.2480582318 1.4932042189 0.1732677080 0.2476939541 1.6186160194 
END
