0.0069219159 -1.5216051646 0.6811080181 -0.0002267857 -1.5255085716 0.9825414063 
8 5
image_id_list 4 42 6 7 49 6 6 6 
line_id_list 132 134 8 33 42 52 135 146 
line2d_list
204.9423675537 373.4642639160 151.6093597412 279.6535644531 
233.9505462646 253.6991119385 244.4470062256 286.8584899902 
471.9797058105 171.9992370605 467.3721923828 295.0139465332 
733.3743896484 40.8176116943 724.2614746094 72.0762329102 
675.3151855469 257.7577514648 659.7020874023 301.8946228027 
469.1941528320 298.0441589355 473.6345214844 177.9864807129 
466.7546081543 279.9934387207 468.3345642090 220.9821777344 
469.3049316406 212.0122375488 470.9114990234 171.9964447021 
node_id_list 3792 3793 3927 3928 3929 4017 4139 4155 
score_list 1.4363185648 3.3272593985 5.4949310390 1.5525362784 3.9383733792 3.5622021924 4.4253774506 3.5959924907 
line3d_list
0.0060737050 -1.5209747533 0.6754093697 0.0004370290 -1.5257478340 0.9771827053 
0.0020354232 -1.5243943298 0.8916087310 0.0039201745 -1.5227983413 0.7907039326 
0.0015063966 -1.5244726529 0.9858233654 0.0017686901 -1.5247522517 0.6809450526 
0.0061971373 -1.5241968406 0.9827107403 0.0075503596 -1.5238388053 0.8967370473 
0.0001143287 -1.5253207567 0.9816983386 0.0017592734 -1.5245209009 0.8458407665 
-0.0066822442 -1.5246679016 0.6677649758 -0.0058151210 -1.5244037997 0.9697490858 
0.0067592131 -1.5247693761 0.7247554625 0.0088846910 -1.5246564573 0.8759119569 
0.0042742686 -1.5258308647 0.8949716015 -0.0018286410 -1.5290498743 0.9834446082 
END
