0.9244728026 -2.9488823264 0.4126862635 1.3109569661 -2.8863309066 0.4513553962 
29 21
image_id_list 9 82 84 9 10 13 16 19 20 38 82 84 33 86 14 56 57 60 14 20 78 78 57 31 41 98 99 76 86 
line_id_list 187 157 123 216 208 168 176 201 170 154 206 205 159 179 189 173 209 160 159 143 77 118 166 190 102 143 177 89 112 
line2d_list
238.5213928223 432.3258972168 269.1618347168 423.5660400391 
309.4104003906 291.3260803223 341.0625000000 280.1774597168 
141.3202972412 388.8158569336 186.8251342773 362.6953735352 
265.9682006836 429.8163452148 240.8550872803 434.1626586914 
85.8415832520 363.9345703125 53.9518623352 368.6762695312 
634.0192260742 362.6885375977 602.0178222656 360.7115783691 
327.9287719727 304.8280639648 303.0548400879 315.1323547363 
251.8978271484 349.4801940918 224.9559783936 354.7760925293 
208.5067596436 412.3467102051 177.9427642822 423.8479003906 
277.9544067383 446.8934020996 242.9429168701 461.8665161133 
334.9332275391 286.7625427246 311.7943725586 293.2687072754 
179.7834320068 370.6081237793 144.9284057617 389.8704528809 
212.6730041504 463.9131774902 231.9823608398 460.8874511719 
113.2748947144 446.4772949219 74.7930984497 468.6407775879 
441.9729003906 270.8312377930 413.8940429688 275.3401794434 
404.3343811035 471.8643493652 378.8873291016 481.7087707520 
314.0614624023 341.2752075195 293.9516601562 339.5701904297 
441.0263977051 410.5440673828 459.0204772949 410.8702697754 
411.5775756836 273.5159606934 444.0755920410 264.2655334473 
176.2637939453 421.1992187500 255.1598052979 388.9448242188 
583.7354125977 410.3520507812 629.9732055664 405.7319030762 
621.9898071289 410.8189392090 584.9384765625 412.9097290039 
292.8928222656 337.3172912598 322.0293884277 335.4612731934 
173.7444152832 465.0554809570 202.7828369141 457.1975097656 
0.6474575400 499.5726623535 13.1214427948 496.4916992188 
158.2267456055 438.6374511719 209.6133728027 421.8186950684 
9.8386363983 436.8683471680 46.8000869751 431.5979919434 
14.7616462708 406.4337463379 68.5007324219 383.8138732910 
71.0919647217 467.4262695312 122.0227584839 438.0394592285 
node_id_list 5937 5938 5939 6049 6050 6051 6052 6053 6054 6055 6056 6057 6648 6649 8050 8051 8052 8053 8479 8480 8481 8511 9469 11705 12161 13026 13027 13417 13507 
score_list 6.3312072426 5.2622112161 5.1150039178 9.2751374800 3.0132957089 3.2405025205 5.9021642566 5.4841613573 6.4222479991 7.1513232228 5.0284238011 6.2634506855 7.3895703483 3.1751920755 6.2807334034 5.4072508159 5.1879359204 6.4502850821 5.0299319831 4.1238156210 2.5605887324 2.2629583761 5.7936939783 6.6592968795 1.7693480447 3.5797544576 6.8578261106 1.9975310979 3.3129068433 
line3d_list
1.2804021679 -2.9126892494 0.4473927328 1.0070887020 -2.9463625265 0.4251169555 
1.2751800607 -2.9313252217 0.4394162719 1.0140424039 -2.9503875670 0.4214419685 
1.3059523894 -2.9099889907 0.4492104876 0.9973317269 -2.9602767591 0.4168057791 
0.9718967463 -3.0163877741 0.3647441741 1.2597030701 -2.9174034610 0.4299964297 
1.0284146278 -3.0045780449 0.3736418343 1.2680324387 -2.9294605652 0.4241921777 
1.0169583459 -3.0137736132 0.3699892210 1.2963042335 -2.8880523991 0.4433680916 
1.0670041929 -2.9879058191 0.3808217527 1.3113672389 -2.8874629894 0.4422124608 
1.0166143777 -3.0116978997 0.3690183030 1.2838405966 -2.9114563875 0.4320928673 
1.0329217979 -3.0055806838 0.3728674142 1.2909222863 -2.9087999143 0.4337643892 
1.0369804837 -2.9973063008 0.3771744433 1.2997517162 -2.9018955259 0.4402975614 
1.0472167924 -2.9746945613 0.3861828377 1.2973261575 -2.8840409202 0.4434681568 
0.9914042917 -3.0205566350 0.3632916170 1.2742493238 -2.9291351682 0.4245605056 
1.3144001247 -2.9001165387 0.4392419774 1.1916134927 -2.9489096416 0.4088449149 
0.9265367630 -3.0361143110 0.3523035113 1.2315920292 -2.9583029528 0.4098168447 
0.9607952786 -3.0249687256 0.3588731717 1.2652799569 -2.9144120303 0.4320167275 
1.2203175808 -2.9311681887 0.4176519478 1.3504661969 -2.8560443669 0.4561562247 
1.0500482129 -3.0205759045 0.3658205886 1.2685075722 -2.9182846264 0.4279164092 
1.3139986835 -2.8919056996 0.4434760481 1.1903184939 -2.9365122051 0.4152090662 
1.2795219894 -2.9148720898 0.4460945227 1.0006448574 -2.9578169652 0.4182888036 
1.2946714708 -2.9144966810 0.4469500771 0.6875684029 -3.0312602607 0.3786310609 
1.2737752155 -2.9230387781 0.4430852062 0.9911382089 -2.9472558927 0.4213642776 
0.9455480871 -3.0429926500 0.3542797460 1.2544937975 -2.9363915544 0.4235673757 
1.2691870252 -2.9292873115 0.4374821352 1.0514731749 -2.9523131573 0.4219830265 
1.2658333770 -2.9511675772 0.4270486905 1.0676354008 -2.9904631416 0.4041154070 
1.2912115810 -2.8908738341 0.4391663876 1.2226435140 -2.9483981472 0.4067075281 
1.2606960859 -2.9434250161 0.4328580991 0.9463879778 -2.9756844389 0.4065324175 
1.2520337312 -2.9443140882 0.4321325614 1.0343426030 -2.9666571012 0.4138992827 
1.2584459923 -2.9424397997 0.4330034588 0.9511406414 -2.9762059461 0.4066534463 
1.2565132181 -2.9499123809 0.4293751794 0.9595801415 -2.9478920065 0.4204383714 
END
