0.0014213562 -2.1903249369 1.3926002652 0.0008341350 -2.1907649909 1.4977771053 
35 35
image_id_list 3 8 32 43 45 49 50 76 79 81 84 85 86 90 95 96 98 9 19 20 31 14 15 33 38 60 97 16 21 51 53 88 41 82 77 
line_id_list 36 72 120 102 32 30 52 83 79 88 167 207 94 135 20 94 36 223 40 78 93 61 79 78 60 58 50 108 25 54 29 27 38 62 41 
line2d_list
477.7957763672 84.9889526367 476.4419250488 110.0238952637 
267.8558349609 190.7831878662 264.3898620605 209.0738677979 
356.6018981934 204.0279083252 357.8627014160 222.0096282959 
396.2832336426 194.8519897461 399.3082885742 221.0797882080 
311.0831298828 142.8925476074 308.1386413574 168.0162506104 
501.8156738281 22.9552440643 493.5186157227 57.1259231567 
238.5189819336 3.9064464569 240.6815795898 39.0196113586 
322.6123046875 125.9446411133 323.3360290527 147.0227966309 
278.1606750488 83.9368896484 279.5790710449 110.0228881836 
494.8870849609 103.8047714233 497.0790405273 124.9918212891 
425.2508850098 90.9622116089 425.8865356445 112.0034255981 
107.2778625488 143.5999603271 114.2644348145 165.9172210693 
348.2523803711 174.0533142090 349.6764526367 194.0230712891 
29.8002319336 120.0237731934 33.7427482605 153.1496276855 
475.6427001953 162.9700317383 473.2134399414 191.9340362549 
479.5891418457 197.9912719727 479.1208190918 220.0238189697 
479.0953979492 191.9062347412 477.0016784668 212.1038360596 
455.4403991699 244.9787902832 455.6469726562 259.0051879883 
478.1023254395 153.9515686035 477.1790466309 171.0636138916 
458.3477783203 181.9778289795 457.7341308594 200.0249633789 
431.6977539062 236.9439544678 433.0671691895 253.9945983887 
666.2680664062 36.0046768188 665.9190063477 56.0160293579 
244.9414978027 0.6675034761 248.4400177002 21.0959014893 
483.9385986328 220.8210296631 485.7116699219 240.0266113281 
589.2366943359 203.8975067139 586.2817382812 225.9035491943 
757.8928222656 202.9945831299 756.8289794922 224.0419006348 
680.6663818359 240.8867797852 679.2120361328 258.0180053711 
548.2641601562 53.9303131104 549.3175048828 73.0376281738 
751.9993286133 67.2531814575 745.6856079102 92.1737060547 
784.9201049805 95.9916305542 780.5154418945 138.0539703369 
707.5805664062 172.9383087158 702.5797119141 206.9381713867 
640.2974243164 174.8515319824 633.1205444336 208.8141479492 
283.2183837891 193.7389831543 287.5783386230 214.0903320312 
539.6469726562 69.9386825562 540.3203735352 88.0253067017 
690.4002685547 107.9965667725 690.2168579102 140.0069732666 
node_id_list 2939 2940 2941 2942 2943 2944 2945 2946 2947 2948 2949 2950 2951 2952 2953 2954 2955 4698 4699 4700 4701 6075 6076 6077 6078 6079 6080 8275 8276 8277 8278 8279 8591 8592 9409 
score_list 14.8742754770 10.4460748357 9.2197792857 13.2420361559 11.7518042209 13.4061960298 10.1373582058 8.4784824573 5.9925242965 12.9409429063 9.6313834284 5.7466459377 9.4330037556 6.7082798704 13.0280105118 12.4942412270 9.8307731401 9.8759057606 9.0019643080 9.4248846540 9.8928374613 7.5154602084 11.3128414744 13.6687693813 10.0208021253 10.8718884629 11.8386300941 9.7383263703 10.5004216443 10.8743746452 14.5876221363 15.4187024213 13.5910151654 6.3724468989 11.7473802520 
line3d_list
0.0012755068 -2.1907452813 1.4961966420 0.0012635520 -2.1901320548 1.3964042218 
0.0023222045 -2.1909292981 1.4950793421 0.0011542065 -2.1913392035 1.3965085542 
-0.0019709451 -2.1922316576 1.4983227515 0.0037490591 -2.1896658033 1.3972133595 
0.0029737110 -2.1900204864 1.4957043086 0.0015844221 -2.1904100795 1.3992846940 
0.0008258548 -2.1900988693 1.4942581755 0.0027156146 -2.1895657935 1.3974866840 
0.0014335099 -2.1899107502 1.4961321937 0.0016363466 -2.1898967011 1.4005053386 
0.0021378515 -2.1896943149 1.4951130217 -0.0005227202 -2.1905657468 1.3925884036 
-0.0039628720 -2.1948984543 1.4909494999 -0.0080277425 -2.1947617429 1.3911523618 
-0.0067404799 -2.1949538008 1.4966971502 0.0071544247 -2.1877511841 1.3941050666 
0.0019215646 -2.1912438371 1.4945690205 0.0029180617 -2.1904417142 1.3950875538 
0.0044073396 -2.1885444126 1.4931977689 -0.0035222243 -2.1934733470 1.3974753753 
0.0076655679 -2.1884942480 1.4956931589 0.0069428976 -2.1885808257 1.3985536957 
-0.0006487173 -2.1934764242 1.4957536972 0.0007743820 -2.1911587072 1.3968037604 
0.0128285847 -2.1877212108 1.4970087616 0.0069157838 -2.1885852589 1.4002215277 
0.0001370757 -2.1905945865 1.4960031435 0.0022415108 -2.1902626943 1.3967640156 
-0.0013582848 -2.1925688015 1.4943268074 -0.0069112930 -2.1958155501 1.3943890167 
0.0025457429 -2.1898395063 1.4928726858 -0.0051720248 -2.1946131016 1.3959037130 
0.0031428955 -2.1904974995 1.4887378481 -0.0005065397 -2.1928027564 1.3965610710 
0.0050154878 -2.1892529577 1.4933334108 -0.0017942401 -2.1931653989 1.3956122922 
0.0054314410 -2.1880580589 1.4932933102 0.0000371265 -2.1917577684 1.3998665576 
0.0005447356 -2.1916793036 1.4945841385 -0.0072023930 -2.1943769186 1.3983147957 
0.0084773881 -2.1865034106 1.4950851180 -0.0026205423 -2.1938442159 1.3966147249 
0.0011728469 -2.1923093249 1.4916678508 -0.0028336164 -2.1939422569 1.3920208612 
0.0015691484 -2.1913425254 1.4938718196 0.0008888260 -2.1910281523 1.3945999444 
-0.0001122706 -2.1919841035 1.4953661276 0.0014545796 -2.1904521139 1.3987617731 
0.0020363060 -2.1910239111 1.4971134532 0.0010388618 -2.1906426840 1.3989870176 
0.0026852448 -2.1906934568 1.4915680007 -0.0024918904 -2.1937255855 1.3975996188 
0.0046776166 -2.1895000438 1.4918226364 -0.0030697766 -2.1942247822 1.3978853515 
-0.0005847898 -2.1926349625 1.4977613593 0.0016631401 -2.1901392427 1.4013283257 
-0.0002568386 -2.1920568183 1.4962026353 0.0011619595 -2.1905928099 1.3996917249 
0.0002274999 -2.1914860787 1.4978936562 0.0020818325 -2.1895714641 1.3979404857 
0.0002109570 -2.1914895652 1.4966027810 0.0016514044 -2.1898802137 1.3993592969 
0.0027945254 -2.1906590453 1.4946681876 -0.0000809232 -2.1911320607 1.3967758232 
0.0028119127 -2.1909877574 1.4950207799 -0.0028222682 -2.1921114062 1.3957966709 
0.0016990398 -2.1895650229 1.4971168471 0.0016946663 -2.1898187064 1.4015159246 
END
