-0.0025184366 -0.2512032405 1.3366623600 0.0121192293 -0.0623316493 1.3400585467 
14 9
image_id_list 1 46 59 74 1 92 93 11 90 59 64 74 92 64 
line_id_list 86 61 89 78 142 64 87 52 28 90 132 57 77 163 
line2d_list
399.0216674805 179.9547424316 384.9835205078 180.2732696533 
400.9528503418 178.3969268799 431.0814208984 176.0417175293 
462.0158691406 163.8781738281 403.9992065430 163.0567626953 
172.7625885010 46.1150512695 142.7747039795 54.1602134705 
385.9866027832 181.8506774902 398.9964904785 181.6990356445 
663.0456542969 150.4384765625 592.8693237305 157.7450103760 
286.8812561035 101.5460052490 303.0807189941 97.3086242676 
358.0121154785 58.9065971375 398.1149902344 64.1145858765 
622.0075683594 172.4105529785 587.0009765625 173.0539703369 
403.9865722656 165.5269775391 462.9737548828 167.0297241211 
542.8323364258 221.8051910400 594.8666381836 232.6403503418 
143.2695159912 56.9927520752 173.2329864502 48.8582000732 
591.9317626953 161.4769134521 649.9876708984 153.9055480957 
596.2460327148 229.8247833252 542.1066894531 218.4902648926 
node_id_list 1728 1729 1730 1731 1846 1847 1848 6816 12555 13114 13115 13116 13117 13234 
score_list 3.3907903921 4.8660218249 4.1616577671 4.8009398441 3.1634575282 7.4080134975 3.0806480581 1.8635354462 2.3474437323 6.1874582246 5.9054484211 6.5146186403 7.6476999687 3.1909376708 
line3d_list
0.0111469013 -0.1502618394 1.3416945824 0.0058357802 -0.2458994325 1.3404951617 
-0.0087803986 -0.2418229317 1.3365553718 -0.0052607913 -0.1254000926 1.3388363915 
0.0122831409 -0.0623452192 1.3401067460 -0.0031456411 -0.2463888083 1.3362291592 
0.0112678084 -0.1295635611 1.3410880857 -0.0004320793 -0.2478812031 1.3376709337 
-0.0190011496 -0.2090985095 1.3280742617 -0.0109888584 -0.1226464926 1.3289353497 
-0.0080813363 -0.0557612379 1.3293902314 -0.0184129351 -0.2334115948 1.3280145322 
-0.0178222237 -0.2226016828 1.3280958054 -0.0112864763 -0.1170251907 1.3289387829 
-0.0219505381 -0.2496861637 1.3360463466 0.0021561476 -0.0983826663 1.3395468906 
-0.0134515307 -0.0772943280 1.3382184441 0.0007273753 -0.2500230542 1.3379730722 
-0.0024232147 -0.2462929952 1.3289894742 0.0002615121 -0.0527027156 1.3299381362 
-0.0008690173 -0.2477817741 1.3298449573 0.0003633901 -0.0806132428 1.3300692324 
0.0000541976 -0.2484932306 1.3298539671 -0.0002001059 -0.1165311742 1.3300178389 
-0.0008947151 -0.2512675338 1.3298402808 0.0002164577 -0.1005437243 1.3300424935 
-0.0142035898 -0.0681326757 1.3382314588 0.0010105391 -0.2534725821 1.3379681719 
END
