2.1189527950 -2.9976735166 1.3928088765 2.1183124108 -2.9978559295 1.4966700624 
19 19
image_id_list 13 14 21 34 44 48 51 52 54 55 56 60 78 80 83 89 16 57 53 
line_id_list 0 41 26 58 15 4 144 54 13 52 89 29 0 81 19 2 40 6 70 
line2d_list
451.4915771484 128.0655822754 454.9874572754 101.8648986816 
229.4111938477 110.9384765625 225.8332977295 87.0249404907 
192.6778564453 47.9740066528 191.6439819336 21.0136528015 
256.8601989746 47.0184402466 253.6970825195 23.0399589539 
674.9237670898 63.9827613831 682.8909912109 28.7492218018 
477.9754943848 143.9985809326 479.7131347656 113.9256439209 
5.4920678139 162.0839080811 0.5354707837 132.0767364502 
625.2762451172 240.0454406738 625.9913330078 219.9640808105 
472.8588867188 183.0888366699 470.9061584473 158.0073089600 
588.6432495117 239.0179748535 587.5349121094 217.0234375000 
63.5270423889 198.0675964355 57.3846321106 155.0879516602 
276.5803833008 228.9784088135 275.7630615234 207.0088195801 
410.0529785156 188.0623168945 411.7183532715 159.9241485596 
96.7658843994 103.0037918091 96.2152328491 68.9965133667 
434.2549133301 233.0644683838 435.3387451172 211.9660339355 
398.9656982422 222.9976501465 400.6843566895 197.9098663330 
82.4726104736 169.1718597412 74.1412124634 143.6057434082 
146.7060089111 141.9821624756 148.1647491455 117.9493026733 
13.9686279297 158.0005340576 13.4780445099 128.9919128418 
node_id_list 7248 7249 7250 7251 7252 7253 7254 7255 7256 7257 7258 7259 7260 7261 7262 7263 8231 8232 9587 
score_list 9.3028456613 5.6411023429 10.4454350367 5.4722736944 12.3862857596 12.5284745592 8.5680624407 13.1692570065 16.2579157281 14.5531780093 8.6209438853 8.1240375453 8.1515253878 10.5555923158 9.6012068528 12.4835015115 2.2189807341 2.4366140825 7.5284376034 
line3d_list
2.1171366699 -3.0025718882 1.3952908237 2.1187831161 -2.9962236734 1.4936224299 
2.1134210903 -3.0125204394 1.3953790090 2.1199606263 -2.9923112738 1.4944711234 
2.1187180527 -2.9960790984 1.3928102294 2.1192911022 -2.9948543454 1.4958292859 
2.1215604374 -2.9919140270 1.3942663476 2.1166996939 -3.0006162866 1.4949104029 
2.1190370977 -2.9983457953 1.3947224281 2.1177873353 -2.9965585700 1.4950430729 
2.1189908127 -2.9982127813 1.3960070815 2.1183503299 -2.9982795456 1.4945067129 
2.1191010112 -2.9963800991 1.3988478671 2.1180603750 -3.0011427186 1.4932807990 
2.1193883606 -2.9993463131 1.3982610142 2.1177620961 -2.9967463613 1.4956702157 
2.1194782496 -2.9966624504 1.3998136655 2.1179116146 -2.9983335670 1.4958227617 
2.1191112800 -2.9977221674 1.3933084679 2.1179711178 -2.9982151439 1.4945603694 
2.1190243027 -2.9979664132 1.3920670102 2.1183732757 -2.9971739843 1.4964754088 
2.1174236144 -3.0009165080 1.3932404697 2.1188575027 -2.9958975571 1.4966914242 
2.1188010670 -2.9988828187 1.3943309830 2.1185890975 -2.9947211898 1.4966643804 
2.1187354645 -2.9960396562 1.3935052575 2.1186287058 -2.9963791443 1.4959375488 
2.1166535031 -3.0008356341 1.3975829149 2.1192709690 -2.9949014675 1.4966811616 
2.1193497119 -2.9976474032 1.3949561614 2.1173349563 -2.9976076422 1.4938548578 
2.1170033792 -3.0017912351 1.3952964777 2.1263219172 -2.9796484668 1.4988228826 
2.1187077124 -2.9961011984 1.3909513085 2.1192807796 -2.9948764075 1.4939735533 
2.1188034197 -2.9947143981 1.3964585984 2.1191276812 -2.9980030438 1.4941508302 
END
