3.8183518193 -0.6162749659 1.1793605622 3.8213571190 -0.7955678658 1.1788084496 
3 3
image_id_list 24 25 69 
line_id_list 109 260 297 
line2d_list
627.1096801758 71.2913436890 799.3183593750 97.9430389404 
342.9903564453 267.9248657227 418.0134887695 268.7082824707 
445.6640319824 241.5438079834 479.9966430664 249.0154571533 
node_id_list 10537 10538 10539 
score_list 2.8344637062 3.0337441012 3.8249868391 
line3d_list
3.8150759592 -0.6163329050 1.1803442996 3.8208161525 -0.8946106414 1.1791643754 
3.8160770640 -0.5996033817 1.1788671007 3.8143544268 -0.8612046773 1.1786725690 
3.8182388564 -0.6095357231 1.1793813150 3.8213571190 -0.7955678658 1.1788084496 
END
