2.6894559819 -2.9971467764 1.3952913678 2.6900344341 -2.9984312381 1.4972397690 
14 14
image_id_list 13 21 30 34 44 48 52 54 55 60 83 89 97 78 
line_id_list 33 102 36 105 19 20 130 85 151 95 85 25 112 52 
line2d_list
306.5324096680 85.9762344360 305.1052856445 114.0561752319 
34.8273239136 9.0190248489 37.9232864380 37.1186294556 
641.9881591797 128.8472747803 638.1650390625 154.1758422852 
120.1774368286 36.9574317932 126.1754684448 61.9579010010 
534.0114135742 11.0015563965 530.0388793945 40.1416282654 
334.4604187012 108.9894104004 334.6635742188 137.0024414062 
531.2321166992 222.9762573242 530.6742553711 241.0208435059 
333.6489562988 173.0498962402 337.0723266602 197.1318664551 
479.0169067383 223.9053955078 480.8035888672 243.1112976074 
147.1758270264 208.9265899658 148.4936065674 230.0316162109 
312.5189819336 207.9830780029 311.7785034180 229.0273895264 
278.7478332520 184.9901275635 278.8778381348 208.0006866455 
130.8374023438 265.9567871094 132.6979827881 302.0155944824 
255.4365997314 154.9865875244 255.7170257568 185.0119781494 
node_id_list 7516 7517 7518 7519 7520 7521 7522 7523 7524 7525 7526 7527 7528 9661 
score_list 6.5338987127 4.8710858219 10.8329620638 3.9038549987 10.4298484579 10.3213348085 9.4975652879 10.7540467782 10.7024693842 4.6392274694 5.0083676820 9.4048684261 2.8918815421 5.8055663897 
line3d_list
2.6899018302 -2.9985427625 1.4970001886 2.6893316833 -2.9961360449 1.4000954675 
2.6896441425 -2.9999728006 1.4968671261 2.6893025309 -2.9961259123 1.3970990059 
2.6900019374 -2.9986562998 1.4951370577 2.6900490487 -2.9985177649 1.3993745951 
2.6903909016 -2.9969424425 1.4960680798 2.6898973563 -2.9952573535 1.3968548236 
2.6903825569 -2.9991263625 1.4972290358 2.6898957692 -2.9983324726 1.4004879884 
2.6904003088 -2.9964458446 1.4972808060 2.6898867240 -2.9963414481 1.3961549267 
2.6901964487 -2.9986241235 1.4928466533 2.6897041951 -2.9969621624 1.3941792816 
2.6899078055 -2.9985417562 1.4954538133 2.6905522610 -2.9991276790 1.3965025873 
2.6903854518 -2.9975949219 1.4958335292 2.6898848123 -2.9978178759 1.3976732030 
2.6904097144 -2.9917509583 1.4931070081 2.6899404404 -2.9910420049 1.3999188287 
2.6893923450 -2.9972540074 1.4945921300 2.6901655647 -2.9982043676 1.4000320233 
2.6903630951 -2.9987968626 1.4929793125 2.6898600168 -2.9997346111 1.3952564708 
2.6889889912 -2.9943491086 1.4439295710 2.6888868166 -2.9918779778 1.3098892650 
2.6898589378 -3.0022323886 1.4977969491 2.6886999749 -3.0069925688 1.3981197279 
END
