0.0045614396 -3.0029045639 0.4469739042 0.0048345279 -3.0017349325 1.9954689019 
52 48
image_id_list 2 3 6 7 15 21 33 34 38 41 43 49 51 53 56 77 80 81 88 95 96 8 37 45 50 62 76 79 84 86 98 91 20 9 10 19 31 99 16 23 57 60 83 97 14 78 82 51 95 63 77 63 
line_id_list 78 138 82 51 154 59 124 99 53 57 74 47 19 30 61 85 61 93 70 118 106 69 131 87 95 119 130 141 184 115 111 39 95 142 84 107 152 87 143 58 81 72 90 84 131 70 146 38 125 39 103 120 
line2d_list
408.4080810547 0.9252282977 421.2646789551 243.0390472412 
276.6098632812 0.9774682522 288.3586730957 318.9867553711 
51.0900650024 0.6830306053 113.8793945312 216.6166381836 
300.1009521484 0.9424877167 306.3222045898 120.0354080200 
130.3682556152 0.6874328256 171.3142395020 179.9282226562 
639.3718872070 0.8804402947 591.9180908203 250.1747589111 
378.1842651367 149.8826293945 402.7766418457 398.0221252441 
615.7293090820 0.9851703048 606.6870117188 166.0376434326 
448.9267883301 79.9085464478 423.8598937988 374.0732727051 
160.2601623535 116.1672592163 221.4633941650 386.8952331543 
181.6800689697 80.0606079102 250.4219665527 442.9200744629 
265.9000854492 0.8536558747 229.6790618896 273.0903625488 
637.7806396484 47.0348701477 622.9511718750 379.0424804688 
595.5567016602 44.8376541138 553.7967529297 416.0896301270 
682.3879394531 0.8716401458 651.8759765625 384.0697631836 
476.6624145508 71.1296768188 504.8721923828 362.1093444824 
658.7219848633 0.7724155784 595.4207153320 356.2529907227 
330.1733398438 23.1321182251 375.6835021973 307.8907470703 
530.8101196289 12.8103189468 469.7086791992 396.1129760742 
300.5144348145 99.9982223511 300.1804199219 379.0002136230 
349.9425354004 90.0168380737 354.5275268555 377.9916076660 
136.7044677734 63.9539794922 93.0923538208 344.0143737793 
160.5320587158 87.0557403564 192.7957916260 357.9052124023 
149.4112548828 0.9565039873 123.0274810791 358.0758972168 
44.5855903625 0.9121196866 86.0401992798 277.1440429688 
98.3767547607 0.4541196525 118.8397674561 52.0635299683 
172.8068695068 20.9456710815 192.6707916260 315.9548339844 
85.2982330322 0.8482825756 121.1907119751 307.9777221680 
272.2182312012 0.8647748232 303.6385498047 283.9291076660 
198.4342346191 78.9545669556 227.9325714111 360.9024353027 
345.0742492676 84.0040664673 329.6143798828 366.0336914062 
633.9624023438 0.6358819604 613.0061035156 60.3530693054 
334.5516967773 83.9915618896 338.5421142578 344.9916992188 
356.9824829102 175.0299530029 363.1635131836 384.9951782227 
244.7790374756 69.8949279785 223.3388824463 319.0291748047 
371.8117980957 64.9967727661 367.7851257324 300.0134582520 
323.3371887207 164.9770965576 339.4329223633 401.9706115723 
200.5245056152 155.9019775391 184.6386260986 395.0424194336 
420.2023010254 0.8590830564 447.1735534668 230.9796600342 
672.2402954102 0.8443236351 643.6964111328 140.1427001953 
479.5090942383 82.0822525024 442.0386657715 314.0062561035 
644.6530761719 116.9864044189 634.3418579102 380.0525817871 
799.1024169922 333.0178527832 785.5130004883 410.9150390625 
558.8492431641 152.9413452148 546.6116333008 393.0311889648 
539.1247558594 0.9508752823 548.6470336914 218.9717407227 
799.4477539062 209.0739898682 772.0019531250 375.1655578613 
424.7503356934 0.9476454258 440.7984008789 230.9442901611 
639.8395996094 0.9472777247 637.7498168945 46.9431991577 
300.7300720215 10.0027675629 300.3964538574 98.0015029907 
775.1478881836 0.7580239177 757.8496093750 61.6733131409 
469.9837951660 0.9091920853 476.2750244141 69.0669174194 
765.7233276367 40.9206123352 773.1483764648 15.0425643921 
node_id_list 2570 2571 2572 2573 2574 2575 2576 2577 2578 2579 2580 2581 2582 2583 2584 2585 2586 2587 2588 2589 2590 3282 3283 3284 3285 3286 3287 3288 3289 3290 3291 4063 4355 4684 4685 4686 4687 4688 5768 5769 5770 5771 5772 5773 8436 8437 8438 8826 9418 9607 11819 13213 
score_list 18.8197104899 12.9569982179 11.4313750781 12.5442785087 17.7575789905 16.6770461769 17.8653960030 15.7827752348 17.1605706550 17.9166117350 11.7457302977 13.4378800816 13.9000890134 17.8498089766 13.0608431976 17.3665431028 14.6812806665 17.8780917558 17.8365127720 17.6478872304 17.6209655314 13.7449575421 14.7775926508 12.5120899375 11.6169852728 9.7387710146 11.6440410304 13.4660759575 16.4342454055 13.7598841765 14.7405106067 12.6687069320 12.6888900143 12.0581816590 12.9192404391 12.4232364292 17.8964317657 14.5792719133 15.1058384491 16.4477392717 14.3575840187 15.4743662783 13.0351406904 17.2728219399 15.3866849375 13.3566965105 14.6768425155 6.9144667383 12.2221835186 7.9172862595 13.3161663528 0.9815873295 
line3d_list
0.0057139154 -3.0004021927 1.2447334564 0.0053077625 -3.0012814596 0.4473060676 
0.0047730528 -3.0013154622 1.7947981059 0.0027332933 -3.0036305119 0.4439995667 
0.0033860592 -3.0026987549 1.1685259555 0.0038407740 -3.0028506842 0.4469739906 
0.0041935576 -3.0015334115 0.9005691292 0.0039618758 -3.0026172102 0.4482419080 
0.0070822141 -3.0015080476 1.5192584677 0.0081469443 -3.0012604737 0.4662536290 
0.0051335374 -3.0024388232 1.7399596762 0.0048254286 -3.0032517043 0.4544809448 
0.0070508423 -3.0018305367 1.9777914661 0.0067004057 -3.0027803363 0.4547986128 
0.0045180394 -3.0037640002 1.4091807457 0.0020588180 -3.0067109846 0.4522660464 
0.0057914565 -3.0016761774 1.9898927197 0.0062246642 -3.0018374620 0.4534529440 
0.0058448387 -3.0018720224 1.9863545261 0.0058297909 -3.0033439080 0.4550363648 
0.0045899280 -3.0013169873 1.9893791857 0.0047003819 -3.0022447433 0.4502803894 
0.0050729920 -3.0003374321 1.4203084989 0.0052217278 -3.0007112877 0.4533057820 
0.0037235607 -3.0033905993 1.6683169376 0.0043276599 -3.0034649871 0.4513325038 
0.0043868597 -3.0027916678 1.9949837506 0.0045759211 -3.0032894802 0.4547020453 
0.0046749429 -3.0009325027 1.9426507631 0.0056509310 -3.0004929938 0.4526458153 
0.0052337097 -3.0007723385 1.6653985330 0.0046112327 -3.0021160728 0.4510800638 
0.0020559700 -3.0044257514 1.9968836040 0.0023087798 -3.0048811689 0.4509396337 
0.0053297130 -3.0021426486 1.9908072936 0.0035153868 -3.0045739065 0.4602880134 
0.0051264352 -3.0009349259 1.9973759294 0.0048961666 -3.0021054993 0.4529235665 
0.0043641066 -3.0015712966 1.6628432339 0.0013432864 -3.0038186917 0.4497324489 
0.0026085686 -3.0048931897 1.9922610232 0.0007990740 -3.0073260276 0.4451667758 
0.0067156373 -3.0007892110 1.9906270705 0.0119863275 -2.9987820834 0.4532274470 
0.0083298443 -3.0002067236 1.9925658652 0.0079361085 -3.0012175110 0.4509758474 
0.0029925180 -3.0026509121 1.9851962189 0.0026516677 -3.0034441398 0.4534488318 
-0.0003739760 -3.0063376431 1.4897743610 0.0000031627 -3.0064983304 0.4508755603 
0.0016134918 -3.0042752445 0.6610945444 0.0022931074 -3.0039367999 0.4484312786 
0.0058033979 -3.0012464852 1.9865431733 0.0097908982 -2.9998789324 0.4523583002 
0.0124410339 -2.9966687582 1.7942389440 0.0120715058 -2.9977633689 0.4485545827 
0.0113701005 -2.9975687328 1.9336331079 0.0114992378 -2.9985494866 0.4525539643 
0.0092061249 -2.9990978682 1.9916621033 0.0073955155 -3.0019025490 0.4486285763 
0.0084235798 -2.9999621172 1.9906790240 0.0102060160 -2.9993371968 0.4629964626 
0.0020157041 -3.0041432198 0.6729076024 0.0046884437 -3.0020516267 0.4506050287 
0.0066380246 -3.0014434946 1.9918628957 0.0087438761 -3.0017920060 0.4517722036 
0.0064177004 -3.0026283929 1.9884585789 0.0005535639 -3.0105615523 0.4523150750 
0.0107453008 -2.9979967265 1.9841802764 0.0085891961 -3.0007165579 0.4491152885 
0.0076891420 -3.0010181321 1.9912517994 0.0056877648 -3.0040580610 0.4669220377 
0.0089565068 -2.9999419377 1.9836456931 0.0076590892 -3.0023770283 0.4631881919 
0.0070484975 -3.0012321510 1.9838141239 0.0057478219 -3.0033853859 0.4574032753 
0.0069844163 -3.0019636475 1.8302801024 0.0063476740 -3.0032238672 0.4636453835 
-0.0009780940 -3.0076831267 1.2954217884 0.0052650297 -3.0037665897 0.4619357469 
0.0038706222 -3.0041140528 1.9873201799 0.0025382732 -3.0064166603 0.4659412933 
0.0055918312 -3.0023166641 1.9855084229 0.0041822375 -3.0050032121 0.4524793632 
-0.0032567891 -3.0094363658 0.9034525040 0.0027542611 -3.0055024740 0.4513587498 
0.0026278170 -3.0048769202 1.9840799406 0.0022700895 -3.0058370701 0.4496382202 
0.0069366042 -3.0014464590 1.7770271695 0.0060471808 -3.0034980151 0.4579039903 
0.0079992434 -2.9985970435 1.3134686739 0.0065348612 -3.0008845758 0.4513185222 
0.0035706442 -3.0048170234 1.9367544176 0.0033710428 -3.0059903550 0.4589336089 
0.0036976651 -3.0032743952 1.8139111299 0.0039670881 -3.0031212746 1.6685999731 
0.0056112420 -3.0000023848 1.9954674563 0.0046991059 -3.0019116217 1.6704779140 
0.0043941630 -3.0037900901 0.6510923351 0.0052051844 -3.0027275492 0.4480848836 
0.0048945417 -3.0002882326 1.9100150380 0.0042329869 -3.0025110961 1.6728311346 
-0.0023690981 -3.0105457542 0.5177140044 -0.0027246828 -3.0104642841 0.6037451934 
END
