1.7152260197 -3.1227498809 1.1341500005 1.7103249384 -3.1372430712 1.2217369976 
7 7
image_id_list 48 51 54 55 88 89 53 
line_id_list 137 184 154 208 176 161 177 
line2d_list
598.8507080078 226.1644897461 603.3178710938 203.0614624023 
154.2430419922 227.0466766357 153.0069885254 206.9995727539 
585.3173828125 238.0002746582 585.3377685547 213.9994354248 
689.9590454102 288.9969177246 691.3224487305 270.9488220215 
23.9122333527 205.0663604736 25.8818626404 177.9914093018 
502.0214538574 294.0034179688 505.3497619629 273.0555725098 
142.0435638428 237.0063629150 144.9654388428 216.9949493408 
node_id_list 12728 12729 12730 12731 12732 12733 12961 
score_list 5.7580913523 8.1294658325 6.4228169441 4.4409258434 4.2427112316 5.7998471770 6.1191120813 
line3d_list
1.7207262542 -3.1529137470 1.1318182461 1.7134729443 -3.1518987304 1.2119333774 
1.7204889103 -3.1472550334 1.1351100342 1.7143602000 -3.1458865791 1.2073106500 
1.7167086866 -3.1614569353 1.1214570574 1.7109699435 -3.1547055916 1.2195512198 
1.7223454512 -3.1499152417 1.1318882985 1.7137067903 -3.1511494296 1.2137041299 
1.7196855427 -3.1474607920 1.1277471250 1.7117382138 -3.1451261868 1.2205116454 
1.7213527019 -3.1544108660 1.1340799632 1.7144677900 -3.1503384686 1.2220856964 
1.7219309638 -3.1504838093 1.1299360003 1.7123546735 -3.1543861529 1.2070084180 
END
