1.8039751759 -3.0243394123 0.6882789892 1.9587875131 -2.9313477629 0.6813923346 
4 4
image_id_list 9 33 97 31 
line_id_list 254 168 182 223 
line2d_list
146.5707397461 409.8229980469 128.5896606445 422.2923278809 
94.2334823608 436.4966430664 62.5863609314 451.3744201660 
322.6011352539 411.6965332031 307.0012512207 425.1601257324 
53.0584030151 442.1414489746 20.9839973450 455.3834228516 
node_id_list 6169 6170 6171 11715 
score_list 0.9723289331 2.4670720644 4.1507088311 1.5345384337 
line3d_list
1.7913660662 -3.0347956293 0.6867736742 1.9638932827 -2.9327489018 0.6779979955 
1.8040516715 -3.0244613543 0.6883520124 1.9627071890 -2.9296816620 0.6810185424 
1.7878834903 -3.0341201123 0.6890993478 1.9440836676 -2.9408072229 0.6818793699 
1.8102456720 -3.0176259284 0.6843203724 1.9729242592 -2.9549751344 0.6801427384 
END
