2.2794247259 -2.9791171810 1.3442481143 2.2784630366 -2.9825748427 1.8762062334 
18 11
image_id_list 9 82 82 83 13 14 34 57 78 80 80 13 14 57 78 82 16 21 
line_id_list 74 55 75 106 15 36 117 3 2 41 130 40 55 33 40 84 109 156 
line2d_list
55.3289260864 346.8894653320 39.1101264954 151.9076538086 
95.6236114502 162.8489227295 77.2349777222 86.9430770874 
76.3415908813 82.9183273315 63.9315414429 31.0163688660 
408.2400207520 103.9498672485 405.0698547363 152.0046081543 
412.6388244629 138.0691986084 421.9631652832 51.9960098267 
199.1701507568 127.7680358887 183.5348510742 48.8939743042 
223.2265014648 48.9588279724 214.5243072510 1.0864704847 
110.6054840088 149.0303497314 114.4649200439 72.0233001709 
370.8540344238 201.0261688232 373.6112060547 111.0187225342 
39.5373878479 111.0517196655 35.9629707336 9.9659490585 
38.1637039185 35.9928321838 40.7481384277 95.0110321045 
419.7997436523 50.8662605286 410.2117919922 136.9121704102 
181.0829620361 49.1785202026 196.4479064941 128.1074676514 
112.0714645386 70.9503250122 107.8990020752 148.9411010742 
371.1883544922 110.9725723267 368.1462402344 201.0049438477 
74.6624755859 87.3230056763 92.9967269897 163.2422943115 
47.2505874634 190.9142150879 19.1886787415 108.9354171753 
150.3409423828 37.9763298035 148.1205139160 5.9916338921 
node_id_list 5474 5475 5476 5477 7375 7376 7377 7378 7379 7380 7381 7580 7581 7582 7583 7584 8217 8218 
score_list 2.8598666586 3.5168214408 0.0000000000 2.3921291904 6.3273542048 6.4531963212 7.6436665668 5.4787547196 5.2138066656 4.9621682338 4.9845082511 4.6006759124 5.1289123481 2.6026933855 3.6883230615 2.0048907404 4.5891574274 6.4248935154 
line3d_list
2.2877180283 -2.9616960183 1.1135860091 2.2837251066 -2.9723951112 2.0002911678 
2.2798947487 -2.9801835343 1.3469760203 2.2844769741 -2.9700953773 1.6600942414 
2.2830268927 -2.9727082862 1.6759183731 2.2779364781 -2.9833259993 1.8762003991 
2.2775636661 -2.9843668536 1.9718860510 2.2835100971 -2.9720408396 1.7616843813 
2.2750962782 -2.9897070035 1.3469069077 2.2765794286 -2.9855206311 1.6566643543 
2.2796225827 -2.9807041122 1.3459532677 2.2790568082 -2.9829271067 1.6577823728 
2.2757143607 -2.9861405547 1.4033539779 2.2782367491 -2.9818375527 1.5990409570 
2.2741627199 -2.9926422125 1.3452822789 2.2771327785 -2.9848257388 1.6598122135 
2.2753155320 -2.9922262333 1.3467709563 2.2767117726 -2.9867186807 1.6613034517 
2.2815664357 -3.0027240418 1.3540059099 2.2807492077 -3.0015830690 1.6460309165 
2.2762250760 -2.9872125070 1.5725345636 2.2754012611 -2.9894000927 1.4024957538 
2.2783931282 -3.0060330377 1.6603259988 2.2771902196 -3.0135761085 1.3483939124 
2.2785468127 -3.0078838113 1.6589876237 2.2771723876 -3.0136266407 1.3446667620 
2.2767800473 -3.0118274055 1.6634724376 2.2792003098 -3.0090668743 1.3434687411 
2.2783527966 -3.0061320582 1.6618777984 2.2741582189 -3.0225690503 1.3441659644 
2.2845373341 -2.9952169985 1.6592187585 2.2799300940 -3.0069935122 1.3440678353 
2.2742157971 -2.9925025263 1.3509031641 2.2771232425 -2.9848508350 1.6588023569 
2.2809802563 -2.9748521781 1.4217346339 2.2827014700 -2.9703375596 1.5394942939 
END
