1.6059247084 -0.2079419794 0.8191874007 1.7208052333 -0.2334435048 0.8024603269 
3 3
image_id_list 1 87 93 
line_id_list 273 305 257 
line2d_list
698.9008789062 400.5531005859 732.3761596680 421.3958740234 
667.0288696289 518.7138671875 715.3223266602 557.3470458984 
672.9628295898 238.1312255859 708.9110107422 248.3141937256 
node_id_list 2065 2066 2067 
score_list 1.6262386895 1.7964238165 1.7176331041 
line3d_list
1.5953480631 -0.2116239058 0.8233684333 1.7247647650 -0.2399451917 0.8036219630 
1.5712047699 -0.2002347428 0.8242427656 1.7208052333 -0.2334435048 0.8024603269 
1.6052639754 -0.2121024375 0.8209924193 1.7269283237 -0.2448681612 0.8055621466 
END
