0.0019122884 -1.1781078423 0.8329423366 0.0011607431 -1.1118282906 0.8314611465 
19 19
image_id_list 4 11 42 47 50 59 64 92 6 18 43 45 49 95 96 62 46 90 81 
line_id_list 44 178 76 41 103 77 152 38 54 244 122 115 102 104 104 106 211 109 67 
line2d_list
279.7088317871 244.6207427979 265.4413452148 255.5748291016 
127.8317489624 164.2578582764 110.9991531372 162.0063323975 
387.9875183105 277.2511291504 363.9475097656 276.0562744141 
55.2682533264 209.9260253906 30.3329601288 217.1493988037 
560.8410644531 256.9937744141 538.9219970703 253.4878540039 
99.0554199219 340.9303283691 74.0186386108 341.6492004395 
175.0201721191 366.8067016602 146.9088592529 363.8734130859 
151.4068145752 470.4673767090 112.3585357666 481.2932128906 
655.7293090820 298.7956848145 623.6945800781 287.8977661133 
292.9892272949 208.5584716797 277.9948120117 208.2692718506 
720.0110473633 370.6006774902 699.9710693359 370.0466613770 
560.8346557617 365.7270812988 542.8549194336 361.6377868652 
799.3471069336 350.9829711914 786.7648925781 346.6889038086 
784.8026733398 434.6529235840 760.5956420898 427.3380737305 
713.6288452148 394.4258728027 696.9761962891 390.0913391113 
486.7720031738 71.7137756348 465.6874389648 64.9784164429 
187.0724029541 322.2677917480 170.0707397461 323.2386779785 
371.0221252441 308.9868774414 355.0077514648 309.3461303711 
746.0819702148 227.2433166504 730.0855712891 228.2977447510 
node_id_list 3667 3668 3669 3670 3671 3672 3673 3674 4018 4019 4020 4021 4022 4023 4024 6954 9186 12216 13472 
score_list 8.0355923625 3.5046790434 12.6605147807 4.8643857991 5.4876027991 3.8886590077 4.1479270068 9.8390202940 7.6158877567 3.2556961127 2.4384754307 4.1562942391 3.6566716012 4.1268676827 0.5940501629 9.6696633035 3.2819695457 2.4395861993 1.7287272529 
line3d_list
0.0048472153 -1.1170400854 0.8338327897 0.0029354050 -1.1791715355 0.8342082718 
0.0041612466 -1.1117543271 0.8332483964 0.0043026753 -1.1760600748 0.8350172371 
0.0029963521 -1.1127558216 0.8325161609 0.0017388100 -1.1759562444 0.8333454466 
0.0009299254 -1.1124411652 0.8312947782 0.0003375253 -1.1781664301 0.8311197019 
0.0018784122 -1.1120281620 0.8319606985 0.0019401924 -1.1769347004 0.8328610123 
-0.0001268584 -1.1138230733 0.8305107712 0.0003299258 -1.1762518806 0.8324359680 
-0.0004607040 -1.1133350120 0.8307582396 0.0040792741 -1.1754528582 0.8325631072 
0.0010212621 -1.1120858162 0.8313927841 0.0019180618 -1.1777756743 0.8328574638 
0.0025578189 -1.1133845842 0.8324294103 0.0031690665 -1.1757177280 0.8336601989 
-0.0064610414 -1.1148716795 0.8304443592 -0.0020129229 -1.1762605562 0.8325141716 
-0.0009073442 -1.1140712291 0.8310910786 0.0000784890 -1.1760923082 0.8322499041 
0.0029965792 -1.1113463324 0.8324914629 -0.0029844600 -1.1760508973 0.8322938421 
0.0011571727 -1.1429185299 0.8318911618 0.0021380872 -1.1754931884 0.8329732212 
0.0058039478 -1.1124224916 0.8331363884 0.0036453508 -1.1763333912 0.8337772182 
0.0027861960 -1.1136223168 0.8324845116 -0.0029662171 -1.1758535408 0.8322944449 
0.0042512241 -1.1113014920 0.8327704553 0.0026259471 -1.1747557268 0.8335221945 
-0.0039937823 -1.1125644260 0.8303910608 -0.0112441131 -1.1802780166 0.8296414633 
0.0030205484 -1.1151676046 0.8319456601 -0.0107955852 -1.1734964371 0.8296562658 
0.0113433662 -1.1123246337 0.8355393026 -0.0044932560 -1.1756963821 0.8302275366 
END
