3.4638621642 -1.5651224123 1.3333895489 3.4593359447 -1.5643177118 1.3940991027 
4 4
image_id_list 27 29 30 52 
line_id_list 316 199 221 359 
line2d_list
773.7846679688 173.0036010742 773.8489990234 158.9947052002 
715.1432495117 137.8692169189 719.2620239258 110.8873443604 
207.3116912842 158.0066833496 207.7415008545 137.9515991211 
225.0348815918 249.1249237061 224.1957244873 235.9239959717 
node_id_list 11259 11260 11261 11439 
score_list 2.4236670766 4.9809645602 0.7056512728 0.9143822661 
line3d_list
3.4636945070 -1.5642035638 1.3126919672 3.4597932401 -1.5638664369 1.3737536256 
3.4646324856 -1.5654898013 1.3014396962 3.4683055524 -1.5655812695 1.3977388266 
3.4656451283 -1.5665690402 1.3353139101 3.4621074173 -1.5664141196 1.3943335185 
3.4579540831 -1.5609401645 1.3328936347 3.4676451616 -1.5620497209 1.3979552536 
END
