0.0123269077 -1.0206858897 0.4818490927 0.0100057691 -1.0203898708 0.7558722875 
5 5
image_id_list 33 99 40 65 62 
line_id_list 6 34 20 65 41 
line2d_list
717.5407104492 464.1188964844 695.1480712891 0.8961592317 
475.7961425781 478.9818115234 510.5847167969 89.0521621704 
171.9496612549 462.0115051270 179.5185089111 495.1101074219 
247.7443084717 47.8847236633 259.8460693359 126.0238418579 
514.8146362305 117.9643859863 513.3150634766 209.9888458252 
node_id_list 11770 11771 12102 12103 13152 
score_list 5.6167028877 5.4978205982 5.5528766619 3.6066513790 4.9068210612 
line3d_list
0.0436608572 -1.0048642847 0.4520072859 0.0227262276 -1.0060322913 2.2234043946 
0.0580873591 -1.0071481469 0.3259895953 0.0267194830 -1.0094360014 2.3255205668 
0.0336867638 -1.0130079104 0.6285705065 0.0397774400 -1.0129323349 0.4944807345 
0.0422475187 -1.0150679192 0.7056345578 0.0335264252 -1.0164137135 0.4867178730 
0.0343425593 -1.0102040604 0.7560674311 0.0283529397 -1.0141532590 0.4819777857 
END
