-0.0026998593 -1.3153894902 0.6704174042 0.0009584953 -1.5188280205 0.6717588232 
3 3
image_id_list 4 90 6 
line_id_list 53 49 110 
line2d_list
254.1444396973 329.0551452637 204.8303375244 373.7082519531 
323.9851684570 351.8411865234 261.9656982422 357.6327209473 
555.0951538086 331.7451477051 468.8055419922 299.5207214355 
node_id_list 3683 3684 4107 
score_list 3.5082290866 1.3215398254 2.8728102246 
line3d_list
-0.0026998593 -1.3153894902 0.6704174042 0.0009584953 -1.5188280205 0.6717588232 
-0.0011641377 -1.2920396118 0.6720318499 -0.0067988772 -1.5216246244 0.6674830560 
0.0023778649 -1.3023753942 0.6723621860 0.0003377741 -1.5213360557 0.6688921923 
END
