-0.0010384980 -0.2527351540 0.3284301073 -0.0029384665 -0.0530981612 0.3265982165 
37 20
image_id_list 4 12 39 47 59 64 66 66 79 79 85 85 87 87 90 90 92 8 86 11 42 42 65 11 65 92 12 47 32 74 74 18 59 64 18 32 39 
line_id_list 94 21 123 39 46 131 5 21 34 107 28 98 11 17 15 40 31 150 84 36 60 85 55 117 93 14 20 16 201 8 32 56 18 55 164 124 137 
line2d_list
474.9677124023 221.9730834961 459.5541992188 240.4620208740 
506.1067504883 180.6471557617 478.0455017090 185.2758026123 
588.0658569336 479.5383605957 559.9252319336 475.5240478516 
338.4644470215 253.9968566895 311.3035583496 266.6515197754 
440.2175903320 461.7394104004 389.0179748535 468.1437683105 
513.9998168945 562.8834228516 460.9998474121 562.8741455078 
143.4930725098 105.8659820557 186.7830657959 86.5147018433 
187.4105072021 88.9182510376 146.9940643311 106.9867324829 
722.0679321289 381.2594909668 767.0562744141 385.3865051270 
766.9331665039 387.7088317871 722.9472045898 383.5597229004 
571.9385986328 312.6160278320 606.0261840820 307.1635437012 
605.1713256836 309.0773620605 572.0545654297 314.3430786133 
337.7906188965 483.1353454590 367.2430114746 476.0036315918 
367.2658996582 478.0559692383 337.1602478027 485.6364746094 
556.9118041992 402.2763977051 590.0292358398 398.2401428223 
590.1854248047 400.5128479004 559.0405273438 404.3306274414 
550.4509887695 482.1525878906 497.3616943359 502.9244079590 
577.0195312500 480.9239501953 600.0396118164 486.8459777832 
799.1158447266 434.8717346191 762.9834594727 431.1613464355 
337.0430297852 294.6087341309 370.9626159668 298.3399353027 
749.9501953125 455.5372314453 799.0842895508 460.0902709961 
799.0269165039 462.7243652344 749.9089965820 457.9331970215 
546.1149902344 192.8916320801 624.1055297852 200.9829406738 
370.0163269043 299.8435668945 336.9590148926 296.3926696777 
622.9631958008 203.3550872803 545.9617919922 195.3685150146 
497.9086608887 499.7563171387 548.8694458008 480.6518249512 
479.0037536621 183.0253601074 506.9847106934 178.8964385986 
308.8051757812 265.5705871582 338.9519042969 251.8939971924 
742.9573364258 408.3973083496 721.9768676758 407.7570190430 
195.2730407715 339.0874633789 221.9006042480 317.8752136230 
224.6224212646 317.7414855957 197.4572448730 340.5447082520 
501.0037536621 318.8677978516 544.0258789062 320.0847778320 
389.9425659180 465.5318298340 440.0473937988 459.3863830566 
460.0047912598 560.2677612305 515.0024414062 560.6286010742 
542.9926757812 322.2624511719 500.9973754883 321.0943908691 
721.0260009766 405.5723266602 742.0092163086 406.8488769531 
559.8367919922 474.1404724121 587.9759521484 478.1679077148 
node_id_list 3740 3741 3742 3743 3744 3745 3746 3747 3748 3749 3750 3751 3752 3753 3754 3755 3756 4896 4897 6785 6786 6787 6788 6883 6884 6885 7056 7057 7058 7059 7060 9053 9054 9055 9135 11744 12061 
score_list 9.4419445798 5.9340103634 5.6241295201 10.7160670400 7.9386211253 8.0617293888 8.4107396604 8.9434970319 1.7723663644 2.7613991916 4.0426571747 4.5061142538 6.8682515223 6.0694147051 7.1401933630 7.5257895248 11.7065121516 3.4070522217 1.8382903891 2.8086266016 7.8963523222 7.8480640468 10.4207674934 3.9053174012 10.3535665645 11.4954281612 5.8247777935 10.7024917855 3.6242717401 11.8173441423 10.4882108358 5.0905937313 7.4308094804 9.1821921777 6.3215408312 2.8022557560 5.3712463059 
line3d_list
-0.0104010503 -0.0702672084 0.3228343083 0.0082294416 -0.2404246958 0.3324313369 
-0.0048895288 -0.0795891741 0.3250279553 -0.0074778809 -0.2319950999 0.3224121049 
0.0061990002 -0.0696442955 0.3311331188 -0.0016708784 -0.2257308458 0.3281877377 
-0.0040521560 -0.0810537065 0.3255788742 -0.0006155011 -0.2311206939 0.3270018643 
-0.0100784568 -0.0536192117 0.3228841367 -0.0053064913 -0.2432805823 0.3262096767 
-0.0114501378 -0.0592980649 0.3219581772 -0.0025698462 -0.2430682209 0.3273335053 
0.0014432855 -0.2489166225 0.3393792629 -0.0003751862 -0.0584431574 0.3383403025 
-0.0062688444 -0.0559173061 0.3246536064 -0.0000241096 -0.2368060281 0.3286058452 
-0.0001589524 -0.2462473194 0.3390632796 -0.0056829162 -0.0601293146 0.3358964430 
-0.0129803505 -0.0553976959 0.3215572343 0.0022919536 -0.2416071843 0.3297018112 
-0.0110463324 -0.2288311028 0.3322381192 -0.0175797024 -0.0552839734 0.3277960093 
-0.0037550480 -0.0644722055 0.3248393265 0.0049096418 -0.2331275209 0.3304580333 
0.0041778785 -0.2382284794 0.3402957989 -0.0064223866 -0.0796529062 0.3342335360 
-0.0040572872 -0.0808296442 0.3255767495 -0.0004437676 -0.2386197127 0.3270729727 
-0.0008981204 -0.2475401746 0.3386365172 -0.0125897981 -0.0698213775 0.3319089935 
0.0003663677 -0.0769019026 0.3278363324 0.0079125484 -0.2412848786 0.3322903906 
0.0000181825 -0.0674507161 0.3286855986 0.0026135078 -0.2526868024 0.3299116700 
-0.0035974631 -0.2305768602 0.3374344135 -0.0175677538 -0.0999118927 0.3305875286 
-0.0069718255 -0.0918389119 0.3241784187 0.0047126956 -0.2383669221 0.3304740118 
-0.0094197231 -0.2415785157 0.3330341375 0.0101052780 -0.0914897145 0.3404912514 
0.0017070069 -0.2516853742 0.3395009014 0.0003084424 -0.1440530046 0.3382357923 
-0.0003638770 -0.1426314267 0.3286804034 -0.0007227309 -0.2502363008 0.3288297481 
-0.0014047813 -0.2498847127 0.3371578017 -0.0019285735 -0.0410761412 0.3356112314 
-0.0081231701 -0.0936493376 0.3228892533 -0.0033026502 -0.2412418876 0.3273292157 
-0.0029078868 -0.0417401762 0.3266009726 -0.0070469537 -0.2480265512 0.3245070923 
-0.0110984303 -0.2397314816 0.3212312353 -0.0106135484 -0.0629507318 0.3214439222 
0.0267537949 -0.2458516571 0.3508149893 0.0140108812 -0.0866965595 0.3432506496 
0.0168952132 -0.2584035893 0.3478069610 0.0076969244 -0.0890113563 0.3414750340 
-0.0074661207 -0.1226306362 0.3244979214 0.0013312211 -0.2298933317 0.3291894615 
0.0004443372 -0.2484906278 0.3384727957 -0.0027299580 -0.0856417100 0.3361126699 
-0.0062560941 -0.0661568859 0.3247202837 0.0063284543 -0.2450829829 0.3315828451 
0.0049018890 -0.2384029876 0.3427246786 0.0010012371 -0.0529464217 0.3390484766 
0.0015945244 -0.2430288108 0.3393991523 -0.0007936879 -0.0592339689 0.3372388307 
0.0112201438 -0.2567232747 0.3442661574 0.0076301715 -0.0715946704 0.3413714975 
-0.0019124857 -0.0560320818 0.3267074705 -0.0006885636 -0.2373104773 0.3288027945 
0.0249092431 -0.2408444321 0.3494462727 -0.0079038044 -0.1275341081 0.3329565728 
-0.0242751829 -0.2204546869 0.3271604321 -0.0158541993 -0.0636203853 0.3302404925 
END
