1.6132364560 -2.9985705698 1.3920645701 1.6123795843 -2.9979107352 1.4976719977 
28 28
image_id_list 13 14 16 19 21 33 34 48 51 52 54 55 56 60 78 80 89 97 20 31 38 53 57 88 82 96 98 77 
line_id_list 4 23 92 53 3 44 100 35 92 49 68 69 17 93 27 13 16 12 41 147 40 35 19 80 32 44 24 68 
line2d_list
565.8689575195 137.9764556885 570.3779296875 112.8881988525 
326.0746459961 97.9907455444 323.3579711914 76.0796051025 
193.2730865479 140.9368286133 187.9694366455 118.0070724487 
148.6812896729 175.0180969238 147.4296264648 152.9756011963 
314.0975341797 55.0387878418 314.9836730957 29.9640827179 
117.1528167725 277.9849243164 114.9846649170 256.0015258789 
358.0999755859 33.9926719666 356.4906616211 12.0373334885 
632.5499267578 151.9516754150 636.2163085938 117.8084640503 
165.3634033203 154.0800170898 161.4650268555 123.0672454834 
731.0581665039 240.0520324707 732.1936645508 216.9603424072 
608.6206054688 170.0107879639 607.8522949219 143.0041961670 
705.6919555664 233.0141143799 704.5927124023 209.0186614990 
262.6741943359 181.0247802734 260.0094604492 145.9992828369 
377.4447021484 226.0107879639 377.5942687988 205.9895019531 
525.5198364258 189.9576568604 527.8184204102 163.8957824707 
257.7785339355 117.9957122803 258.3988952637 85.9689865112 
524.1109008789 238.0118255615 527.0017700195 210.8935852051 
356.7408752441 262.0272827148 357.0705871582 241.0011138916 
78.7086486816 224.0294036865 76.0805892944 197.9918670654 
81.8960266113 279.0973510742 80.0353546143 257.9968872070 
152.1068572998 225.9980010986 151.5655670166 197.0081176758 
167.7088165283 169.9907531738 168.6305847168 140.9565277100 
247.5846710205 152.0552978516 249.5800933838 130.9602813721 
51.7011604309 131.0014038086 51.5464401245 98.0021286011 
222.1974639893 128.1171722412 219.1119995117 106.9836502075 
32.7014350891 241.0334472656 29.6897087097 214.1467742920 
66.1909561157 196.9965209961 65.6447601318 166.9882659912 
66.1564636230 268.2569274902 54.5461006165 230.1382446289 
node_id_list 7294 7295 7296 7297 7298 7299 7300 7301 7302 7303 7304 7305 7306 7307 7308 7309 7310 7311 8177 8178 8179 8180 8181 8182 8782 8783 8784 9390 
score_list 10.4003428495 10.3533328802 7.5627841777 6.8029424236 13.7133223354 9.6382633327 13.0953207674 10.9419842941 17.1685516615 11.7376140467 13.9407820505 12.2895137084 12.6165449666 12.9753944182 12.8168435650 12.2733982416 13.5280064333 13.2464041470 5.3989673019 10.4470963529 9.4101898451 15.5414712226 6.6179675522 11.6846189973 6.2375804646 7.7508101695 6.8217039854 8.5931815622 
line3d_list
1.6128650391 -2.9989032714 1.3957660541 1.6130766768 -2.9977329464 1.4956570827 
1.6116889009 -3.0014737088 1.3947350589 1.6153119023 -2.9934116331 1.4939918318 
1.6163050808 -2.9946502436 1.3960058373 1.6126641089 -2.9972808557 1.4948837188 
1.6173364521 -2.9913270053 1.3958288709 1.6158839642 -2.9918570412 1.4972353887 
1.6118284612 -3.0012701477 1.3946743076 1.6116342424 -2.9987469546 1.4966408207 
1.6142419831 -2.9982864053 1.3964247555 1.6083305645 -3.0048321136 1.4980059006 
1.6182927631 -2.9926635508 1.3981611908 1.6145252708 -2.9959004491 1.4955531810 
1.6128627997 -2.9989156549 1.3947090836 1.6130780125 -2.9977255599 1.4962875396 
1.6134249677 -2.9980186255 1.3970046380 1.6123261492 -2.9979544860 1.4964311622 
1.6133359661 -2.9982924150 1.3970641206 1.6126136890 -2.9973686890 1.4966770743 
1.6138876900 -2.9988203741 1.3988413468 1.6119639360 -2.9984730570 1.4961102244 
1.6126538812 -3.0000274769 1.3957207228 1.6127960980 -2.9970572585 1.4959545254 
1.6122557788 -2.9948556624 1.4010631182 1.6119336026 -2.9966853905 1.4966551891 
1.6132823616 -2.9987678662 1.3983198146 1.6105395076 -3.0007323060 1.4974127108 
1.6132728443 -2.9984875013 1.3920643463 1.6122749301 -2.9979243150 1.4942600182 
1.6117342156 -3.0008218090 1.3913805787 1.6152435888 -2.9941166089 1.4967320629 
1.6132297854 -2.9984632004 1.3964739790 1.6122590842 -2.9979153722 1.4958827798 
1.6130025618 -2.9991149634 1.3978823298 1.6118885901 -2.9990881771 1.4974061787 
1.6173476857 -2.9913229059 1.3950445897 1.6158778455 -2.9918592741 1.4976625722 
1.6171546877 -2.9940286948 1.3997360118 1.6156592409 -2.9945091275 1.4962198550 
1.6140575619 -2.9978325415 1.3976393894 1.6149059101 -2.9954407536 1.4952501142 
1.6135372524 -2.9978040875 1.3917851370 1.6117587588 -2.9988598643 1.4944343215 
1.6143520540 -2.9960822311 1.3962363435 1.6105900416 -3.0019527049 1.4972862012 
1.6131635088 -2.9989557960 1.3952232676 1.6126111265 -2.9982246537 1.4961782445 
1.6115747473 -3.0024450643 1.3954598439 1.6121489977 -2.9963088692 1.4966558047 
1.6129618737 -2.9991139850 1.4015174631 1.6118879088 -2.9990881607 1.4974670387 
1.6201145123 -2.9876839435 1.3957968700 1.6139304796 -2.9970776202 1.4952942681 
1.6130726574 -2.9984765111 1.4017087977 1.6123667669 -2.9963807712 1.4979869753 
END
