1.6778240909 -2.9986177518 0.8774321550 1.6776018379 -2.9983597501 0.9317333886 
6 6
image_id_list 44 48 56 73 88 77 
line_id_list 27 39 85 46 130 64 
line2d_list
776.4496459961 251.8203735352 770.7612915039 269.2484741211 
596.1331787109 294.0113830566 594.7613525391 310.0650634766 
252.4940490723 344.8746948242 253.9237213135 361.9225463867 
517.5598754883 53.9988899231 517.5974731445 73.0007934570 
31.3906402588 272.0107727051 31.6734390259 287.9880676270 
96.0932540894 446.6481933594 101.6133422852 463.8026428223 
node_id_list 12382 12383 12384 12385 13003 13437 
score_list 2.5729316394 1.7193504831 1.9483201964 2.7441301706 3.6690705930 3.8348155419 
line3d_list
1.6778799368 -2.9993635270 0.9322107782 1.6779743012 -2.9987942714 0.8771919795 
1.6784313363 -3.0007384103 0.9317480854 1.6762753190 -2.9939563851 0.8785088845 
1.6780148783 -2.9988332095 0.9283566320 1.6783901068 -2.9971995876 0.8757129860 
1.6779045365 -2.9992584744 0.9292992290 1.6780048855 -2.9986829764 0.8786657718 
1.6777936018 -2.9996934971 0.9322174212 1.6777825507 -2.9995280066 0.8774363098 
1.6775103500 -2.9976047102 0.9305005581 1.6782446297 -2.9969020318 0.8785188317 
END
