1.6777621408 -2.9990649343 0.7278386554 1.6778417786 -2.9991803533 0.8312790721 
32 32
image_id_list 9 13 14 19 20 31 33 34 38 57 60 82 83 84 96 97 98 21 44 48 51 52 54 55 56 73 78 80 89 53 88 77 
line_id_list 140 43 136 135 76 129 93 133 91 41 78 132 86 131 127 108 97 45 32 11 79 131 51 105 90 42 63 31 14 91 88 107 
line2d_list
167.2839508057 380.9201965332 168.3441314697 397.9786071777 
529.3179931641 269.8862609863 525.7752075195 291.1292724609 
331.6370544434 217.7680664062 334.3742980957 237.0886535645 
144.4317626953 293.8842773438 146.0570526123 313.9953918457 
79.2280426025 362.0820617676 81.6681060791 385.0352783203 
80.5213317871 403.8127441406 83.1272430420 424.9843444824 
119.7430191040 400.7350463867 122.9760360718 422.0036315918 
357.9972534180 153.9000549316 359.8130187988 172.0187377930 
139.3841400146 387.9683837891 139.9560699463 413.0010070801 
225.4554595947 265.1200256348 223.8172607422 284.9849243164 
366.4394836426 338.9819030762 366.6785888672 358.0040283203 
231.3106842041 242.7625274658 234.6272888184 261.0675354004 
511.8994750977 348.9925537109 510.4229125977 368.9573059082 
22.1537914276 335.6916198730 28.9233741760 361.0204772949 
33.3825950623 396.0765991211 36.4827690125 421.0641784668 
345.4326477051 380.9991760254 345.4033508301 401.0005798340 
51.3410224915 361.9626770020 52.0666084290 388.0259704590 
296.5280151367 183.9845123291 295.8703613281 204.0285491943 
766.2249145508 283.3897094727 756.7301635742 313.2322998047 
593.1876831055 323.9140319824 590.3173828125 351.0335998535 
169.2593231201 319.8182678223 172.8952178955 345.0151062012 
710.4271850586 366.9716796875 709.3367309570 389.0166625977 
598.8281860352 318.9114990234 599.9964599609 343.0485839844 
694.2110595703 363.9321289062 695.3938598633 385.0339660645 
255.1971588135 376.8952331543 257.7463073730 406.0222167969 
518.1167602539 90.9909133911 518.3771362305 123.0050659180 
501.5672912598 326.9727478027 500.1118164062 350.0700683594 
233.0017547607 277.0000610352 232.2664489746 303.0075378418 
493.7192382812 379.9767761230 491.8911437988 402.0737304688 
147.5054168701 321.9980163574 147.5384063721 347.0006103516 
32.1378784180 301.9850769043 32.4923439026 329.0066528320 
106.9318923950 478.6915283203 116.9679336548 509.0106201172 
node_id_list 5749 5750 5751 5752 5753 5754 5755 5756 5757 5758 5759 5760 5761 5762 5763 5764 5765 7593 7594 7595 7596 7597 7598 7599 7600 7601 7602 7603 7604 8441 8442 9407 
score_list 9.7317576162 13.6881181815 12.9430962077 6.6616754995 5.9025398220 9.2117205220 10.4401866570 13.5878481765 9.2276648432 10.0121194136 14.1252209093 8.7349847404 14.8638105382 4.0600997933 7.5250005553 15.5327675923 5.9292963730 14.3034565425 14.0481641540 14.2220639232 16.3891437473 14.5598773440 16.4936891839 14.4216475129 13.6753947387 13.8645129491 12.6178731681 15.7172102063 15.4084827949 14.7820390016 12.8911946093 9.5732757765 
line3d_list
1.6786876846 -2.9981861587 0.8252579193 1.6769364278 -3.0008983491 0.7301962248 
1.6767279925 -3.0012744644 0.8309639876 1.6785316541 -2.9976964408 0.7355246138 
1.6806104242 -2.9963007737 0.8310219813 1.6768131450 -3.0025244552 0.7314212026 
1.6753385775 -3.0036817393 0.8270257009 1.6710952867 -3.0089761224 0.7231331654 
1.6736007609 -3.0054830695 0.8288406197 1.6788569554 -2.9981385657 0.7311980422 
1.6835073053 -2.9902843495 0.8333914972 1.6783725132 -2.9970976752 0.7322361027 
1.6787805704 -2.9980423054 0.8302999477 1.6768929692 -3.0009656540 0.7278372037 
1.6803085193 -2.9958548393 0.8271584020 1.6804097750 -2.9959065152 0.7323259927 
1.6771436011 -2.9992642415 0.8285722945 1.6784262837 -2.9983503509 0.7337465704 
1.6785497785 -2.9988907984 0.8312500809 1.6771507571 -3.0000831784 0.7285672733 
1.6807679846 -2.9950351707 0.8300021626 1.6820772740 -2.9915989102 0.7323806365 
1.6799611039 -2.9966990687 0.8267614266 1.6804640771 -2.9957878937 0.7281356685 
1.6788986486 -3.0004138703 0.8295475319 1.6778482294 -2.9998390156 0.7257265408 
1.6786233589 -2.9963196041 0.8301936278 1.6792435524 -2.9961676076 0.7318222202 
1.6768194929 -3.0014491005 0.8299360813 1.6788926468 -2.9971526416 0.7325544855 
1.6775499232 -2.9997523766 0.8277587439 1.6770066092 -2.9999817541 0.7280706636 
1.6785498253 -2.9987819186 0.8282662453 1.6773708321 -2.9994949462 0.7337231117 
1.6766387287 -3.0020232407 0.8262374423 1.6784102369 -2.9985298398 0.7321549986 
1.6781910814 -2.9993796822 0.8312785808 1.6777198209 -2.9984478588 0.7323238454 
1.6774358188 -2.9976977960 0.8291274545 1.6781080813 -2.9999994554 0.7321931077 
1.6776603998 -2.9983750625 0.8271124068 1.6779041815 -2.9992843681 0.7327024545 
1.6784844197 -2.9989237998 0.8315836167 1.6783567771 -2.9974408462 0.7319740346 
1.6775224388 -3.0010129596 0.8281825305 1.6781422259 -3.0005135227 0.7287887501 
1.6788998794 -2.9981923426 0.8269401935 1.6776431950 -2.9985536570 0.7314579969 
1.6774193455 -3.0005211642 0.8270511452 1.6774136704 -2.9989529434 0.7337384735 
1.6782151728 -3.0019867670 0.8266547534 1.6776533513 -3.0005304177 0.7329695958 
1.6774951196 -3.0004579404 0.8303567275 1.6780609023 -2.9978992310 0.7315811811 
1.6775365457 -2.9998533460 0.8281872248 1.6769489784 -3.0004294458 0.7303010687 
1.6783182584 -2.9984869892 0.8271625473 1.6777087377 -2.9991221148 0.7338239931 
1.6785598213 -2.9984840219 0.8292085637 1.6777989772 -2.9990050417 0.7332347799 
1.6772432625 -3.0001437285 0.8286743446 1.6775151713 -2.9993648957 0.7335731190 
1.6769856044 -2.9990263277 0.8304032888 1.6772178242 -2.9995083049 0.7328958297 
END
