0.0009519252 -2.7953897385 1.6673687512 -0.0017500726 -1.0307896428 1.6673006195 
48 47
image_id_list 0 3 8 17 32 39 45 46 58 79 85 90 1 59 93 40 43 43 76 95 96 98 19 20 31 84 86 87 99 9 16 33 38 57 60 97 10 21 37 51 53 56 80 81 82 41 77 88 
line_id_list 209 121 184 91 29 242 136 124 227 116 85 152 237 204 134 28 19 97 101 126 103 135 148 124 66 107 90 219 140 109 33 66 147 160 37 93 180 122 65 41 23 75 132 19 53 27 21 101 
line2d_list
0.7432007194 28.6521625519 219.6631622314 114.8554382324 
330.9739379883 37.1346778870 762.9758300781 47.0516395569 
165.7198791504 134.2556610107 489.1329650879 206.4039764404 
0.7744666338 116.4972915649 177.0071258545 90.0474319458 
254.9385528564 178.8013000488 565.9415893555 162.8605346680 
183.8137664795 169.1954650879 456.0611572266 211.6075134277 
186.8674316406 84.3330688477 627.0883178711 128.1116180420 
0.9184738994 109.3996963501 179.0674591064 100.3240585327 
0.9609352946 135.5613098145 167.0611724854 147.1211395264 
137.9549865723 35.4948692322 570.0149536133 48.5039710999 
0.8538028002 118.1160964966 364.9817504883 57.8897209167 
0.9582886100 57.9237976074 402.0436401367 76.0336608887 
0.8615760207 71.4563522339 251.8750305176 95.3148117065 
7.8204479218 8.8864793777 115.0860519409 19.0958576202 
0.8409484625 50.7210845947 111.9873657227 36.8984375000 
0.8078169823 184.4754486084 95.9349441528 172.4839019775 
245.0516052246 160.5410003662 666.0361328125 120.3785934448 
670.0146484375 120.1389160156 754.0307617188 111.2921829224 
213.9999389648 87.6299362183 570.0001220703 87.6665802002 
341.8802185059 101.7058486938 782.0971069336 132.6169281006 
381.9695739746 156.1327056885 763.0169067383 166.3699951172 
375.9443664551 149.0226135254 751.0308227539 169.4334106445 
397.9790649414 119.5419158936 688.0485839844 130.7415466309 
365.9590148926 144.2169036865 699.0190429688 155.4351196289 
352.0283508301 213.3053436279 632.9266357422 187.2100524902 
314.0139160156 56.2951431274 696.0602416992 38.2777900696 
240.0014190674 142.0459747314 587.0427246094 131.3908233643 
0.9531606436 162.2621612549 139.0598449707 167.3873291016 
224.9797058105 207.4653778076 494.0351257324 219.1940917969 
382.9887695312 219.5990447998 631.0182495117 212.6515655518 
452.1321716309 28.0921554565 671.0723266602 1.5976697206 
406.9116210938 198.4267120361 697.1060791016 153.6880798340 
478.8717041016 151.1658325195 799.1742553711 186.4168548584 
497.8914184570 136.9119110107 799.1455688477 172.7775421143 
669.0116577148 172.1753997803 799.1016235352 163.5286865234 
586.9578247070 205.4433441162 799.0396728516 211.6438903809 
268.8943176270 128.7335815430 557.1077880859 170.2519531250 
664.9196166992 17.9826908112 799.0236206055 23.4176368713 
201.9932861328 146.8454437256 525.0355224609 132.8174285889 
666.7818603516 41.8418579102 799.1709594727 16.9078025818 
613.0578613281 126.4791030884 799.1223144531 104.0128250122 
725.9805908203 77.6926193237 799.0680541992 73.0783462524 
681.0061645508 84.5740890503 799.0043334961 84.1135177612 
378.0711975098 83.4640884399 702.2659912109 33.7340354919 
455.0529174805 44.6291427612 761.0742797852 18.8825187683 
198.1399078369 171.7434387207 364.2784118652 140.4794158936 
523.0773315430 65.7494049072 799.1301269531 37.2611961365 
544.9140014648 106.3483810425 799.0285034180 122.5533370972 
node_id_list 1210 1211 1212 1213 1214 1215 1216 1217 1218 1219 1220 1221 2004 2005 2006 3247 3248 3249 3250 3251 3252 3253 4972 4973 4974 4975 4976 4977 4978 5613 5614 5615 5616 5617 5618 5619 6581 8733 8734 8735 8736 8737 8738 8739 8740 9442 9688 11994 
score_list 9.4168048271 7.2316074915 12.7537269113 11.8202037649 12.7784604124 13.2517985759 15.7550168294 13.6454123864 14.3204985072 10.8030972235 14.4487016380 7.6727130971 8.4161694304 9.7151108459 5.0047718225 8.8014937046 11.7484650859 8.3553533763 16.2191126649 7.7505599964 11.8153621332 15.4429267479 8.5755053864 13.8638701232 11.9134691394 11.7555653250 12.7817197143 10.3618736564 16.7767863868 10.4451306956 9.9010478250 13.7139637217 10.9396483171 10.7583507308 8.9359599323 12.3410256226 8.8010163410 8.8597874056 9.5781623353 9.7532846654 16.4590642346 8.0114143671 12.5376164420 14.6034599431 9.6098937809 10.8686528975 11.4580750852 8.6865381857 
line3d_list
0.0028668116 -1.9683726686 1.6674698802 0.0074513113 -1.0505927120 1.6680862701 
-0.0012420410 -2.7909319140 1.6669174415 0.0075073738 -1.0393694413 1.6680938077 
0.0011383989 -2.7881919537 1.6676855262 0.0005961310 -1.0347250826 1.6670893717 
0.0018564206 -1.8318613632 1.6673684934 0.0072090135 -1.0439489343 1.6672217111 
0.0052981790 -2.7867389158 1.6675382355 -0.0019035620 -1.0384538893 1.6671325893 
0.0003429868 -2.4387919829 1.6674660700 -0.0037092885 -1.0333036571 1.6673743949 
0.0018094649 -2.7851676644 1.6674337245 -0.0050273525 -1.0367283320 1.6675305663 
0.0019480472 -1.6816920349 1.6675076037 -0.0042931091 -1.0448626700 1.6673603363 
0.0014199581 -1.6385408356 1.6672745971 -0.0093073707 -1.0425105540 1.6672562077 
-0.0009387404 -2.7879839747 1.6673879321 0.0016701772 -1.0369057689 1.6672186020 
0.0025664628 -2.5886148722 1.6676889783 0.0008738330 -1.0384239703 1.6671038662 
0.0048649181 -2.2438123647 1.6668562957 -0.0064916047 -1.0315468204 1.6677004301 
0.0023286818 -1.9147516821 1.6675191738 -0.0170718660 -1.0308130887 1.6676947748 
-0.0047083730 -1.2697170795 1.6675293658 -0.0112651986 -1.0335626672 1.6676431828 
0.0048636845 -1.4238643806 1.6669248379 -0.0183631057 -1.0274401217 1.6686923428 
0.0051821287 -1.3593734990 1.6673629268 0.0013601352 -1.0381936982 1.6677645079 
-0.0024671412 -2.7906856644 1.6672933468 0.0063571755 -1.2772226614 1.6673156285 
0.0096566924 -1.2658182319 1.6670904913 -0.0077108606 -1.0301998405 1.6684000195 
0.0097750712 -2.7817837220 1.6676861297 0.0118956688 -1.0362204928 1.6675435712 
0.0030821449 -2.7886267625 1.6673744049 0.0011390441 -1.2776979746 1.6672424692 
0.0041892329 -2.7844028241 1.6674576949 0.0001158095 -1.0388179010 1.6674123117 
0.0050513964 -2.7866519612 1.6675748268 -0.0052133220 -1.0383270466 1.6671387212 
0.0017279084 -2.7857691865 1.6674985535 -0.0044819374 -1.0443920968 1.6672921651 
0.0013938490 -2.7868039490 1.6674831936 -0.0034104098 -1.0388456733 1.6673415337 
-0.0035239761 -2.7930924616 1.6672574757 0.0008468883 -1.0399046192 1.6675366425 
-0.0009427826 -2.7906970514 1.6673881945 0.0016669984 -1.0390393264 1.6672188084 
-0.0026150649 -2.7953400444 1.6673942705 -0.0014006121 -1.0444549047 1.6672296699 
0.0003052222 -1.4498914327 1.6672104536 0.0162008925 -1.0394930929 1.6678378123 
-0.0032132082 -2.7893951551 1.6674252701 0.0047508147 -1.0449855087 1.6674295816 
0.0068367865 -2.7791359806 1.6667282033 -0.0061348979 -1.0500117463 1.6678931003 
0.0013019684 -2.7961777183 1.6670283700 -0.0045349780 -1.5650214292 1.6679535121 
-0.0030922964 -2.7917296999 1.6673364734 0.0072571928 -1.0381709461 1.6673535592 
-0.0002339266 -2.7913786246 1.6675054529 0.0009487169 -1.4028588514 1.6672220400 
0.0023343319 -2.7839822682 1.6675264326 -0.0009597318 -1.0494811021 1.6674533958 
-0.0020381665 -2.7953943156 1.6674041836 -0.0008004088 -1.9878931096 1.6672705421 
-0.0018716279 -2.7881407280 1.6678243517 -0.0016466263 -1.6212749781 1.6672789531 
0.0018196987 -2.7877848378 1.6674335795 -0.0049933695 -1.0454191085 1.6675300849 
-0.0004202893 -2.7912250656 1.6674948492 -0.0038857780 -2.0248101419 1.6671049495 
-0.0008070625 -2.7929365934 1.6677441367 -0.0012732949 -1.0495187626 1.6670948690 
0.0028550233 -2.7957697905 1.6673751575 -0.0002535848 -2.1696794305 1.6672298212 
0.0005127981 -2.7914407492 1.6674425974 -0.0017940054 -1.8741381680 1.6673780846 
-0.0053911107 -2.7943755979 1.6672138472 0.0065919153 -2.5212197321 1.6678242245 
0.0008260848 -2.7896585933 1.6673225131 0.0007461380 -2.2598459711 1.6673550981 
0.0027741675 -2.7866906673 1.6674773361 -0.0001252749 -1.2786210496 1.6672073482 
-0.0001851607 -2.7893350748 1.6672900137 -0.0052365210 -1.0418711852 1.6674752692 
-0.0001267741 -2.7945374934 1.6674530962 -0.0007892357 -1.6465137619 1.6673106321 
0.0043611097 -2.7880447311 1.6674632547 0.0010176188 -1.9003095649 1.6673191219 
-0.0007172912 -2.7921577781 1.6673999478 -0.0010266817 -1.7068675651 1.6670134773 
END
