-0.1977312133 -0.8967495164 0.9510071765 -0.1985916808 -0.3841938055 0.9500089929 
29 25
image_id_list 1 3 74 79 87 3 43 98 4 12 45 62 62 90 93 11 42 46 46 47 50 59 64 92 58 84 92 18 31 
line_id_list 125 141 10 42 1 67 4 103 27 4 61 36 96 1 91 50 4 15 16 51 59 14 83 17 205 26 6 35 17 
line2d_list
270.8927307129 258.9917907715 322.2687377930 253.5257720947 
770.9780883789 209.0141296387 799.0082397461 209.6189575195 
38.4621620178 207.1243896484 0.4805538058 222.7362518311 
700.9367675781 230.0282592773 581.8948364258 222.7110900879 
276.0881958008 342.8155212402 168.8287658691 354.4169311523 
769.9340209961 209.7174377441 738.9413452148 208.5267028809 
799.0001220703 317.5097351074 783.9998779297 317.5106811523 
787.9356079102 347.3469238281 764.8046875000 343.0518798828 
283.7752380371 162.1222534180 351.1108398438 115.6080780029 
436.1419982910 45.6425247192 329.8986511230 54.8277854919 
785.0244750977 365.8725585938 632.6959228516 336.5813903809 
799.2628784180 43.7394027710 726.8662109375 28.6416435242 
622.7071533203 7.4597873688 726.7339477539 28.3263778687 
513.9909057617 257.7463073730 409.0180053711 261.5030517578 
173.1196441650 223.3024749756 246.5039367676 194.2739715576 
317.9594421387 142.3509674072 194.7554626465 128.1165008545 
709.0114135742 194.2455139160 486.9934082031 196.2812652588 
288.0921325684 277.2279663086 247.9430236816 280.2407531738 
369.0742797852 272.0777893066 295.0810546875 277.1763305664 
176.1242370605 113.5601043701 226.3165283203 102.4270248413 
799.2105102539 229.2405548096 649.8365478516 211.3661956787 
338.0198669434 275.7181396484 177.0324401855 280.1724853516 
409.9593811035 329.2964477539 264.8073120117 309.4061889648 
441.3882751465 285.8638000488 326.7392883301 309.7484741211 
238.9999084473 315.4718322754 203.9997100830 315.4647521973 
799.1021728516 216.2416839600 720.9592895508 211.7007904053 
316.2122192383 312.0207519531 234.2218475342 329.0670776367 
470.9907836914 168.7590332031 350.9841918945 167.3008422852 
779.9897460938 342.2214050293 708.9104614258 338.9372863770 
node_id_list 1815 1816 1817 1818 1819 3058 3059 3060 3309 3310 3311 3312 3313 3314 3315 3622 3623 3624 3625 3626 3627 3628 3629 3630 6809 6810 7027 9045 11645 
score_list 8.5665777807 2.2980996449 7.0210420271 3.5865019344 7.1285745534 1.9428421754 5.5574303200 1.7003759893 11.8088153215 6.8292184296 3.7926255379 9.9105215687 10.1559989432 7.2869169516 9.0386914488 7.6752726798 11.3573011048 5.8414009189 7.2425830853 6.3001173138 4.9580133709 6.9240119941 6.5329728615 13.1258473992 4.8342197034 2.5317392288 10.2200042160 8.6451723609 0.9842885734 
line3d_list
-0.2161070428 -0.7163771486 0.9467642394 -0.1715713224 -0.4383303679 0.9571581850 
-0.2071546756 -0.7358544318 0.9499528383 -0.1940723154 -0.6087698861 0.9523437779 
-0.1908136221 -0.5774353794 0.9515064708 -0.2003682577 -0.6991914525 0.9498508628 
-0.1654211805 -0.3987900619 0.9585940820 -0.2180960026 -0.8883614997 0.9462233973 
-0.1878744665 -0.4410398489 0.9524729861 -0.2410008190 -0.8825143254 0.9405528012 
-0.2195713249 -0.7329268413 0.9435849437 -0.1986509566 -0.8943433956 0.9516869018 
-0.2013087262 -0.8492389926 0.9504848987 -0.1999696153 -0.8953092641 0.9512544385 
-0.2244576724 -0.8044363529 0.9447795094 -0.2015416337 -0.8923780145 0.9512998349 
-0.2023123552 -0.7995695395 0.9502223167 -0.2031234315 -0.4073659071 0.9497692609 
-0.2086261548 -0.3931910214 0.9475436454 -0.2053250516 -0.8935198132 0.9490364031 
-0.1904280799 -0.3869315619 0.9513808998 -0.1998200646 -0.8924915416 0.9508192683 
-0.1980747829 -0.5146782314 0.9499974479 -0.1990972722 -0.6558154539 0.9504084174 
-0.1982899050 -0.8872212028 0.9510546188 -0.2007530438 -0.6567478886 0.9502299166 
-0.1572202593 -0.4454956449 0.9598489830 -0.2165425140 -0.8927109195 0.9464507040 
-0.2082581409 -0.8188789547 0.9493298510 -0.2116630468 -0.3803963406 0.9479661366 
-0.2007233996 -0.3827072080 0.9504280933 -0.2154403478 -0.8979703158 0.9465975682 
-0.1969202334 -0.3855966743 0.9505996895 -0.1972236277 -0.8936988132 0.9511582519 
-0.1877915398 -0.7245020340 0.9532838168 -0.2078051668 -0.8942784104 0.9485914140 
-0.1906025513 -0.3859126790 0.9520175692 -0.2008143543 -0.6968463499 0.9494958014 
-0.1994464483 -0.5884424763 0.9513114327 -0.2014363906 -0.3890000240 0.9504443187 
-0.1965954020 -0.4955993234 0.9505530731 -0.2060883017 -0.8960957792 0.9487154713 
-0.1907095881 -0.3891717862 0.9519911369 -0.2073803833 -0.8967718163 0.9478743443 
-0.1999819537 -0.4724657206 0.9491513153 -0.1975149497 -0.8957956905 0.9511503340 
-0.1993336124 -0.4112799221 0.9496617156 -0.1983842662 -0.6985174481 0.9504417537 
-0.1930589286 -0.7402760959 0.9518018773 -0.2163609166 -0.8931820786 0.9464952544 
-0.1943606153 -0.5986155214 0.9511457380 -0.1998532808 -0.8942795357 0.9508172820 
-0.1979725480 -0.7228278736 0.9505602178 -0.1975512477 -0.9000552754 0.9510091426 
-0.1859430873 -0.3841672162 0.9527587490 -0.2187726231 -0.8967294068 0.9460747775 
-0.1836817066 -0.4831187948 0.9530355022 -0.2003433898 -0.7798039956 0.9508202098 
END
