0.0070915895 -2.5266140678 1.0036641538 0.0079324046 -2.5249636437 1.3273352870 
44 44
image_id_list 2 6 15 21 33 34 38 41 43 49 51 53 56 77 80 81 88 95 96 3 8 32 37 45 50 76 79 84 85 86 98 9 10 19 20 31 99 23 57 60 97 16 14 82 
line_id_list 19 69 103 31 74 19 27 48 61 21 26 31 52 11 29 72 31 61 47 15 55 86 69 29 63 10 54 56 153 85 32 24 71 34 25 41 57 38 54 44 23 71 44 42 
line2d_list
570.5095825195 86.1116485596 576.8110961914 0.9120659232 
161.8817443848 81.0264968872 143.8570556641 0.5838917494 
212.6876678467 94.8687820435 201.5872955322 36.6971092224 
669.0866699219 170.2458648682 684.8836669922 100.4261932373 
447.3267517090 312.8773803711 442.0529479980 255.8102722168 
673.4760742188 82.1458663940 679.7974243164 18.1776199341 
509.8409118652 295.2266845703 517.8599243164 230.1058959961 
256.6280822754 293.8678588867 243.9874725342 233.7922210693 
330.0571899414 322.9919433594 319.0384521484 244.7130584717 
367.5073547363 159.2922363281 386.7299499512 60.1415176392 
694.9978027344 266.0712585449 702.6470336914 158.9747924805 
626.1950073242 312.1531372070 637.6090087891 223.0780334473 
772.2283935547 277.1548461914 784.0799560547 183.1361389160 
596.4935913086 251.0200042725 593.0546264648 163.9583435059 
695.4080810547 262.2967834473 712.7217407227 180.1521148682 
441.6865234375 208.9169158936 434.1765747070 146.8576202393 
548.2780761719 304.2363281250 564.9645385742 213.9934539795 
389.7366943359 280.0809936523 393.4708862305 200.0219573975 
420.3162231445 293.0177307129 421.1779479980 229.0293273926 
393.4694213867 201.0331268311 395.1603088379 126.0261535645 
191.2260742188 266.2198486328 201.5027313232 208.9108276367 
306.0279846191 290.9282531738 302.2580566406 236.9122009277 
256.7562255859 266.8443908691 251.7060546875 209.8488311768 
224.5658569336 253.1499938965 231.9477539062 176.0907897949 
165.7566833496 151.0237274170 156.5718688965 56.8466987610 
264.5570373535 221.9408264160 262.2014465332 159.9543457031 
207.8545379639 197.0087432861 203.4645233154 123.9120407104 
369.0127563477 190.9991760254 364.9464416504 127.8746185303 
67.2520141602 262.5581054688 43.5651092529 195.4475860596 
294.9919128418 267.9280700684 290.7088012695 208.8760528564 
410.1339416504 282.1661071777 414.8959350586 220.9918975830 
414.9017639160 315.0033264160 413.3440551758 268.9545288086 
292.7404785156 247.1869506836 298.5429382324 193.1657257080 
427.1100463867 230.0527496338 429.5374755859 178.9780120850 
403.3681640625 266.0062561035 403.6292724609 209.0074615479 
390.7338867188 320.9534606934 387.4324951172 268.9091186523 
251.1023101807 317.0764770508 254.7074890137 265.1184692383 
725.1024780273 66.2790985107 740.5187377930 5.3844809532 
511.2568969727 250.2285156250 520.6963500977 198.3084106445 
698.2579956055 298.0705566406 701.6781005859 237.0941314697 
618.4549560547 320.0994567871 622.1566772461 265.9423522949 
501.0848083496 147.9936523438 496.7505187988 90.0935363770 
610.7429199219 132.9771118164 609.9945068359 75.9738159180 
493.9812622070 155.0006866455 492.0259094238 101.9253616333 
node_id_list 2209 2210 2211 2212 2213 2214 2215 2216 2217 2218 2219 2220 2221 2222 2223 2224 2225 2226 2227 2810 2811 2812 2813 2814 2815 2816 2817 2818 2819 2820 2821 4645 4646 4647 4648 4649 4650 5291 5292 5293 5294 6373 8235 8236 
score_list 17.6173220449 9.9154012261 17.4770326829 14.8682768278 17.8045110451 13.6918533559 15.6383125935 17.9052961320 15.8252753023 16.7855229474 12.9813790266 17.9591020282 12.5904837517 18.2092125249 15.2980597680 18.8903926326 17.9575809316 16.4944706614 17.4458128190 14.9395453273 14.8851032920 13.9109801943 16.4193340634 15.4287393629 11.2767227114 15.2559176200 15.0981718128 15.5740075883 10.2455453780 15.4079330170 15.1450677427 8.9620502120 13.8448886166 11.1456364002 10.9657284376 17.2743602506 15.1562902700 14.0881493548 13.3942745779 14.6242497670 13.6951709229 11.4030184776 13.2114616114 13.2995781908 
line3d_list
0.0079058448 -2.5259181710 1.0096730851 0.0079234388 -2.5251392007 1.2397216991 
0.0068935934 -2.5263660345 1.0088488150 0.0086326123 -2.5251853780 1.2169702640 
0.0040053302 -2.5287239170 1.0056796323 0.0096867962 -2.5239182421 1.3204664847 
0.0073150538 -2.5266165121 1.0085686733 0.0085388628 -2.5241285793 1.3267785820 
0.0063416437 -2.5267377860 1.0040194592 0.0085984061 -2.5246457855 1.3248302022 
0.0081234795 -2.5265320238 1.0074706192 0.0066300260 -2.5249608298 1.3273386559 
0.0047679575 -2.5284467605 1.0067844044 0.0101586454 -2.5229566489 1.3268277409 
0.0061917786 -2.5271213398 1.0067039516 0.0085780641 -2.5246243006 1.3231146730 
0.0039654891 -2.5287996001 1.0078293511 0.0065045361 -2.5252246114 1.3263777441 
0.0068930180 -2.5262745200 1.0100097127 0.0079446436 -2.5253951400 1.3248235530 
0.0066643344 -2.5271528021 1.0099380062 0.0081051625 -2.5244445877 1.3271957099 
0.0071748490 -2.5263895895 1.0104476714 0.0076198783 -2.5251956449 1.3251179183 
0.0071728543 -2.5263949409 1.0090372619 0.0076203295 -2.5251944343 1.3254369768 
0.0066653178 -2.5271509538 1.0101545302 0.0080910027 -2.5244712028 1.3240778461 
0.0063153341 -2.5273630027 1.0105500584 0.0098979635 -2.5233622401 1.3244956219 
0.0061578315 -2.5274594244 1.0052614346 0.0060094568 -2.5259485782 1.3239657585 
0.0071868040 -2.5265653402 1.0097291396 0.0079925554 -2.5249357158 1.3255203491 
0.0049902945 -2.5280551499 1.0110037134 0.0075337996 -2.5245007180 1.3252939738 
0.0129088171 -2.5230498922 1.0085315123 0.0060335886 -2.5260793804 1.3256681758 
0.0039186219 -2.5283672854 1.0062349265 0.0036623349 -2.5273077814 1.3249941417 
0.0048345123 -2.5278640466 1.0067501247 0.0063147853 -2.5258626517 1.3232269419 
0.0038609747 -2.5285728637 1.0058077914 0.0064963823 -2.5260649007 1.3234699074 
0.0025829957 -2.5294800463 1.0036904798 0.0091576044 -2.5241885396 1.3216215771 
0.0043504270 -2.5280412976 1.0069931585 0.0091971632 -2.5247953309 1.3243707262 
0.0056775089 -2.5279353798 1.0089488327 0.0118607371 -2.5225573915 1.3248272137 
0.0029726644 -2.5287023446 1.0053218710 0.0099946237 -2.5244136940 1.3197837249 
0.0024441467 -2.5291987299 1.0083922899 0.0109380008 -2.5230112132 1.3236861592 
0.0042392275 -2.5290208456 1.0076234486 0.0106090862 -2.5224654860 1.3242275031 
0.0064207626 -2.5267588179 1.0085549948 0.0075000806 -2.5253557213 1.3235087720 
0.0057197106 -2.5274162209 1.0078594002 0.0092263948 -2.5239618652 1.3219670156 
0.0034224513 -2.5286382895 1.0063857861 0.0104675248 -2.5235945914 1.3219296391 
-0.0104873930 -2.5363246375 1.0032471779 0.0258026137 -2.5154477560 1.3263564811 
0.0201782028 -2.5170367042 1.0098594998 0.0033473132 -2.5282812951 1.3275920147 
0.0075521855 -2.5270652274 1.0095623811 0.0033314473 -2.5267274262 1.3237742907 
-0.0013679047 -2.5303881599 1.0070228582 0.0092003944 -2.5246823154 1.3281899447 
0.0025362426 -2.5291184242 1.0076926988 0.0098060051 -2.5239611935 1.3207264492 
0.0037869682 -2.5283680601 1.0086637418 0.0087769809 -2.5248576051 1.3261532633 
0.0073309312 -2.5269599100 1.0105269080 0.0098980613 -2.5231202066 1.3248108352 
0.0075384983 -2.5263582121 1.0072202800 0.0068298375 -2.5261398542 1.3262742995 
0.0085469734 -2.5254965107 1.0066339646 0.0056507578 -2.5262968400 1.3244469183 
0.0116072242 -2.5237866773 1.0053701119 -0.0006509561 -2.5298246503 1.3243798659 
0.0091962486 -2.5255301638 1.0083585348 0.0093065222 -2.5224979401 1.3255814650 
0.0076935959 -2.5263992675 1.0051248812 0.0040008045 -2.5280570481 1.3194200458 
0.0047120327 -2.5285031756 1.0029741980 0.0100711492 -2.5230484469 1.3240664114 
END
