2.6708091383 0.2400089061 0.3373279415 2.8986634157 0.2400829630 0.3371702885 
3 3
image_id_list 26 29 28 
line_id_list 310 190 337 
line2d_list
66.5734558105 489.4904479980 140.0126342773 428.0150756836 
231.2650909424 367.0832519531 192.2732238770 398.3408203125 
160.2047271729 448.1916198730 229.2557067871 380.2599182129 
node_id_list 11150 11151 11400 
score_list 1.9633394382 1.9742557748 1.9745038014 
line3d_list
2.3634791096 0.2363485971 0.3411757363 2.9021149507 0.2366074536 0.3407175043 
2.9604586391 0.2328380986 0.3417251436 2.6708121848 0.2360831952 0.3398869590 
2.3256919044 0.2398967365 0.3375667290 2.8986634157 0.2400829630 0.3371702885 
END
