2.1681513486 -3.0309383836 1.0538039121 2.3735309179 -3.0352440357 1.0539923521 
37 20
image_id_list 13 14 52 54 57 13 14 16 16 19 21 30 44 54 57 60 80 89 89 19 23 56 78 82 82 56 21 48 80 48 60 34 44 52 30 55 55 
line_id_list 48 77 371 95 46 113 120 97 149 169 107 174 94 90 137 149 133 129 135 98 117 62 57 85 148 165 71 52 46 112 96 146 136 311 103 104 206 
line2d_list
424.0146484375 209.6336822510 380.0049743652 207.8751678467 
227.0826721191 189.4008789062 188.6546478271 197.3252716064 
616.0232543945 306.7205505371 583.9953613281 304.0556030273 
466.9349975586 265.9728393555 424.9134216309 268.6317443848 
125.0202102661 213.3111572266 81.9985656738 212.0489196777 
378.0268554688 210.4468841553 422.9694519043 212.6290893555 
187.8669891357 200.3574981689 227.2493286133 192.2043609619 
90.0365753174 252.1113891602 42.8685531616 267.5997009277 
43.7858123779 270.3544311523 90.6042175293 254.8211669922 
0.8747314811 267.0985412598 30.1433162689 263.0313415527 
133.0138244629 128.5731811523 179.9645385742 130.0944213867 
710.9366455078 254.3694000244 766.6698608398 263.9253845215 
640.9323120117 165.2467498779 592.9747924805 152.0918426514 
424.0158691406 271.2879028320 467.0504760742 268.9157409668 
81.0077667236 214.7560577393 124.9949951172 216.1570281982 
262.9742126465 297.4589843750 225.9629669189 299.2227783203 
12.0115766525 204.7130737305 78.9832534790 207.4150390625 
385.0764160156 299.5812988281 347.0649719238 292.6440429688 
346.9648437500 295.1800842285 384.6984558105 302.5449523926 
29.9072895050 260.3049926758 0.8900449276 264.1757202148 
288.9601745605 68.3624572754 324.0730285645 66.1691131592 
58.0156059265 325.1110229492 0.7416762114 333.1624145508 
388.0277099609 274.7067565918 341.9417419434 276.5142822266 
126.0865173340 220.3464355469 86.7902908325 230.1602783203 
86.7162017822 232.8785400391 126.2229614258 222.8810729980 
0.8967849016 336.2601623535 57.1961288452 328.4058532715 
179.9984588623 127.0645141602 134.0007324219 125.9692993164 
460.9805297852 237.1660614014 414.0400695801 231.6583862305 
79.9787216187 204.5306549072 13.0462503433 201.8466339111 
413.9506225586 234.4025268555 459.8728027344 240.0367126465 
224.9408721924 301.8381652832 264.0939331055 299.8455810547 
214.8538665771 130.0598907471 252.1951446533 124.2553405762 
593.9495849609 155.1797637939 640.3802490234 168.2085113525 
583.9497070312 306.5952148438 615.8908081055 309.2930603027 
766.0426025391 260.7457275391 711.2406005859 251.5638427734 
548.0062255859 308.8329467773 582.9572753906 310.1410827637 
582.0104980469 307.7037963867 547.9824218750 306.4957275391 
node_id_list 7624 7625 7626 7627 7628 7925 7926 7927 7928 7929 7930 7931 7932 7933 7934 7935 7936 7937 7938 8324 8325 8326 8327 8328 8329 8411 8792 8793 8794 8829 8830 9295 9665 9666 11544 11845 13000 
score_list 4.9110345326 4.6468311096 12.1382291674 9.9819110559 3.1081804852 7.6790768188 4.8373818370 5.3008632010 6.7532346890 2.7371917802 5.5170083135 5.2007769320 9.1413269976 10.3319621128 3.8530694728 6.4925716626 2.6149000078 12.5903356530 10.9494744797 1.3431872724 5.9786203330 4.9320560848 5.5446767833 4.1020257396 4.5093261992 3.9226475733 3.9863616049 7.2018945249 2.4685541260 7.7532053743 6.7532130457 5.4884613755 7.5826801912 11.4446804538 6.2467091281 6.5320104943 4.7632168366 
line3d_list
2.1922817061 -2.9982223597 1.0727762724 2.3718248085 -3.0074726974 1.0698528077 
2.1924628763 -3.0128445633 1.0685715800 2.3720778802 -3.0151958231 1.0687195802 
2.1684099533 -3.0180202735 1.0671172750 2.3503052676 -3.0134230255 1.0685758919 
2.1792802277 -3.0115896931 1.0692802024 2.3575777369 -3.0181132344 1.0675874697 
2.2027519181 -2.9806315391 1.0754591896 2.3714913547 -3.0165964029 1.0684196139 
2.3737562799 -3.0244072256 1.0559811981 2.1896546260 -3.0131180668 1.0575909117 
2.3728622379 -3.0284060301 1.0549488214 2.1889227571 -3.0239567791 1.0548044929 
2.1859557897 -3.0121195222 1.0691714288 2.3702748070 -3.0343308208 1.0649628059 
2.3722494347 -3.0283912072 1.0549483406 2.1830053229 -3.0238136443 1.0547998497 
2.2991792499 -3.0254385161 1.0550635075 2.1839028615 -3.0212940025 1.0551704322 
2.3699055252 -3.0265641979 1.0553085407 2.1812028451 -3.0252645019 1.0542813225 
2.3679990481 -3.0302244043 1.0553211784 2.1740493755 -3.0259698418 1.0551543002 
2.1712068428 -3.0210175214 1.0663824181 2.3611197455 -3.0194968827 1.0675934359 
2.3658006980 -3.0290711621 1.0541510149 2.1828524240 -3.0248219756 1.0541192729 
2.3704227967 -3.0299809444 1.0545631848 2.1937823907 -3.0011332944 1.0596583658 
2.1895850116 -3.0222627694 1.0663190000 2.3639142796 -3.0164283188 1.0680063803 
2.3709086885 -3.0170442430 1.0578506899 2.1778134900 -3.0105427792 1.0581689622 
2.1795848115 -3.0283373575 1.0650217922 2.3640788981 -3.0352119625 1.0642955666 
2.3612741897 -3.0299947077 1.0546937062 2.1751614717 -3.0169347070 1.0555970016 
2.1862223175 -3.0152336984 1.0682154269 2.2975019646 -3.0259741824 1.0669882474 
2.3693411084 -3.0276796429 1.0543485116 2.1940655733 -3.0245634646 1.0541905464 
2.1756344413 -3.0158759789 1.0670729683 2.3053086855 -3.0137511237 1.0680407998 
2.1911950113 -3.0082271303 1.0691676389 2.3741517800 -3.0087367847 1.0695945448 
2.1949815118 -3.0046079468 1.0703322828 2.3681863850 -3.0281068171 1.0659598616 
2.3706823484 -3.0299936525 1.0540437708 2.1852036585 -3.0305980590 1.0533553329 
2.3078808772 -3.0394868402 1.0530563219 2.1787103120 -3.0373634978 1.0528092608 
2.1809515530 -3.0115164884 1.0692856923 2.3655366136 -3.0337598464 1.0650709948 
2.1745893831 -3.0223935050 1.0662219940 2.3613615958 -3.0214397930 1.0673427098 
2.1754948324 -3.0290098909 1.0649110329 2.3696425320 -3.0333979305 1.0645845097 
2.3718700460 -3.0431628993 1.0526336767 2.1839438617 -3.0363752700 1.0525211249 
2.3664131037 -3.0426346586 1.0523410351 2.1814735916 -3.0422297593 1.0517891998 
2.3741725263 -3.0067278386 1.0585641130 2.1983857992 -3.0003767657 1.0584435851 
2.3683190675 -3.0400753775 1.0526891814 2.1788502512 -3.0351904178 1.0527210106 
2.3637274564 -3.0342634604 1.0534505683 2.1805086589 -3.0379747731 1.0523544741 
2.1774123525 -3.0217330043 1.0668257340 2.3648763706 -3.0144132142 1.0685673358 
2.3597424980 -3.0256492221 1.0552935753 2.1636636738 -2.9849639881 1.0603709104 
2.1646803562 -2.9780516240 1.0734397801 2.3578228125 -3.0232295330 1.0675400386 
END
