3.7924130119 -0.9019086590 0.2075266157 3.7939720078 -0.9012295739 0.9197773817 
27 12
image_id_list 22 24 25 26 27 28 29 69 70 71 22 24 52 22 24 25 26 28 29 52 69 70 71 22 35 24 24 
line_id_list 3 12 133 127 64 129 14 39 57 97 19 0 165 65 25 85 138 120 142 175 68 111 86 103 56 26 29 
line2d_list
328.3039550781 194.0036468506 328.7359008789 158.0088348389 
656.5500488281 404.7716064453 679.4238281250 359.7075500488 
438.1188354492 443.9931335449 432.5800781250 348.0242309570 
393.5084838867 310.0812683105 383.9361572266 252.1758728027 
626.1170654297 383.0568237305 618.0042114258 256.9997253418 
472.6184692383 248.8656768799 459.4265441895 188.1245422363 
530.5579223633 281.0405273438 535.7253417969 209.9074096680 
474.9086914062 365.9801330566 488.6660156250 302.7099304199 
302.0426635742 218.9949645996 292.3786315918 137.1915435791 
136.1001129150 39.2676086426 124.7428131104 1.0764824152 
330.1538696289 111.0030517578 331.0078430176 67.9604721069 
708.1370239258 304.0704650879 738.2039794922 245.5907287598 
65.8198623657 407.9765625000 63.7619781494 335.9782104492 
326.8932189941 274.9823913574 328.0698547363 201.0011138916 
628.2151489258 461.1092529297 647.8562011719 422.4348144531 
443.2908325195 537.0394897461 438.6123657227 452.9659118652 
403.2749023438 370.1193542480 394.7033081055 318.0488281250 
486.2016906738 308.9549560547 474.3592834473 255.9197692871 
525.5661621094 351.9704895020 529.9840087891 286.9989013672 
67.4791336060 482.0384216309 66.5439758301 445.0115051270 
461.7773742676 428.9541015625 473.9316101074 369.9859008789 
310.7528076172 293.1472473145 302.6974792480 224.9176483154 
156.5046844482 106.1502609253 138.8752593994 48.0378417969 
330.0565490723 153.9705505371 329.3037414551 126.9636611938 
786.2346801758 272.3011779785 799.6575927734 257.6004333496 
681.4439697266 357.7247314453 697.7153930664 324.8590698242 
612.8438720703 492.9343566895 626.0228881836 461.5891723633 
node_id_list 9765 9766 9767 9768 9769 9770 9771 9772 9773 9774 9849 9850 9851 10000 10001 10002 10003 10004 10005 10006 10007 10008 10009 10192 10420 10421 10422 
score_list 6.9510309134 5.9573178449 8.2489138065 7.7301707311 8.9344532866 7.6710969870 8.8686936908 8.8368748707 8.8822267513 3.7953377424 7.9798289113 6.9778475343 1.9975181827 9.3686679948 7.9310653376 9.6068093640 7.8952526189 7.9063867040 8.7935384877 1.9870003722 8.6079598722 8.7859004099 7.9235715600 7.4498677171 2.9805845502 7.5065529000 6.4539853873 
line3d_list
3.7941080603 -0.9015623418 0.5131423161 3.7954108921 -0.9011931585 0.6367965201 
3.7941039608 -0.9015655708 0.5104164384 3.7946172487 -0.9013476401 0.6410642522 
3.7932333467 -0.9015742903 0.5717795369 3.7935691341 -0.9010284956 0.9177058383 
3.7949160412 -0.9016702375 0.5797933156 3.7942275942 -0.9012713322 0.9197820006 
3.7933831002 -0.9025476666 0.2072829822 3.7943587744 -0.9016549364 0.9168969586 
3.7892939644 -0.9012475215 0.5757500306 3.7961753839 -0.9004585262 0.9197718237 
3.7935342183 -0.9018030412 0.5757082479 3.7939156951 -0.9013032625 0.9174226171 
3.7932799072 -0.9016159471 0.5697198295 3.7948325123 -0.9020278526 0.9176529697 
3.7933396394 -0.9016669273 0.5681266679 3.7938588848 -0.9012519895 0.9201258662 
3.7903140460 -0.9017780642 0.5787072504 3.7942654136 -0.9014449111 0.7673521462 
3.7936648626 -0.9014070359 0.7885971919 3.7938550071 -0.9012550882 0.9174971664 
3.7937500588 -0.9011461531 0.7854297941 3.7934600445 -0.9010596717 0.9184277108 
3.7913794358 -0.9020354246 0.5734110772 3.7938944458 -0.9016450688 0.9171336598 
3.7918004258 -0.9012675860 0.2055855619 3.7954289408 -0.9022645560 0.4874482552 
3.7926230670 -0.9020160181 0.3257326130 3.7930365785 -0.9017366113 0.4560463407 
3.7914825411 -0.9018292081 0.2094010180 3.7932407956 -0.9015294497 0.5379659823 
3.7922531062 -0.9022659981 0.2091433971 3.7932783826 -0.9015732259 0.5322483202 
3.7916447426 -0.9019283133 0.2075283160 3.7925301121 -0.9011484376 0.5326599352 
3.7920018811 -0.9032194042 0.2100144520 3.7937420565 -0.9011646832 0.5458116122 
3.7964936214 -0.9026049843 0.2125265228 3.7957058049 -0.9023561051 0.3933874523 
3.7929394465 -0.9039945503 0.2111062587 3.7935509462 -0.9009917324 0.5470171904 
3.7918728231 -0.9020514374 0.2090165371 3.7932421729 -0.9015184957 0.5409449066 
3.7921780415 -0.9015284056 0.2111291773 3.7940547407 -0.9008887029 0.5319016626 
3.7904125249 -0.9021766551 0.6517253686 3.7957014336 -0.9010457215 0.7379676312 
3.7918120400 -0.9018113786 0.3293235518 3.7924779709 -0.9016606110 0.3971062178 
3.7917896145 -0.9016536540 0.6491533585 3.7935696240 -0.9015035754 0.7341339895 
3.7895340223 -0.9025159009 0.2115333742 3.7979030078 -0.9007640702 0.3172757080 
END
