-0.1850789778 -0.9869908389 0.3572783622 -0.1925490433 -0.9866677436 2.0689306711 
28 28
image_id_list 6 40 45 50 62 96 9 10 15 19 20 31 37 76 84 86 98 18 46 57 58 82 99 11 42 59 43 65 
line_id_list 95 44 41 76 109 39 39 46 119 42 32 45 70 29 30 53 46 157 107 148 107 91 43 147 140 134 12 162 
line2d_list
702.7038574219 441.5357971191 799.9487304688 132.2983398438 
213.1478424072 489.7286071777 107.2163543701 41.7123985291 
578.6405029297 478.3100280762 665.6095581055 18.1151924133 
593.1849975586 377.1773681641 649.5249633789 0.7792164683 
564.1491699219 207.0943603516 581.0792846680 0.9243916869 
750.1426391602 500.1501464844 799.5598144531 124.0735626221 
648.5849609375 434.0281066895 653.7617797852 142.0135040283 
531.1864624023 414.2302246094 593.8754272461 91.1698760986 
479.5274963379 215.9804687500 476.7772827148 0.9644764066 
675.7606201172 380.2540588379 724.2993164062 43.8988876343 
686.9215087891 428.2395935059 733.1021728516 57.8880462646 
665.5264892578 456.0114440918 656.9158935547 99.9778518677 
540.1125488281 378.0153808594 541.7431030273 47.9987297058 
564.2147827148 362.1742858887 592.6460571289 0.8934525847 
685.5550537109 332.1554260254 718.6657104492 0.8666416407 
593.7057495117 393.0958862305 606.2890625000 38.0102424622 
719.6858520508 465.2768249512 784.5767822266 70.0947113037 
335.4238891602 291.9770812988 319.6871948242 0.9087816477 
238.6110076904 415.8290100098 194.5666809082 0.8337250948 
754.8433227539 440.5071105957 800.2792968750 275.3519592285 
180.7393493652 443.0262756348 184.4615631104 55.0044288635 
760.1239624023 281.2131042480 788.2479248047 0.9245348573 
494.9814147949 451.2631835938 521.7463378906 148.0658874512 
174.0393524170 254.9765625000 168.3123168945 0.9704113603 
469.8272094727 376.9075622559 427.7998962402 0.7988762856 
153.2677917480 457.9473266602 134.2812347412 0.9467697740 
751.6918334961 370.9335937500 762.3352661133 0.9233480692 
294.9700012207 121.1024017334 283.0097045898 0.8001978993 
node_id_list 4081 4082 4083 4084 4085 4086 5339 5340 5341 5342 5343 5344 5345 5346 5347 5348 5349 6273 6274 6275 6276 6277 6278 6925 6926 9128 12244 12245 
score_list 5.5013742270 11.4898805452 9.9716326968 9.1583389861 10.5311869651 10.2558994771 8.4767051897 12.4836421719 10.2206342662 9.7946705284 12.4902408474 11.6575119544 7.8690283153 10.5419023748 11.3864230335 9.3674549091 10.5223723637 11.2291203839 9.9292086709 6.3662485501 7.1022300636 5.3666243546 9.8146841757 12.1735454703 10.0245130987 8.3181062951 8.5641433398 7.6217467745 
line3d_list
-0.1861560974 -0.9852564339 0.3716795807 -0.1896162264 -0.9857942293 1.1223125507 
-0.1897483322 -0.9869137764 0.3642735779 -0.1880717184 -0.9865126318 2.0650560642 
-0.1806182432 -0.9866125342 0.3735899644 -0.1944678087 -0.9868143499 2.0700092156 
-0.1874982848 -0.9859968926 0.3708842786 -0.1927696225 -0.9867860504 1.5309868101 
-0.1890522649 -0.9868625962 0.3653504940 -0.1909598299 -0.9868475043 0.9502194815 
-0.1920464487 -0.9890901838 0.3624399474 -0.1905130224 -0.9863938794 1.8071126838 
-0.1965062527 -0.9894234596 0.3572289500 -0.1927390618 -0.9860978216 2.0629441361 
-0.1857883358 -0.9887305918 0.3642234135 -0.1880920274 -0.9855528528 2.0670870646 
-0.1889545530 -0.9892994189 0.3592437305 -0.2145447701 -0.9915578165 1.4303369977 
-0.1822175832 -0.9870440985 0.3690541115 -0.1918462650 -0.9864195526 2.0676318716 
-0.1857913776 -0.9887263959 0.3664718644 -0.1880900532 -0.9855555760 2.0656278023 
-0.1930886881 -0.9891650933 0.3628852820 -0.1875087976 -0.9857074085 2.0688104057 
-0.1848359999 -0.9885665683 0.3623626936 -0.1900156855 -0.9858954665 2.0654781779 
-0.1875890088 -0.9873050222 0.3719276130 -0.1890732317 -0.9862650277 2.0354415387 
-0.1889151467 -0.9868577278 0.3720594292 -0.1916049655 -0.9867630923 1.7974667636 
-0.1822116422 -0.9870444838 0.3680060704 -0.1918435118 -0.9864197312 2.0671461835 
-0.1858818398 -0.9867299751 0.3722039736 -0.1902065643 -0.9866117650 2.0730906678 
-0.1751057294 -0.9878458255 0.3701613643 -0.1941232819 -0.9870164433 1.6057345059 
-0.1926854361 -0.9903607949 0.3608697034 -0.1948586432 -0.9871811869 2.0505337231 
-0.1984469366 -0.9909746950 0.3586061417 -0.1855357610 -0.9869092426 1.2084413838 
-0.1774480565 -0.9867650532 0.3656350237 -0.1913072786 -0.9863172859 2.0634754318 
-0.1974701014 -0.9907973717 0.3610118928 -0.1885892540 -0.9863450286 1.7323605168 
-0.1892517065 -0.9887794697 0.4226369905 -0.1877204938 -0.9857225331 2.0689515657 
-0.1968496035 -0.9911669582 0.3592358555 -0.1967915983 -0.9891823654 1.4311788528 
-0.2011349305 -0.9910589002 0.3545971986 -0.2004732286 -0.9891763659 1.4169804491 
-0.1791890990 -0.9867922048 0.3714347925 -0.1905421044 -0.9870778413 1.7382260650 
-0.2116977342 -0.9898333402 0.7448720015 -0.2147079358 -0.9878254242 1.9892695596 
-0.2093542984 -0.9936746298 0.3512511964 -0.2099321262 -0.9930217599 0.7103636725 
END
