-0.0919870555 -2.0933122182 0.4013336915 0.0038270210 -1.6617840700 0.4515972255 
3 3
image_id_list 16 19 97 
line_id_list 200 227 168 
line2d_list
583.1268920898 252.8635253906 649.0861206055 260.2286376953 
469.9469299316 330.2585144043 547.1823120117 346.1118469238 
670.5856323242 428.7373046875 769.8984985352 452.4255981445 
node_id_list 8854 8855 8856 
score_list 5.6964439982 2.3104237106 4.6756544723 
line3d_list
-0.0919870555 -2.0933122182 0.4013336915 0.0038270210 -1.6617840700 0.4515972255 
-0.1157936478 -2.2505810290 0.3874694333 0.0172278454 -1.6514877266 0.4562407057 
-0.0973405232 -2.2097962536 0.3984809083 0.0040395894 -1.6383365377 0.4494959369 
END
