-0.1910250057 -0.9868304845 2.0817923772 -0.1811862760 -0.9842243147 2.3619925611 
13 13
image_id_list 9 19 20 31 37 39 86 98 10 45 58 99 40 
line_id_list 104 16 52 102 88 197 92 51 47 86 89 49 60 
line2d_list
653.7461547852 138.0084075928 654.3209228516 86.9810867310 
724.7611694336 40.1082191467 730.3546142578 0.7660683990 
733.6255493164 53.0767326355 740.0278930664 0.8807617426 
656.8267211914 97.0051651001 654.9783325195 34.9708480835 
541.5114746094 44.0063056946 542.0417480469 0.9881871343 
473.8000793457 134.3318634033 483.6116333008 81.1127624512 
606.2793579102 34.0117950439 607.6756591797 0.9440780878 
785.0490112305 67.1811599731 796.5225219727 0.7448359132 
594.4232788086 87.0857009888 606.4500122070 27.6861705780 
666.5029907227 14.0905742645 668.8959350586 0.8011977077 
184.3860015869 51.0055274963 185.1021728516 0.9871446490 
521.9578857422 145.0843658447 526.6442260742 91.8805770874 
106.0993499756 36.9769325256 97.7077789307 0.8356625438 
node_id_list 5578 5579 5580 5581 5582 5583 5584 5585 6279 6280 6281 6282 12122 
score_list 4.8418366158 5.6317194343 7.4271414153 6.7278134520 6.6435710664 6.7511389711 5.8053357647 5.8598334073 4.8615026338 2.9402526192 3.6867009555 6.3198998520 1.9803474296 
line3d_list
-0.2085407857 -0.9911011819 2.0869388773 -0.1612165408 -0.9788971326 2.3612418108 
-0.1915715787 -0.9866973390 2.0844601383 -0.1848374633 -0.9849971613 2.2556300425 
-0.1883221243 -0.9858542815 2.0848551610 -0.1872988518 -0.9856450248 2.2889452095 
-0.1917566777 -0.9872039093 2.0831265459 -0.1766275036 -0.9834347397 2.3607573417 
-0.1920871620 -0.9872177918 2.0842268543 -0.1845169929 -0.9848012584 2.2786786996 
-0.1985480443 -0.9882028517 2.0820692998 -0.1832385527 -0.9852128559 2.3579809736 
-0.1914615986 -0.9870409037 2.0839903078 -0.1877571605 -0.9858000186 2.2208764838 
-0.1899818407 -0.9866211793 2.0843594811 -0.1828811999 -0.9842577750 2.3359336323 
-0.1893830460 -0.9869961924 2.0865291956 -0.1915592174 -0.9845061291 2.3639802016 
-0.1885008145 -0.9862052053 2.0817901128 -0.1902409364 -0.9866362643 2.1260579289 
-0.1903255262 -0.9867253742 2.0794754018 -0.1870861760 -0.9855277674 2.2796281100 
-0.1914198943 -0.9870269339 2.0855313599 -0.1838374004 -0.9844870065 2.3657192251 
-0.1883721698 -0.9866418517 2.0797437668 -0.1881211778 -0.9860482962 2.1896778056 
END
