1.2499238685 -2.0349851898 0.4462452794 1.0430623057 -1.7149400307 0.4772619609 
15 15
image_id_list 10 84 96 98 19 38 60 83 20 34 23 73 97 53 91 
line_id_list 212 211 142 171 198 177 105 202 145 124 123 126 152 150 110 
line2d_list
201.0005645752 417.9808044434 238.0273437500 419.0747985840 
332.2149047852 424.2043762207 373.7836303711 416.7873229980 
301.9405822754 537.0312500000 324.0386962891 537.6777343750 
348.0220031738 499.4758300781 391.9823913574 498.8199768066 
353.9948425293 393.6461181641 386.0026245117 393.1794433594 
425.8159484863 551.6721801758 488.0716247559 555.9601440430 
541.9828491211 466.1139221191 650.9255371094 482.4950866699 
701.1018066406 510.6665954590 744.7013549805 523.9780883789 
327.0183105469 472.2210998535 421.9473266602 464.3636474609 
544.0039062500 260.9226379395 641.0079956055 265.8423767090 
596.0237426758 227.8411712646 679.2576293945 240.2754364014 
560.6625976562 557.4068603516 571.3268432617 582.7053222656 
563.0285034180 496.4899291992 601.0773315430 498.6154479980 
208.9526672363 513.7210083008 288.2359313965 561.9690551758 
281.6854553223 292.3705444336 293.0998840332 302.0603332520 
node_id_list 6650 6651 6652 6653 9308 9309 9310 9311 9470 9471 10371 11841 12006 12955 13405 
score_list 2.6779210151 4.0240834259 5.1195139517 4.8290254966 4.1087220771 5.9428384392 3.1436287889 4.4875326273 2.7701251047 1.8937817053 2.2906710407 5.8748108133 3.4841118644 5.7785218093 3.2277716124 
line3d_list
1.2514956067 -2.0204429513 0.4524668415 1.1618809185 -1.8969396661 0.4592094110 
1.2407942269 -2.0265833065 0.4455337953 1.1542393997 -1.9020630485 0.4559662138 
1.2367979944 -2.0226398692 0.4454810971 1.2003408427 -1.9519042735 0.4552871663 
1.2468257261 -2.0254370500 0.4495744476 1.1759733864 -1.8938734528 0.4650483804 
1.2382452900 -2.0254479688 0.4450918105 1.1686967338 -1.8905071322 0.4637986464 
1.2394395706 -2.0237559645 0.4459570514 1.1323253557 -1.8531842510 0.4637428049 
1.2430842469 -2.0313262988 0.4445660457 1.0099170748 -1.6629243460 0.4819921020 
1.2293074414 -2.0401215631 0.4380213696 1.1523561414 -1.8927268995 0.4581543355 
1.2666960988 -2.0291900760 0.4526679990 0.9813102843 -1.7658736070 0.4434892387 
1.2472941883 -2.0170697580 0.4498175311 0.9655737582 -1.7222707042 0.4541836291 
1.2439887751 -2.0252930256 0.4477406075 1.0445887861 -1.7140308755 0.4780615117 
1.2390631986 -2.0219129943 0.4460604132 1.2065480341 -1.9828368608 0.4478678450 
1.2515291528 -2.0341707028 0.4485472337 1.1773452720 -1.8964208662 0.4647487648 
1.4047884757 -2.2609836650 0.4301031132 1.1962674418 -1.9268262461 0.4656623095 
1.2329671608 -2.0156625981 0.4467148223 1.2068595783 -1.9800740142 0.4493790821 
END
