3.0110516322 -1.5611002550 0.6738206765 3.4864244417 -1.5650013808 0.6723515514 
9 7
image_id_list 13 14 14 23 34 82 83 83 60 
line_id_list 54 52 75 49 60 103 22 79 102 
line2d_list
0.8932732940 579.0076293945 246.1751403809 552.6285400391 
0.5668151379 560.0559082031 120.5437011719 505.0055541992 
124.6737365723 503.2892456055 224.2635345459 457.5740966797 
74.9166641235 345.5990600586 248.1243743896 309.5983886719 
43.8830718994 410.5955810547 136.9128723145 383.6986694336 
0.4859795272 572.0557861328 130.2304687500 501.4233703613 
31.9049472809 572.6371459961 131.9761199951 565.6576538086 
137.9596252441 565.4425048828 231.9734954834 558.6340332031 
0.9341099262 545.5773315430 34.2165451050 540.3891601562 
node_id_list 7663 7664 7665 7666 7667 7668 7669 7670 11837 
score_list 4.8338796647 1.8974433494 3.5403489764 3.3259715639 4.4969392709 2.8718635654 2.5138147692 3.4561170874 4.8104992361 
line3d_list
3.4257121013 -1.5638433533 0.6730288119 3.0094525312 -1.5612526662 0.6736457211 
3.4863372832 -1.5736321689 0.6670674696 3.2533460175 -1.5683416890 0.6701012616 
3.2454055557 -1.5643687417 0.6719783242 3.0126240494 -1.5607186435 0.6740839135 
3.4927777730 -1.5619409613 0.6747847630 3.0194524604 -1.5590935318 0.6754075305 
3.2468560162 -1.5667788454 0.6711166066 3.0062343895 -1.5666858897 0.6707178464 
3.3282434624 -1.5668102865 0.6712514826 3.0115468273 -1.5666879419 0.6707266502 
3.4945313205 -1.5633398450 0.6736720801 3.2598700408 -1.5630127071 0.6731134292 
3.2458976983 -1.5661504729 0.6705550345 3.0110432007 -1.5618761089 0.6731526585 
3.0878683514 -1.5715657924 0.6671798840 3.0135363791 -1.5709579379 0.6675417301 
END
