0.0006071076 -0.1926149678 0.0106483004 0.9976230919 -1.1886066465 0.0080669495 
120 39
image_id_list 0 4 4 8 12 12 17 39 46 46 47 47 58 58 59 59 66 66 79 79 85 85 87 90 90 93 0 1 3 3 4 12 12 66 66 66 79 79 85 85 93 0 39 0 12 17 39 39 66 66 66 85 85 1 17 32 74 74 37 37 76 76 79 79 84 84 86 86 62 42 42 11 7 65 7 37 84 86 86 99 99 10 18 57 18 65 18 18 76 65 18 65 65 76 76 76 16 82 84 86 20 37 62 62 65 62 62 65 19 84 86 84 99 86 62 92 65 50 57 82 
line_id_list 108 63 75 155 108 198 113 198 27 108 18 69 94 231 105 173 23 107 58 61 107 246 208 27 115 52 204 61 20 42 154 45 103 40 45 73 17 57 59 139 66 278 131 304 53 175 42 150 61 171 177 204 279 12 170 222 106 79 147 179 105 182 41 128 85 175 102 178 10 16 34 120 13 3 54 92 32 47 135 60 203 199 128 211 211 26 161 310 148 39 92 8 20 63 112 151 198 259 187 125 62 190 46 55 72 1 5 0 217 87 87 135 235 77 30 71 11 58 150 232 
line2d_list
233.2250213623 500.0559387207 246.2163543701 447.8051452637 
595.6738281250 482.2110595703 479.7885437012 303.1368408203 
480.1527099609 299.2533874512 594.4450683594 475.7117309570 
483.8374328613 562.4103393555 522.2276611328 551.8256835938 
428.9649353027 311.2406311035 469.1934509277 256.4082641602 
458.9166870117 273.9400329590 431.3423767090 312.2464599609 
325.7626037598 418.7265319824 350.9099426270 396.8962707520 
476.9628295898 566.9226684570 535.0151367188 539.0314331055 
307.3712463379 573.5919189453 335.8362426758 555.7388916016 
337.4644775391 557.7386474609 310.4549560547 574.7234497070 
308.0810241699 599.0549926758 321.4586181641 335.9724731445 
323.6866455078 334.0813903809 310.9018249512 599.0435180664 
254.9458312988 590.9182128906 307.4382629395 556.1518554688 
312.2458496094 555.3623657227 257.3942260742 592.5809936523 
357.6492919922 599.5333862305 396.4149169922 552.3408203125 
396.5223388672 555.4209594727 361.2420349121 599.1950683594 
141.3534240723 270.1344299316 175.6838531494 179.8797454834 
173.4048461914 192.1523742676 146.3168029785 264.1192321777 
624.2843017578 502.5082397461 711.7608032227 453.5724182129 
693.1810913086 466.3180847168 634.0064697266 500.0113220215 
509.7037353516 437.7522888184 544.3684692383 405.3248901367 
546.8298950195 405.8215942383 521.2238159180 430.2347717285 
320.0549621582 599.0287475586 341.3966369629 558.2073974609 
488.7736511230 598.3592529297 556.9109497070 467.9534606934 
540.1253662109 505.0650939941 491.2741394043 599.1423339844 
403.0725708008 552.9743041992 337.9574279785 369.0150756836 
247.9938201904 447.9984130859 214.9777374268 576.2517089844 
362.6642150879 446.0129394531 368.5611877441 598.9783935547 
799.5643920898 496.3841857910 771.6268310547 537.4266967773 
770.5252685547 534.6781005859 798.8552856445 492.9018554688 
625.5897216797 522.6138916016 603.7086181641 489.1907348633 
424.3270263672 317.2414855957 401.7508850098 347.8160705566 
403.7404479980 349.5391845703 424.3417968750 321.2489013672 
132.4960632324 292.8083190918 105.8215942383 362.9321289062 
70.3161315918 460.1213684082 87.6843185425 414.8788146973 
108.6745681763 363.2560119629 135.6268463135 292.2378845215 
617.5198364258 506.1364440918 572.5290527344 531.1530151367 
574.1883544922 533.3349609375 618.2985229492 508.5309143066 
499.7431335449 446.7230529785 468.0812988281 476.0876464844 
470.4625854492 477.4920043945 503.4493408203 446.4779357910 
338.2298278809 364.9199218750 399.8239440918 541.7129516602 
223.0224456787 537.0060424805 232.3915252686 502.1051025391 
441.2297363281 586.4504394531 458.7521972656 577.5141601562 
212.2699127197 577.0728759766 222.2584533691 540.0697631836 
397.6434631348 353.7368774414 364.0302124023 399.2843017578 
246.3876953125 489.4416809082 271.4152526855 467.4730834961 
433.9627075195 587.9224243164 410.9877319336 598.9744873047 
414.2781066895 599.5760498047 436.4262695312 588.8829345703 
104.7273178101 367.8963317871 93.7066650391 396.8884887695 
84.5461120605 428.2101135254 63.0705718994 484.0271606445 
93.6353149414 402.2516479492 107.0394668579 368.4117431641 
415.1632995605 527.1701049805 442.2041320801 501.2126770020 
443.8925476074 501.9118957520 423.1802368164 522.1841430664 
365.6984558105 599.0411987305 360.4736633301 434.0166625977 
290.7151489258 451.8499450684 308.2434997559 437.1009521484 
643.8861083984 502.7398376465 675.0433349609 489.0989990234 
262.5019226074 599.3573608398 216.1873474121 405.1938476562 
217.7348327637 402.8221130371 265.2648620605 599.1779174805 
489.9192504883 548.8026733398 529.7898559570 532.4864501953 
538.1762695312 531.4265747070 494.2391357422 549.5787963867 
488.1403503418 549.4401855469 544.8009033203 531.3755493164 
548.2221069336 532.6887817383 494.0514526367 550.1595458984 
567.8372802734 534.7065429688 540.4841308594 549.8731079102 
541.3812866211 551.6917724609 569.6212158203 536.1270751953 
596.1967773438 537.6618041992 663.8640747070 517.5429077148 
665.2468872070 519.8339233398 602.1520385742 538.5135498047 
531.1553344727 588.3856811523 580.7606201172 568.4057006836 
590.9436035156 566.8607177734 537.2424316406 588.5989379883 
390.1520690918 515.3464965820 220.0629272461 534.5571899414 
679.2219238281 599.3144531250 754.2501220703 546.3543701172 
755.3763427734 548.5288696289 684.1507568359 599.2118530273 
144.0239715576 449.0525512695 82.9568099976 476.9053039551 
799.4849853516 551.8157958984 724.9280395508 571.7305908203 
123.9120178223 532.8526611328 235.9692230225 465.9484558105 
724.2128906250 574.8225097656 799.3552246094 555.3721923828 
596.5533447266 505.8610229492 644.0866699219 487.2210998535 
740.9281616211 495.7457885742 799.0883178711 479.3126220703 
655.2228393555 539.5799560547 708.9720458984 518.9272460938 
716.9721069336 517.9298706055 657.2621459961 541.6596679688 
447.9317016602 594.3218383789 552.9739379883 583.7412109375 
552.0184326172 586.2005615234 499.0063781738 591.0695190430 
475.0015258789 555.0249633789 448.0411071777 556.6724853516 
259.0258178711 524.0438232422 323.4527893066 486.0715637207 
669.7331542969 570.5341796875 647.8726806641 566.7318725586 
327.0907592773 487.1578674316 276.9823608398 515.9692993164 
252.3290252686 457.9020385742 125.0349960327 535.6936035156 
388.3807678223 450.6940307617 365.9886169434 462.9792480469 
366.3781433105 464.6931457520 391.8801574707 450.7803039551 
562.9420776367 527.7896118164 586.1134643555 521.4123535156 
318.1461486816 419.5798339844 258.3275146484 455.5447387695 
401.1494445801 443.2590637207 421.3494567871 431.6057434082 
461.2809143066 330.7908630371 542.6450805664 282.4032287598 
424.6647033691 352.4348449707 367.2827148438 386.4765319824 
614.6857299805 509.9574279785 668.8850708008 493.6187744141 
675.9379272461 491.7955017090 704.0769042969 483.2533264160 
655.9633789062 499.8810119629 616.9627685547 511.8789367676 
752.1150512695 450.8421325684 707.0009155273 457.0068664551 
701.9941406250 419.9243164062 685.9357299805 421.1741027832 
678.1628417969 515.6091308594 729.0041503906 502.0155029297 
600.9152832031 562.7681274414 645.4505004883 546.4960327148 
718.0610961914 591.4457397461 743.0037841797 588.0277709961 
629.1480102539 495.3690185547 598.2987670898 507.7446899414 
527.0427246094 498.4371337891 652.0223999023 486.2293395996 
645.9273681641 483.3411865234 552.9548950195 493.5911560059 
368.6457824707 389.0875244141 432.9444580078 350.9064941406 
393.9501342773 512.5714721680 518.8871459961 498.0303649902 
521.0291137695 500.2490844727 394.1246643066 515.0675048828 
256.8336486816 453.7213134766 328.1073913574 411.1799316406 
654.0705566406 516.0669555664 675.0449829102 514.6799316406 
722.0117187500 501.0406494141 687.0325927734 511.1131896973 
633.2686157227 548.7004394531 603.1032104492 560.2691650391 
799.2066040039 481.7162170410 753.0123291016 495.0427246094 
490.9870605469 591.8709106445 468.0172729492 594.1725463867 
713.1979370117 517.5217285156 744.8199462891 505.5253906250 
662.1688232422 481.5448608398 786.9895019531 467.9039001465 
493.0069580078 568.0015869141 485.8619689941 599.1974487305 
543.4796752930 284.8055419922 440.1852111816 346.3110351562 
770.1987304688 599.5287475586 799.2315673828 588.6160888672 
708.1561279297 573.9626464844 743.1166381836 579.2249755859 
767.0375366211 413.3564758301 742.9884033203 415.8901977539 
node_id_list 844 845 846 847 848 849 850 851 852 853 854 855 856 857 858 859 860 861 862 863 864 865 866 867 868 869 1195 1196 1197 1198 1199 1200 1201 1202 1203 1204 1205 1206 1207 1208 1209 1445 1446 1525 1526 1527 1528 1529 1530 1531 1532 1533 1534 1597 1598 1599 1600 1667 2853 2854 2855 2856 2857 2858 2859 2860 2861 2862 2989 3704 3705 3810 4257 4258 4358 4917 4918 4919 4920 4921 4922 6633 6634 6635 6888 6889 7100 7101 7102 7152 7156 7157 7158 7159 7160 7161 8851 8852 8988 8989 9077 9078 9079 9080 9081 9132 9133 9134 9326 9327 9328 11864 12060 12071 12172 12173 12183 12768 13024 13488 
score_list 13.0100223430 13.3192479284 14.1884909141 5.1530478304 13.5720553730 12.0898795051 8.2111372842 10.9854687236 7.5394673158 4.7845817412 13.0121677815 12.8085191230 8.3063946230 6.6578559686 9.2446683462 5.9722595180 11.8841312001 10.5073459202 9.1766600699 6.9519422070 12.9612445064 9.2427028005 8.2463638509 15.0602408963 12.8659411311 9.4987716220 12.0810289220 13.6548696606 7.0347317244 7.7739599186 6.5173924605 10.2715167960 12.6414360424 9.1147194314 5.7315481850 11.5165412925 4.5005638329 5.9766108458 4.5417577812 5.8730368587 12.7431832446 6.4749825164 2.6005006982 4.8534706317 8.6909543490 4.9013259187 4.6039324250 3.5564029276 5.5073946801 2.9680585276 5.1855906554 5.3810889011 3.8213357492 14.0116708638 5.3472756383 5.8805428323 12.8817424457 13.6880656529 3.5925336724 3.7947941277 3.6734425720 3.7451796984 5.4867153957 5.4763308014 5.8366520559 5.8803311277 4.6310484529 4.4707188377 4.2448621118 6.5063443794 5.1693278621 7.9593524479 3.9329761429 5.7935798588 3.8868824791 4.5038033764 4.6732422102 5.7276399085 4.6289636807 9.2013866837 6.6821084320 4.5243914032 4.7347129281 2.5582778845 5.6390335923 3.8124387490 1.6653048397 3.7492346400 3.5054714622 3.7121169884 9.0275053266 5.3442518010 5.6563103308 3.9169509519 0.9450999998 3.9534548545 2.4697018272 1.7400415524 4.6026115086 4.3338697017 0.8048582552 3.9808497913 2.0073103746 4.7226028918 4.5535466490 3.0810775972 3.5513777461 3.3657119760 1.4722254011 3.8556668988 2.7620799036 3.8063864162 4.7212110661 0.9047628700 3.9238002737 3.9758374248 5.1647497969 2.6521087678 1.5062984836 1.4002292584 
line3d_list
0.5041128098 -0.7015969398 0.0062831943 0.0477421942 -0.2496012263 0.0010910244 
0.8117872930 -1.0138412974 0.0035564993 0.0074647778 -0.2100485445 -0.0021742206 
-0.0009315497 -0.1880142988 0.0024291794 0.7986472377 -0.9885106923 0.0001214635 
0.4757532397 -0.6813103236 -0.0013351979 0.2655172955 -0.4728304654 -0.0031912275 
0.4844113878 -0.6869793968 0.0019828718 0.1093915425 -0.3130286038 0.0014016687 
0.2426999554 -0.4307193844 0.0007899376 0.4899890600 -0.6778640252 -0.0019312720 
0.4854582137 -0.6845252161 0.0056442201 0.3185233535 -0.5193677506 0.0023218186 
0.4970080326 -0.6977333627 0.0040371911 0.1272893482 -0.3318587303 0.0020925930 
0.4943670814 -0.6771038763 0.0142479331 0.3978384765 -0.5804931540 0.0143564200 
0.3870706991 -0.5759619716 -0.0007492178 0.4796736577 -0.6684963281 -0.0004965623 
0.8902868254 -1.0897300590 0.0047525030 0.0036391145 -0.2053682950 -0.0004758350 
0.0017724361 -0.1909014167 0.0010415806 0.8945857519 -1.0841511452 0.0029728378 
0.4875020278 -0.6851453936 0.0060942120 0.2558376845 -0.4557018524 0.0034585457 
0.2460547225 -0.4339832285 -0.0000937255 0.4879276038 -0.6758569321 -0.0014026259 
0.2086107645 -0.4047583496 0.0068415489 0.0094050157 -0.2052698857 0.0059201264 
0.0186293276 -0.2078644970 0.0003273335 0.2009470165 -0.3904609358 -0.0007316872 
0.4042077830 -0.6048800536 0.0020645353 0.0293318415 -0.2308510468 0.0007362022 
0.0920550936 -0.2806557025 -0.0003215799 0.3866745062 -0.5753810971 -0.0003025697 
0.4817243849 -0.6815182751 0.0039248946 0.0374610198 -0.2392933008 0.0015271983 
0.1511504293 -0.3440416055 -0.0035065137 0.4509687411 -0.6390387137 -0.0007402593 
0.4745461070 -0.6765698110 0.0027467139 0.2612292283 -0.4629295094 0.0036840027 
0.2637174491 -0.4519210440 0.0002841655 0.4244474489 -0.6130390091 -0.0021578419 
0.2663496440 -0.4630360334 0.0045067702 0.0367293097 -0.2343056154 0.0012949557 
0.6664566125 -0.8654029053 0.0049218973 0.0000351171 -0.2020391174 0.0013252101 
0.2499293824 -0.4324582329 0.0145226525 0.6811520466 -0.8640477403 0.0140380086 
0.9959805051 -1.1902583234 0.0109225095 0.0238148845 -0.2246635137 0.0016048865 
0.0652453662 -0.2540727983 0.0094465066 0.9592619707 -1.1490354423 0.0135839410 
0.1316004439 -0.3227033539 0.0083553379 0.9135794124 -1.1040560341 0.0128960402 
0.7302786985 -0.9144362262 0.0151635105 0.9655722931 -1.1508442016 0.0114490559 
0.9397044455 -1.1391929978 0.0022373808 0.6953051889 -0.8951935676 0.0057868030 
0.9365096374 -1.1273330377 0.0082175100 0.8433816499 -1.0342296141 0.0071195067 
0.5213603334 -0.7242790974 0.0032001276 0.6909104848 -0.8935815487 0.0040621885 
0.6991659344 -0.8880241205 -0.0002659836 0.5449181861 -0.7338276109 -0.0000166258 
0.4817017414 -0.6845036187 0.0009576467 0.6988879117 -0.9016877186 0.0010204851 
0.9530655262 -1.1438283188 0.0084803820 0.8460343338 -1.0365840614 0.0075088035 
0.7067642058 -0.8959249854 0.0011264491 0.4862499671 -0.6751868383 0.0001148536 
0.5126497508 -0.7117641874 0.0053787322 0.7005302272 -0.8983182564 0.0075044278 
0.7037540331 -0.8919307400 0.0012765480 0.5211121782 -0.7094061243 0.0008219599 
0.5306334328 -0.7330560188 0.0038988623 0.6987866286 -0.9011891025 0.0044493154 
0.7054951899 -0.8926179982 0.0005235881 0.5292483296 -0.7164762677 0.0009650677 
0.0070341715 -0.1976724834 0.0079898581 0.9601119008 -1.1517302635 0.0124186845 
0.7182761540 -0.9169908645 -0.0138767553 0.4941621895 -0.6917429558 -0.0118506553 
0.6868523732 -0.8859006321 -0.0081940182 0.5971844662 -0.7959749705 -0.0052357645 
0.9458139235 -1.1471767115 0.0006610889 0.7550558056 -0.9551086326 0.0020724729 
0.7246234102 -0.9241071879 0.0066278860 0.9374192531 -1.1363245484 0.0081029659 
0.9245762268 -1.1140667112 0.0093819948 0.7926732226 -0.9925054206 0.0021439253 
0.7238812987 -0.9237200464 0.0023031273 0.8315341441 -1.0321121580 0.0015066238 
0.8350055470 -1.0179082978 0.0029387619 0.7418412946 -0.9149048676 0.0101969454 
0.7218445652 -0.9148692924 0.0085187151 0.7995316376 -0.9927118517 0.0084613906 
0.8726340202 -1.0646839191 -0.0041046080 1.0011582392 -1.1927139056 -0.0011794561 
0.8113030001 -1.0017296875 0.0014654996 0.7201161098 -0.9094442354 -0.0007720291 
0.9606038935 -1.1475739098 0.0094883260 0.8349915464 -1.0272510984 0.0082361699 
0.8221564616 -1.0207407137 -0.0068375762 0.9290606999 -1.1146923050 0.0000868463 
0.9001639093 -1.1034297948 0.0035219857 0.0258591085 -0.2284717900 -0.0001846587 
0.7042106690 -0.8918053616 0.0026857304 0.6039509423 -0.7937328671 -0.0027021925 
0.4930644988 -0.6947081305 0.0029997084 0.2898867647 -0.5133781787 -0.0142579557 
0.6676033791 -0.8685404291 0.0055389888 0.0069857288 -0.2083859808 0.0030647956 
0.0015011188 -0.1916946093 0.0008372072 0.6724074203 -0.8624716600 0.0014310749 
0.9207067770 -1.1087943787 0.0103790727 0.7636713603 -0.9604895259 0.0072944747 
0.7332736681 -0.9275188719 -0.0022382305 0.9047130967 -1.0933305753 -0.0015148025 
0.9258817933 -1.1220724611 0.0044474119 0.7399859197 -0.9394096569 0.0053748329 
0.7330757081 -0.9267719189 -0.0018582834 0.9098367873 -1.1027929990 -0.0045826229 
0.7314331327 -0.9181146757 0.0132180094 0.8247513487 -1.0188504381 0.0072818937 
0.8198611369 -1.0144470979 -0.0039621621 0.7267779243 -0.9104432902 0.0043890881 
0.9383538022 -1.1343275589 0.0043851900 0.7311091462 -0.9306872668 0.0054191185 
0.7399729269 -0.9244725045 0.0034411085 0.9282136585 -1.1150473154 -0.0008150456 
0.9459943065 -1.1326760191 0.0108757878 0.7678798013 -0.9644639937 0.0073771398 
0.7339270881 -0.9276197346 -0.0018714053 0.9203117950 -1.1132241538 -0.0047440696 
0.7174868420 -0.9067633312 0.0001853822 1.0264750233 -1.2153404084 0.0008013176 
0.2021143176 -0.3984586318 0.0064599528 0.0077683973 -0.2025540010 0.0077508572 
0.0104265081 -0.1995226070 0.0027416355 0.1968271290 -0.3862008478 0.0023639343 
0.7029270070 -0.8931650636 -0.0010565669 0.8614451866 -1.0539323672 -0.0039074710 
0.7901762124 -0.9864001594 0.0067905197 0.9363473923 -1.1395005056 -0.0007203259 
0.9408667124 -1.1410422576 -0.0013147213 0.7422421561 -0.9428251508 -0.0017138640 
0.9390792791 -1.1384248641 -0.0090154960 0.7948820676 -0.9840930693 -0.0002262609 
0.4907479715 -0.6855321863 0.0085019052 0.2688685320 -0.4677733788 0.0044765729 
0.4848854293 -0.6820792510 0.0060062144 0.2914334251 -0.4828671034 0.0090869653 
0.4530431904 -0.6826934509 -0.0151574274 0.2235369431 -0.4551575029 -0.0177348196 
0.2343058505 -0.4247778138 -0.0012307167 0.4946703668 -0.6762036906 0.0028362752 
0.6883554927 -0.8916077514 0.0027659246 0.3276103313 -0.5201211975 0.0085108429 
0.3016463047 -0.5280881595 -0.0152072995 0.4965510066 -0.7210348027 -0.0129142244 
0.6959958992 -0.9068229347 -0.0116679081 0.7981137556 -0.9936239266 -0.0041364872 
0.9302990972 -1.1067362575 0.0163320367 0.7127690900 -0.9201754711 0.0009666272 
0.7185594808 -0.9113911665 -0.0022449536 0.7917893687 -0.9729186964 0.0051493415 
0.7237470391 -0.9045202871 0.0062121841 0.8726252282 -1.0587333485 0.0002739965 
0.7188588140 -0.9080430532 0.0048556623 0.9462363331 -1.1365935885 -0.0027909977 
0.4944830699 -0.6960449799 -0.0003790770 0.5761453394 -0.7764507732 0.0021726815 
0.5700984259 -0.7760206622 -0.0112402996 0.4759635788 -0.6837304164 -0.0151303560 
0.6930615186 -0.8757978091 0.0062512307 0.6010169662 -0.7943090671 -0.0036151943 
0.5863954632 -0.7742048128 0.0020559724 0.7082199742 -0.8966092751 0.0007661445 
0.4617714358 -0.6471823742 0.0126604344 0.3815689643 -0.5693151399 0.0123077322 
0.2436873604 -0.4346527129 0.0129421339 0.0095007092 -0.2031277778 0.0091264497 
0.3283607657 -0.5293379531 0.0019489501 0.4675416359 -0.6672663149 0.0041698321 
0.4934527111 -0.6901498246 0.0067616887 0.2753860691 -0.4760701199 0.0028628447 
0.2400652070 -0.4460122722 -0.0019770237 0.1176069781 -0.3249789861 -0.0034245776 
0.3396974188 -0.5285898400 -0.0013604479 0.4974727917 -0.6807438989 0.0023117404 
0.7128958626 -0.9060722788 -0.0025967866 0.8686318076 -1.0227624942 0.0186885832 
0.7351273313 -0.9234673049 0.0007514263 0.7948024148 -0.9725428889 0.0075400939 
0.6874161961 -0.8850411580 -0.0033619101 0.5384974670 -0.7205227540 0.0028891012 
0.7087097072 -0.8911029456 0.0065959215 0.5194745481 -0.7220656690 -0.0123077759 
0.4747098349 -0.6836512117 -0.0022111287 0.4117044351 -0.6041540101 0.0089553829 
0.3503779180 -0.5386145644 -0.0008270304 0.4950967980 -0.6777926008 0.0023717582 
0.4742454916 -0.6589849766 0.0131242442 0.2624565804 -0.4338426998 0.0208384653 
0.2554486512 -0.4514206045 0.0068897385 0.4197651406 -0.6177686449 0.0056314303 
0.4876978252 -0.6600902351 0.0216296338 0.3332324059 -0.5067325201 0.0188765597 
0.7060188848 -0.9038755104 0.0008962729 0.4788123572 -0.6799315983 -0.0012420297 
0.4789737640 -0.6732765364 -0.0047749532 0.7114846527 -0.8982014565 0.0026316098 
0.7000718756 -0.9035236495 -0.0060521596 0.5518513098 -0.7560254178 -0.0069532828 
0.5843042429 -0.7976456993 -0.0049264037 0.5213741155 -0.7255381966 0.0017272117 
0.5440158054 -0.7447391686 0.0040749598 0.6529093478 -0.8579740263 0.0006763053 
0.5505853204 -0.7698957514 -0.0111134425 0.6613012483 -0.8844845998 -0.0128665783 
0.2928096901 -0.4811716126 -0.0008940212 0.4544895410 -0.6405217826 0.0004410260 
0.5314483578 -0.7474307199 -0.0098143075 0.6098121884 -0.8269216765 -0.0104504122 
0.2343802912 -0.4399883775 -0.0016749705 0.0836765747 -0.2952322220 -0.0072789650 
0.2338389159 -0.4209329502 0.0180093958 0.0141521329 -0.2014106077 0.0154508437 
0.0076856505 -0.2013062622 0.0086088229 0.0856975125 -0.2784465195 0.0101512834 
0.0029729883 -0.1977559722 -0.0071060552 0.2969067941 -0.4887886063 -0.0019221754 
0.1917688752 -0.3971603747 -0.0078558361 0.1114488405 -0.3170765309 -0.0079725053 
0.6035375217 -0.8011341457 0.0060848270 0.4988907877 -0.6985917183 0.0049372238 
0.5325478176 -0.7115535624 0.0047601460 0.6014271651 -0.7914341684 -0.0006926498 
END
