2.5468744924 -2.9950963120 0.6649061534 2.7707715674 -3.0137866351 0.6601746311 
5 5
image_id_list 13 21 34 60 78 
line_id_list 117 66 82 40 66 
line2d_list
329.0016479492 306.6931152344 271.9979248047 306.3858947754 
95.0071411133 220.9339904785 36.9952392578 221.3776397705 
194.1419677734 219.6737365723 145.7615356445 229.8683319092 
188.0526885986 387.5602722168 138.9229888916 392.1811218262 
297.0962219238 387.0899353027 254.9830169678 390.8076171875 
node_id_list 7956 7957 7958 7959 9624 
score_list 1.8694918159 1.7408555666 1.5713397614 2.6796908770 1.8323329077 
line3d_list
2.5467249950 -2.9967824597 0.6644924630 2.7704546408 -3.0115810245 0.6606648609 
2.5468067122 -2.9927652489 0.6652121543 2.7757672270 -3.0249218379 0.6573894506 
2.5523901215 -2.9869419995 0.6680027818 2.7727966038 -3.0177734309 0.6584928007 
2.5555875460 -2.9973686719 0.6643408411 2.7709630546 -3.0116146535 0.6606561628 
2.5457914299 -2.9900928223 0.6661872834 2.6958362747 -3.0133988777 0.6602307835 
END
