1.4686761842 -0.0112604322 0.8475320407 1.4683603919 -0.0116180030 1.0586584074 
22 10
image_id_list 27 68 68 39 47 47 66 74 74 87 87 39 46 58 46 66 66 67 67 68 68 68 
line_id_list 142 176 197 9 61 142 42 25 139 56 94 40 181 20 39 59 130 53 152 202 169 191 
line2d_list
274.5691528320 484.8811035156 281.1090393066 516.1860961914 
137.9338073730 264.0184631348 99.9761276245 128.0066680908 
108.0120620728 165.2728729248 135.3314514160 264.1846618652 
771.0249023438 478.7479248047 761.9168701172 513.9785156250 
773.0549926758 207.0157928467 791.7489013672 141.9278869629 
788.9116210938 142.6987762451 767.9946289062 218.2752685547 
498.5949707031 39.8885536194 496.2903137207 68.9437103271 
646.2889404297 262.0554809570 658.3791503906 199.0727844238 
653.8523559570 211.9708557129 644.1658935547 261.0327453613 
682.4254760742 408.8568725586 679.5981445312 439.9634704590 
681.9279785156 441.9938964844 684.6450195312 409.9698791504 
767.0372924805 503.0095214844 773.1581420898 479.0403747559 
589.2163696289 410.9978637695 588.9487915039 384.0005187988 
560.1358642578 445.0128479004 563.1629638672 413.0154113770 
586.4173583984 383.0051574707 586.5281372070 416.9982910156 
501.3969116211 0.9587801099 499.1426391602 33.9413986206 
501.6286315918 35.0456085205 504.1035156250 0.9349561930 
117.4949264526 282.9703674316 115.4584503174 248.9725341797 
113.0397872925 247.9976348877 115.2420196533 284.9259338379 
100.7194595337 139.0728302002 105.8996734619 159.0260467529 
112.1987609863 160.9458465576 139.9360961914 262.7449340820 
102.9380645752 128.7385406494 109.9085464478 153.7467651367 
node_id_list 11201 11202 11203 12026 12027 12028 12029 12030 12031 12032 12033 12038 12039 12040 12553 12608 12609 12610 12633 13260 13301 13315 
score_list 0.9922915875 2.7685112803 2.8164429018 1.7667809151 3.9290372481 3.7465997829 4.7161156634 4.4733772803 4.5696818590 3.4270341822 3.5496760052 1.8508869905 2.2159063931 1.8047947687 2.2702896464 5.6398912663 5.4718880585 4.8775548092 4.5683816347 1.7766090543 3.2803488068 1.8563987285 
line3d_list
1.4646141070 -0.0137905362 0.9477973197 1.4642332161 -0.0140613939 0.8602959885 
1.4684186555 -0.0121086562 0.8467672709 1.4684484588 -0.0113844603 1.0502648263 
1.4658154933 -0.0103570540 0.9995640555 1.4649835610 -0.0113990622 0.8476031615 
1.4651371136 -0.0088677669 1.0002473292 1.4641695204 -0.0085299893 0.8745523699 
1.4698093644 -0.0045424701 0.8955592711 1.4699188507 -0.0048012806 1.0586722835 
1.4650488008 -0.0076226895 1.0564962228 1.4671136994 -0.0112588411 0.8670776126 
1.4647095831 -0.0067976043 0.9960318469 1.4646864478 -0.0070213029 0.9284096390 
1.4706279641 -0.0050186115 0.8463988007 1.4695456825 -0.0045311119 1.0348932896 
1.4647101823 -0.0067918102 0.9977833628 1.4646594331 -0.0072825125 0.8494481640 
1.4651707068 -0.0078373579 1.0453134665 1.4661212958 -0.0095112831 0.9581134253 
1.4712604427 -0.0059105378 0.9532985445 1.4711307084 -0.0065283376 1.0436393176 
1.4711831500 -0.0054618549 0.9176888917 1.4704708055 -0.0050954763 1.0021748363 
1.4616214708 -0.0024183385 0.9170286123 1.4620157656 -0.0029471785 0.9712479230 
1.4711022837 -0.0052729476 0.9111491319 1.4697798698 -0.0039188187 0.9941923141 
1.4750325205 -0.0121636981 0.9781916910 1.4755115711 -0.0123152438 0.9109898973 
1.4655633675 -0.0085247228 1.0810470693 1.4661651831 -0.0083468207 1.0103933925 
1.4696735781 -0.0039651264 1.0074962695 1.4692759740 -0.0042784092 1.0807889957 
1.4702401725 -0.0056888422 0.9588482591 1.4704868739 -0.0045722610 1.0545101386 
1.4662856814 -0.0103783314 1.0584090320 1.4648598357 -0.0086456823 0.9538814493 
1.4682312598 -0.0024070489 1.0331297625 1.4679251867 -0.0017032659 1.0053006172 
1.4724079870 -0.0111007702 1.0039547441 1.4716967222 -0.0120353194 0.8475352463 
1.4708160758 -0.0147651378 1.0495132099 1.4709817281 -0.0145208617 1.0154010735 
END
