0.9269715846 -2.1219166882 0.6067785643 0.9706094444 -2.0859831983 0.6122826704 
4 4
image_id_list 63 72 88 91 
line_id_list 78 83 163 73 
line2d_list
406.7480773926 96.3788986206 435.0632019043 93.6574783325 
466.0029296875 156.9776000977 494.9035949707 160.7404785156 
280.7594909668 492.4427795410 298.0004577637 485.0010681152 
394.1391601562 214.2220764160 404.4691772461 207.7486724854 
node_id_list 13200 13201 13202 13203 
score_list 2.9197629728 1.9003403678 2.5393165493 3.7961526177 
line3d_list
0.9918338704 -2.0657791776 0.6159369172 0.9268464650 -2.1203587598 0.6073102156 
0.9793387628 -2.0765520299 0.6150353670 0.9241534104 -2.1191203669 0.6108659688 
0.9728745122 -2.0884366181 0.6103417963 0.9205300176 -2.1276967514 0.6049977413 
0.9512646797 -2.0960065726 0.6149328522 0.9214694290 -2.1218910951 0.6099964900 
END
