0.0022845853 -2.1884273244 0.8332291080 0.0034210419 -2.1206379147 0.8326092345 
17 17
image_id_list 2 6 7 49 51 53 77 80 88 95 12 18 43 45 91 42 90 
line_id_list 26 115 79 90 109 143 92 126 140 132 74 224 169 132 77 97 46 
line2d_list
708.9255981445 150.2866210938 685.9446411133 148.9578552246 
274.3722229004 173.7147216797 257.7673034668 167.6355590820 
523.6978759766 59.6091728210 505.7667236328 56.2424240112 
467.6816711426 245.9377136230 449.7153320312 239.8385925293 
774.2124023438 370.2699890137 759.0735473633 360.8813781738 
689.1380615234 396.5521240234 677.4197998047 390.0447387695 
709.7192382812 315.4336242676 690.8551635742 311.7395019531 
774.4093627930 340.4558410645 758.9288940430 334.1752319336 
607.3493652344 399.8533325195 595.9036254883 391.1264343262 
477.6311950684 348.2336425781 462.7641601562 343.7888793945 
21.1317596436 130.1660919189 2.0365769863 132.3237152100 
54.9783020020 205.9369049072 40.9858055115 205.6128540039 
431.9924621582 365.4237060547 416.9794311523 365.1567687988 
306.6103210449 312.5978088379 292.7057189941 309.2066345215 
787.5708007812 120.3409194946 775.1360473633 104.6862716675 
57.9637145996 268.6811218262 40.9587020874 267.7752380371 
76.0961837769 328.2725219727 55.0651702881 329.8621826172 
node_id_list 2234 2235 2236 2237 2238 2239 2240 2241 2242 2243 4115 4116 4117 4118 4119 7142 12228 
score_list 7.6276309607 7.7325042467 3.3646251264 5.2378913324 3.6459622767 1.6936664545 3.6884122593 2.9278914176 6.3448772793 3.7730994415 0.6312337792 0.6100858542 1.7806609119 3.1658717683 6.5203119662 4.7399475216 0.5477439204 
line3d_list
0.0029354578 -2.1247517802 0.8323769866 0.0002487305 -2.1865539934 0.8323836488 
0.0030286401 -2.1235843911 0.8324063501 -0.0005587806 -2.1898744089 0.8319231265 
-0.0051023189 -2.1258192254 0.8300798766 0.0001002541 -2.1864920677 0.8322591312 
-0.0043543641 -2.1269748978 0.8303893014 0.0037346779 -2.1877021445 0.8337604147 
0.0026650044 -2.1206275176 0.8323601674 0.0051799387 -2.1806241891 0.8353004350 
-0.0038706271 -2.1324765509 0.8282158566 -0.0037659938 -2.1930860262 0.8295494209 
0.0013078630 -2.1235292517 0.8318126128 -0.0015483405 -2.1872985828 0.8323586900 
0.0046736891 -2.1207216069 0.8332863585 0.0020995805 -2.1865845382 0.8335614224 
0.0023243273 -2.1233405780 0.8319094792 0.0006891100 -2.1864085953 0.8326852922 
0.0037690545 -2.1214106027 0.8326971898 0.0008331247 -2.1861010512 0.8324750762 
0.0071252129 -2.1244256759 0.8346536723 0.0011441205 -2.1884168519 0.8322834878 
0.0089336650 -2.1192066817 0.8357323627 0.0063350474 -2.1812979457 0.8355811636 
-0.0071459869 -2.1275247547 0.8292369148 0.0024946137 -2.1851281743 0.8332470696 
-0.0069509149 -2.1286903265 0.8293180580 0.0028347284 -2.1871603892 0.8333885455 
0.0037571028 -2.1217962906 0.8329039921 0.0068863116 -2.1806664602 0.8360976007 
0.0091266843 -2.1145946871 0.8357435934 0.0064472372 -2.1786172882 0.8355876913 
0.0147014097 -2.1241135635 0.8370998745 0.0205250306 -2.1855771055 0.8385552539 
END
