1.1508259398 -1.9085901781 0.4983518821 1.1498857534 -1.9078754663 0.5327104277 
3 3
image_id_list 49 50 79 
line_id_list 50 172 114 
line2d_list
330.7946166992 563.2028808594 336.2572937012 541.8103637695 
58.4313735962 514.0820312500 55.5446014404 494.0656738281 
260.8695373535 458.0027465820 260.4465637207 437.9905700684 
node_id_list 12738 12739 12780 
score_list 4.9308092494 5.4589720673 4.7458524956 
line3d_list
1.1508259398 -1.9085901781 0.4983518821 1.1495334688 -1.9076076662 0.5455844573 
1.1512662677 -1.9089249071 0.4822603604 1.1498857534 -1.9078754663 0.5327104277 
1.1540450724 -1.9067790920 0.4822574950 1.1498796513 -1.9067374472 0.5489731690 
END
