0.0109432731 -2.5267724529 1.3484846114 -0.0110669291 -2.5386454851 1.5204562943 
4 4
image_id_list 43 79 85 76 
line_id_list 40 44 157 90 
line2d_list
317.2598266602 238.9607391357 310.1608581543 191.9756927490 
202.2752227783 117.9777755737 198.7994537354 74.9354400635 
41.0779876709 190.6079254150 25.9512405396 149.0177307129 
261.7925720215 154.8920745850 260.5963439941 135.0243072510 
node_id_list 12284 12285 12286 13418 
score_list 3.2332544140 2.9355628406 3.4081091941 4.3438365153 
line3d_list
0.0111800602 -2.5268000009 1.3500323362 0.0029301099 -2.5315822669 1.5292961490 
0.0009124163 -2.5309803694 1.3469102713 -0.0133695561 -2.5398074161 1.5200813667 
0.0105909816 -2.5270838352 1.3463062143 -0.0092493019 -2.5377111746 1.5269576099 
-0.0088568853 -2.5364024853 1.3434635204 0.0017986448 -2.5327065541 1.4414166203 
END
