1.5158125757 -2.9965360447 0.4499196619 1.5149548338 -2.9980262117 0.9863534604 
67 35
image_id_list 2 3 3 21 21 33 38 77 77 80 88 96 96 2 38 81 84 98 98 3 84 9 13 14 19 20 23 31 57 60 97 48 51 52 54 55 56 56 73 78 80 89 60 88 20 60 97 44 44 48 51 52 52 54 55 55 63 63 73 89 91 91 56 71 77 73 71 
line_id_list 53 31 64 50 65 112 51 49 58 6 95 64 134 61 92 122 132 43 9 159 81 154 60 102 111 81 93 105 42 22 68 89 117 271 36 164 36 148 81 61 74 94 104 138 139 47 30 22 151 33 111 102 363 76 97 202 89 98 33 72 76 114 47 131 102 135 123 
line2d_list
188.1262054443 598.9503784180 120.1365127563 425.9463500977 
209.1551513672 467.9854125977 198.9159393311 359.0079040527 
197.5385894775 367.0428161621 213.7770996094 542.0206909180 
330.0265502930 213.0369873047 332.2631835938 150.9734497070 
328.7720031738 217.9245605469 326.9246826172 247.9953765869 
158.6321716309 420.0487365723 150.9255676270 361.8773803711 
181.0739440918 414.9792785645 179.5702362061 337.0275878906 
173.4235687256 489.8704528809 194.5161437988 558.8421630859 
177.9834594727 499.0049133301 149.1611480713 401.9521484375 
276.2842102051 318.9661560059 280.2530822754 235.0119628906 
84.1453018188 350.9987792969 84.4771652222 390.9960327148 
80.8455963135 424.9003906250 86.0538711548 469.1114501953 
81.7583770752 418.9055786133 73.4229125977 351.9473571777 
117.8903579712 427.4382934570 185.8352355957 599.4600830078 
179.6863250732 420.9941406250 180.0453948975 462.9996032715 
198.0150146484 388.9961547852 178.5336456299 313.1197509766 
72.2643127441 359.9335021973 52.2080726624 280.1991882324 
93.9937133789 392.9851684570 92.7854843140 311.9882812500 
92.3883132935 396.0038452148 92.7226104736 449.0017395020 
216.1533203125 542.9854125977 210.0556488037 478.9946899414 
69.3463973999 353.9124755859 82.2373352051 404.9400329590 
194.0041961670 398.9409179688 191.1245727539 349.9926757812 
556.3649291992 305.2526245117 568.9967041016 236.9993896484 
361.8873596191 237.8867950439 354.6197204590 180.9209442139 
175.2517242432 314.9872131348 172.3587646484 257.9817810059 
118.4838562012 385.9487304688 111.3745117188 318.8543701172 
444.3926696777 128.0274810791 448.1085510254 74.9376068115 
117.3687820435 425.8787536621 111.9844589233 365.0899658203 
251.7102661133 290.0733337402 257.1882629395 237.0194396973 
397.0179138184 361.0001525879 397.5129699707 307.9954528809 
370.9547424316 404.9991760254 371.9625854492 348.9813232422 
637.8425292969 372.9832153320 647.0180053711 286.8953247070 
218.7452545166 353.9032897949 208.3851928711 274.0798034668 
744.8143310547 408.0332336426 747.6712036133 338.0274047852 
645.4816284180 355.8878784180 640.0357055664 283.9216308594 
733.9307861328 396.0333251953 731.9033203125 331.0030212402 
309.9400939941 410.9438171387 304.3253479004 316.9805603027 
303.3845825195 335.9752197266 307.4481506348 399.0355529785 
573.9904174805 150.0581665039 580.3431396484 41.9026832581 
532.1045532227 360.0090026855 538.1386108398 289.9258422852 
275.7716979980 292.9880676270 272.4805297852 356.0250854492 
529.0814819336 420.0089111328 536.6276245117 350.9593200684 
395.4805297852 307.9997253418 395.4598999023 344.9996948242 
84.1512680054 342.9958190918 81.8876800537 261.0307312012 
116.4147949219 375.9569091797 121.8111114502 427.9157714844 
396.9846191406 369.0093994141 396.6695556641 402.0063781738 
369.8475952148 411.9802246094 369.3324584961 441.9885253906 
799.5916748047 370.2169494629 784.1191406250 412.4104003906 
782.9344482422 410.9764709473 798.4360351562 367.7975158691 
637.4965209961 380.0621032715 630.9832153320 432.1230163574 
221.4928588867 359.9402160645 226.3477020264 399.9578247070 
746.4711303711 411.0173645020 745.1441650391 447.0053100586 
742.9241333008 450.9972229004 744.3828125000 410.9775085449 
643.4509887695 360.9778747559 645.5102539062 402.9749755859 
736.4190063477 403.9841918945 737.6250000000 435.9764404297 
735.9943847656 442.0002441406 734.3387451172 404.9848632812 
352.9341735840 29.0046977997 351.0073852539 1.9994734526 
352.1129455566 0.9899964929 354.5893859863 28.9477920532 
576.0968017578 154.0058288574 572.5450439453 213.0327911377 
530.2625732422 430.0295104980 526.6746215820 461.9634399414 
169.2133941650 7.9594726562 179.8617706299 64.0262527466 
178.4906921387 64.1003723145 167.4559173584 8.1072254181 
308.5455627441 416.0345153809 312.7221679688 471.0210876465 
696.8956298828 277.9725341797 685.5377197266 321.1414794922 
147.1527862549 403.2550659180 172.0580749512 485.9825134277 
570.8756713867 211.9938964844 573.6735839844 154.9839782715 
696.3983764648 274.1074829102 725.5942382812 165.8905181885 
node_id_list 2426 2427 2428 2429 2430 2431 2432 2433 2434 2435 2436 2437 2438 2472 2473 2911 2912 2913 3049 3381 3382 5798 5799 5800 5801 5802 5803 5804 5805 5806 5807 7723 7724 7725 7726 7727 7728 7729 7730 7731 7732 7733 8390 8391 9462 9463 9464 9609 9610 9611 9612 9613 9614 9615 9616 9617 9618 9619 9620 9621 9622 9623 11967 12381 12839 12884 12996 
score_list 7.8173927248 2.9767423481 2.8620155293 11.7449395621 4.4095171929 11.4714352718 9.7253964413 8.4427125349 8.3650492202 12.1253853276 9.5696654019 3.9467327289 8.1084072620 7.2072648035 5.6939251514 7.6908030479 6.4495316616 7.2015920615 3.4316458637 1.9827029773 1.5340675897 8.1139175512 9.9719612955 10.9181743296 5.0038566046 7.4272714291 9.0670815760 10.0870418105 8.3745664105 11.0361293287 14.1448597965 7.6086723870 12.8997985445 10.2794768164 7.1507497667 10.4219210619 9.1340545472 9.0865207942 7.9226918509 11.0259356948 12.7470537935 10.6872343485 9.6846155803 10.9346475135 2.6964652698 3.4973842829 6.5765122147 8.2198084806 6.7728501588 9.4670961477 12.4545460015 9.5793804480 8.9374377450 9.3421427445 7.1228926809 6.3692311643 9.8433991530 10.6489602149 9.0076454559 10.0384978208 9.3292358329 6.6868244985 7.0805281681 6.8807497482 8.3223744711 7.5676606898 4.1503193466 
line3d_list
1.5126383886 -3.0005434173 0.5778264330 1.5144987187 -2.9995480485 0.9810427993 
1.5131633786 -2.9977372203 0.6759930236 1.5147764410 -2.9981064596 0.9748123916 
1.5100943992 -3.0043200459 0.9517277794 1.5063469363 -3.0050707725 0.4439175863 
1.5137273683 -2.9978491179 0.6871452553 1.5156867690 -2.9946453825 0.9824997420 
1.5173683299 -3.0042239796 0.6612902252 1.5213990934 -3.0011065009 0.5110826695 
1.5141096175 -2.9964467544 0.6967021489 1.5115960914 -3.0014740305 0.9808473694 
1.5132585889 -2.9989073083 0.6750845036 1.5180905533 -2.9940038753 0.9852092349 
1.5184574511 -3.0004479443 0.6988746336 1.5163735174 -3.0027694564 0.4499032429 
1.5138225335 -2.9994603375 0.6649790064 1.5129428232 -3.0012786025 0.9824672510 
1.5116188314 -3.0033122171 0.6650101895 1.5142575001 -2.9965955994 0.9867987932 
1.5180497958 -3.0004628707 0.6546137611 1.5168652779 -3.0028110385 0.5026930571 
1.5198496176 -2.9979523260 0.6646842150 1.5178860585 -3.0015544844 0.4734713634 
1.5134537999 -2.9987092100 0.6876135186 1.5177660550 -2.9943331732 0.9643823107 
1.5162686090 -3.0025486042 0.9792616985 1.5157929119 -3.0024229373 0.5803517445 
1.5192943014 -2.9992313815 0.6522969191 1.5160572742 -3.0060219610 0.4735545451 
1.5174374868 -2.9929993148 0.6747073403 1.5147118624 -2.9983804368 0.9750611687 
1.5175456298 -2.9927858112 0.6627903809 1.5146544159 -2.9984938519 0.9813915672 
1.5145717111 -2.9958114751 0.6763622894 1.5142381336 -2.9989077778 0.9822316060 
1.5116898217 -3.0091336458 0.6609222620 1.5066024941 -3.0171129009 0.4480975396 
1.5209349703 -2.9950057742 0.4532593840 1.5211044856 -2.9957080827 0.6493445387 
1.5201988123 -2.9972476300 0.6884242937 1.5198826217 -2.9966515654 0.4692838820 
1.5136688076 -2.9978280651 0.6885349069 1.5122973009 -2.9995060141 0.9672250004 
1.5171919182 -2.9924379833 0.6721730967 1.5212405027 -2.9859584301 0.9856330812 
1.5225622417 -2.9855207540 0.6925689629 1.5223826363 -2.9838652246 0.9848718247 
1.5162841620 -2.9968091208 0.6871921597 1.5132238402 -2.9970502680 0.9822095387 
1.5162200141 -2.9941903813 0.6750098395 1.5140316992 -2.9990669323 0.9775577536 
1.5196946552 -2.9935958050 0.6953002977 1.5146201740 -2.9963236832 0.9736794095 
1.5205558334 -2.9886202041 0.6891753236 1.5111550085 -3.0010256263 0.9807564570 
1.5152979558 -2.9956453982 0.6967744813 1.5052433439 -3.0089327475 0.9742896025 
1.5165917708 -2.9961356709 0.7015620174 1.5082817038 -3.0045380920 0.9772869034 
1.5116920761 -3.0031257760 0.6739424573 1.5140558602 -2.9971088650 0.9622085893 
1.5171032814 -2.9895259430 0.6889490293 1.5203617245 -2.9789136597 0.9830103525 
1.5197442602 -2.9834137275 0.6913530984 1.5213158027 -2.9861078493 0.9847157190 
1.5181403179 -2.9866054706 0.6759777517 1.5188797472 -2.9831810465 0.9796559608 
1.5108822606 -3.0028380782 0.6703324030 1.5210482133 -2.9841375670 0.9652049010 
1.5212110956 -2.9861392576 0.7000116468 1.5210734172 -2.9862212069 0.9825148124 
1.5198956491 -2.9815161784 0.6880596541 1.5194447049 -2.9815024384 0.9930127820 
1.5223031866 -2.9924534809 0.9306054220 1.5216462569 -2.9929635509 0.7241298795 
1.5208902953 -2.9932209563 0.6805138775 1.5205337854 -2.9923172344 0.9789833250 
1.5207124601 -2.9888880104 0.6766263111 1.5214013881 -2.9866152533 0.9822098600 
1.5212165210 -2.9909828727 0.7698607613 1.5210028646 -2.9940620534 0.5205504453 
1.5210794815 -2.9868866189 0.7002829889 1.5211726180 -2.9891436461 0.9807688202 
1.5313313197 -2.9713799498 0.9831581849 1.5343212712 -2.9684480166 0.7925044734 
1.5174006415 -2.9927649109 0.6870176437 1.5239236842 -2.9817370577 0.9812163735 
1.5130404562 -3.0070152336 0.7174250912 1.5070561781 -3.0164013169 0.4670770886 
1.5118809132 -3.0107348891 0.6554689612 1.5181987068 -3.0026136094 0.4813456031 
1.5168855062 -3.0050275795 0.6382868095 1.5148060614 -3.0091152285 0.4794921991 
1.5169662291 -3.0026222947 0.6107453729 1.5170145457 -3.0020525774 0.4606081239 
1.5189777341 -2.9926095783 0.4685771276 1.5201265118 -2.9951989513 0.6200762535 
1.5175849555 -3.0084401191 0.6571173978 1.5177987226 -3.0090768408 0.4669363819 
1.5168037495 -3.0053620838 0.6598754876 1.5170430197 -3.0038008588 0.5034476690 
1.5169341715 -3.0026698872 0.6607492146 1.5177998422 -3.0093129370 0.5008894930 
1.5208012810 -2.9953196066 0.4851833840 1.5199852953 -2.9882772600 0.6625242109 
1.5189056653 -3.0081168230 0.6474510218 1.5173518098 -3.0090235273 0.4695509416 
1.5166487649 -3.0070029026 0.6587291069 1.5154328984 -3.0049678758 0.5162450224 
1.5198314708 -2.9910713593 0.4935059888 1.5218420509 -2.9916522634 0.6586322209 
1.5181086349 -2.9866812852 0.4811556615 1.5188343658 -2.9919494647 0.5837470065 
1.5171341214 -3.0000786480 0.5853910221 1.5179126924 -3.0036663306 0.4761176077 
1.5168370234 -3.0014572818 0.6635748127 1.5173984716 -3.0041652046 0.4611608685 
1.5161765016 -3.0040832047 0.6522176651 1.5167472627 -3.0045471809 0.5144398421 
1.5172526472 -3.0042477347 0.6570121902 1.5172369908 -3.0030962284 0.4664797911 
1.5204351706 -2.9953134076 0.4711237228 1.5211067433 -2.9948620737 0.6615423779 
1.5182903399 -3.0022881297 0.6621794554 1.5163438481 -3.0004537995 0.4701152990 
1.5162085366 -2.9991006127 0.6620790961 1.5164469162 -3.0004224786 0.5179387527 
1.5227666650 -2.9903862223 0.9863871745 1.5225311095 -2.9899383104 0.7189012785 
1.5204813862 -2.9970027598 0.4696573724 1.5197374581 -2.9886516646 0.6682865196 
1.5176302077 -2.9959698769 0.6733393507 1.5224429016 -2.9978753189 0.9715904560 
END
