-0.0543390616 -2.0928126356 1.1624171940 0.0127710971 -2.2376246697 1.1526263696 
3 3
image_id_list 10 16 19 
line_id_list 173 136 175 
line2d_list
364.9884643555 234.1385192871 335.9402770996 231.7162322998 
574.2311401367 117.5573196411 543.0279541016 122.1882019043 
496.0003051758 212.2276306152 467.0003662109 212.2677917480 
node_id_list 6571 6572 8822 
score_list 2.9951312066 3.3938467337 3.6061067336 
line3d_list
-0.0633717215 -2.0897578290 1.1617027282 0.0102433605 -2.2387658924 1.1521796219 
-0.0604904878 -2.0955898819 1.1613300017 0.0107409248 -2.2397730380 1.1521152552 
-0.0586065700 -2.0836040958 1.1630397886 0.0130320214 -2.2381876990 1.1525883029 
END
