3.7918753404 -0.9003131526 1.1072300891 3.7909387440 -0.5986813305 1.1073521194 
10 10
image_id_list 22 24 25 26 27 29 52 28 69 70 
line_id_list 83 55 57 0 5 51 6 3 89 6 
line2d_list
238.8774719238 6.3411908150 318.9575805664 0.4258762002 
604.1721191406 119.8824615479 789.0985717773 148.3599700928 
342.0230712891 290.6248168945 429.0153503418 292.0849914551 
326.8105163574 224.0811920166 376.9144287109 219.1335449219 
555.8903198242 226.8363342285 614.9312744141 221.2707977295 
472.0465393066 164.9874877930 538.0908813477 168.0232086182 
0.9250339866 298.0994567871 61.9878082275 295.6908569336 
398.8138732910 162.9432067871 449.9877319336 153.9303131104 
440.2701416016 254.7837829590 496.1773376465 267.2015991211 
208.9724273682 92.0392913818 285.9664001465 89.8295593262 
node_id_list 10094 10095 10096 10097 10098 10099 10100 10469 10470 10622 
score_list 4.9037292633 6.6892143286 7.5799289614 5.3903069324 6.5137295266 6.7854318319 1.9320809760 4.6623933702 7.4207082631 5.1179401717 
line3d_list
3.8008068397 -0.6043691497 1.1055006196 3.7870290990 -0.8487315325 1.1077299344 
3.7924074122 -0.5992970222 1.1067869176 3.7929215547 -0.9022458429 1.1068435580 
3.7932802597 -0.5986737679 1.1066303919 3.7984400190 -0.8982318330 1.1058539086 
3.7917095801 -0.5997117584 1.1079841280 3.7842491201 -0.8954252587 1.1087118745 
3.7990846472 -0.5988775217 1.1055916384 3.7862273236 -0.8974547253 1.1080393222 
3.7971900730 -0.5975622223 1.1055406926 3.7902819720 -0.8983958504 1.1081228911 
3.8037781402 -0.6466374839 1.1055143405 3.7885108760 -0.8967742372 1.1078771763 
3.7885744491 -0.6025210739 1.1083611432 3.7874210960 -0.8935641805 1.1083298533 
3.7880358428 -0.6013701496 1.1084268708 3.7897035865 -0.9019564049 1.1080492545 
3.8000501865 -0.5953701996 1.1055063150 3.7817761665 -0.9003449701 1.1083635237 
END
