1.0152477748 -1.7970079289 0.4459716307 1.0049890528 -1.7623741359 0.4528034472 
3 3
image_id_list 49 91 80 
line_id_list 134 106 156 
line2d_list
405.8524169922 569.2249145508 438.7365722656 573.1865844727 
379.0538024902 357.7755432129 387.7499694824 368.3853149414 
555.7197265625 534.6527709961 582.5048828125 546.1530761719 
node_id_list 12756 12757 13465 
score_list 1.8296338407 2.4598533816 3.4931579828 
line3d_list
1.0153582857 -1.8060092309 0.4434816597 0.9989194656 -1.7454581951 0.4558442500 
1.0195447732 -1.7962383717 0.4485227865 1.0041495697 -1.7625244804 0.4523050406 
1.0199923096 -1.8130256391 0.4428119983 0.9965815749 -1.7339902059 0.4584024238 
END
