3.7014472241 -1.4526302414 1.3082114284 3.7091467543 -1.5338419897 1.3082729816 
3 3
image_id_list 25 29 70 
line_id_list 87 130 79 
line2d_list
607.9515380859 234.0796051025 641.0314331055 233.2453155518 
677.9589843750 128.6393890381 702.0189819336 129.2413635254 
428.0520629883 32.9747009277 453.0342102051 31.6403903961 
node_id_list 10647 10648 10649 
score_list 3.4097245210 1.7731083745 2.8775398403 
line3d_list
3.7009929031 -1.4478382344 1.3082077964 3.7091467543 -1.5338419897 1.3082729816 
3.7014472241 -1.4526302414 1.3082114284 3.7101213642 -1.5441218075 1.3082807730 
3.7069338186 -1.4485070479 1.3070982737 3.7127448002 -1.5376301901 1.3076641532 
END
