1.0106564656 -3.0016001799 0.4543560041 1.0106701181 -3.0017358641 0.6631963964 
6 6
image_id_list 2 56 95 54 73 91 
line_id_list 48 30 105 22 21 49 
line2d_list
297.8128662109 373.0354003906 311.4122924805 444.9219970703 
447.0873718262 384.9988708496 447.0249938965 435.0012817383 
88.5073318481 414.8548278809 93.4293136597 465.9586486816 
789.9389648438 355.9754333496 788.7340698242 408.0169982910 
785.9326171875 186.9782257080 764.5388793945 253.1741638184 
334.9445495605 8.9992446899 334.9781494141 51.0000190735 
node_id_list 2377 2378 2379 12967 12968 12969 
score_list 2.9864345953 0.7148297668 0.9898811635 0.9736895907 1.9336822463 2.5128792520 
line3d_list
1.0090498839 -3.0028441508 0.6665065469 1.0099796253 -3.0019802418 0.4468443260 
1.0101480779 -2.9993225746 0.6607969116 1.0105479536 -3.0006073906 0.4703435808 
1.0098029489 -3.0022449420 0.6631961224 1.0103194032 -3.0025167637 0.4729718060 
1.0104154399 -2.9988973558 0.6597729311 1.0116491892 -2.9989930522 0.4526419001 
1.0112572571 -2.9974503820 0.6671838299 1.0107079715 -3.0005092035 0.4543567095 
1.0107978674 -3.0004942428 0.6522456904 1.0104566858 -3.0012248889 0.5055957655 
END
