3.1435763182 -1.4413971781 0.8825387121 3.7272504122 -1.4774713353 0.8442737059 
3 3
image_id_list 30 52 44 
line_id_list 97 27 118 
line2d_list
242.6565704346 336.1507263184 140.3412017822 303.0354614258 
262.9431762695 352.4512634277 183.9367370605 342.5024108887 
0.6707924604 168.3390655518 47.3693923950 213.6794586182 
node_id_list 11538 11539 12464 
score_list 1.3947397692 1.8758106304 1.5028639151 
line3d_list
3.1435947779 -1.4407867438 0.8822448028 3.7264868468 -1.4839103059 0.8386969943 
2.8721016984 -1.4246186056 0.9003362778 3.7593586765 -1.4794557965 0.8421687248 
3.8634076250 -1.4679777756 0.8389958853 3.1319412201 -1.4276682792 0.8859519299 
END
