3.1162803981 -2.5486274134 0.6484573801 3.1200644619 -2.0315204014 0.6471990275 
22 14
image_id_list 22 26 28 30 44 44 48 48 52 52 54 55 69 70 70 71 73 54 89 89 30 73 
line_id_list 136 249 236 68 57 62 63 70 186 233 49 73 366 148 154 121 57 48 60 65 80 39 
line2d_list
754.3440551758 129.8396606445 720.8258666992 143.5750274658 
734.0753173828 327.5912780762 606.9813842773 333.6071777344 
799.1259765625 254.3510742188 704.0202026367 263.2167968750 
458.3309936523 337.8858337402 384.2166748047 365.5798645020 
236.6918182373 246.5637359619 350.0514526367 222.2397460938 
350.3106384277 225.4394989014 238.1393432617 249.6456909180 
52.2397193909 383.6301269531 171.6906738281 338.1869201660 
173.4188079834 341.0951843262 52.8426704407 387.2036132812 
415.1348266602 373.8821411133 342.9859924316 384.9083557129 
342.8330383301 381.9295043945 415.2549743652 370.6348266602 
224.0847930908 410.1045227051 146.1063842773 473.3638000488 
376.1710815430 403.3497619629 308.2738342285 436.5598449707 
799.1549682617 477.4268493652 727.7003173828 458.1083679199 
615.0002441406 266.0109252930 773.0329589844 262.4696960449 
773.0458984375 266.0508728027 617.9892578125 269.5202941895 
463.1038818359 54.6553878784 348.9884643555 61.8164062500 
42.7470932007 158.0072326660 0.5083462000 189.3371582031 
143.3264007568 471.1614990234 222.1001434326 407.8798522949 
21.6966667175 427.2751159668 129.6279907227 382.1109924316 
131.3628997803 384.8657836914 22.6079559326 430.4504394531 
383.6697387695 362.0987854004 458.5128479004 334.6706848145 
0.1524710804 184.8534851074 40.8366470337 154.7790222168 
node_id_list 10267 10268 10269 10270 10271 10272 10273 10274 10275 10276 10277 10278 10279 10280 10281 10282 10283 11061 11062 11063 11531 11532 
score_list 10.8215915657 10.6153979567 6.7126722044 9.4203880722 4.6638143327 4.7862044713 3.2280804404 3.6422417942 7.8942619251 6.9813671055 5.7906504372 3.7415634347 8.7684620334 5.5612224735 8.7505999178 11.7508882384 3.3405938458 4.5396909184 3.4403776743 4.8905054885 4.9545317983 3.4491998921 
line3d_list
3.1136545381 -2.4996458452 0.6499113819 3.1139321771 -2.2066519647 0.6500307312 
3.1158021862 -2.5442028005 0.6485424990 3.1221932590 -2.0496041840 0.6457384415 
3.1193163141 -2.3714417723 0.6468358367 3.1205206923 -2.0442964331 0.6467553278 
3.1139070879 -2.4907165789 0.6498047366 3.1177954234 -2.0374669726 0.6484266138 
3.1088338815 -2.0271296964 0.6655050879 3.1126535068 -2.5383801791 0.6643828932 
3.1134769249 -2.5408591649 0.6499571970 3.1177988929 -2.0370625389 0.6484253841 
3.1231174384 -2.0369453370 0.6589631516 3.1145719284 -2.5325348332 0.6630915973 
3.1138771092 -2.5393450172 0.6497182208 3.1117118812 -2.0295157972 0.6521261498 
3.1189100619 -2.5420393780 0.6468226687 3.1212470092 -2.0387286752 0.6465784529 
3.1162336823 -2.0338491977 0.6633391485 3.1054152218 -2.5299469287 0.6683892802 
3.1121239337 -2.5362528199 0.6505723457 3.1194243294 -2.0412596809 0.6476874828 
3.1263781959 -2.5487977287 0.6427485510 3.1240927160 -2.0433140521 0.6450219252 
3.1167677015 -2.2997679909 0.6484841569 3.1168612667 -2.0395314182 0.6489876239 
3.1158674474 -2.0400615412 0.6619012554 3.1170025152 -2.5425217811 0.6621481822 
3.1229308431 -2.5486818728 0.6460767493 3.1137871111 -2.0505352641 0.6499119735 
3.1158517588 -2.5408028791 0.6485198098 3.1213606220 -2.0494330111 0.6462428126 
3.1307497413 -2.5519923248 0.6421437983 3.1239367846 -2.3746112873 0.6453701846 
3.1223451755 -2.0344318854 0.6594778943 3.1126489925 -2.5268141108 0.6643716969 
3.1139542181 -2.0315291880 0.6638916254 3.1092677102 -2.5277992172 0.6674264900 
3.1163649105 -2.5428864445 0.6482047101 3.1172948962 -2.0360924540 0.6487325457 
3.1162859249 -2.0314535342 0.6633147613 3.1065376596 -2.4784757550 0.6678653186 
3.1050350843 -2.3726392321 0.6677300748 3.1049274628 -2.5377507036 0.6685472406 
END
