3.7924939992 -0.8825316537 0.8009902813 3.7908703757 -0.6167468061 0.8015587702 
3 3
image_id_list 25 26 27 
line_id_list 97 59 215 
line2d_list
432.0465393066 381.2273559570 352.9120178223 376.4606018066 
384.0085754395 273.1109008789 339.0449523926 276.5822143555 
615.9963989258 278.9477233887 563.9688720703 282.5502929688 
node_id_list 10655 10656 10657 
score_list 5.4084464105 2.8777810380 4.6470233114 
line3d_list
3.7925581451 -0.8930322562 0.8009678215 3.7908362640 -0.6111627775 0.8015707139 
3.7923881545 -0.8825323639 0.8010200185 3.7905910992 -0.6148042447 0.8016380552 
3.7985239660 -0.8847122594 0.7983246559 3.7924670921 -0.6167347108 0.8004641422 
END
