3.9999897956 -1.5241807732 0.3382340019 3.9928188045 -1.3163398003 0.3411580369 
6 4
image_id_list 24 25 29 70 70 24 
line_id_list 93 130 215 118 236 105 
line2d_list
776.9188842773 417.5929260254 799.0517578125 420.6217651367 
571.0151977539 486.8483276367 636.0629882812 493.3721313477 
616.0946044922 322.1250305176 662.9790039062 327.1940917969 
403.9830017090 245.4105682373 448.0040283203 244.1399688721 
435.9718933105 245.3598937988 402.9915466309 246.8077545166 
799.0964355469 422.3809814453 775.8807983398 418.7652893066 
node_id_list 10512 10513 10514 10515 10516 10534 
score_list 1.9861998449 2.4571140844 2.8419203909 1.8825088397 0.9648850739 1.8780163836 
line3d_list
3.9932037108 -1.3192965334 0.3409386596 3.9944298576 -1.3773980228 0.3403761885 
3.9969718842 -1.3255736464 0.3395281451 4.0023616933 -1.5453271245 0.3371214819 
3.9931186266 -1.3152647823 0.3409776903 3.9977526092 -1.5348480302 0.3388519403 
3.9950257454 -1.3209953713 0.3392712163 3.9963197534 -1.5243332708 0.3400730389 
3.9875457432 -1.4687207407 0.3393829345 4.0010026528 -1.3158924766 0.3294324992 
3.9823384113 -1.3701056705 0.3455737188 3.9852130007 -1.3122686644 0.3438218744 
END
