-0.1900969034 0.8869501354 0.7392412555 -0.1850373262 0.8842097174 1.3044862201 
5 5
image_id_list 17 39 58 18 46 
line_id_list 135 56 73 124 119 
line2d_list
535.1641845703 102.9897918701 541.3795776367 202.9764099121 
778.5194091797 326.8804626465 754.8679809570 421.9671630859 
569.6681518555 249.8855438232 564.4277954102 310.8648986816 
799.1339111328 101.0321426392 755.8895874023 281.2135009766 
666.0857543945 167.9834594727 664.3665771484 263.0247192383 
node_id_list 8971 8972 8973 9096 9097 
score_list 0.9982029357 2.9885654492 2.9812791145 1.7843365227 1.9728537849 
line3d_list
-0.1828665435 0.8828123973 1.3000171243 -0.2000298764 0.8930100289 0.7028465615 
-0.1853030621 0.8842784739 1.3052707804 -0.1916176163 0.8879594489 0.7392597609 
-0.1836405625 0.8835273751 1.3044704093 -0.1872638372 0.8856227430 0.9912155101 
-0.1858777893 0.8846092149 1.2327917064 -0.1892964824 0.8865055482 0.4543386368 
-0.1852463050 0.8842453882 1.3103582592 -0.1897495983 0.8868705157 0.9067013175 
END
