4.0025656265 -0.2600600799 0.0001011363 4.0015396630 -0.2598204843 2.0446481301 
37 11
image_id_list 22 24 24 25 26 26 26 27 27 28 29 35 69 69 70 71 71 22 22 24 22 22 22 35 70 27 35 35 25 69 26 27 28 27 27 29 28 
line_id_list 6 10 81 4 5 70 97 86 107 57 2 1 19 56 5 0 7 16 25 7 26 54 142 62 1 85 13 34 1 3 39 50 14 287 14 1 5 
line2d_list
70.2933349609 0.9500727057 123.3950119019 312.9327697754 
407.7270202637 0.8324686289 349.3971862793 444.0522766113 
351.4100036621 444.0544433594 410.2461242676 0.8999115825 
248.8444976807 4.9024195671 309.3982543945 528.9539794922 
320.1332092285 388.8045959473 251.0881500244 56.9816589355 
299.6090698242 285.8753356934 317.6224365234 373.8725891113 
288.7763671875 234.0466308594 295.0216064453 263.9954833984 
498.5935058594 241.0438232422 509.2595520020 339.9720153809 
509.8776855469 350.0152282715 513.1130981445 375.9859008789 
345.6672058105 119.0913162231 398.5549621582 311.8477172852 
415.4083251953 0.9924474359 410.8894653320 355.0113525391 
625.8017578125 0.9246371984 530.4390258789 251.7867584229 
422.7674865723 69.1415939331 370.7749023438 350.9584655762 
370.4609680176 353.0858459473 360.4068603516 407.0757751465 
124.4676513672 0.8981214762 190.7297210693 305.0588684082 
69.3424072266 129.8596649170 16.3093070984 0.4633797705 
18.3744068146 0.8505410552 67.4609222412 123.8160018921 
121.8612976074 313.0238952637 115.4716949463 275.9187622070 
96.5250015259 169.0812072754 75.4953460693 46.0862846375 
347.1917724609 442.8943176270 404.9968261719 0.8688133359 
114.3141632080 273.1178588867 97.1074752808 172.9815368652 
75.0943908691 43.1549110413 67.8583908081 0.8531661034 
124.9116973877 310.0149841309 72.5024490356 0.9148073792 
532.4710083008 252.1794586182 628.1457519531 1.0555346012 
189.4841918945 310.3312988281 121.8362884521 0.8172199726 
492.1403198242 180.9844970703 498.4333190918 237.9521331787 
553.4945678711 184.8089599609 623.0994873047 0.6596192718 
529.5498657227 250.2043457031 553.0348510742 187.0129547119 
307.0885009766 530.2211303711 246.4512023926 6.0634880066 
357.2807922363 412.8681030273 420.1827392578 69.8501358032 
252.8718872070 56.8218650818 288.6359558105 231.8700714111 
479.1223754883 57.9870605469 491.7124023438 177.0304107666 
313.2136840820 0.9413293600 345.0741577148 116.9796447754 
492.7977905273 171.9019012451 489.8608398438 148.0171051025 
513.9934692383 401.0007019043 476.6900939941 58.1425170898 
408.6361694336 357.9835815430 412.9346008301 0.9871720672 
402.1240844727 327.0881652832 310.5322570801 0.8505645990 
node_id_list 9792 9793 9794 9795 9796 9797 9798 9799 9800 9801 9802 9803 9804 9805 9806 9807 9808 9845 9877 9878 9879 9965 10294 10295 10296 10402 10403 10500 10569 10570 10574 10575 10576 10773 11158 11159 11268 
score_list 8.8999886534 8.4843272978 8.7050476396 7.6134381683 3.4765608653 6.8695981460 4.8417761666 8.8683945840 4.5962672153 7.6934803426 7.9173151168 5.8155275919 7.8906869045 7.5227689821 8.7347432088 4.7606384576 6.9141058991 4.6561539531 7.7704655066 6.7529908542 8.6589652620 0.9954878381 8.9609813677 5.9614684355 5.4725105742 5.7583617626 5.6804981956 6.4177104260 5.3715440132 5.7272811396 3.7968177267 3.9693964619 2.8451522921 0.9997873574 6.4540189205 6.2935566220 3.9410404864 
line3d_list
4.0021101051 -0.2598887154 1.1032534829 4.0019428169 -0.2602761182 0.1882364056 
4.0044567680 -0.2588814368 1.1847428918 4.0062807836 -0.2590626106 -0.0008142167 
3.9954944597 -0.2648520828 0.0129974210 3.9959428432 -0.2634592715 1.1874306245 
3.9970537511 -0.2620678855 2.0485122858 3.9943174353 -0.2642551109 0.0171852299 
3.9914821062 -0.2629499363 0.0097168964 3.9864701775 -0.2581100329 2.0443425518 
3.9967805615 -0.2638105090 0.7042444265 3.9961008539 -0.2644516025 0.1127192953 
3.9936700974 -0.2636902054 1.0320195758 3.9949951387 -0.2638829870 0.8446580084 
4.0036636264 -0.2604832015 1.0179451731 4.0043215747 -0.2610110129 0.4166822342 
4.0104881617 -0.2574278823 0.3509968698 4.0025255203 -0.2613322218 0.1870973981 
3.9982299749 -0.2633456823 1.3623980475 3.9960807142 -0.2644044570 0.1394126657 
3.9959834123 -0.2621029138 1.8160022555 3.9933535218 -0.2639754147 0.0209958200 
4.0016341299 -0.2599214737 0.9315949853 4.0026581353 -0.2596682484 0.0060750375 
3.9981772749 -0.2623045948 2.0458125479 3.9941569849 -0.2632578798 0.4449238801 
3.9948479378 -0.2635252551 0.4317646157 3.9931380680 -0.2634162936 0.0948077198 
4.0021683438 -0.2597538474 1.4218019766 4.0019155339 -0.2603392996 0.0390064342 
4.0128684719 -0.2523522930 0.0014622046 3.9960623784 -0.2537971576 0.7502610241 
3.9964394241 -0.2636234129 0.7475715826 3.9960373263 -0.2645258326 0.0478651933 
4.0082946218 -0.2577965681 0.1854118037 4.0082843707 -0.2576682919 0.3218579247 
4.0112685128 -0.2569294564 0.6666361522 4.0110273413 -0.2570478689 0.9958791141 
4.0191286748 -0.2521617529 -0.0123133636 4.0137682689 -0.2538749361 1.1816188015 
4.0116773621 -0.2568688024 0.3304006617 4.0115055842 -0.2567781215 0.6550404229 
4.0149006124 -0.2586630315 1.0019896780 4.0147281810 -0.2586483254 1.1013301229 
3.9948829997 -0.2638819627 0.2016821690 3.9960352943 -0.2629450939 1.1042206262 
3.9943157367 -0.2642564686 0.0159242428 3.9955548078 -0.2632660391 0.9357591379 
3.9862858047 -0.2547876288 0.0182404939 3.9885840696 -0.2549189359 1.4237870907 
3.9997488158 -0.2608146963 1.3622648874 3.9970719185 -0.2623970392 1.0371657080 
3.9969814685 -0.2515077006 0.3382295011 3.9959957108 -0.2524067710 0.9348748832 
3.9945578792 -0.2526667651 0.0239640037 3.9957331790 -0.2521955070 0.3302249605 
3.9806683934 -0.2603698549 0.0195966385 3.9856139901 -0.2588210709 2.0439843875 
3.9824931597 -0.2540098059 0.0585833014 3.9792984372 -0.2542677122 2.0376294221 
4.0036000064 -0.2607302558 2.0446492706 4.0051508552 -0.2601462874 1.0429308725 
4.0025184774 -0.2610234437 2.0213043892 4.0047208735 -0.2600661139 1.3838736356 
4.0024735856 -0.2610506777 1.9954441093 4.0034966180 -0.2606706834 1.3737867593 
3.9785297037 -0.2728427892 1.4138028100 3.9849709560 -0.2697357204 1.5445635072 
3.9979783243 -0.2511707143 0.0256824410 3.9827945805 -0.2508631868 2.0212904078 
3.9959748964 -0.2505617055 0.0000967160 3.9888990581 -0.2521609164 1.8156904299 
3.9902720414 -0.2630804409 0.0337454472 3.9796002058 -0.2571772941 1.9984174616 
END
