-0.1343476190 -0.9117327922 0.8533212160 -0.1390546677 -0.9149117406 1.1777053540 
6 4
image_id_list 1 8 1 1 93 98 
line_id_list 27 35 195 212 264 31 
line2d_list
247.0960540771 266.9479675293 245.8270416260 288.9900512695 
469.7343444824 380.4015197754 494.3135986328 274.2301330566 
244.8392944336 289.9940490723 245.6923217773 266.9885864258 
247.5630950928 261.9848632812 249.1926422119 214.9373931885 
162.7935791016 215.5196228027 149.7449645996 166.8004760742 
770.1668701172 300.0286865234 764.3168945312 334.0544738770 
node_id_list 1631 1632 1953 1972 4578 4579 
score_list 9.5509851811 10.0892308808 9.4770054223 8.7842279697 9.5178513177 5.4602127321 
line3d_list
-0.1328874546 -0.9135013955 0.9523391394 -0.1320341171 -0.9137220955 0.8533352915 
-0.1119577505 -0.9118271793 0.7164972185 -0.1545167060 -0.9153656530 1.3169422199 
-0.1329791643 -0.9179486146 0.8490834768 -0.1375929193 -0.9172709097 0.9513521469 
-0.1303585362 -0.9146160178 0.9751937688 -0.1403566716 -0.9133606832 1.1777016613 
-0.1396240257 -0.9117950061 1.0148275808 -0.1445865794 -0.9112454396 1.2055683366 
-0.1348069855 -0.8983179055 1.1463454539 -0.1341812564 -0.8985236832 1.0011063338 
END
