0.0015974906 -2.6307521125 1.5419615126 0.0018560563 -2.6303351651 1.5980477605 
5 5
image_id_list 51 56 77 80 88 
line_id_list 13 45 51 36 38 
line2d_list
691.0852050781 82.0737838745 692.4572143555 61.8951034546 
763.1977539062 114.3412704468 765.8930664062 96.9833984375 
563.8097534180 100.0712585449 562.7885131836 83.0126647949 
704.9205322266 118.9847106934 707.8107910156 103.9635925293 
561.8308105469 145.9707031250 564.7769775391 128.9613647461 
node_id_list 12789 12790 12791 12792 12793 
score_list 2.7421973176 1.7240849822 1.9852545930 2.4283895264 4.6169846394 
line3d_list
0.0021117242 -2.6304008550 1.5419565307 0.0016673255 -2.6308732139 1.5982584943 
-0.0005702390 -2.6334619136 1.5432201031 0.0029229376 -2.6283033162 1.5985657322 
0.0007357050 -2.6313106313 1.5413782550 0.0011282034 -2.6312297444 1.5980577663 
-0.0008563753 -2.6323676326 1.5420927385 0.0006508635 -2.6315423424 1.5969071427 
0.0007352625 -2.6313107225 1.5413143547 0.0011272401 -2.6312299430 1.5979186621 
END
