-0.2339665200 -0.9037161293 0.9819431068 -0.2301278148 -0.3732140134 0.9830661731 
57 38
image_id_list 0 1 4 12 12 46 58 90 93 8 32 39 74 79 79 87 3 43 11 42 47 59 64 10 17 20 37 84 85 86 87 99 9 19 11 18 58 76 76 62 74 90 18 99 98 31 45 20 31 98 42 47 50 59 64 84 46 
line_id_list 180 13 24 24 27 67 33 18 36 71 7 133 47 50 51 13 29 0 48 11 5 15 88 131 19 91 15 31 17 38 61 35 25 129 81 192 49 19 44 58 21 34 113 50 90 18 90 118 16 127 7 13 10 29 101 36 38 
line2d_list
255.1069030762 267.4131164551 180.2236480713 253.7722930908 
326.0184020996 247.1568756104 248.9057159424 256.1956787109 
353.0145874023 105.5508804321 273.6659240723 159.5087432861 
439.0135803223 39.1557540894 328.9783630371 48.7519912720 
328.8585815430 45.3221893311 435.9406433105 36.2958412170 
370.0732727051 266.0903320312 246.9571533203 274.3623046875 
319.0009765625 310.8838195801 202.9923553467 309.9148254395 
523.0171508789 250.3768157959 408.9803466797 255.5679779053 
246.9692077637 187.9205627441 163.3512573242 220.3260040283 
483.2402343750 330.9594726562 574.0189819336 351.9177856445 
590.9851074219 283.2536926270 685.9872436523 281.3591003418 
456.9926757812 334.0488586426 546.0905151367 347.3958740234 
85.0585479736 176.1366729736 0.3278820515 212.4309082031 
704.9765014648 224.3932800293 580.9415893555 216.9765167236 
581.0632934570 213.9311218262 703.0501708984 221.1526794434 
287.0245971680 335.2247009277 167.0397338867 348.3628845215 
799.0040283203 203.6063842773 737.9987792969 203.4299926758 
799.0172729492 309.8629455566 782.9636230469 310.1846923828 
320.0739440918 136.3540191650 192.9084777832 121.7997207642 
714.0055541992 182.3563385010 482.9836730957 185.9507904053 
226.9533538818 93.7840118408 80.5205917358 125.4103775024 
341.0342712402 267.4959106445 175.0068664551 271.2997131348 
441.2221984863 323.3649597168 264.8109436035 299.3912353516 
572.1777343750 307.2113647461 674.1810913086 330.1964111328 
236.7220916748 212.5197906494 327.8879699707 195.4033660889 
725.0842895508 306.4088439941 799.1467285156 316.9709777832 
559.0023803711 264.6024780273 663.0020751953 264.7777404785 
721.0153198242 202.7015075684 799.0662841797 206.7094268799 
416.8256835938 196.9531860352 520.7739868164 179.6427307129 
617.0261230469 273.2335205078 734.0264282227 277.2256164551 
165.8009643555 345.0667724609 263.0060424805 335.0588073730 
537.9951782227 353.0422058105 596.0350952148 359.6937255859 
676.0689086914 330.9548339844 760.0993041992 336.4930114746 
712.2100219727 269.5888977051 799.2177124023 282.5371704102 
195.1562194824 118.6458587646 319.1215515137 132.9464111328 
350.0005187988 158.5644073486 472.0005187988 158.6088104248 
203.0139312744 306.8481140137 317.0093383789 308.2270507812 
594.0523071289 240.2100982666 712.0648193359 248.0205688477 
713.0106201172 250.8328552246 593.9204711914 243.2484436035 
731.2230224609 5.7991566658 799.2898559570 18.4389991760 
0.3371973932 205.3914489746 63.2012596130 179.4884338379 
408.9164733887 252.0946350098 505.9491577148 247.8404235840 
473.0000000000 161.9640045166 349.9997253418 161.9290466309 
620.8487548828 366.0654296875 520.8762207031 351.8720703125 
765.1862792969 334.7405090332 799.1821289062 339.7684326172 
708.0432739258 330.9195861816 786.0382690430 334.0439147949 
633.0393066406 326.7883300781 788.0776367188 355.5818481445 
799.0928955078 320.3586120605 723.7893676758 309.4547729492 
785.9990844727 337.0195007324 681.9434814453 332.2270202637 
799.0261840820 342.8298645020 763.9340209961 337.4287719727 
486.9763793945 178.6062164307 711.9795532227 174.7937469482 
80.6193923950 121.2026824951 175.2465209961 101.1641159058 
651.1467285156 198.7051391602 799.1725463867 215.4770355225 
174.9744262695 267.7910766602 337.9860839844 264.3418884277 
266.0330810547 295.7652282715 408.0318298340 315.7740173340 
799.0517578125 210.0658111572 720.9589843750 205.7411956787 
246.8961334229 271.4323425293 368.9566345215 263.3454589844 
node_id_list 1158 1159 1160 1161 1162 1163 1164 1165 1166 1601 1602 1603 1604 1605 1606 1607 2909 2910 3612 3613 3614 3615 3616 4689 4690 4691 4692 4693 4694 4695 4696 4697 5295 5296 6486 6487 6488 6489 6807 6842 7064 7065 9090 9091 9272 9412 9413 9438 9439 9440 12165 12166 12167 12168 12169 12266 12552 
score_list 6.6953754756 10.5368257205 14.5731380554 7.4570362968 7.5346633907 6.1491278575 4.7322661872 8.8137880146 9.9427955620 10.1063296912 10.3716017047 9.5491281695 11.8443521307 5.1614148993 8.7303584401 6.6673237937 2.5048766133 3.4665919295 7.4679406668 12.4139100838 7.8663113771 6.7925308051 4.7852446645 5.9061580582 12.3120019992 8.4929724320 7.2603757036 7.4159726686 12.8651761491 9.2448625065 10.0344859970 12.2544209312 5.7199743956 5.3980516990 11.9811655195 12.7828862009 10.2737557202 8.4108242878 2.5488573588 8.8037707348 11.5945759197 12.9145040412 6.1429309730 5.1711248818 5.1515103034 4.4475725006 7.4253450345 3.5600754764 2.4052057987 2.4531380387 11.7759539574 6.2018200581 3.7755132795 7.7973328179 7.3409399771 3.3135614698 12.8185314645 
line3d_list
-0.2168157568 -0.3674314710 0.9731015485 -0.1994281228 -0.8743144378 0.9781152725 
-0.1979283391 -0.3914424383 0.9784472117 -0.2185871207 -0.8402271070 0.9715483831 
-0.2058420689 -0.3772723821 0.9762844960 -0.2019379007 -0.8370603752 0.9771794577 
-0.2110691326 -0.3790769491 0.9742353610 -0.2033862702 -0.8968576034 0.9751472132 
-0.2200838844 -0.8921372845 0.9851934264 -0.2284994041 -0.3870940302 0.9834619112 
-0.2195468732 -0.3796927477 0.9727927283 -0.2103479952 -0.8963040894 0.9733164116 
-0.2228043236 -0.3725831102 0.9718985320 -0.2148506021 -0.8978478493 0.9720345742 
-0.2102012315 -0.3760972750 0.9754548959 -0.2051462161 -0.8984409122 0.9747814925 
-0.2079476192 -0.3733591322 0.9758026234 -0.2147915812 -0.8568044383 0.9734399662 
-0.2226955646 -0.8957870617 0.9852065497 -0.2125315368 -0.3796003767 0.9878011611 
-0.2302699094 -0.8952149592 0.9833094370 -0.2167392278 -0.3850713865 0.9867467321 
-0.2046559321 -0.8947345841 0.9897250852 -0.2156791515 -0.3807913616 0.9870126569 
-0.1996673543 -0.3822085916 0.9792382362 -0.1972678375 -0.6922926383 0.9788154468 
-0.1903865800 -0.3795307255 0.9784366034 -0.2021519756 -0.8973191394 0.9752365774 
-0.2188853342 -0.8964061686 0.9851674341 -0.2072510303 -0.3849469570 0.9882979187 
-0.2061911903 -0.3808488189 0.9765718108 -0.2125333163 -0.8970195123 0.9726944136 
-0.2622085032 -0.5731516666 0.9659079186 -0.2115283550 -0.8969061190 0.9730946803 
-0.2217186144 -0.8463739243 0.9715722899 -0.2191974077 -0.8960933896 0.9717513086 
-0.2081510062 -0.3760248979 0.9750164612 -0.2092302000 -0.9039601870 0.9739713749 
-0.2041593724 -0.3770876467 0.9763642300 -0.2078679643 -0.9038889155 0.9743556445 
-0.1981831334 -0.3845192391 0.9793316264 -0.1977013739 -0.9058086270 0.9785853054 
-0.2020098803 -0.3765639929 0.9771207854 -0.1998373306 -0.9022012245 0.9776439738 
-0.1978214415 -0.3804082309 0.9796193179 -0.1985494958 -0.9003537178 0.9779430718 
-0.2049716047 -0.8881487712 0.9882307906 -0.2303308133 -0.3826653880 0.9847718110 
-0.2470987666 -0.8970862668 0.9804758391 -0.2118437758 -0.3877306456 0.9880956014 
-0.2282391229 -0.8973433723 0.9835782877 -0.2212217243 -0.5981445220 0.9854544641 
-0.2361442065 -0.8961744968 0.9816423897 -0.1938365803 -0.3850196994 0.9922749353 
-0.2308718470 -0.8994145974 0.9830691137 -0.2076571408 -0.6033547654 0.9879347264 
-0.2275967397 -0.8952808297 0.9839789869 -0.2312920591 -0.3790928538 0.9831022099 
-0.2371111181 -0.8996669634 0.9821805151 -0.1969942553 -0.3847864769 0.9899748194 
-0.2265584754 -0.8975167410 0.9833348289 -0.2256250852 -0.4846822111 0.9838495723 
-0.2428583013 -0.8136964360 0.9807489298 -0.2114253897 -0.5032312940 0.9870393323 
-0.2274093473 -0.8526077734 0.9838050506 -0.2101418620 -0.4145195022 0.9882651316 
-0.2313513438 -0.8997702939 0.9829583979 -0.1917327485 -0.5003514175 0.9914498950 
-0.2214042244 -0.8972754722 0.9849749613 -0.2298649657 -0.3819135886 0.9832293470 
-0.2058414156 -0.8975334687 0.9875883500 -0.2416963231 -0.3793484091 0.9812410696 
-0.2275765962 -0.8980946129 0.9839837663 -0.2312770497 -0.3811894643 0.9831057711 
-0.2281308380 -0.8966657650 0.9838450789 -0.2326671866 -0.3801187341 0.9827576809 
-0.2002219143 -0.3781134183 0.9758026414 -0.2177333551 -0.8955713375 0.9710669079 
-0.2328812091 -0.6684661638 0.9821615593 -0.2319832452 -0.5358548742 0.9823516981 
-0.2336322308 -0.6613759078 0.9819043073 -0.2316693031 -0.4378605907 0.9825134873 
-0.2255374253 -0.8920198258 0.9837237319 -0.2472910677 -0.4394311534 0.9795136940 
-0.2408471721 -0.3746186234 0.9669815040 -0.1657200835 -0.8925066552 0.9839499063 
-0.2419559400 -0.3817655364 0.9669746969 -0.1610935455 -0.8866100699 0.9843724034 
-0.2459342877 -0.8971100831 0.9795672876 -0.2207965327 -0.7686933266 0.9851768619 
-0.2248930453 -0.7896831670 0.9844158761 -0.2566821589 -0.4726021231 0.9786410225 
-0.2298362373 -0.8977418690 0.9825072541 -0.2442299256 -0.3743908944 0.9806262839 
-0.1929941290 -0.5946526359 0.9774513730 -0.1992498799 -0.8967660830 0.9756761885 
-0.2159085381 -0.4655517529 0.9718279076 -0.1802466222 -0.8940451561 0.9804178978 
-0.1969379184 -0.7677391411 0.9763446074 -0.2051478478 -0.8992777458 0.9742033366 
-0.2347166400 -0.8979801256 0.9817912155 -0.2315462203 -0.3797771728 0.9824845554 
-0.2373296981 -0.8849212068 0.9795821660 -0.2330169198 -0.5642598840 0.9812681341 
-0.2374738125 -0.8995288455 0.9805486319 -0.2363539229 -0.4983303900 0.9804828492 
-0.2373160548 -0.9005988710 0.9806213792 -0.2346462865 -0.3784280670 0.9810830374 
-0.2377841793 -0.8917030226 0.9803973642 -0.2356033149 -0.4726939552 0.9807852173 
-0.1919084522 -0.6022962318 0.9775942423 -0.2161398907 -0.8976320501 0.9731241506 
-0.2489418241 -0.9016733703 0.9800827843 -0.2437337884 -0.3833633454 0.9813147612 
END
