0.0011296709 -1.6187159002 0.8756029831 0.0022731201 -1.6185018434 0.9330073847 
16 16
image_id_list 1 3 4 12 46 90 93 6 43 49 50 95 42 7 88 38 
line_id_list 150 66 145 163 184 118 208 45 133 11 88 53 120 28 18 55 
line2d_list
103.3416442871 319.0148315430 103.4967727661 304.9944458008 
597.0181274414 233.0026855469 598.8006591797 220.9704589844 
141.5628967285 335.2451171875 131.4912567139 317.2853088379 
163.0610656738 103.8006286621 160.2704925537 88.9491729736 
52.7731666565 320.0379638672 50.5744018555 306.9038391113 
233.5055999756 306.0081787109 233.2571411133 290.9957580566 
25.4451103210 329.1899719238 19.9129199982 313.0298156738 
433.9172973633 208.0004119873 433.8039855957 185.0009613037 
565.7500610352 356.0300903320 565.4122314453 341.9900817871 
630.7305908203 281.9064025879 636.9561767578 263.9847717285 
401.7095336914 219.9854278564 402.6099548340 202.0305938721 
614.5177612305 372.9236145020 616.9088745117 357.8271789551 
204.2435302734 257.9127197266 197.7306671143 239.7381591797 
688.4731445312 72.3874588013 693.3540649414 53.8301048279 
738.4310302734 471.8527221680 743.8387451172 450.9582824707 
697.8075561523 373.9620361328 700.1979980469 361.8418273926 
node_id_list 1856 1857 1858 1859 1860 1861 1862 3053 3054 3055 3056 3057 3803 4010 4011 4317 
score_list 4.6637699359 7.8565603285 5.5333561523 5.3168256471 0.9942261237 4.4715745531 3.7754022391 8.7810740289 5.3267456895 6.9096766663 5.4986498543 6.5039063075 6.7837852239 5.6793176380 4.9344664717 0.5583831724 
line3d_list
0.0011318949 -1.6183520312 0.8784978850 0.0021179038 -1.6182673424 0.9298789888 
0.0014028592 -1.6184292290 0.8764615670 0.0024198426 -1.6177084374 0.9318002201 
0.0009730521 -1.6188351051 0.8760395464 0.0020394431 -1.6188851901 0.9302792002 
0.0003716907 -1.6184664846 0.8755088867 0.0023858659 -1.6187350724 0.9329999578 
0.0013966224 -1.6182216728 0.8767763730 0.0033054959 -1.6177306021 0.9290852574 
-0.0006378801 -1.6180368618 0.8756356592 0.0007641560 -1.6174516410 0.9313702183 
0.0006211176 -1.6185699062 0.8769686562 0.0017564553 -1.6184426931 0.9318494769 
0.0019226367 -1.6185925060 0.8768872109 0.0034181363 -1.6180150631 0.9329827617 
-0.0018636124 -1.6193364963 0.8766720227 0.0035867357 -1.6173793668 0.9323525373 
0.0033379673 -1.6186211385 0.8774073534 0.0008377256 -1.6184636126 0.9330430188 
0.0037778374 -1.6184503057 0.8771609111 0.0028675165 -1.6176109518 0.9349982359 
-0.0005348121 -1.6189577518 0.8778084772 -0.0036122275 -1.6194032099 0.9297422359 
0.0017345946 -1.6182523288 0.8769693256 0.0035870923 -1.6177105477 0.9327620853 
0.0017676007 -1.6187092964 0.8780040231 0.0023164934 -1.6187656440 0.9312621900 
0.0009223206 -1.6187004867 0.8774628954 0.0023947982 -1.6184182899 0.9316566940 
-0.0042557762 -1.6196285815 0.8753287630 0.0049656280 -1.6172580541 0.9312100021 
END
