-0.2120703989 -1.4534697872 1.0566259047 -0.0406209353 -1.4798365378 1.0696156746 
4 4
image_id_list 19 57 99 82 
line_id_list 252 168 141 196 
line2d_list
608.0668945312 241.3998870850 591.0579223633 242.2126312256 
699.9993286133 283.0050964355 679.8302001953 280.2374877930 
428.0313720703 326.6780090332 410.9016723633 325.0094909668 
681.0809936523 145.5115661621 663.0576171875 148.3641052246 
node_id_list 9340 9341 9342 13028 
score_list 2.7021248954 1.8860654672 4.4790043176 1.8763898953 
line3d_list
-0.2095347467 -1.4512536089 1.0566322748 -0.0435903760 -1.4803015986 1.0693901640 
-0.2247140334 -1.4526858210 1.0558414395 -0.0362441275 -1.4791970968 1.0700576460 
-0.2116604556 -1.4508815108 1.0564688492 -0.0359786454 -1.4816340057 1.0699753578 
-0.2210624807 -1.4557830528 1.0556331702 -0.0404974102 -1.4790117189 1.0696595160 
END
