0.7882492345 -2.9859188539 1.3507697210 1.0043315337 -2.9850970307 1.3510606258 
8 8
image_id_list 20 37 53 56 76 86 98 95 
line_id_list 150 44 83 18 48 68 73 68 
line2d_list
235.0359039307 213.2460327148 203.9678649902 217.7797698975 
79.8946762085 224.4265289307 44.7930755615 230.8733520508 
391.0351562500 196.3620605469 336.0367736816 193.3323211670 
504.9349365234 180.1699371338 449.9591979980 184.4793853760 
70.8926849365 159.4980468750 29.9587593079 162.4228057861 
111.9955902100 224.9786376953 76.8430480957 232.2402343750 
235.9957427979 208.4232482910 202.9901580811 208.6669616699 
135.9465179443 199.5671234131 74.0268249512 207.2171325684 
node_id_list 9473 9474 9475 9476 9477 11857 11858 13527 
score_list 2.2971092401 1.3913323730 6.3483983321 4.0758745501 4.4871074095 1.7052422132 5.4016400760 4.0523659701 
line3d_list
0.7883224166 -3.0044289223 1.3487025514 0.9933367203 -2.9915368245 1.3501964632 
0.7926034618 -2.9857282887 1.3512965450 0.9927912503 -2.9997474475 1.3505039610 
0.7894741472 -2.9911978254 1.3502336775 1.0010450509 -3.0037440670 1.3477559417 
0.7747409307 -3.0062627876 1.3484258119 1.0043341015 -2.9858175513 1.3511888107 
0.7679574919 -3.0057095481 1.3485541550 0.9951177857 -2.9914248242 1.3502094415 
0.8008367477 -2.9774937887 1.3520753714 0.9988171912 -2.9835771698 1.3520081073 
0.8126855622 -2.9799984441 1.3518742174 1.0077949115 -2.9788661450 1.3524643059 
0.7976886686 -2.9729563319 1.3531932287 1.0049376720 -2.9764864346 1.3521953600 
END
