1.1712151914 -2.9991056053 1.3934592786 1.1715870576 -2.9989619955 1.4974439879 
34 34
image_id_list 2 3 21 33 34 38 51 53 56 77 80 81 88 95 96 37 84 86 98 10 16 31 13 14 54 60 78 83 89 97 20 57 82 99 
line_id_list 67 103 78 87 112 23 43 6 65 56 83 55 7 63 29 80 122 59 124 116 86 125 28 63 52 56 46 25 11 87 82 60 133 55 
line2d_list
170.1169128418 0.7434323430 180.7053985596 46.8379592896 
215.6203460693 110.0246887207 218.2876739502 151.0463104248 
411.0925292969 37.0072059631 409.2282714844 60.9398841858 
204.7619476318 247.8981475830 207.3275299072 267.0899047852 
437.1703186035 2.9937250614 437.9456176758 24.0388431549 
257.3262329102 191.0117034912 256.3581237793 218.0128326416 
297.2951660156 116.0596847534 299.9158325195 147.0071258545 
292.7038879395 149.9899749756 291.7889404297 177.0267028809 
400.6782226562 139.9524993896 401.5857238770 172.0117340088 
215.7023925781 187.6096191406 223.3913574219 221.1395721436 
380.3123168945 99.0255737305 378.0283813477 126.9204483032 
206.2975769043 154.9297790527 212.4786987305 181.1230163574 
198.5742034912 113.9821472168 197.3135070801 144.0550689697 
6.8677968979 160.7754974365 11.1144466400 196.1064453125 
144.8932189941 205.9076385498 147.2885284424 229.0735626221 
5.9613695145 201.8357086182 10.1165008545 226.1509704590 
98.9715042114 122.7857284546 104.9750595093 150.0054931641 
33.9632377625 202.0062255859 38.3832015991 228.1044616699 
168.4682617188 171.9915466309 168.6178894043 198.0021972656 
69.3875274658 139.9758300781 68.5175247192 162.0204315186 
268.2454528809 99.1602783203 272.8894958496 121.0234680176 
165.8262939453 252.8351593018 167.6493072510 273.0316467285 
660.5211181641 121.9004135132 655.6875000000 145.1429748535 
394.6942749023 67.7829208374 397.2961425781 88.0901794434 
741.2958984375 127.9994125366 741.2723999023 156.0010681152 
458.0521240234 205.9931488037 458.1156311035 224.9996185303 
615.7708740234 165.9793548584 613.6102905273 189.9648895264 
618.8140869141 218.9821472168 616.9790649414 238.0940093994 
655.2237548828 224.1766967773 651.1819458008 252.1706542969 
423.2328186035 238.9795379639 422.7514953613 257.0200500488 
168.7649078369 189.8447265625 170.7163238525 212.0249633789 
321.9243774414 140.9926910400 320.0771179199 160.1041107178 
289.0866699219 96.8484649658 291.7619323730 116.0332031250 
29.6792278290 213.9834747314 28.5950069427 235.0306549072 
node_id_list 2518 2519 2520 2521 2522 2523 2524 2525 2526 2527 2528 2529 2530 2531 2532 3179 3180 3181 3182 6466 6467 6468 7476 7477 7478 7479 7480 7481 7482 7483 8285 8286 8781 11683 
score_list 12.5527478962 4.9766990857 15.0642453579 15.8949403548 10.9842547947 8.6783553011 16.7079545311 16.7193604039 14.5905760246 12.8958436155 16.2933518085 13.9052817348 13.8417193356 7.7381324123 13.5090913742 8.6253815481 8.1597282228 7.1506607188 8.7113691839 4.8244928205 10.6849148391 12.7913286947 10.3978780412 8.7541637289 12.6727092743 13.9038893887 12.4807800784 13.0114193878 12.8071418506 12.5218478953 8.7179420293 7.4858441817 8.3408273474 6.7684642515 
line3d_list
1.1716980626 -2.9984567882 1.4644479316 1.1708784338 -2.9990635959 1.4024112367 
1.1732850488 -2.9982346685 1.4982301347 1.1706224258 -2.9994836894 1.3962995967 
1.1743873996 -2.9970624233 1.4971716633 1.1752716119 -2.9946071612 1.3953414602 
1.1716065129 -3.0003153936 1.4954651146 1.1715378229 -2.9986059556 1.3988141723 
1.1688058939 -3.0043022362 1.4973520147 1.1760187600 -2.9938425685 1.4000455177 
1.1739273215 -2.9958899438 1.4973438437 1.1713398519 -3.0023189735 1.3930034552 
1.1714784426 -3.0008385345 1.4972130553 1.1714128675 -2.9997683162 1.3964808883 
1.1712945887 -3.0010497303 1.4966696720 1.1704251164 -3.0011156360 1.3974203560 
1.1686758183 -3.0046797848 1.4956452156 1.1689107704 -3.0027533151 1.3991229872 
1.1713747501 -2.9982030942 1.4969438527 1.1713799794 -2.9989082271 1.4004773023 
1.1726159319 -2.9995258237 1.4965355860 1.1729553579 -2.9978672459 1.3977687844 
1.1686834922 -3.0026884813 1.4940192321 1.1712646564 -2.9987323504 1.3934585862 
1.1709251294 -3.0004430946 1.4981758884 1.1707885566 -2.9991907588 1.3995625615 
1.1699829298 -3.0007159462 1.4960789387 1.1707450284 -2.9999137276 1.3993628555 
1.1743946658 -2.9960331897 1.4940360889 1.1700833975 -3.0006159749 1.4000821338 
1.1767501025 -2.9940146831 1.4938264584 1.1696416375 -3.0017239182 1.3951372349 
1.1719094901 -2.9996286122 1.4956672837 1.1722002534 -2.9970043309 1.3940744421 
1.1709122356 -2.9997295371 1.4958564310 1.1689677934 -3.0018004874 1.3952038754 
1.1720653752 -3.0002007170 1.4947686165 1.1756233998 -2.9938300543 1.3942245367 
1.1759575378 -2.9943741873 1.4950475867 1.1796938658 -2.9904151456 1.3952517200 
1.1726516996 -2.9994739651 1.4963717303 1.1737726704 -2.9966791411 1.3937659992 
1.1726425895 -2.9991010011 1.4954406957 1.1723313726 -2.9995155348 1.3929778988 
1.1717679649 -3.0004468027 1.4957589664 1.1714109126 -2.9997935589 1.3984612592 
1.1730389774 -2.9984720801 1.4949847664 1.1812487351 -2.9853772980 1.3961089931 
1.1705685354 -3.0020199970 1.4974518536 1.1711345050 -3.0001953418 1.4022732955 
1.1671468019 -3.0066638253 1.4938648778 1.1672724166 -3.0048498569 1.3954619521 
1.1705796764 -3.0019775060 1.4959551901 1.1713619428 -2.9989033024 1.3960694723 
1.1719108444 -3.0022568610 1.4940582265 1.1714264788 -2.9999615106 1.3990433961 
1.1717725574 -3.0004552049 1.4970104312 1.1714216309 -2.9998131684 1.4013820166 
1.1788827816 -2.9927164227 1.4929143278 1.1680549009 -3.0043102087 1.3985884832 
1.1726209635 -2.9994584082 1.4941392287 1.1729222454 -2.9974110470 1.3956156291 
1.1691990459 -3.0058204534 1.4963382588 1.1704626888 -3.0010102174 1.3963965618 
1.1714947478 -3.0005444120 1.4941304748 1.1695936261 -3.0029571681 1.3946243723 
1.1686360243 -3.0027612351 1.4958685553 1.1712426098 -2.9987661411 1.3943175075 
END
