1.3733944226 -0.0177291064 1.0968258539 1.6347224034 -0.0111295336 1.0944902521 
13 12
image_id_list 0 1 58 74 87 18 39 27 67 68 68 69 93 
line_id_list 197 154 168 130 199 134 166 46 127 60 66 164 54 
line2d_list
537.5623779297 365.8095397949 569.1311035156 380.7224731445 
679.3069458008 304.9468994141 724.2755126953 318.0549011230 
567.4055175781 376.2020874023 586.6453857422 385.7170715332 
629.9428100586 174.4208221436 701.9716186523 184.2086639404 
659.7055053711 385.0741577148 699.2940063477 395.9275512695 
700.7894287109 356.1358032227 713.7183227539 376.1816711426 
784.5622558594 456.5951843262 798.8980102539 467.1386413574 
267.3117675781 426.2914733887 292.4414672852 399.4127502441 
62.9735145569 232.5279998779 143.0729370117 236.5461425781 
178.1040039062 73.5200576782 201.9501647949 68.7508544922 
0.8746693134 113.4377670288 158.0875396729 78.3926925659 
0.8262211680 275.3891906738 24.9766712189 272.7837524414 
624.9951171875 145.8513488770 675.0107421875 146.1397094727 
node_id_list 1192 1193 1194 1863 1864 9106 9107 11166 11167 11168 11169 11170 12065 
score_list 6.1030553403 4.1664236638 2.5812300449 5.4417042154 3.6185899620 3.0676641507 1.5867036532 1.7465855698 2.5145993358 1.5754141910 1.7612900167 0.6210642099 4.1253210108 
line3d_list
1.3728962503 0.0003552313 1.0921857439 1.5420518575 -0.0113295462 1.0943691128 
1.3886539443 -0.0135513541 1.0948221837 1.5562268585 -0.0033785940 1.0913935189 
1.4763915978 -0.0048640961 1.0907193226 1.5701578936 -0.0055003105 1.0920491680 
1.3877056748 -0.0150934451 1.0953612013 1.5669324486 -0.0124299412 1.0945701169 
1.3991393848 -0.0210249918 1.0971808723 1.5129221561 -0.0125018757 1.0945845421 
1.5704496348 -0.0228345400 1.1028027864 1.6350370810 -0.0211598510 1.1013571222 
1.5225866408 -0.0211036651 1.0998043999 1.5972840306 -0.0180089410 1.0965468374 
1.4822178893 -0.0167512066 1.0974748515 1.6514771133 -0.0088746989 1.0928998554 
1.3425624826 -0.0208156197 1.0973285193 1.5472649749 -0.0098374545 1.0936471970 
1.5871502246 -0.0131563615 1.0957389181 1.6234698917 -0.0110349521 1.0943888405 
1.3612654244 -0.0179676423 1.0969754613 1.5584013984 -0.0129840518 1.0952260722 
1.5728587920 -0.0125332163 1.0950248711 1.6504093172 -0.0089243890 1.0929287174 
1.3866965538 -0.0223326834 1.0976349345 1.5595016802 -0.0132718813 1.0954507705 
END
