2.1733776652 -3.0229938174 1.4929982508 2.1761574757 -3.0162520832 1.3986622151 
3 3
image_id_list 9 16 19 
line_id_list 159 31 25 
line2d_list
65.9740447998 262.9149169922 67.7305374146 283.0235290527 
58.1612243652 147.6251373291 66.0270690918 171.9912567139 
20.4631061554 156.8083343506 23.6384830475 181.0473632812 
node_id_list 5808 5809 5810 
score_list 3.1637936811 4.3595431500 3.0787201483 
line3d_list
2.1728710897 -3.0239511848 1.4937824398 2.1679517708 -3.0315278729 1.3973287308 
2.1733776652 -3.0229938174 1.4929982508 2.1761671769 -3.0162285553 1.3983329936 
2.1727400517 -3.0243162939 1.4954690211 2.1736700645 -3.0184503919 1.3981495397 
END
