3.7962602209 -0.8783867904 0.6041983776 3.7990720332 -0.5997455444 0.6041344451 
5 5
image_id_list 26 27 69 70 28 
line_id_list 172 235 302 215 232 
line2d_list
343.9328308105 308.8755187988 390.0073852539 306.1238098145 
565.9983520508 316.9696655273 617.0125122070 314.2337036133 
424.9149475098 346.3272399902 473.0430908203 358.8342285156 
231.9848022461 212.2669677734 298.0186157227 210.8976135254 
421.9379272461 249.4839630127 468.9788818359 243.8245544434 
node_id_list 10944 10945 10946 10947 11222 
score_list 5.2234287530 4.5393373301 5.5399822424 5.0877779820 5.8431840920 
line3d_list
3.8148251712 -0.5981515730 0.5989345086 3.8157751969 -0.8780298092 0.5976473088 
3.8145013362 -0.6109337856 0.5991803851 3.8156653544 -0.8785840930 0.5977374505 
3.8126856715 -0.6116794700 0.6006854068 3.8131233066 -0.8813562218 0.5998414968 
3.8174452182 -0.5999326436 0.5967576325 3.8192523258 -0.8833720071 0.5947530125 
3.8168604009 -0.5984596905 0.5972454477 3.8155508742 -0.8783034212 0.5978329285 
END
