1.2608242264 -1.8285954283 0.0540649725 1.3564864190 -1.9348061536 0.0478746792 
3 3
image_id_list 76 81 84 
line_id_list 162 118 177 
line2d_list
232.0263519287 561.1032104492 271.9743347168 550.8995361328 
539.0797729492 528.2033081055 424.1252441406 573.3190917969 
393.0650024414 528.2498779297 311.1451721191 549.5581054688 
node_id_list 13426 13427 13428 
score_list 0.9980249442 3.5064903313 3.0696996189 
line3d_list
1.3630398416 -1.9293174908 0.0549761059 1.2512918732 -1.8365790235 0.0437355137 
1.2528221065 -1.8197109262 0.0545827891 1.5541543794 -2.1542706761 0.0350836003 
1.2371131801 -1.8063577081 0.0535262219 1.4443745245 -2.0294578472 0.0436721669 
END
