-0.1911872450 0.5086837804 1.4606112312 -0.1866206167 0.8549625689 1.4604666174 
5 5
image_id_list 17 46 58 18 85 
line_id_list 59 121 153 140 84 
line2d_list
470.8140563965 83.8740386963 528.2300415039 74.3930053711 
564.9985961914 136.9751129150 660.0916748047 131.6313781738 
531.9753417969 216.4435119629 565.9260864258 218.3301086426 
697.9990844727 39.4480552673 799.0038452148 39.2770919800 
763.9631347656 37.7772865295 778.2341918945 35.4143486023 
node_id_list 8935 8936 8937 9110 12560 
score_list 0.8864757493 2.8964328322 1.9291204990 1.3885779738 0.9647542000 
line3d_list
-0.1972465267 0.5087637127 1.4606691402 -0.2073576246 0.8619261783 1.4607374664 
-0.1980437094 0.4587069643 1.4607008139 -0.1979517552 0.8613562821 1.4605632400 
-0.1795897385 0.6596689576 1.4626123180 -0.1879261054 0.8499826072 1.4616458703 
-0.1614634010 0.4499311899 1.4637433918 -0.1709533510 0.8231161558 1.4618989053 
-0.1979683932 0.7885017540 1.4605881323 -0.1979531813 0.8551120609 1.4605653735 
END
