1.4683390392 -0.0084666753 1.1151043178 1.6340306262 -0.0079368818 1.1148418969 
6 6
image_id_list 1 46 39 58 67 69 
line_id_list 303 233 266 259 262 340 
line2d_list
685.9821777344 301.0614929199 713.9548950195 309.1557922363 
589.6644897461 312.5277709961 623.8386230469 334.2538146973 
787.0805053711 451.8813781738 799.4772949219 460.2969360352 
568.3862304688 368.2780456543 603.4611206055 385.1221313477 
163.9949645996 229.8275451660 180.0004577637 229.9249267578 
0.9635570645 266.7758789062 28.0601024628 262.3695983887 
node_id_list 2084 2085 12087 12587 13079 13338 
score_list 2.6691021450 2.2882851507 1.6519602808 1.5597409122 3.9267106158 0.7333727743 
line3d_list
1.4060564065 -0.0020806545 1.1141375525 1.5112216017 0.0029475088 1.1120537943 
1.4564474019 0.0006117492 1.1086900103 1.6269762928 -0.0007667727 1.1097556027 
1.4955268831 0.0009336351 1.1080839757 1.5644205055 0.0007461519 1.1080219835 
1.4683004078 0.0004911004 1.1087971789 1.6340038127 -0.0015614414 1.1107831401 
1.5995116216 0.0041934085 1.1115805527 1.6429662445 0.0009524091 1.1140644609 
1.5883858259 0.0046155284 1.1112670067 1.6629389870 -0.0038545278 1.1178296120 
END
