3.4848193775 0.4258821562 0.3943315561 3.5672927305 0.1407204557 0.3677402648 
3 3
image_id_list 25 29 69 
line_id_list 162 171 258 
line2d_list
56.0392646790 494.9633789062 149.2086181641 498.4922790527 
245.3160247803 308.5932006836 323.2023925781 315.8181762695 
219.7269439697 347.3498840332 286.8854980469 365.7718811035 
node_id_list 10697 10698 10699 
score_list 2.5907864700 1.5025945016 2.1788661495 
line3d_list
3.4719624188 0.4703366629 0.3984769331 3.5672927305 0.1407204557 0.3677402648 
3.4795200092 0.4442053701 0.3960401934 3.5859867835 0.0760834821 0.3617128754 
3.4781120199 0.4235244173 0.3988126687 3.5854836333 0.0681857539 0.3627496667 
END
