-0.2027169069 -0.9022858101 0.4349129650 -0.1828904414 -0.9075274047 1.4529989769 
159 42
image_id_list 87 3 12 32 62 76 81 85 3 8 12 32 37 45 76 79 79 81 81 84 85 86 96 98 3 8 32 37 43 43 45 3 12 12 43 43 50 50 76 79 85 85 85 86 90 96 98 6 90 6 62 65 90 96 6 15 18 40 42 65 92 9 10 10 17 19 20 20 31 31 37 39 45 46 46 58 58 64 79 84 86 87 98 99 10 17 17 20 39 39 46 58 64 84 87 87 99 9 15 17 31 39 57 82 87 18 31 18 10 31 37 82 99 10 76 87 11 50 11 18 20 47 47 58 59 84 92 11 47 59 62 92 11 47 50 59 42 42 12 42 65 82 46 64 64 19 82 57 37 43 59 90 92 40 40 42 59 64 58 
line_id_list 74 24 6 60 77 47 16 27 26 14 9 74 75 26 30 12 21 21 70 12 148 36 77 30 34 7 9 63 24 44 19 41 39 78 72 88 7 36 15 73 80 122 271 62 30 149 25 0 0 4 75 86 6 159 34 182 91 41 14 107 53 143 51 122 53 49 49 103 182 205 35 14 24 187 262 83 92 42 6 92 41 0 83 26 147 69 73 165 11 36 229 136 43 88 4 48 53 41 107 110 155 43 143 101 28 254 95 269 190 222 162 228 186 231 212 287 45 11 94 219 98 12 147 128 112 23 135 163 3 143 85 94 205 86 26 95 37 39 176 146 91 140 138 84 44 48 117 127 207 182 54 2 121 86 91 145 224 166 328 
line2d_list
165.8003997803 298.0035400391 166.6127929688 343.9891662598 
722.0974731445 270.1836242676 726.0856323242 246.3489685059 
330.3027954102 112.8999786377 333.0738830566 148.9943237305 
587.5576171875 363.9985656738 588.0062255859 227.0032958984 
599.2141113281 185.0251312256 608.0331420898 109.8865203857 
587.5858154297 296.0463562012 583.6239624023 346.1284790039 
795.1475219727 238.0028076172 794.1189575195 292.0213012695 
423.8018188477 254.8763885498 430.1387023926 295.9786071777 
736.2265014648 209.0301361084 730.8137817383 249.7091064453 
481.7834777832 334.1907653809 472.3148193359 373.0766601562 
328.0447998047 50.9977416992 330.6641235352 102.9665298462 
590.2100219727 284.9988708496 590.4318847656 325.9922485352 
558.6467285156 228.9937744141 557.1653442383 313.0029296875 
631.3172607422 330.2549438477 619.3175659180 392.2550048828 
580.5581054688 348.0488281250 595.9572143555 171.9962615967 
579.8021850586 218.0960540771 573.6963500977 269.0834045410 
568.5383300781 288.9425048828 586.9753417969 140.8724212646 
791.1518554688 296.9755859375 796.6212768555 106.9315414429 
798.1611938477 154.0043334961 795.9822998047 235.0264129639 
704.2335205078 318.0262145996 725.6577758789 127.0737991333 
426.8970031738 292.0148315430 403.9884643555 132.8577270508 
618.8525390625 226.0390319824 614.3205566406 325.0146789551 
774.2017822266 486.0278320312 799.5670776367 302.0781860352 
763.2739257812 338.2129821777 754.4086914062 391.2355346680 
703.3369140625 391.8739929199 725.8565063477 273.3527526855 
470.8175964355 376.9565124512 460.7494506836 419.1787109375 
589.9954223633 330.9894104004 590.4423217773 372.9953002930 
553.9579467773 362.9995422363 555.6855468750 203.9965820312 
778.6057739258 379.9900512695 777.0407714844 442.0262451172 
774.0109252930 443.0004577637 783.2676391602 215.9701385498 
602.0649414062 463.0128173828 646.1649169922 239.4270019531 
728.1002197266 236.7993621826 759.0001831055 98.2230300903 
326.3380126953 0.9566374421 327.7645874023 44.9752197266 
327.3345947266 84.9842987061 323.3924255371 0.9815843701 
782.0069580078 312.0002746582 779.6031494141 374.0233764648 
785.1549682617 240.0057830811 782.6935424805 306.0258483887 
660.2412719727 140.0401763916 650.3843994141 199.2305450439 
648.9904174805 203.1589508057 636.9545898438 278.1531982422 
595.8450317383 208.9862518311 588.4757690430 292.0422058105 
585.4869995117 176.0623321533 580.6212768555 214.0795135498 
416.7857055664 203.8848724365 422.9367980957 245.8627319336 
408.9728088379 149.8505401611 416.1889343262 196.8173370361 
403.5814514160 125.8127517700 400.5317687988 100.0554428101 
609.1615600586 377.0071105957 616.5961914062 207.9822387695 
406.2393493652 262.0111694336 410.3529357910 173.9230804443 
795.3319702148 356.1480407715 788.5612792969 417.0623779297 
740.3609008789 453.0624694824 773.7577514648 260.1311645508 
798.8692016602 292.9680175781 791.8997192383 321.4646301270 
408.2250366211 259.0124511719 405.3448181152 311.0191040039 
785.2225952148 330.3880615234 761.9760742188 403.6272277832 
604.9805297852 102.2585220337 597.5245971680 188.2189788818 
314.7520751953 0.9350970387 322.4423522949 90.0481262207 
405.3093261719 319.0856933594 401.9725341797 370.0636596680 
786.2880249023 421.1532287598 778.6552734375 485.3158569336 
747.8833618164 422.9579772949 799.6406860352 279.2307128906 
494.5172729492 101.0103378296 494.2516479492 140.0017089844 
350.7291564941 274.0115661621 342.5258178711 81.9775390625 
214.1822052002 416.9588928223 179.2005615234 261.9547424316 
493.0689697266 352.0817871094 466.5328674316 49.9531974792 
318.6363830566 96.0267868042 311.6264038086 0.8801735044 
237.5664978027 481.9722900391 222.2647857666 169.0359497070 
664.5031738281 375.0001525879 664.5093994141 394.0001525879 
547.4911499023 402.0986022949 578.6395874023 246.9276428223 
559.4635620117 356.0829467773 551.2084350586 402.2162475586 
246.5825805664 262.8641662598 255.6701202393 301.8437805176 
692.1292114258 370.0195922852 716.8225097656 207.2765350342 
705.6828613281 415.0899963379 728.9099731445 238.8563385010 
715.1970825195 362.0209350586 709.6609497070 414.1763000488 
681.8645019531 385.9662170410 682.8817138672 412.0046081543 
682.9175415039 417.0056152344 684.5416870117 440.8951721191 
556.5084228516 315.9960021973 556.8630981445 361.0010681152 
447.3948059082 381.0662841797 440.4821166992 422.2487792969 
618.0726928711 395.0137329102 605.5966186523 461.1126098633 
254.3210449219 395.9678344727 234.0689544678 193.8928680420 
250.7873535156 333.9068908691 257.6624145508 392.0399169922 
197.3544769287 422.9885559082 200.6661987305 235.9763793945 
200.9499053955 366.0097961426 200.3923950195 420.0143737793 
246.8543701172 390.9743652344 231.8550262451 476.1505737305 
572.7402343750 273.9688110352 566.7207031250 324.0865783691 
712.9269409180 261.9929504395 707.8037719727 315.0775756836 
613.6912231445 326.9902954102 612.1510009766 376.0361328125 
168.0043182373 414.9590148926 170.0056762695 463.9997558594 
753.1918334961 394.0314331055 743.8330688477 451.1365356445 
515.0790405273 399.0065002441 511.2088623047 446.0171813965 
569.1462402344 308.0256652832 561.0419921875 354.1829528809 
236.1926269531 214.9556732178 245.8245086670 256.8102722168 
246.2381286621 271.9479980469 220.8703918457 155.8098754883 
722.4009399414 310.1526184082 717.0671386719 359.1162414551 
455.3855590820 337.0663146973 448.6701660156 376.1152648926 
444.7246704102 383.9508056641 463.4570007324 279.0816345215 
244.9876708984 273.8793334961 251.9670410156 331.0040283203 
202.0068054199 310.0098571777 201.4875640869 363.0047912598 
264.1076354980 299.0193176270 248.6617431641 385.1187133789 
719.8036499023 205.0844879150 714.1337890625 259.0140686035 
166.5747680664 348.9827270508 168.2568054199 404.9922790527 
166.4461517334 417.9837646484 164.2639770508 358.0267944336 
510.7218322754 446.2029418945 522.2291870117 291.8679504395 
663.6910400391 422.0089721680 664.1784667969 275.9972534180 
494.2062988281 201.9965667725 491.3219299316 28.9779624939 
229.8051910400 184.0421905518 236.0277709961 212.7774353027 
682.1072387695 355.0037536621 681.4801025391 372.9818725586 
461.2964782715 306.0559387207 456.0231018066 334.0043640137 
792.6990966797 376.9176635742 778.1640014648 430.0448608398 
777.2271118164 268.0249633789 796.1422119141 95.9057388306 
164.2562103271 355.0128173828 162.7067413330 265.0050354004 
350.8910827637 219.9392852783 354.4320678711 271.9024047852 
682.6206054688 441.9166870117 676.9331665039 263.0021362305 
348.6356201172 160.9602966309 352.0111694336 214.9992980957 
575.8110961914 245.9604949951 572.4794921875 261.8911437988 
674.3336791992 264.9953613281 674.2219848633 280.9945678711 
552.7265625000 205.0395660400 551.8519897461 221.1008453369 
792.1616821289 99.9140548706 790.6293945312 114.8594741821 
520.4353637695 292.0436401367 518.6385498047 309.9637451172 
581.3585205078 239.8443756104 586.7327270508 217.6925506592 
597.6506958008 162.2069244385 600.3197021484 140.9147186279 
163.7116241455 256.9408569336 162.7094116211 227.9409179688 
190.8948059082 238.0101470947 189.0582580566 37.9994659424 
619.6486816406 359.1078186035 664.9098510742 86.8187866211 
192.6393585205 57.9502449036 194.4917602539 118.9850769043 
346.5656127930 101.9102554321 349.8355102539 158.9521026611 
729.9522705078 256.1097717285 724.1846923828 306.1365966797 
69.1434707642 68.9693145752 80.0117797852 119.7835998535 
76.9045181274 117.0191726685 62.1958847046 43.7598953247 
203.1528778076 278.0049133301 202.2195281982 307.0070800781 
174.1319885254 223.9659118652 175.4568939209 267.9561157227 
726.3732910156 149.1320953369 721.1808471680 203.1135864258 
229.6766662598 260.9676818848 231.8263549805 305.9605102539 
192.6385498047 122.9428634644 194.5578308105 177.9805450439 
83.6086959839 135.6406707764 98.1976928711 200.9558410645 
175.1938781738 272.9638366699 177.4367675781 346.9867553711 
615.9370117188 0.9942807555 607.4963378906 93.9542694092 
231.7606201172 321.0149841309 235.3813323975 378.9136047363 
193.3140563965 181.9521179199 195.2815856934 235.9533081055 
107.7477188110 238.0453491211 112.6051940918 265.0709533691 
635.2852783203 281.0436096191 623.9550781250 355.1460266113 
176.6956939697 352.9699707031 179.8028717041 424.9653625488 
482.8377990723 186.7960968018 491.6423034668 266.1506347656 
474.1180419922 83.7691268921 484.5044250488 179.0540161133 
332.5048217773 166.9600219727 330.2098693848 137.9833831787 
489.8484497070 274.8829650879 499.2223205566 342.8313598633 
325.0213012695 89.9238281250 318.7523193359 5.8693079948 
790.8395385742 164.9843750000 786.4504394531 210.0438842773 
242.6045532227 246.9149780273 246.1300048828 271.9817199707 
273.0944213867 252.0173339844 265.0167236328 296.0030822754 
227.6884613037 482.7597656250 284.0884094238 174.8330230713 
716.8766479492 224.0954895020 711.8540649414 270.2019653320 
785.0099487305 217.8977508545 780.1441040039 265.0148925781 
778.2246093750 431.7838439941 799.5317382812 344.1292724609 
556.1494750977 196.0780487061 557.5104370117 176.0346527100 
784.9503784180 206.0666809082 787.1342773438 174.9392700195 
176.5987854004 430.0118713379 168.6678314209 161.9802398682 
411.9923400879 199.9995269775 408.7949523926 251.0497894287 
226.6501922607 205.9597473145 229.7454223633 255.9538421631 
177.7479705811 265.0523681641 181.4994201660 283.1040344238 
176.8670654297 253.2798614502 169.4800720215 223.3754577637 
465.2075195312 35.9812736511 462.0502014160 0.9954683781 
168.8867797852 149.0728302002 170.2803802490 112.9722213745 
286.2503662109 166.2844848633 296.6932678223 120.3852462769 
201.1755523682 226.0834655762 202.8861846924 201.9919128418 
node_id_list 779 2863 2864 2865 2867 2868 2869 2870 2887 2888 2889 2890 2891 2892 2893 2894 2895 2896 2897 2898 2899 2900 2901 2902 2932 2933 2934 2935 2936 2937 2938 2973 2974 2975 2976 2977 2978 2979 2980 2981 2982 2983 2984 2985 2986 2987 2988 3901 3902 3916 3917 3918 3919 3920 3984 3985 3986 3987 3988 3990 3991 4487 4488 4489 4490 4491 4492 4493 4494 4495 4496 4497 4498 4499 4500 4501 4502 4503 4504 4505 4506 4507 4508 4509 4525 4526 4527 4528 4529 4530 4531 4532 4533 4534 4535 4536 4537 5355 5774 6303 6304 6305 6306 6307 6308 6479 6480 6521 6600 6602 6603 6606 6609 6677 6678 6679 6804 6805 6856 6857 6858 6859 6860 6861 6862 6863 6864 6931 6932 6933 6934 6935 6979 6980 6981 6982 7030 7087 7204 7205 7206 8615 8955 8956 9076 9244 9392 11709 11893 11894 12116 12117 12118 12133 12137 12138 12249 12250 13093 
score_list 13.2974960951 13.3164598842 7.2830947498 15.7269690745 11.3809816606 15.9100682434 12.7210728041 16.2304007345 13.2007717964 15.7101215191 9.7946688548 15.8355277713 9.4972201543 14.1880015816 14.0173021901 14.7745088683 14.3400337694 11.7738264266 10.5811883245 12.0187186686 13.9182175867 9.1768441733 7.6163825642 9.8848046231 12.5325174066 17.2186865457 16.5029630747 11.5790068804 12.8555843722 11.6101576598 12.1259168633 13.7592717808 9.0030003848 10.1509839469 12.7739923160 9.7310127181 6.4274022821 10.1749858333 12.4126757807 11.3042020933 15.3398685944 9.9469532051 5.1877732311 11.8239779749 14.7673272327 6.6766828889 11.2694346535 2.0769902835 15.8413334402 5.6698204753 11.6841775738 12.0995749572 14.4578933588 8.1662414776 6.8547190049 7.5675354882 15.7969676333 14.3516762308 11.7156652057 11.2919938220 7.4149509403 9.6674871096 10.3750096435 11.1501117782 15.9494733324 6.8523565587 9.9840195114 10.5202267297 9.9602232690 7.4699114859 12.5047025099 16.5911210608 16.0077650009 16.0220700367 16.5154361931 11.5073156939 12.9107017768 14.4509901515 15.2331355370 12.5514880265 14.2851954798 12.7810778108 11.7851448870 11.7854266836 8.7653976106 13.6124619836 12.6369369590 7.7798962244 15.6646212552 15.0056378040 16.1026241953 11.8007033173 16.2971252460 10.1777270905 14.7887857397 11.8786584110 10.8435969545 7.8965132220 10.8750239152 11.5376040725 3.9578913709 11.7979177372 3.8479264458 4.5093035962 12.9759984807 14.6913334448 7.2510165640 16.0476324133 7.6217390780 5.4393536180 5.3651073099 3.1970175003 8.5313640239 3.7431965867 3.1554091725 6.9995674783 15.0440654522 9.7511232008 11.4752873840 12.0021352020 5.8913399033 9.7163255430 7.8144308347 6.6365307246 12.6612638675 5.4021030636 5.6510669358 13.2208806871 10.6209938868 14.7890415670 11.0146135587 6.7225195008 12.9284059076 7.9715683452 10.8394147366 12.9612339573 12.0366272545 8.0787351136 6.7956569929 8.8390747054 9.9888659321 3.4073285639 10.5723521050 13.9259563718 11.6511042431 4.8446390348 4.5884157313 3.1796755810 2.9359857413 3.9156150328 10.8246065483 14.5229027715 3.0845456070 8.1095675592 7.0683122929 4.1696727541 4.4490863630 4.8423400264 3.2186628576 
line3d_list
-0.1593499928 -0.9115637390 1.1827717279 -0.1621987385 -0.9125124203 1.0018503913 
-0.2218539814 -0.9038114934 0.6370425506 -0.2272337967 -0.9047532041 0.7572620638 
-0.2039374224 -0.9047377317 0.6952978018 -0.2016813322 -0.9005292376 0.5245399323 
-0.2150049839 -0.9159556405 0.5085720973 -0.2029107729 -0.9130584697 1.3081442859 
-0.2171000235 -0.9012304888 0.4584330304 -0.2207032006 -0.9036162181 0.6837787071 
-0.2033021692 -0.9032629394 0.7153162579 -0.2030355416 -0.9018576771 0.4612645328 
-0.2033100039 -0.9033042323 0.7227814466 -0.2030359411 -0.9018597828 0.4616452063 
-0.1979851143 -0.9043294506 0.6936014356 -0.2045353569 -0.9025849158 0.4659446972 
-0.2102212271 -0.9006985808 0.9463572354 -0.1847912178 -0.9008092990 0.7532265809 
-0.1951929011 -0.9014526330 0.9701351710 -0.2052713110 -0.9007176305 0.7383695264 
-0.2041865063 -0.9012534857 0.9659637827 -0.2065130906 -0.9001306819 0.7393419947 
-0.1988250307 -0.9016695244 0.9784597236 -0.2008708244 -0.9005109012 0.7389687169 
-0.2378233178 -0.8997584103 1.1701449894 -0.2029992831 -0.9017954073 0.7261961332 
-0.1951243569 -0.9014575930 0.9737611259 -0.1988984629 -0.9011852430 0.7344072481 
-0.1993707861 -0.9154141996 0.4508420364 -0.1917819013 -0.9122584274 1.3052469081 
-0.2010648419 -0.9017329280 0.9701818386 -0.2077209812 -0.9008072696 0.7331852411 
-0.1999721810 -0.9139619373 0.6396183533 -0.1892092910 -0.9118201500 1.3048021374 
-0.1997485385 -0.9138342742 0.4382879799 -0.1896118184 -0.9116912874 1.3106671865 
-0.1847984768 -0.9016801132 1.1080159940 -0.2008029425 -0.9004989789 0.7373129751 
-0.2030713827 -0.9145786705 0.4480769860 -0.1891107743 -0.9118005454 1.3108908066 
-0.1999785315 -0.9162820769 0.4923883190 -0.1948536205 -0.9129302947 1.3035538369 
-0.2297074762 -0.9001487674 1.2154354815 -0.2086613778 -0.9015051246 0.7262398508 
-0.2039803405 -0.9146293229 0.4457084815 -0.1925708671 -0.9122830409 1.1821836493 
-0.1933784102 -0.9009989671 0.9724667076 -0.2001044418 -0.9005650454 0.7343609843 
-0.1804403162 -0.8965841106 -0.0153694685 -0.1831139692 -0.9025902194 0.6338671685 
-0.1974072875 -0.9043154680 0.7163507672 -0.2076726170 -0.9024264655 0.4590960254 
-0.1970058138 -0.9032306385 0.7103766080 -0.2036448538 -0.9004995786 0.4575692519 
-0.1920134172 -0.9158326421 0.4494566021 -0.1801346531 -0.9128470228 1.3063666462 
-0.2031582756 -0.9039242743 0.7153875995 -0.2006926193 -0.9016205299 0.4710032459 
-0.1718201453 -0.9161585711 0.4815486319 -0.1833871105 -0.9122407120 1.3113072650 
-0.1867465602 -0.9134667321 0.4537863964 -0.1835195689 -0.9109784816 1.3094773649 
-0.2099961635 -0.9132460178 0.8100499064 -0.1868320911 -0.9105878706 1.4538822297 
-0.1990065837 -0.8996163578 1.1676079464 -0.2054752974 -0.9008578121 0.9906337988 
-0.1947722714 -0.9144562372 0.8243303344 -0.1946137846 -0.9133268354 1.1690630324 
-0.2018949221 -0.9017756378 0.9707768229 -0.2072723341 -0.9008042697 0.7366926722 
-0.2027217072 -0.9006285119 1.2252397460 -0.2114344024 -0.8987575228 0.9894338814 
-0.2010330595 -0.9001398391 1.1616375803 -0.2054276792 -0.9002496051 0.9857071446 
-0.1964995140 -0.9019872536 0.9754159899 -0.2127738588 -0.9012917493 0.7307460104 
-0.2009574284 -0.8992826151 1.1352153225 -0.2098922340 -0.9010500336 0.7338594008 
-0.2077510918 -0.8983466327 1.1540215912 -0.2124090114 -0.8989794294 0.9857971800 
-0.1996338437 -0.9018369857 0.9570650743 -0.2116655644 -0.9013452503 0.7365886993 
-0.1960788692 -0.9013796644 1.2217153588 -0.2079242773 -0.8992829947 0.9900890480 
-0.1726205700 -0.9110741440 1.3389436862 -0.1899513292 -0.9067670084 1.4528831786 
-0.2114721515 -0.9160391475 0.4502537038 -0.1958041494 -0.9128587621 1.3062560603 
-0.1928272739 -0.9132837951 0.9517493162 -0.2026373587 -0.9116956456 1.3045748972 
-0.1882364023 -0.9011755781 0.9805676633 -0.2191688903 -0.9013425530 0.7311450508 
-0.2019466462 -0.9142465124 0.4448690308 -0.1861974782 -0.9110488935 1.3081341349 
-0.1970220948 -0.9042514848 0.8154698523 -0.2108859303 -0.8993367310 0.7411523483 
-0.2037812869 -0.9014113864 0.9608198093 -0.2065448491 -0.9009455755 0.7358231191 
-0.2003919709 -0.9044840118 0.7231432794 -0.1993667046 -0.8983907317 0.5286348357 
-0.2015221685 -0.9047874326 0.7136694445 -0.2058691179 -0.8995947228 0.4552185716 
-0.1948617920 -0.9046690245 0.7235261191 -0.2032059503 -0.9020441431 0.4661915639 
-0.1913106342 -0.9048007865 0.7058268333 -0.2077714230 -0.9016195666 0.4666128217 
-0.2029921360 -0.9039917750 0.7190116152 -0.2067705873 -0.9004177986 0.4526826875 
-0.1862543696 -0.9104818067 0.4745696495 -0.1855754460 -0.9102890291 0.8507758109 
-0.1988623633 -0.9016291074 0.9704148396 -0.1854187273 -0.8999832912 0.7788802085 
-0.1939115024 -0.9155188050 0.4540196262 -0.1940817606 -0.9128154611 1.3041971251 
-0.1825650336 -0.9123713766 0.6869610406 -0.1820838657 -0.9111802793 1.3079771217 
-0.1947268318 -0.9123685836 0.4599149739 -0.1897750801 -0.9111725425 1.3099971818 
-0.1952613168 -0.9123459105 0.4508482277 -0.1903613130 -0.9117217786 0.7250431659 
-0.1814630618 -0.9121915598 0.5104468727 -0.1842267345 -0.9120759687 1.3086209391 
-0.1948663827 -0.9037879681 0.7253233977 -0.1978882060 -0.9025437882 0.6117661225 
-0.1883321570 -0.9153500813 0.4562838111 -0.1920989491 -0.9127602737 1.3035030300 
-0.2029456901 -0.9033017798 0.7165888814 -0.2128447507 -0.9009400511 0.4531172903 
-0.1986994585 -0.9043973468 0.7015415566 -0.2080688621 -0.9025751166 0.4613465179 
-0.1961547230 -0.9160694410 0.4420161928 -0.1974134499 -0.9137593888 1.3027230584 
-0.1993833722 -0.9154194334 0.4494250148 -0.1918219654 -0.9122750877 1.3007362342 
-0.1920282650 -0.9029635997 0.7224173651 -0.1864308798 -0.8967359764 0.4637037000 
-0.1882881730 -0.9025001787 0.7204440176 -0.1932132332 -0.9020603955 0.5927617093 
-0.1913104645 -0.9018290370 0.5688154081 -0.2083157515 -0.9020579875 0.4470542548 
-0.1903402843 -0.9044392295 0.7130234995 -0.2138956896 -0.9016768887 0.4541348094 
-0.1973065914 -0.9042478505 0.7141383340 -0.2066103545 -0.9022330511 0.4643377893 
-0.1983078790 -0.9036500648 0.7231798594 -0.2140317019 -0.9022436176 0.4550719209 
-0.1968012372 -0.9152977285 0.4439543762 -0.1926815396 -0.9122944520 1.3091372702 
-0.1999130779 -0.9038621497 0.7190418001 -0.2113571870 -0.9017950414 0.4557474490 
-0.1899824762 -0.9157147498 0.4533877238 -0.1857978268 -0.9114052892 1.3052381637 
-0.1999638417 -0.9033256157 0.7171323369 -0.2044522491 -0.9027713248 0.4623474122 
-0.1935017750 -0.9049016732 0.7212303008 -0.2051547597 -0.9016947391 0.4658469944 
-0.1966186242 -0.9037123829 0.7132552204 -0.2121299183 -0.9018825051 0.4628370185 
-0.1970318122 -0.9038580192 0.7220361865 -0.2094603479 -0.9012913557 0.4620979741 
-0.2028086091 -0.9039344346 0.7176273888 -0.2141641864 -0.9018772161 0.4557015977 
-0.2030845589 -0.9031811949 0.7024819640 -0.1989386387 -0.9018397111 0.4973909203 
-0.1929456048 -0.9032207761 0.7228466577 -0.2070841789 -0.9022015653 0.4555259335 
-0.1902333989 -0.9031642291 0.7240220018 -0.1906489764 -0.9018816253 0.4671641824 
-0.1973731287 -0.9011078832 0.9819275318 -0.2215951110 -0.9010018025 0.7238646034 
-0.1944623090 -0.9025055342 0.9790697308 -0.2041569140 -0.9012225014 0.7351500952 
-0.2087776824 -0.9172730630 0.6471059458 -0.1966714765 -0.9129141469 1.3030028033 
-0.1922584336 -0.9011007184 0.9732417482 -0.2113310244 -0.8995411242 0.7318266759 
-0.1965615736 -0.9018397667 0.9729268096 -0.2021955610 -0.9012234145 0.7425333929 
-0.2078046080 -0.9151620991 0.6922474721 -0.1914333043 -0.9127393614 1.3040188641 
-0.1977611015 -0.9021215423 0.9777699896 -0.2141749320 -0.9000542862 0.7279715750 
-0.1986993661 -0.9018751777 0.9741889958 -0.2121271087 -0.9013263870 0.7281310871 
-0.2036692340 -0.9014409360 0.9776427840 -0.2030883571 -0.9011756284 0.7349942247 
-0.1846570104 -0.9010184872 0.9831644549 -0.1902355249 -0.9000006300 0.7383887155 
-0.2064449469 -0.9006271067 0.9718034809 -0.2041138234 -0.9008024573 0.7431784352 
-0.1876160289 -0.9139914545 0.6961912188 -0.1955535280 -0.9136391049 0.9390131658 
-0.2307261757 -0.9149001082 0.4556820665 -0.1726209261 -0.9107402547 1.3031278227 
-0.1810200372 -0.8996714609 0.4484405999 -0.1721360409 -0.9097628726 1.3047237690 
-0.2179338437 -0.9153430630 0.4357232140 -0.1920414386 -0.9119544220 1.3071535756 
-0.1881610777 -0.8997028479 1.1506961462 -0.1994606009 -0.9008458851 0.9899193842 
-0.1936028490 -0.8997940171 0.8690682854 -0.1764241333 -0.8992140139 0.7857652110 
-0.1941129537 -0.8988850308 1.1525365893 -0.2058976816 -0.9000106251 0.9889100276 
-0.1940361201 -0.9037749945 0.7277113080 -0.1861514620 -0.9000192085 0.4554094158 
-0.1925929018 -0.9144351670 0.4478298565 -0.1900468763 -0.9116577979 1.3092138033 
-0.1934758694 -0.9139210416 0.9516287464 -0.1848788498 -0.9125384737 1.3075188358 
-0.1962775931 -0.9040248894 0.7151181609 -0.2232396912 -0.9021499879 0.4517294870 
-0.2253870803 -0.9164896522 0.4352813216 -0.1897250127 -0.9126816490 1.3066120674 
-0.1933059427 -0.9020447835 0.9805843843 -0.2181051047 -0.9011709465 0.7304278546 
-0.2135868330 -0.9325249662 1.3033887587 -0.2171996569 -0.9344063340 1.2189499021 
-0.2105392163 -0.9314158357 1.2961920988 -0.2075967629 -0.9327259979 1.2204131978 
-0.1941999435 -0.9283602461 1.2998099845 -0.2113552788 -0.9331859119 1.2151701733 
-0.2150225181 -0.9332574746 1.2881854178 -0.2336760973 -0.9377840415 1.2158418531 
-0.2273561559 -0.9349472592 1.3002372700 -0.2276243689 -0.9362848335 1.2024634068 
-0.2036781853 -0.9086304712 1.3403162179 -0.2191712434 -0.9069063853 1.4541593021 
-0.2004654187 -0.9088904757 1.3489660828 -0.2254521560 -0.9063796675 1.4433396547 
-0.1830085268 -0.9084212669 1.3386048223 -0.1983535178 -0.9048004998 1.4485213022 
-0.1973491160 -0.9152635445 0.4513321350 -0.1916042373 -0.9117892468 1.3067422128 
-0.1944613965 -0.9123104237 0.4517950573 -0.1877614624 -0.9107244977 1.3100687706 
-0.1944071062 -0.8993719647 1.2326299965 -0.2151369542 -0.8986629899 0.9849080222 
-0.1799442255 -0.8979310238 1.2281268277 -0.2247128256 -0.9009731507 0.9808602191 
-0.1950165911 -0.8994323705 1.2236716582 -0.2221795560 -0.9003457197 0.9857334391 
-0.2006438293 -0.9005984775 1.1365860954 -0.2071844223 -0.8993327784 0.9920447691 
-0.2252454172 -0.8984579801 0.9967852493 -0.2083061745 -0.9006458802 1.2031077091 
-0.2108200407 -0.8989144549 1.1169855163 -0.2243974351 -0.9014891060 0.9837205362 
-0.2011765132 -0.9005149979 1.1231451332 -0.2049573310 -0.9004013389 0.9869719687 
-0.2033177960 -0.9005157511 1.2183530957 -0.2163043282 -0.8979212151 0.9846790545 
-0.2054221107 -0.9009794424 1.1087945179 -0.2105519804 -0.8994112506 0.9995818642 
-0.1950554966 -0.9020339976 0.9729291904 -0.2122318406 -0.8999352807 0.7295752464 
-0.2006624335 -0.9022132280 0.9469952797 -0.2060764847 -0.9002404449 0.7404514545 
-0.2029543403 -0.9016887001 0.9717315906 -0.2045936231 -0.9016715203 0.7322814449 
-0.1933498075 -0.9026252039 0.9642365813 -0.2028521944 -0.9013747985 0.7363210462 
-0.2012475203 -0.9033365844 0.9695822048 -0.2049731151 -0.9002938974 0.8107677141 
-0.2034101319 -0.9034709325 0.7141515617 -0.2193748924 -0.9005726855 0.4536657372 
-0.1922497841 -0.9027470509 0.6197161147 -0.2025553360 -0.9020444200 0.5202537019 
-0.1999275368 -0.9042952522 0.7247995962 -0.2095858288 -0.9016739181 0.4618135221 
-0.2075667796 -0.9043445238 0.7115531756 -0.2212028093 -0.9010952207 0.4580658350 
-0.2000465056 -0.9027479146 0.9757104646 -0.2108257244 -0.8993629197 0.7394931462 
-0.1943250785 -0.9015925259 1.2331696305 -0.2105811726 -0.8992195662 0.9916035718 
-0.2200712528 -0.9025755434 0.4284921398 -0.2306217171 -0.9038951988 0.5679932017 
-0.2079593400 -0.9055841655 0.7136122717 -0.2301292735 -0.8997482650 0.4672410923 
-0.2274349451 -0.9004248109 0.4528935321 -0.2226668227 -0.9018223958 0.6988421117 
-0.1846518051 -0.9010194369 0.9833928532 -0.1898124745 -0.9000778199 0.7569514466 
-0.1979479217 -0.9006433028 1.0907816043 -0.2176339424 -0.8999252145 0.9825214684 
-0.2035694677 -0.9002177406 1.1062724961 -0.2050700706 -0.9002362010 0.9858299451 
-0.1796171391 -0.9143251225 0.4581508792 -0.1816347780 -0.9116958392 1.3099804267 
-0.1852119785 -0.8990202845 1.2218388923 -0.2316985574 -0.9011042332 0.9794776959 
-0.1932085632 -0.9035810539 0.7153928094 -0.1832660768 -0.9000411358 0.4691497992 
-0.1888292664 -0.8984020474 0.4464082780 -0.1353248583 -0.8982309935 0.9002901876 
-0.1790657421 -0.9108038597 1.3465299275 -0.2192718463 -0.9069274856 1.4442155170 
-0.1774756548 -0.9094124442 1.3451990134 -0.2009334468 -0.9025918907 1.4435514080 
-0.1768335864 -0.9129991269 0.4616803196 -0.1828065229 -0.9111568387 1.3077193042 
-0.1694354698 -0.9113637796 1.2085570610 -0.1726654987 -0.9121998643 1.0026570909 
-0.1790674423 -0.9087977957 1.2401991449 -0.1759415712 -0.9081135358 1.1386757676 
-0.2147651401 -0.9328283150 1.2900022627 -0.2150922994 -0.9343416758 1.2210919359 
-0.1743972780 -0.9092660104 1.3419052990 -0.1702235132 -0.9095937206 1.4516009032 
-0.1819951188 -0.9096540520 1.3416286486 -0.1732873554 -0.9078818470 1.4148498889 
-0.1811878223 -0.9094810970 1.3447222630 -0.1537841314 -0.9036024897 1.4464691152 
-0.1813394423 -0.9101979575 1.3322387100 -0.1829434193 -0.9045652997 1.4498661794 
-0.1770429037 -0.9096368414 1.3489433740 -0.1973760337 -0.9040635730 1.4532989065 
END
