0.0011621222 -1.6838129485 0.7297402150 0.0019412988 -1.6839646526 0.8321682833 
48 48
image_id_list 0 3 4 8 12 17 32 39 45 46 79 85 90 93 1 6 37 43 49 50 62 76 81 84 86 95 96 98 42 7 15 18 41 88 20 38 9 10 19 31 99 14 33 97 57 16 82 53 
line_id_list 99 112 124 128 138 178 217 143 71 195 80 227 117 154 74 26 127 121 41 45 91 111 116 190 117 47 98 112 119 30 148 249 53 58 101 46 202 74 163 163 107 57 116 47 76 104 125 61 
line2d_list
20.8872413635 274.9682312012 14.2960453033 298.3651123047 
580.9285888672 242.9925689697 578.7345581055 264.0764465332 
130.0958557129 366.3489685059 147.7867584229 396.1266784668 
334.8721008301 332.9755859375 331.6347045898 349.9302368164 
147.6750335693 117.6740112305 152.4308624268 142.1107635498 
88.5848464966 281.1344604492 94.4304656982 299.1844482422 
450.3217163086 319.9694213867 450.6927185059 336.0071105957 
309.3231811523 349.9103698730 307.0416259766 367.1379394531 
409.5187377930 333.9346923828 406.0968017578 359.1488647461 
37.2862663269 333.7720031738 41.5935859680 358.0720520020 
395.9991149902 248.9999694824 395.3979797363 271.0108642578 
258.8223876953 268.7843627930 263.8699035645 288.0341186523 
214.7519226074 319.9297180176 215.7982177734 346.0080871582 
10.6032180786 352.1469421387 21.2541275024 380.9058837891 
84.4790115356 335.9872131348 84.7040328979 362.0111999512 
410.3160705566 219.0231018066 411.5329284668 255.0495452881 
404.2996215820 300.9397277832 405.0927124023 318.0420837402 
548.1372070312 368.9306945801 549.6054687500 393.0240478516 
604.0879516602 289.3612365723 594.3217163086 318.7748107910 
382.7334594727 230.9975280762 382.4641418457 260.0043029785 
320.4229125977 24.1083106995 326.7913818359 58.0391540527 
420.4906921387 268.9955749512 420.3254089355 288.0115356445 
612.1561279297 233.9954681396 612.7379150391 254.0076141357 
529.4573974609 237.9989929199 529.4223632812 257.0026245117 
449.6839599609 308.0091247559 450.2031555176 326.0229797363 
593.0399169922 381.0048522949 589.8720092773 407.1058349609 
573.6928100586 361.9819335938 572.3419799805 384.9613342285 
566.5709228516 344.9512939453 564.2782592773 365.1451110840 
188.6577301025 272.7622070312 199.3171997070 302.2468566895 
661.7845458984 84.9464187622 654.1163330078 115.7802429199 
342.1347656250 132.8620452881 344.2297058105 150.0936431885 
157.5625152588 208.0740051270 161.3197784424 230.2842407227 
389.4174804688 330.7492675781 392.9994506836 351.0000915527 
713.4029541016 474.8393554688 703.8781127930 510.2362976074 
542.4996337891 321.9649353027 541.2341308594 340.0164184570 
679.5942993164 379.9244079590 675.6444702148 401.1200866699 
526.4388427734 351.9833679199 526.6009521484 366.0046081543 
414.6725463867 307.9503173828 412.2102355957 324.1835632324 
548.5977783203 280.9667968750 547.1900634766 298.0156860352 
516.3336791992 359.9669189453 516.7811279297 378.0054321289 
371.7599792480 363.9813232422 370.4335937500 381.0337219238 
760.1290893555 167.9573974609 759.1947021484 187.0584411621 
574.6284790039 355.0286560059 576.1737060547 375.0637207031 
767.5560913086 377.9672546387 766.2193603516 396.0899353027 
629.7249755859 314.9374389648 625.8023071289 332.1824951172 
644.7266235352 187.9827575684 644.9165039062 207.0008392334 
621.5289916992 192.9818115234 620.8704833984 210.0336151123 
799.2932739258 455.0466613770 793.4530639648 491.7538757324 
node_id_list 759 760 761 762 763 764 765 766 767 768 769 770 771 772 1691 3195 3196 3197 3198 3199 3200 3201 3202 3203 3204 3205 3206 3207 3785 3979 3980 3981 3982 3983 4326 4327 4856 4857 4858 4859 4860 5995 5996 5997 6376 8260 8261 8796 
score_list 11.5997929806 18.5483572622 8.5214008568 13.5710444524 14.3664517218 13.9473562021 13.3286386399 14.2770935905 14.6503725121 9.8827045617 14.1324965747 11.3613495526 14.6954770740 9.7018619459 9.4224213014 14.1607096918 14.1743833933 15.3909013088 15.8072080667 14.5319101720 12.9335453694 13.2261267460 14.7886385866 14.1377965207 14.4533537093 11.3174766037 13.7101567459 13.0675793634 10.9049735666 13.3547198657 15.0655818312 12.0574064375 15.9846682020 11.5894192293 12.7159744994 10.0712072405 10.1160578098 13.4776016845 10.7958975263 14.0239295496 13.0108839886 7.4419488254 16.4737128688 8.3467813823 6.7213531896 7.7252343657 5.0043340253 11.4301501180 
line3d_list
0.0007289598 -1.6835864848 0.8297626965 0.0012825511 -1.6836108024 0.7340351014 
-0.0000766302 -1.6847436595 0.8287288992 0.0015105114 -1.6836356351 0.7299828931 
0.0028903239 -1.6835581882 0.8307727508 0.0012361373 -1.6832304310 0.7347356017 
-0.0052764605 -1.6863763311 0.8265975421 0.0011331020 -1.6837693016 0.7323006016 
0.0009175101 -1.6837161935 0.8287533723 0.0011637659 -1.6840872220 0.7308976094 
0.0008822259 -1.6847134837 0.8291490981 -0.0007488283 -1.6843717362 0.7299082601 
0.0044751019 -1.6829663512 0.8248903464 -0.0025361589 -1.6852155165 0.7297662708 
0.0031337885 -1.6847689098 0.8286408400 0.0028768715 -1.6843943741 0.7331618113 
0.0030945403 -1.6837638058 0.8326124293 0.0051509994 -1.6825072292 0.7338642504 
0.0029154243 -1.6837297651 0.8271829301 0.0008905671 -1.6835844044 0.7288447749 
0.0003205672 -1.6846658871 0.8297364822 -0.0025924938 -1.6850649649 0.7284807327 
0.0075204803 -1.6840325143 0.8295178857 0.0019029713 -1.6836510304 0.7298966852 
0.0016029330 -1.6836438184 0.8292213907 0.0012593065 -1.6836088556 0.7306949541 
0.0029696976 -1.6842591647 0.8307472981 0.0017263994 -1.6838205717 0.7300517415 
0.0011695795 -1.6845715782 0.8286148519 -0.0000142566 -1.6840501421 0.7322122390 
0.0025764047 -1.6836928656 0.8303857674 0.0009496672 -1.6833450595 0.7336329071 
-0.0007068063 -1.6856531037 0.8250410099 -0.0006801136 -1.6854250697 0.7309043811 
0.0029995600 -1.6837628457 0.8275550420 0.0007349998 -1.6838891815 0.7313029665 
0.0025452191 -1.6837356829 0.8315602214 -0.0000339024 -1.6841004586 0.7342491257 
0.0018110697 -1.6840429227 0.8314097129 0.0007158423 -1.6834376920 0.7326485544 
0.0011076554 -1.6843793377 0.8304414294 0.0009527171 -1.6838186879 0.7310443805 
0.0015515760 -1.6843652399 0.8263271785 0.0018438603 -1.6831625941 0.7314371304 
0.0076025875 -1.6819874425 0.8313858519 -0.0011201344 -1.6854446515 0.7305688160 
0.0027666816 -1.6836930990 0.8258808809 -0.0000256830 -1.6836644745 0.7322728063 
0.0016721400 -1.6840222979 0.8295798541 0.0024972906 -1.6830089480 0.7360024100 
0.0053631011 -1.6831178193 0.8321435077 -0.0054742520 -1.6848690841 0.7318598372 
0.0024386661 -1.6840930804 0.8327534626 0.0032254165 -1.6834637702 0.7298148198 
-0.0006788153 -1.6849445228 0.8304035263 -0.0058526268 -1.6859808961 0.7324005248 
0.0012466466 -1.6836203639 0.8287922258 0.0012021940 -1.6836053088 0.7323188180 
0.0031703154 -1.6834230349 0.8297559560 -0.0011881822 -1.6842826096 0.7328433069 
0.0045461893 -1.6833684100 0.8264742284 -0.0007154396 -1.6853991076 0.7319906316 
-0.0024806543 -1.6852285311 0.8274010929 -0.0000313660 -1.6846216298 0.7299084566 
0.0028452313 -1.6836976044 0.8289531303 0.0030413015 -1.6828387015 0.7333775761 
0.0005837025 -1.6846012556 0.8317424192 0.0015937572 -1.6839324885 0.7343510225 
0.0041013011 -1.6834856926 0.8283127909 0.0008124765 -1.6856180543 0.7321994267 
0.0019257809 -1.6838333574 0.8306031836 0.0016392603 -1.6836578911 0.7349189839 
0.0068433236 -1.6835361718 0.8237205924 0.0042931094 -1.6840406688 0.7343064603 
0.0089499925 -1.6810513227 0.8306549012 0.0099702406 -1.6810119144 0.7382584879 
0.0059956146 -1.6828419805 0.8292103829 0.0078121575 -1.6815231772 0.7314190113 
-0.0032220560 -1.6867202508 0.8260371267 0.0129187750 -1.6795179834 0.7334512189 
0.0022136733 -1.6843850323 0.8302706291 0.0022115696 -1.6843535602 0.7338112445 
0.0062512208 -1.6826383734 0.8287913438 0.0116925230 -1.6800516620 0.7351809844 
-0.0000598675 -1.6853361700 0.8283468763 -0.0007376977 -1.6854570517 0.7322642820 
-0.0020818323 -1.6866838545 0.8289553248 0.0109263822 -1.6800721488 0.7380124885 
0.0034136028 -1.6838162950 0.8308623093 0.0073079933 -1.6823577972 0.7351542925 
0.0041751637 -1.6835997288 0.8292955273 0.0028170555 -1.6835842304 0.7317376293 
-0.0014632464 -1.6851392795 0.8249443193 0.0079771224 -1.6821561169 0.7309300138 
0.0019195546 -1.6843766855 0.8276907939 -0.0024449986 -1.6869452684 0.7316434255 
END
