1.0635580060 -0.0073734667 0.3221867876 1.0627629367 -0.0063173706 1.9567547856 
35 18
image_id_list 0 1 39 39 58 66 0 8 12 39 39 58 59 74 85 87 4 85 46 47 66 85 17 39 8 87 11 17 59 85 18 58 27 59 87 
line_id_list 0 3 0 1 0 198 91 1 22 3 16 4 28 65 1 22 29 67 1 26 62 18 0 18 9 190 20 5 109 10 23 27 283 137 35 
line2d_list
459.5960083008 394.4687194824 473.1404418945 358.6747436523 
646.7322998047 66.5229797363 566.8684082031 446.1826782227 
702.5805664062 488.7344360352 704.8174438477 476.7787475586 
708.5330200195 463.6960449219 714.6163940430 434.3348999023 
496.4245300293 403.8833618164 498.6387939453 373.9732666016 
373.6595153809 23.0979938507 372.4801330566 6.9649000168 
544.2211914062 173.7100982666 460.9715576172 397.3616333008 
799.2750854492 215.0846405029 752.3862304688 367.5035705566 
730.1436157227 0.5102308989 712.9393920898 65.7201843262 
774.4683837891 186.8736877441 746.4328002930 304.8652343750 
731.1593627930 366.6075439453 717.6583862305 429.9271545410 
520.8275756836 67.9156799316 505.6533508301 278.9031372070 
776.3908691406 48.8934898376 724.2858886719 346.8751220703 
525.2494506836 0.8548631668 493.8848266602 379.1562805176 
736.0089721680 21.9655857086 734.5844726562 62.9855690002 
587.2344360352 83.9519195557 569.6528930664 363.9154052734 
754.1213989258 0.9906773567 755.9835815430 224.9918212891 
734.6555175781 70.9557876587 732.5499267578 134.9851989746 
525.6427001953 0.9836324453 534.7867431641 360.0308837891 
646.3431396484 0.7266682982 590.4718627930 339.4077758789 
377.9702453613 87.0688400269 375.6939697266 53.0204582214 
727.0852661133 311.0021667480 727.9195556641 277.9727172852 
448.2697143555 0.8714672923 463.1820678711 148.1840209961 
745.8115844727 307.9537353516 734.2455444336 355.0602722168 
712.4605712891 497.5993347168 715.8830566406 484.4490356445 
565.6929321289 437.9701538086 564.4318237305 450.9447631836 
477.4437866211 0.7386192679 430.7962646484 278.4696655273 
463.5504455566 154.9485931396 467.6754455566 199.1236877441 
784.6019287109 0.9340592027 776.8106079102 47.9686241150 
731.9263916016 145.9520721436 731.2318115234 176.0053558350 
634.6085205078 289.9383850098 622.5180664062 366.7667846680 
493.6257934570 442.9749755859 495.2335205078 418.9486999512 
30.4399337769 0.6285737753 184.8635101318 599.2931518555 
714.8641357422 384.9860839844 708.5054321289 447.0517883301 
563.1887817383 416.4832763672 568.1093750000 384.0165710449 
node_id_list 0 1 2 3 4 5 697 698 699 700 701 702 703 704 705 706 1576 1577 3631 3632 3633 3634 4482 4483 4510 4511 6760 6761 8891 8896 9032 9033 11245 12022 13038 
score_list 5.1675828225 5.2898049089 2.7628583490 3.1886432589 1.8186848724 2.6810160640 4.7696167839 2.8060690437 4.3491030380 5.0341250465 2.1240974194 5.9686116229 7.0763716421 6.5210765883 3.6226272949 7.5749949921 5.9791115444 4.4747617960 3.7844779668 3.6206459557 3.6800915903 2.8031641933 5.2625157792 4.5546284968 0.9970097508 3.7155487017 4.2073740806 5.1344445128 1.9750796976 2.6998069635 2.7001496135 4.3529355639 1.9573982334 1.9065348192 2.6004098640 
line3d_list
1.0505725826 -0.0006621060 0.7962606580 1.0492957141 -0.0000683435 0.9873344044 
1.0518054277 -0.0042561409 1.9567481240 1.0588614263 -0.0007660588 0.3221802341 
1.0671216400 -0.0078171667 0.7797924499 1.0629504555 -0.0079784429 0.8279288442 
1.0594835252 -0.0038272286 0.8815587952 1.0497196947 -0.0021725590 0.9992908720 
1.0499335259 -0.0003649353 0.8918906668 1.0492969125 -0.0000689007 0.9871550789 
1.0588121613 -0.0055808286 0.9052715309 1.0574342195 -0.0050992375 0.9461926612 
1.0521415019 -0.0042882523 1.9337402951 1.0654968215 -0.0047266325 0.7877856175 
1.0621085029 -0.0060014639 1.8659983810 1.0677879386 -0.0086863696 1.2984772466 
1.0625241139 -0.0046198072 1.3366558153 1.0642076564 -0.0088564720 1.1475066938 
1.0635868509 -0.0074905388 1.9578420321 1.0627724172 -0.0062078311 1.5170113548 
1.0660963879 -0.0098437636 1.2765440055 1.0558580721 0.0021370795 1.0203161727 
1.0639801411 -0.0078957679 1.8975404223 1.0628336650 -0.0060959510 1.2844419525 
1.0632172630 -0.0069312945 1.6001758608 1.0619140975 -0.0052783232 1.0896321496 
1.0639920584 -0.0077069421 1.5052665574 1.0614186994 -0.0043467407 0.3122621032 
1.0661985909 -0.0080906617 1.6514265368 1.0608143788 -0.0058426758 1.5406738471 
1.0624187628 -0.0061305451 1.9374080176 1.0635958922 -0.0068138378 1.0815103452 
1.0633392078 -0.0066103018 1.0525716322 1.0626877730 -0.0038871274 0.3085143116 
1.0660223963 -0.0076691544 1.5192881807 1.0664298241 -0.0084471018 1.3362627521 
1.0676292905 -0.0117008179 1.7381123400 1.0611733073 -0.0043920813 0.9021331627 
1.0641845915 -0.0085751604 1.3348496458 1.0638729654 -0.0090377542 0.3381461125 
1.0623601327 -0.0068754358 0.7273781787 1.0608714597 -0.0065061361 0.8254292516 
1.0621278846 -0.0068816169 0.7580126169 1.0607795462 -0.0066640720 0.8749352213 
1.0648201958 -0.0084018241 1.8682541268 1.0765146779 -0.0105221588 1.3449790179 
1.0620554043 -0.0053735393 1.5051306897 1.0640369957 -0.0075098422 1.3219001751 
1.0663666417 -0.0077898025 0.7817625684 1.0619645842 -0.0079676746 0.8334776457 
1.0681805018 -0.0086241441 0.8384934348 1.0647994090 -0.0068088306 0.7933594831 
1.0646408258 -0.0084792854 1.6621496711 1.0654258231 -0.0089572190 0.9736209654 
1.0702225546 -0.0095397736 1.3180417929 1.0662195622 -0.0089960470 1.1426997987 
1.0620860642 -0.0061298541 1.6730360531 1.0636512437 -0.0068483001 1.6015727708 
1.0648608433 -0.0085270454 1.3033553394 1.0638097868 -0.0073600703 1.2113329093 
1.0668613244 -0.0078459914 0.9950419479 1.0692697109 -0.0089460930 0.7684998315 
1.0635953746 -0.0061132923 0.7705084807 1.0641573277 -0.0069230808 0.8481652168 
1.0628876550 -0.0060681089 2.0236957959 1.0629893268 -0.0072553216 0.9365785749 
1.0538604871 -0.0033047011 1.0126496569 1.0663175982 -0.0056260269 0.8933547601 
1.0418684156 0.0032079369 0.9006821081 1.0612134695 -0.0053419137 1.0150887994 
END
