1.4858664763 -0.0877694748 0.9218768355 1.4934800424 -0.1305025045 0.9106576417 
3 3
image_id_list 12 93 87 
line_id_list 106 275 93 
line2d_list
763.9906616211 195.9839324951 776.0043945312 189.0076141357 
647.5768432617 194.0735778809 646.1642456055 205.1484985352 
656.3904418945 471.3208312988 669.5556030273 459.5048217773 
node_id_list 7154 7155 13516 
score_list 3.0707730444 3.7976151677 3.0877503942 
line3d_list
1.4907613250 -0.1313137056 0.9119024676 1.4808252300 -0.0818587310 0.9209894806 
1.4806523175 -0.0585037139 0.9295603123 1.4938703760 -0.1326933485 0.9100824543 
1.4912648767 -0.1408494521 0.9059225283 1.4918735218 -0.0881531978 0.9274149057 
END
