1.5208446735 -0.1867004277 0.9073342215 1.5232993037 -0.0929579321 0.9411862489 
19 13
image_id_list 8 85 87 12 47 66 67 67 74 74 17 18 28 47 66 74 67 69 68 
line_id_list 24 112 107 112 130 76 172 192 81 88 75 93 227 146 172 245 158 256 177 
line2d_list
729.9685668945 506.7288208008 750.0465087891 504.4011230469 
759.0675048828 334.1381225586 782.7807006836 322.5511779785 
659.2783813477 475.3386535645 680.7468261719 457.6920166016 
758.3798217773 203.7481384277 784.6906127930 190.3905944824 
775.1763305664 229.1205444336 791.6251831055 205.0601196289 
466.3019104004 113.2905578613 487.3910827637 91.3763656616 
116.4111557007 320.6950988770 127.5228729248 299.2351684570 
121.5725936890 301.5133056641 114.5259933472 322.1793518066 
664.8279418945 249.3444824219 660.5734863281 271.9196166992 
663.0988769531 271.0264587402 668.7451171875 249.9317779541 
496.6437988281 286.4501342773 469.3617553711 298.5624389648 
607.1052246094 421.4456787109 638.0342407227 414.1450500488 
1.0309125185 448.8690490723 31.2361774445 455.9995422363 
785.1983032227 206.5696105957 773.1217651367 229.0653686523 
457.4281311035 117.3670730591 466.1824645996 107.1564483643 
658.3743286133 268.9016113281 660.7484741211 253.8032073975 
110.8592224121 322.5256652832 118.9811477661 302.9921569824 
28.1872692108 363.7697143555 12.1930274963 350.7626342773 
181.2583007812 215.8596191406 216.3545227051 254.5849914551 
node_id_list 4554 4555 4556 7165 7166 7167 7168 7169 7170 7171 8942 9082 11350 12638 12639 12640 12643 13324 13350 
score_list 1.5992465739 2.8730168808 5.1110365567 5.2762259588 5.9085177660 6.9334427640 7.7274815034 5.5535701976 6.0085630116 7.1825342093 1.4090447671 1.4849120781 1.3647410483 4.8448306633 2.5147805769 5.2774357542 6.9460921025 1.6515201544 3.2117830728 
line3d_list
1.5238227205 -0.1573721913 0.9189491115 1.5322245907 -0.1058967336 0.9441796964 
1.5189863895 -0.1598549472 0.9142620072 1.5266848759 -0.1034089810 0.9407426669 
1.5186737500 -0.1682893691 0.9109611863 1.5242509389 -0.0897998875 0.9437674201 
1.5208923826 -0.1796294225 0.9098174836 1.5231720772 -0.1004451428 0.9380208915 
1.5208716578 -0.1807722923 0.9094526644 1.5237867650 -0.0941003828 0.9417792640 
1.5220485918 -0.1698130524 0.9144177955 1.5233225216 -0.1062929771 0.9385846352 
1.5219418736 -0.1802360530 0.9124493673 1.5250673885 -0.0971161911 0.9432661870 
1.5161253798 -0.1169051743 0.9429417396 1.5197908130 -0.1880478353 0.9111418574 
1.5134620362 -0.0927269992 0.9342575916 1.5164273484 -0.1733877123 0.9073546856 
1.5219690886 -0.1777409331 0.9132486736 1.5233403599 -0.1017652030 0.9386117925 
1.5166376403 -0.0900349590 0.9371198485 1.5302141387 -0.1968252240 0.9212376060 
1.5209678843 -0.1575926833 0.9166117244 1.5342597388 -0.1039113568 0.9459310114 
1.5128682691 -0.0960312591 0.9464209133 1.5223379309 -0.1942659840 0.9143346039 
1.5110114423 -0.0898212631 0.9333912351 1.5157282321 -0.1750488923 0.9062052939 
1.5106313724 -0.1844328177 0.9065157657 1.5088519740 -0.1556464410 0.9171017151 
1.5094879043 -0.1618073100 0.9089499370 1.5062555349 -0.1083263190 0.9269212184 
1.5043727720 -0.1705853526 0.9033948301 1.5019926419 -0.0959800311 0.9315225825 
1.5226624641 -0.1610726894 0.9195542145 1.5245622780 -0.1105490864 0.9382859199 
1.5171708603 -0.0913951890 0.9354214157 1.5191279236 -0.1747154497 0.9086885857 
END
