3.7903719504 -0.5977036692 1.1068389753 3.7888730148 -0.5988772282 1.8183827266 
8 8
image_id_list 24 25 26 27 28 29 69 70 
line_id_list 9 27 98 51 127 9 9 88 
line2d_list
642.9150390625 0.6420604587 603.7827148438 119.2582168579 
321.0307922363 65.9061203003 341.4448547363 290.0505676270 
301.3306274414 91.7506713867 326.1075134277 223.9798583984 
543.9024047852 87.8409729004 555.5316162109 226.9555664062 
362.8448486328 24.7869472504 397.6576538086 162.8341522217 
478.9822082520 0.9552199841 471.7631835938 165.0335845947 
467.2478942871 117.0496215820 439.6103820801 255.1221771240 
192.9676208496 0.8326520324 208.7133789062 91.8766250610 
node_id_list 10394 10395 10396 10397 10398 10399 10400 10401 
score_list 5.9471738135 3.9443229078 3.9385710772 5.9290557745 3.9122785116 5.7225214607 5.8344293958 5.8268789271 
line3d_list
3.7904780564 -0.5980815435 1.2888981659 3.7907363197 -0.5978976009 1.1083197691 
3.7897207841 -0.5986208945 1.8183849353 3.7907349381 -0.5978985850 1.1092858408 
3.7862448191 -0.5976222229 1.8194295664 3.7881605750 -0.5971583438 1.1096352028 
3.7899035216 -0.5986699333 1.8159085266 3.7895825898 -0.5975635097 1.1068375437 
3.7858864489 -0.5975154000 1.8168379826 3.7870296301 -0.5968339290 1.1103347609 
3.7913402844 -0.5990595446 1.7992674526 3.7898320574 -0.5976346543 1.1063923928 
3.7901508613 -0.5987484099 1.8210182810 3.7903061009 -0.5977700004 1.1056554614 
3.7887017543 -0.5977779330 1.4339864313 3.7898561057 -0.5976444627 1.1084123557 
END
