3.1136788798 -2.5871985660 0.6994589589 3.1128635043 -1.9984925218 0.6989208346 
14 14
image_id_list 22 26 28 30 44 48 52 54 55 69 70 71 73 89 
line_id_list 82 221 216 92 47 36 168 43 67 347 151 111 85 35 
line2d_list
767.0962524414 114.2411270142 723.4652709961 131.6607208252 
746.0194702148 315.3643798828 595.0234375000 323.4379272461 
799.1096191406 242.1007385254 690.0950927734 252.9548645020 
472.1858520508 321.5213928223 379.5491638184 354.5407104492 
359.9679565430 211.8450164795 227.8251647949 239.1540374756 
182.3492126465 324.9565124512 41.7406234741 376.2895202637 
420.9624938965 363.7397766113 338.7959899902 375.5847473145 
226.6387481689 394.5420532227 137.6102142334 464.7735290527 
379.7163391113 391.4050292969 302.5670776367 428.1893920898 
799.3583984375 464.6360778809 720.7425537109 443.9797058105 
791.0063476562 252.2696380615 604.0154418945 256.6586914062 
474.0158081055 42.2462463379 336.0710754395 51.1064758301 
45.7572669983 137.6670074463 0.6635071635 170.5383911133 
138.8002014160 370.5068359375 13.5127086639 421.2655029297 
node_id_list 10081 10082 10083 10084 10085 10086 10087 10088 10089 10090 10091 10092 10093 11031 
score_list 9.7990166754 9.7298982165 7.1367632648 8.6705018223 4.6315821421 2.9341090457 7.8326795461 5.4409479094 2.9641894502 8.8763689277 9.1189103227 10.6323617958 4.2309354577 4.8800984136 
line3d_list
3.1151576750 -2.5827494098 0.6988459668 3.1124375146 -2.1892729450 0.6993400048 
3.1140164353 -2.5880121916 0.6995137672 3.1148478904 -2.0036906949 0.6976966832 
3.1154787196 -2.3722831057 0.6976698459 3.1103336421 -1.9978080571 0.7002131911 
3.1106431981 -2.5781096682 0.7010645647 3.1152408201 -2.0053510471 0.6978710452 
3.1086314089 -2.5841286309 0.7019436239 3.1082274869 -1.9934838469 0.7008659370 
3.1148588808 -2.5906607585 0.6986506969 3.1131105497 -1.9984920247 0.6990903276 
3.1086260387 -2.5762759315 0.7019292959 3.1082333205 -2.0020140795 0.7008815012 
3.1134443553 -2.5765449171 0.6998550315 3.1132292040 -2.0055975432 0.6987377976 
3.1091621305 -2.5672301907 0.7025777283 3.1074235019 -1.9993964921 0.7024432711 
3.1136946599 -2.2860449923 0.6990561095 3.1132452784 -2.0001929839 0.6987156201 
3.1107629685 -2.5872016995 0.7004491613 3.1068382219 -1.9986185550 0.7011357437 
3.1151869790 -2.5869882931 0.6988406446 3.1111325630 -2.0005091620 0.6995770113 
3.1097947577 -2.5846966141 0.7016744970 3.1062406371 -2.3989366001 0.7021316947 
3.1128508136 -2.5841950166 0.7002520679 3.1105453588 -2.0009691558 0.7004468817 
END
