2.1192267892 -2.9993675414 0.7239838287 2.1180813628 -2.9972191916 0.8312136273 
26 26
image_id_list 9 13 14 16 19 23 33 34 38 82 83 30 44 48 51 52 54 55 56 73 78 80 89 53 71 94 
line_id_list 105 11 72 93 57 108 103 53 160 95 69 19 5 32 58 86 24 22 106 68 19 25 13 111 32 12 
line2d_list
91.5434341431 417.0249328613 90.5064468384 398.0269470215 
430.8933105469 292.9851379395 434.2467956543 268.8951416016 
256.7794799805 259.8712158203 253.3225402832 238.9467163086 
130.4956817627 320.8479919434 124.1792831421 300.2516784668 
55.8057556152 334.9403076172 54.1054344177 311.9921875000 
341.3763122559 133.0212249756 341.6853637695 112.9797286987 
17.1208515167 446.1180419922 14.1481227875 423.9801025391 
278.8461608887 189.1555633545 276.1263732910 168.9829559326 
6.9628953934 453.0693359375 5.0862855911 424.9942321777 
157.4956817627 285.9045410156 153.6740264893 266.0627746582 
425.5557861328 369.9639587402 427.1809997559 349.9335632324 
763.7458496094 353.9468383789 769.0066528320 328.7922363281 
630.1845092773 264.2715148926 636.2461547852 237.8272094727 
468.6174621582 330.9800720215 469.9738769531 304.9465332031 
44.3915939331 355.9236450195 39.1359024048 328.9735107422 
620.3726806641 374.9600830078 621.5847167969 355.9099426270 
489.0706787109 346.9933471680 486.8009948730 322.9244689941 
597.8741455078 378.0094299316 596.3687744141 357.8975524902 
99.9100189209 441.0126342773 95.2717285156 407.9618530273 
375.3414916992 103.1132736206 370.0183410645 72.1688690186 
402.9989013672 360.0561828613 404.4097290039 334.9667968750 
99.9821395874 304.0001220703 99.8086242676 276.0011901855 
391.2118225098 380.0158081055 392.8605346680 357.9150085449 
18.7078094482 346.0013122559 18.5872917175 318.9973754883 
634.2345581055 161.8399505615 643.3510131836 118.2370758057 
702.2687988281 25.7349052429 711.4409179688 0.4347820580 
node_id_list 5586 5587 5588 5589 5590 5591 5592 5593 5594 5595 5596 7336 7337 7338 7339 7340 7341 7342 7343 7344 7345 7346 7347 8311 11494 11495 
score_list 4.4661006831 11.5532019874 8.4803640241 3.8959649084 4.0132575020 7.8561484305 4.9412102243 9.6536279370 4.8034949892 4.2549464730 12.5746986263 11.2283254349 12.9744333451 13.0219698183 9.7500251433 10.8924171618 15.1508079760 10.5951759818 9.8261459528 13.2960407071 10.7904378087 10.8993914581 11.4734620074 6.8134761828 6.5133735310 7.4196474820 
line3d_list
2.1197207956 -2.9973940726 0.7341273967 2.1180221840 -2.9966596615 0.8292234115 
2.1173320176 -3.0020673840 0.7229421619 2.1179250960 -2.9968360034 0.8291141353 
2.1196762503 -2.9977872328 0.7286385262 2.1186596342 -2.9963328582 0.8278380961 
2.1172858371 -3.0018176344 0.7313634154 2.1192406734 -2.9944380063 0.8308107193 
2.1184859690 -3.0024159678 0.7240369905 2.1184417617 -2.9952940845 0.8308985280 
2.1194165165 -3.0000497666 0.7282640594 2.1182243540 -2.9952499774 0.8302041777 
2.1196923017 -2.9973817530 0.7357226179 2.1179664075 -2.9966355460 0.8323460321 
2.1197998265 -2.9974874638 0.7281988264 2.1181435532 -2.9964201052 0.8298454060 
2.1191444887 -2.9995693783 0.7341980989 2.1184744814 -2.9969592239 0.8290303927 
2.1193313205 -3.0002967142 0.7307023393 2.1179777085 -2.9967853017 0.8305231965 
2.1188621201 -2.9991712688 0.7276351369 2.1170403259 -2.9983979525 0.8292629217 
2.1182695574 -2.9977284420 0.7324796790 2.1186312939 -2.9978702916 0.8289620108 
2.1192486526 -2.9990519190 0.7338395336 2.1178238450 -2.9974037706 0.8319984401 
2.1183410735 -2.9993998979 0.7283240986 2.1176236326 -2.9976161862 0.8279771911 
2.1191761841 -2.9987572573 0.7291519994 2.1181677985 -2.9972609841 0.8290860216 
2.1184062409 -2.9953765935 0.7326405439 2.1181638933 -3.0001481663 0.8273566526 
2.1185436644 -2.9976622291 0.7253675311 2.1184151246 -2.9984703444 0.8292721918 
2.1181558554 -3.0009067001 0.7280760900 2.1180230869 -2.9976324771 0.8277617336 
2.1192075364 -2.9985103089 0.7309791850 2.1184860310 -2.9965682165 0.8293021203 
2.1196279803 -2.9998128779 0.7304241381 2.1180242625 -2.9969377547 0.8301331851 
2.1191587209 -2.9987102622 0.7283626581 2.1181555620 -2.9972447555 0.8305291721 
2.1196345111 -2.9977275205 0.7327113619 2.1186251737 -2.9962835588 0.8312006909 
2.1188926596 -2.9976540135 0.7317153603 2.1172808495 -2.9995279613 0.8298837587 
2.1195052604 -2.9988281798 0.7288176699 2.1177727154 -2.9989128795 0.8286027936 
2.1235846707 -3.0062327359 0.6502031504 2.1255551781 -3.0113541782 0.7967801086 
2.1201327700 -3.0009820519 0.7306184314 2.1180179405 -2.9966867561 0.8018792817 
END
