-0.0004943925 -1.1728842169 1.4017660717 0.0017378322 -1.1435818437 1.4030999278 
4 4
image_id_list 42 59 64 92 
line_id_list 111 172 143 45 
line2d_list
317.8800659180 39.1378479004 331.1791381836 37.2878150940 
60.9910812378 126.0328140259 73.0084991455 125.9220046997 
187.0803833008 112.5844497681 201.9123229980 115.4532699585 
53.8039817810 183.2593536377 81.1330795288 180.1817932129 
node_id_list 12231 12232 12233 12234 
score_list 1.7944338999 0.9752486965 0.8876548497 1.9439690227 
line3d_list
-0.0005415275 -1.1737405946 1.4014110865 0.0012503454 -1.1432981639 1.4031504113 
-0.0004374289 -1.1719720459 1.4015121323 0.0011936805 -1.1442608533 1.4030954081 
0.0023397860 -1.1731114672 1.4020153115 0.0007610266 -1.1420249410 1.4031104187 
-0.0015407010 -1.1758860506 1.4012703514 0.0018583613 -1.1435931483 1.4031465643 
END
