-0.1893355319 -1.2835307086 1.0155483954 -0.1897027890 -1.2853536321 1.1820981199 
8 8
image_id_list 0 3 12 87 90 1 4 93 
line_id_list 112 117 158 212 198 242 196 229 
line2d_list
106.7821884155 231.9386901855 116.3105239868 198.0874023438 
660.5269775391 193.9333190918 665.4618530273 158.9241485596 
238.0161285400 48.1309204102 232.1238098145 3.8504576683 
60.0299911499 350.0582580566 57.2631034851 303.9841918945 
316.5531005859 251.0052490234 316.3933715820 206.9985656738 
162.4254455566 258.0014038086 162.5588073730 217.9951934814 
170.4416351318 217.2873687744 142.2961425781 161.3541870117 
70.5889511108 245.8088073730 55.7452621460 200.0826873779 
node_id_list 901 902 903 904 905 2011 3245 3246 
score_list 10.9698190606 16.1565400339 8.3282042538 12.5291438648 14.1404045106 9.9642240915 8.1085946822 10.7663911192 
line3d_list
-0.1815313962 -1.2875043903 1.0203828035 -0.1851341666 -1.2880779481 1.1757726937 
-0.1756749109 -1.2880251448 1.0195850692 -0.1812971474 -1.2886563742 1.1799083406 
-0.1876254767 -1.2836923397 1.0120158102 -0.1903550208 -1.2858992055 1.1806432359 
-0.1785416354 -1.2855228365 1.0155503926 -0.1817317116 -1.2862775151 1.1828970806 
-0.1776210394 -1.2853915656 1.0157515459 -0.1828557386 -1.2864414058 1.1846760741 
-0.1814913117 -1.2874974851 1.0173977682 -0.1862630107 -1.2882372226 1.1754483610 
-0.1875727501 -1.2848780107 1.0119399542 -0.1893517459 -1.2853806993 1.1820985977 
-0.1847908806 -1.2864191495 1.0171065322 -0.1870443236 -1.2870354806 1.1819730634 
END
