1.6177238374 -0.1234132301 1.1297640531 1.6356319679 -0.1326938826 1.2907745263 
13 9
image_id_list 0 39 0 39 74 27 29 67 27 28 27 87 69 
line_id_list 43 46 106 64 145 34 22 98 57 197 310 72 4 
line2d_list
581.7679443359 379.8881530762 597.3013916016 347.6632385254 
783.0352783203 427.3371276855 789.5948486328 407.1936950684 
594.7139282227 346.8374023438 585.2131347656 363.5527648926 
786.1426391602 405.7807312012 780.9118652344 426.2332153320 
749.4652709961 123.3285675049 735.8786010742 154.3843841553 
322.2457275391 363.0630493164 321.4656372070 328.9893493652 
10.2736749649 265.9762268066 11.7454099655 220.9916687012 
159.4075164795 171.0102996826 158.6738891602 200.0422973633 
324.7206726074 366.9568481445 326.5808105469 398.0250854492 
0.8604712486 357.0477905273 8.4450597763 379.1900939941 
316.8104248047 353.0119018555 315.6175537109 334.0240173340 
725.0783691406 336.1886596680 719.9776000977 365.3459777832 
56.6117477417 255.9128723145 67.7733383179 206.1735382080 
node_id_list 363 364 832 833 834 11163 11164 11165 11175 11176 11257 11258 11341 
score_list 2.6942162175 5.0122566386 4.3235962561 4.3699726443 4.5303319188 2.6132497526 0.8923424198 3.1525003352 2.2894907658 1.5446328435 1.5271938349 2.0660474831 1.8045695191 
line3d_list
1.6170581278 -0.0789686206 1.1323998854 1.6431689947 -0.1270921927 1.2916911507 
1.6258838289 -0.1164413438 1.2219147147 1.6391190435 -0.1208238446 1.2893560080 
1.6324656609 -0.1295564905 1.2908128277 1.6193194974 -0.1225400786 1.2088289929 
1.6401350820 -0.1327635093 1.2923158356 1.6297497132 -0.1261277027 1.2253810300 
1.6346312150 -0.1292281309 1.2910855996 1.6231903675 -0.1219192188 1.2149596744 
1.6230216880 -0.1257694836 1.2025811283 1.6387536232 -0.1331177261 1.2882004773 
1.6245689338 -0.1245529224 1.2036389211 1.6342022795 -0.1379253640 1.2897552235 
1.6334426815 -0.1353344243 1.2888839061 1.6259974283 -0.1266895647 1.2158167452 
1.6232256263 -0.1305131123 1.1917156949 1.6198498675 -0.1218057820 1.1078570013 
1.6252427398 -0.1269557721 1.1944410356 1.6156133669 -0.1244914286 1.1238810169 
1.6219917267 -0.1163922605 1.2305950148 1.6276652045 -0.1198716735 1.2792892017 
1.6269252876 -0.1175309417 1.2864797125 1.6219903412 -0.1186272997 1.2145380978 
1.6219718978 -0.1251683030 1.1641648034 1.6331415199 -0.1343870115 1.2882309245 
END
