-0.2398667049 -0.3730584175 1.7468823488 -0.2398407273 -0.3745024152 1.9678238501 
7 7
image_id_list 0 1 46 79 87 90 64 
line_id_list 211 231 278 75 152 183 70 
line2d_list
309.9023132324 91.3240432739 297.2002258301 130.7422790527 
343.0327453613 33.8314208984 338.7355957031 83.9773406982 
354.9349670410 16.0765972137 359.3916625977 78.0437545776 
743.1480102539 0.6539792418 737.3153076172 31.8720798492 
284.5685729980 102.0000381470 284.5729370117 155.0001220703 
546.2808227539 0.8284413815 540.2734985352 61.0272903442 
508.9124755859 0.5536289811 497.5066833496 53.8945121765 
node_id_list 1224 1225 1226 1227 1228 1229 12590 
score_list 7.8587788099 7.8575302845 8.8819242384 3.9708079442 9.1213801540 9.5412838029 6.4565690015 
line3d_list
-0.2309017987 -0.3790548102 1.9653623220 -0.2302560806 -0.3772486485 1.7485357475 
-0.2309021839 -0.3790558879 1.9654916996 -0.2302510721 -0.3772346389 1.7468539238 
-0.2398782847 -0.3743445656 1.9770678299 -0.2398282067 -0.3726932732 1.7401265666 
-0.2397302069 -0.3768363615 1.8623018232 -0.2419480743 -0.3766476691 1.7485458069 
-0.2423591756 -0.3742457430 1.9686834590 -0.2462686709 -0.3726615938 1.7506103884 
-0.2450974403 -0.3713242040 1.9678452399 -0.2467833960 -0.3687982970 1.7461805742 
-0.2481852291 -0.3713346209 1.9048075833 -0.2506466788 -0.3686118364 1.7603324767 
END
