1.5175282106 -3.0064309358 1.6730162889 1.5160071839 -3.0031507219 1.9887301538 
19 13
image_id_list 20 56 56 77 77 96 98 38 88 88 38 89 48 51 52 54 55 89 55 
line_id_list 100 70 114 76 86 115 62 57 127 159 145 137 53 121 170 30 131 41 199 
line2d_list
84.6494979858 71.9377441406 92.2348098755 151.0733489990 
283.2581481934 0.9868024588 287.2482604980 79.0384292603 
289.5150146484 78.9722671509 286.1779174805 16.9904212952 
73.4509429932 148.8670654297 41.9512519836 42.0143699646 
28.7925701141 3.7749357224 70.1786727905 149.5171966553 
41.0054397583 73.9014205933 49.6564064026 162.1317443848 
88.8574066162 18.9910621643 89.7540130615 105.0025634766 
174.3887786865 43.9960670471 175.3598937988 140.0064697266 
85.2694015503 1.9995476007 85.3298568726 37.9994468689 
83.6466903687 38.0099220276 84.1838302612 3.0028207302 
177.2925872803 142.0014801025 177.5004882812 101.0025405884 
557.4598999023 159.0528564453 566.0841064453 84.0096664429 
684.4248046875 3.0524673462 678.2365722656 53.1527404785 
177.1917419434 4.9779191017 183.5342254639 60.0536384583 
761.7327880859 98.0340042114 758.3920288086 170.0181884766 
630.2979125977 4.9890685081 632.9771728516 78.0008392334 
726.4796752930 82.9870758057 728.5267333984 158.9858093262 
569.7001953125 66.9668807983 559.5277099609 159.0582885742 
726.7941284180 159.0043334961 725.5289916992 98.9888458252 
node_id_list 9420 9421 9422 9423 9424 9425 9426 11948 11949 11950 11992 11993 12693 12694 12695 12696 12697 12698 12998 
score_list 0.7706966593 5.4807142658 4.8393171269 3.8477053669 4.6370627287 1.9810225487 1.8953858865 2.8905192252 4.4000140803 3.9138715754 1.9683995161 4.1328051485 5.2747006221 6.8291717580 4.9601155808 4.9435801641 3.8391309220 6.2864426429 2.2826666382 
line3d_list
1.5147353117 -3.0063103936 1.9749378105 1.5244667837 -2.9950152476 1.6749322727 
1.5162536273 -3.0045275680 1.8732828901 1.5184362288 -3.0052132949 1.6732733578 
1.5161677665 -2.9928500263 1.6728686313 1.5146457823 -2.9934679243 1.8319354180 
1.5162779520 -2.9934171513 1.6722913038 1.5144019300 -2.9967120699 1.9136482790 
1.5175193121 -2.9984719919 1.9948664100 1.5218130631 -3.0001103607 1.6718326277 
1.5158809328 -3.0033914893 1.9779108119 1.5273138623 -2.9880082060 1.6763701414 
1.5172321305 -3.0011877508 1.9887156603 1.5313773703 -2.9813937910 1.7073020025 
1.5161923384 -3.0028393300 1.9857321690 1.5239968218 -2.9931534855 1.6817151033 
1.5174959652 -3.0024084281 1.7920142563 1.5171840850 -3.0037620752 1.6877670099 
1.5213575045 -2.9972408458 1.6867697811 1.5201511768 -2.9982849288 1.7883168935 
1.5158845717 -2.9945514023 1.6751749921 1.5182592327 -2.9863083695 1.8080542198 
1.5193335405 -2.9833915098 1.6873140537 1.5174357478 -2.9829654264 1.9362103303 
1.5172473386 -3.0074250745 1.8164374508 1.5167615080 -3.0040431673 1.6809208327 
1.5164833297 -3.0045997356 1.8522333890 1.5182746498 -3.0051625302 1.6880801552 
1.5158677735 -3.0016082907 1.9881711688 1.5175139247 -3.0072638006 1.6912736682 
1.5162910856 -3.0028774066 1.9516297866 1.5167875649 -3.0052886264 1.7104535537 
1.5154563380 -3.0028444243 1.9870654692 1.5175447885 -3.0072206850 1.6899464546 
1.5156987942 -3.0019552478 1.9922855401 1.5175050890 -3.0074563480 1.6865316455 
1.5192266064 -2.9836198545 1.6906769479 1.5170499891 -2.9843463400 1.9248019629 
END
