2.5871319846 -0.4300294140 -0.0008629742 2.4802055009 -0.3245461377 0.0014290568 
5 4
image_id_list 29 69 75 75 68 
line_id_list 273 336 114 129 124 
line2d_list
350.0963134766 518.2985839844 310.9740600586 530.9196166992 
273.9766845703 540.7756958008 243.9886779785 543.8909301758 
387.3085937500 500.8119506836 300.8428344727 427.1845397949 
302.5504455566 425.3536071777 388.4357604980 498.4882507324 
690.9575805664 450.1813049316 638.9887084961 448.3141479492 
node_id_list 11456 11457 11458 11459 13346 
score_list 1.8611408106 1.9520469558 0.9932799593 1.7454527649 1.8193408499 
line3d_list
2.5878204515 -0.4310981227 -0.0002045863 2.4803550143 -0.3243771977 0.0006291549 
2.5812997808 -0.4224966813 -0.0016618559 2.4910966099 -0.3380949046 0.0021580286 
2.5895969909 -0.4324916671 -0.0009845781 2.3614043998 -0.2070358377 0.0031749516 
2.3655924650 -0.1961069680 -0.0068010059 2.5935594826 -0.4233574252 -0.0080677114 
2.5857049196 -0.4285220136 -0.0011704791 2.4902371341 -0.3350643492 0.0023579957 
END
