2.1830745764 -2.9974740020 1.5445992564 2.1836390192 -2.9960150635 1.5963002283 
4 4
image_id_list 13 30 48 89 
line_id_list 3 38 49 91 
line2d_list
442.6170349121 70.9564819336 440.7839050293 87.0890731812 
794.1431274414 107.8257751465 790.8204956055 124.1668319702 
462.6531066895 81.9939575195 462.3737487793 98.0239410400 
386.5356750488 169.9935913086 386.3556823730 183.0187377930 
node_id_list 7290 7291 7292 7293 
score_list 3.8862753211 2.8083434591 3.8163941890 3.8824035891 
line3d_list
2.1833903852 -2.9969527218 1.5996272464 2.1830855170 -2.9969943758 1.5416485717 
2.1831895735 -2.9954403298 1.5970738877 2.1840949505 -3.0009914185 1.5436045080 
2.1833664482 -2.9943154044 1.5960547012 2.1831021038 -2.9975372086 1.5446007395 
2.1833707453 -2.9958595927 1.5962987699 2.1831104434 -2.9988609194 1.5456951899 
END
