-0.2142083303 -0.9311363555 1.7059588643 -0.2194085072 -0.9013030791 1.9674961332 
4 4
image_id_list 9 20 84 99 
line_id_list 239 127 182 217 
line2d_list
663.5119018555 205.3637695312 670.3224487305 158.3363494873 
736.9139404297 146.2307586670 753.1840209961 81.7939758301 
731.3493652344 24.8332347870 737.8613891602 -0.5733988285 
527.2679443359 216.2574157715 537.0227661133 168.2076263428 
node_id_list 6126 6127 6128 9445 
score_list 4.0391705452 3.6440677077 2.8052501847 4.2531135608 
line3d_list
-0.2168593136 -0.9327642866 1.7051589019 -0.2326437677 -0.9043692582 1.9682851629 
-0.2276359162 -0.9335508783 1.7016778011 -0.2217261255 -0.9015405964 1.9689542013 
-0.2194322453 -0.9333538160 1.7061079399 -0.2096627831 -0.9192054530 1.7982341304 
-0.2161011914 -0.9308352131 1.7096585361 -0.2174259010 -0.9010428151 1.9675058656 
END
