-0.1863756268 -0.9085127519 0.4428833401 -0.1888886111 -0.3660264655 0.4422760184 
39 38
image_id_list 0 1 4 12 46 47 59 64 66 74 90 92 93 17 58 79 85 87 11 42 50 8 20 37 39 45 84 86 98 10 31 57 62 65 76 18 19 43 92 
line_id_list 39 36 69 13 42 47 44 89 54 97 23 42 37 58 17 89 38 19 84 55 91 154 134 42 164 105 93 48 159 99 47 136 88 88 92 95 119 171 47 
line2d_list
227.0279083252 358.3982238770 160.9844207764 355.3361511230 
319.7373962402 348.9993591309 252.6351165771 366.6096496582 
396.6778564453 231.6609802246 338.2354736328 287.1954650879 
437.7931213379 152.4999542236 336.7835083008 166.4302215576 
379.0405578613 387.5281372070 255.9217834473 396.9813842773 
247.8540039062 237.6257629395 122.2455825806 286.6294860840 
338.8936462402 417.9420471191 180.9814605713 433.8155517578 
407.0465087891 493.8341979980 234.0027923584 486.9298400879 
79.4177093506 75.5617218018 0.4118879139 107.5473403931 
125.4789276123 320.2310791016 10.4466409683 398.1834106445 
513.0175170898 366.1722412109 405.9042053223 377.0574035645 
430.6296997070 437.8423461914 276.9956054688 486.9862976074 
271.5176391602 296.1706237793 206.4323120117 334.0239257812 
346.7321777344 286.7601318359 258.7340087891 305.7685546875 
315.9944152832 421.8229980469 198.9846954346 425.5148925781 
686.0952758789 339.8426513672 566.9967041016 330.0397338867 
532.7521972656 284.5054931641 432.8458557129 301.0703735352 
289.9970092773 452.9857177734 170.7741088867 477.9199218750 
312.1366271973 252.5848999023 195.9643096924 241.3697509766 
696.0890502930 370.5030822754 515.0158081055 359.7343139648 
799.3303222656 397.2886352539 623.9169921875 363.4299621582 
552.1666870117 445.3047485352 460.8979797363 423.4255676270 
799.3239135742 438.5802001953 709.9565429688 418.1905212402 
661.0741577148 369.2725524902 555.9673461914 364.7611694336 
531.1204223633 440.1565551758 439.8391418457 427.1269836426 
758.2838134766 504.8632507324 603.9197387695 466.3215026855 
799.2774047852 331.6838073730 707.0433349609 320.6380310059 
728.1167602539 389.5574035645 613.9741821289 380.3190307617 
799.3566894531 468.4886474609 743.9050292969 455.4023437500 
651.3141479492 434.9154663086 549.8485717773 405.5227661133 
799.3530273438 458.2788391113 682.1207275391 443.0692443848 
799.5186157227 440.5337829590 776.2467651367 432.3023681641 
799.3430786133 270.0532836914 614.3555908203 203.0187072754 
508.1638488770 117.1701889038 330.0696716309 101.2220687866 
700.1196899414 363.9324645996 584.0097045898 350.9132080078 
470.0219421387 278.6967468262 354.9872131348 276.7598571777 
799.3430786133 395.5213928223 693.9822998047 371.0761718750 
799.0576171875 451.9415893555 780.9479980469 450.9554443359 
238.9101409912 492.7100830078 427.4648437500 434.2732849121 
node_id_list 311 312 313 314 315 316 317 318 319 320 321 322 323 1643 1644 1645 1646 1647 3714 3715 3716 4909 4910 4911 4912 4913 4914 4915 4916 6443 6444 6445 6845 6846 6847 7034 9271 9454 12064 
score_list 8.3034943289 15.6251942501 17.7724265711 12.3341094861 8.4547348525 15.4557850418 15.2778031334 16.7646860000 15.2673680644 16.6941116159 15.8184412822 16.9438241540 15.6359912826 10.4982891733 9.1230418606 10.8706177079 14.0464278041 15.3106035118 13.2180832522 12.8384210608 8.7333174881 11.7741216702 7.5450896638 5.5412242000 8.1838190708 8.0174382548 8.2747262780 9.5861729089 2.9459656971 2.8444840288 3.7069064169 3.5597408033 10.3540734571 15.7791279845 6.6511713479 14.0437651182 2.9396580498 10.6674065691 15.9298830615 
line3d_list
-0.1934939752 -0.3738923698 0.4382356931 -0.1795169934 -0.8156825190 0.4479291606 
-0.1818905595 -0.3833622976 0.4447235909 -0.1871052439 -0.8037937422 0.4425077245 
-0.1878806417 -0.3731067812 0.4418365303 -0.1860243126 -0.7832440719 0.4430994151 
-0.1872477518 -0.3733357053 0.4423935807 -0.1761672882 -0.8935483611 0.4472733840 
-0.1797603083 -0.3759240582 0.4456129363 -0.1945679583 -0.9085486078 0.4395929571 
-0.1887010373 -0.3738843162 0.4418262731 -0.1850892138 -0.8942342709 0.4436166163 
-0.1885515696 -0.3716313081 0.4420534376 -0.1851606627 -0.8996309503 0.4430339463 
-0.1853904309 -0.3727210247 0.4438820621 -0.1876984422 -0.8936865943 0.4425089761 
-0.1875351580 -0.3722522611 0.4427025472 -0.1857268509 -0.6705648757 0.4435324211 
-0.1897446394 -0.3695888912 0.4410520290 -0.1854605877 -0.8505942433 0.4434151786 
-0.1813673631 -0.3803842070 0.4452928466 -0.1810871250 -0.8918670949 0.4448428573 
-0.1883637314 -0.3720903156 0.4422893428 -0.1848930916 -0.8140992785 0.4439136065 
-0.1850070058 -0.3769847551 0.4433573500 -0.1875603997 -0.8047709235 0.4425386931 
-0.1881262694 -0.3729989001 0.4417335742 -0.2065222644 -0.8905700224 0.4346453688 
-0.1995864018 -0.3710045843 0.4380934926 -0.1990195017 -0.9085765751 0.4381917316 
-0.1843159983 -0.3708990734 0.4439723540 -0.2013131717 -0.8986453444 0.4374827240 
-0.1863189407 -0.3739406026 0.4424913007 -0.1943713514 -0.8931438509 0.4397352155 
-0.1850057569 -0.3767755169 0.4433577504 -0.1881490238 -0.9033868375 0.4423499713 
-0.1898610311 -0.3711695124 0.4421291903 -0.1852227642 -0.8904493604 0.4428429722 
-0.1898553313 -0.3711636647 0.4416432930 -0.1870851944 -0.8491870270 0.4428349622 
-0.1920586239 -0.3848972784 0.4410619267 -0.1852188939 -0.8966368111 0.4437137372 
-0.2071314733 -0.3647101062 0.4352732210 -0.2099372218 -0.8957079235 0.4340948000 
-0.1902769652 -0.5212590830 0.4419991096 -0.2055402905 -0.8960414738 0.4362133128 
-0.2030397029 -0.3706553425 0.4369217473 -0.2148473271 -0.9062985576 0.4321149855 
-0.2046101225 -0.3665155702 0.4359101786 -0.2167239124 -0.8998316901 0.4313627858 
-0.1883643800 -0.3697783885 0.4428362550 -0.1988196423 -0.9046276045 0.4385745915 
-0.1915218493 -0.5313018368 0.4415492407 -0.1987564095 -0.9013928682 0.4386003658 
-0.1878421938 -0.3700896911 0.4428018140 -0.2200868644 -0.8923596360 0.4312538433 
-0.1950558771 -0.6845028487 0.4402452084 -0.1968432610 -0.8989127932 0.4397817286 
-0.1278726582 -0.3690894770 0.4645842621 -0.2005517097 -0.9020631789 0.4371814565 
-0.1495045547 -0.4067649715 0.4574304968 -0.2268318975 -0.9194234484 0.4287259049 
-0.1795370932 -0.7985860994 0.4448871923 -0.2052709487 -0.9103668477 0.4354610757 
-0.1881302761 -0.3660217557 0.4433451975 -0.1842509504 -0.8360047953 0.4449817956 
-0.1923015181 -0.3715471340 0.4405084149 -0.1884627562 -0.8782742874 0.4416964558 
-0.1843360393 -0.3715213269 0.4439647022 -0.2012928613 -0.8980147263 0.4374904786 
-0.1956089535 -0.3703578392 0.4399165047 -0.1936026859 -0.8963686925 0.4406778634 
-0.1367927007 -0.4065116363 0.4614530043 -0.1997012300 -0.9070039324 0.4374094987 
-0.1856792181 -0.8322684048 0.4432870955 -0.1871769862 -0.8901462576 0.4426967017 
-0.2164290309 -0.9011894976 0.4273584176 -0.2138695220 -0.3660689347 0.4292396310 
END
