-0.0712126342 -2.1478798467 1.0492203629 -0.0706307845 -2.1468925862 1.1063604879 
4 4
image_id_list 42 50 53 88 
line_id_list 82 53 25 15 
line2d_list
36.1714477539 188.9215698242 26.8745479584 168.5998992920 
268.9798889160 145.0006866455 268.3600769043 126.9876098633 
716.2403564453 324.0357971191 719.0747680664 305.0111389160 
638.1498413086 327.0341186523 642.0775146484 309.7898864746 
node_id_list 12220 12221 12921 12922 
score_list 4.7878050145 5.5505267468 8.3156566926 8.6328703923 
line3d_list
-0.0911021777 -2.1702938199 1.0401677798 -0.0878556886 -2.1661537791 1.1038608588 
-0.0901864003 -2.1600476235 1.0496238035 -0.0908763327 -2.1599465374 1.1105753989 
-0.0884928927 -2.1702033482 1.0476867289 -0.0871353414 -2.1685353283 1.1073332933 
-0.0819935712 -2.1605319892 1.0514818829 -0.0802579425 -2.1579893626 1.1066502486 
END
