3.1670559788 -1.4297804461 0.8813430907 3.6778212865 -1.4425231860 0.8745235122 
7 5
image_id_list 22 26 27 28 28 69 22 
line_id_list 87 162 213 108 163 288 111 
line2d_list
610.6311035156 112.2360000610 479.9936828613 70.0195083618 
469.0729064941 276.5970153809 479.3215026855 258.1788940430 
733.9389038086 259.0465087891 756.8372802734 289.1239013672 
548.0288696289 209.9953460693 558.8546142578 187.9286804199 
558.2532348633 188.6429443359 548.4227905273 209.2021636963 
593.3184814453 330.8338012695 586.4804687500 358.8732910156 
480.2138061523 66.3436355591 608.9332885742 108.2745513916 
node_id_list 10106 10107 10108 10109 10110 10111 10223 
score_list 3.4413581469 1.3004171808 3.0201777135 1.8843874728 1.7545892688 0.9902111261 2.9807900397 
line3d_list
3.1599828734 -1.4314345502 0.8808159588 3.6764876516 -1.4419325117 0.8746431954 
3.3217406975 -1.4492030261 0.8843942647 3.6392740922 -1.4507424386 0.8836930826 
3.6905526916 -1.4370163473 0.8844986036 3.1615061359 -1.4320409672 0.8781673670 
3.3369326258 -1.4336875787 0.8803672398 3.6332437800 -1.4411463427 0.8888645750 
3.6399637946 -1.4365405877 0.8838931932 3.3476382289 -1.4337914330 0.8803948577 
3.8271005237 -1.4460261174 0.8944238180 3.2270951596 -1.4309227428 0.8772174234 
3.6779848590 -1.4422851520 0.8863298067 3.1671919051 -1.4293645983 0.8907465196 
END
