1.3412059093 -0.0151654471 1.1253015106 1.7101777753 -0.0107444720 1.1242259847 
14 13
image_id_list 0 1 8 17 46 67 87 0 74 11 18 93 27 66 
line_id_list 133 161 107 24 45 44 121 158 110 118 89 29 129 148 
line2d_list
571.0350952148 373.9235534668 535.6122436523 357.6660156250 
725.1291503906 309.5267028809 668.9459228516 294.1983032227 
799.5179443359 458.3495178223 791.2109375000 451.7351074219 
539.3351440430 244.4003753662 506.8602294922 226.2500610352 
632.2730102539 335.5390625000 587.1218261719 308.7943115234 
142.0297241211 225.3092041016 63.9591445923 221.9493560791 
700.3222656250 384.7507934570 622.5633544922 364.6928405762 
618.3844604492 397.2238769531 594.7376098633 385.5108947754 
765.9819946289 181.1343688965 734.8703613281 176.9679412842 
473.8316345215 365.7753295898 453.6555175781 291.0930786133 
739.0243530273 390.9839477539 684.1724853516 307.5975341797 
674.0042724609 137.2203063965 612.9496459961 138.4040832520 
284.3984680176 395.3917541504 264.7880249023 414.7856750488 
583.0700073242 8.7796545029 557.1452636719 0.5428425670 
node_id_list 1010 1011 1012 1013 1014 1015 1016 1088 1089 6886 8910 8911 11196 13286 
score_list 5.8151000039 3.6541124313 0.9112161439 2.5230487420 1.5061023869 3.5842834871 3.3802571510 0.9381907963 1.7464567251 1.7025238994 2.1079418167 2.9065324655 1.9616847153 2.6798705446 
line3d_list
1.5411369574 -0.0187074100 1.1268708974 1.3582898696 -0.0206413986 1.1259491772 
1.5541421060 -0.0157758859 1.1266219330 1.3407347833 -0.0143790169 1.1250453749 
1.5418534163 -0.0128905672 1.1241886819 1.4881168895 -0.0129700758 1.1253325746 
1.7075385414 -0.0098963991 1.1224368807 1.4627375397 -0.0137586890 1.1248504228 
1.6935361791 -0.0136933121 1.1253681235 1.4800669958 -0.0121007106 1.1217217661 
1.5474020930 -0.0139898139 1.1252262951 1.3445568438 -0.0136430083 1.1244856368 
1.5131748553 -0.0129934773 1.1250587140 1.2660437394 -0.0119713986 1.1243636768 
1.7676728530 -0.0071809861 1.1204790730 1.6563039939 -0.0117456439 1.1237462215 
1.7100589454 -0.0016389471 1.1208884533 1.6382479694 -0.0098244921 1.1238446543 
1.7088853774 -0.0098751497 1.1224236020 1.4305978163 -0.0142657659 1.1251672947 
1.7188706330 -0.0142279949 1.1272843968 1.4243335821 -0.0131917080 1.1272364876 
1.5562473592 -0.0210958886 1.1286481104 1.3412367414 -0.0180518424 1.1240142314 
1.6066774144 -0.0117532834 1.1241789452 1.4911493207 -0.0111693910 1.1239278396 
1.6582756269 -0.0051673265 1.1211822534 1.6090122360 -0.0211370410 1.1276588728 
END
