1.4245726660 -0.6502228188 0.0026655848 1.3305941818 -0.4809527518 0.0052460298 
8 8
image_id_list 1 12 17 66 85 47 74 93 
line_id_list 261 219 250 242 288 185 271 286 
line2d_list
555.4806518555 583.0029907227 555.5736083984 599.0083007812 
575.2567749023 427.3379821777 547.9687500000 457.9721679688 
408.0602722168 505.7704467773 372.1596679688 533.2089233398 
335.8157653809 399.4617309570 311.3983459473 453.1810607910 
620.7020874023 570.5769653320 581.2521972656 598.3580932617 
581.1443481445 540.9971313477 582.2885742188 599.0337524414 
524.2891845703 575.9232177734 530.5219726562 599.3925170898 
572.5494995117 458.4562377930 582.8049926758 491.0613403320 
node_id_list 2055 2056 2057 2058 2059 7235 7236 7237 
score_list 1.8489858108 4.3208471434 0.8224574792 3.9740594332 0.5455362240 1.8368837728 2.8155146377 2.3102898416 
line3d_list
1.3277089998 -0.4756710722 0.0051292215 1.3723724598 -0.5561437524 0.0039329975 
1.3313623025 -0.4822534342 0.0050313749 1.4227564112 -0.6469233655 0.0025835613 
1.3308225662 -0.4808316514 0.0056198170 1.4267826498 -0.6544821610 0.0020867399 
1.3295886897 -0.4824450790 0.0046861173 1.4222921588 -0.6516137001 0.0108486568 
1.3332305014 -0.4849387902 0.0058509022 1.4301707065 -0.6480916000 0.0179581999 
1.3245265845 -0.4671599095 0.0068615503 1.4173686817 -0.6355270938 0.0103397728 
1.3276556830 -0.4843892151 0.0010602241 1.3648737363 -0.5526424331 -0.0007646808 
1.3308565294 -0.4835229280 0.0022590134 1.4241026227 -0.6502237176 0.0014299526 
END
