0.6988828004 -0.6633820131 -0.0022003295 1.1944729469 -0.6594031701 -0.0076123032 
10 10
image_id_list 9 10 19 32 37 76 84 86 18 15 
line_id_list 274 269 258 300 217 232 265 238 344 220 
line2d_list
640.9451293945 600.2919921875 661.8124389648 568.8754272461 
513.0549316406 600.1684570312 527.5210571289 574.7276611328 
635.7538452148 600.8071899414 676.9791870117 537.9863281250 
685.2669677734 599.2745361328 657.8443603516 526.0582885742 
603.7333374023 599.0072631836 601.9942626953 535.0001831055 
617.2927856445 599.0593872070 619.8695068359 542.9940185547 
738.9505615234 599.1320190430 743.2888793945 535.0195312500 
662.8959960938 599.0587768555 661.6102905273 574.9142456055 
383.2252502441 598.9342651367 392.7419433594 486.8083496094 
408.0433959961 468.7431640625 463.8129882812 390.4423217773 
node_id_list 6202 6203 6204 6205 6206 6207 6208 6209 6729 8686 
score_list 6.3554546235 3.6792103940 3.7539834749 5.6030162003 3.4753263126 3.1742485573 3.7146270647 5.2825000907 3.5635651039 3.6480412832 
line3d_list
1.0204424809 -0.6591186279 -0.0019949265 0.6788791987 -0.6654860746 -0.0106929316 
0.9128397525 -0.6610497771 0.0026510755 0.7065166852 -0.6652945081 0.0025693461 
1.1944761147 -0.6590398860 -0.0070551336 0.6931956554 -0.6638413370 -0.0020875855 
1.2834234905 -0.6542219655 0.0050683739 0.7103247575 -0.6634794916 -0.0023809981 
1.1276621912 -0.6601938165 -0.0053456478 0.7016594400 -0.6630791820 -0.0061915035 
1.0346523888 -0.6611520684 -0.0061797551 0.7032883133 -0.6627026822 -0.0054652850 
1.0356667060 -0.6608519322 -0.0068390288 0.7076797539 -0.6629093048 -0.0046687127 
0.8514231965 -0.6621005597 -0.0059648500 0.7046157703 -0.6632973634 -0.0066568615 
1.1838861523 -0.6578061794 -0.0206402528 0.6988765861 -0.6637029107 -0.0030053135 
1.4120997662 -0.6588141958 -0.0038162659 0.8693107684 -0.6615090174 -0.0123237654 
END
