0.0011388685 -1.1775770785 1.3954385859 0.0015679349 -1.1776062341 1.4975872994 
41 41
image_id_list 0 3 4 8 17 32 39 45 46 58 59 64 79 85 87 90 92 1 37 40 43 50 76 81 84 86 93 96 98 42 9 10 19 20 31 99 16 33 57 82 18 
line_id_list 83 49 84 57 92 158 88 34 117 82 76 52 32 114 136 87 149 97 134 33 117 27 67 49 35 74 144 23 39 86 177 58 46 40 78 76 53 57 40 52 196 
line2d_list
183.0557098389 144.0176086426 176.2928924561 165.4087524414 
720.7434692383 89.9525833130 716.2557373047 114.2321014404 
165.3156280518 17.8891410828 180.0017395020 59.7018623352 
454.5806579590 232.3860168457 450.2071838379 250.2947998047 
157.6222229004 131.1000976562 162.9020233154 151.0259552002 
539.2883911133 196.9746398926 539.6433715820 215.0070190430 
423.0366516113 240.8400726318 419.9945678711 259.1651000977 
574.9187622070 174.9856567383 569.9457397461 203.1668853760 
147.9368133545 149.8763732910 151.3947601318 176.0798645020 
130.9580993652 187.9992218018 130.4936523438 213.0091705322 
55.8241729736 86.8710098267 58.6584014893 126.9534454346 
191.9004058838 66.9846649170 184.9457855225 112.1456451416 
528.1098632812 94.0090713501 526.0391235352 119.0858078003 
339.7928771973 104.8545379639 344.0379028320 127.9930419922 
97.1007080078 217.9535827637 98.2848587036 246.0301666260 
359.6098022461 126.9957122803 359.2908630371 156.0141906738 
38.2455711365 111.9505538940 52.7614631653 184.0480194092 
219.5445404053 140.9788818359 218.2909393311 168.0134887695 
498.4468994141 169.9914093018 498.5657348633 190.0025787354 
68.8980789185 229.7543640137 76.6496582031 258.0958251953 
700.4424438477 173.0011138916 700.4192504883 203.0010986328 
565.1159057617 11.0126142502 560.8618774414 50.0938148499 
533.9968261719 128.9998626709 533.0415649414 151.0451354980 
729.3758544922 74.0018844604 729.2603759766 97.0063247681 
654.7253417969 85.9744186401 652.3912353516 111.0364379883 
555.4039306641 171.0327453613 554.8911132812 193.0207824707 
91.6171875000 98.5571289062 99.9572372437 129.0117034912 
714.5350341797 213.9535064697 711.8226318359 241.0822448730 
706.2687988281 209.8923950195 702.7058105469 234.1038665771 
308.0742492676 0.7837259173 315.9317626953 39.8124122620 
607.4318847656 243.9917755127 607.5296630859 261.0027160645 
523.9834594727 200.9973602295 520.7720336914 221.1231842041 
654.6569824219 165.9546051025 652.1166992188 185.1477966309 
660.2354125977 194.9229736328 658.0013427734 217.1008758545 
604.6772460938 226.9177246094 605.6655883789 247.0654602051 
466.8201599121 250.9856414795 465.2999572754 270.0239562988 
763.3514404297 35.9652328491 761.9558715820 61.9976348877 
666.5235595703 201.9014739990 668.0858764648 226.0591125488 
759.1642456055 206.0408477783 753.8968505859 227.2230224609 
726.0320434570 61.0021095276 724.6473999023 82.0426025391 
261.5370788574 36.8677291870 263.9582824707 65.0035934448 
node_id_list 656 657 658 659 660 661 662 663 664 665 666 667 668 669 670 671 672 1743 3010 3011 3012 3013 3014 3015 3016 3017 3018 3019 3020 3726 4657 4658 4659 4660 4661 4662 5911 5912 6341 6342 8952 
score_list 12.8968901153 15.7697717942 10.1946888032 13.7641921999 10.6665689035 16.3887185396 16.8102513332 12.0866814763 15.3275842357 9.9221922177 11.7740221106 14.3181897703 14.3698218614 14.1430275242 16.3410137940 17.1525732192 8.6652662384 11.9026705229 13.9434931078 13.9239156684 14.2082138862 9.6850897889 12.1444122562 13.1045049877 11.0336220171 12.2222998010 11.9064760403 11.1999847046 11.8034298870 12.6837040711 10.7258681389 10.8054215676 5.4842640233 14.3301529001 12.6403515379 12.2477092766 7.2803694479 12.6989415033 5.6081457427 6.7495980125 13.7907572625 
line3d_list
0.0007675432 -1.1778933882 1.4964301187 -0.0005529127 -1.1776529911 1.4004316994 
0.0014098658 -1.1779400651 1.4975008521 0.0002837951 -1.1778068523 1.3994083640 
0.0064725142 -1.1776949314 1.4972808576 -0.0049266369 -1.1778013652 1.3985170688 
0.0003819125 -1.1783767982 1.4974708339 -0.0002700723 -1.1795004461 1.4012560607 
0.0094634495 -1.1773040010 1.4953142199 0.0060077956 -1.1766878198 1.3986884477 
-0.0005848063 -1.1788553781 1.4946348153 0.0011786200 -1.1782951490 1.3984339274 
-0.0001501774 -1.1784065518 1.4925927324 -0.0035835336 -1.1787725025 1.3954580807 
0.0008768017 -1.1775578910 1.4951377603 -0.0009995466 -1.1779225408 1.3988011931 
0.0025982484 -1.1776503912 1.4957111813 0.0010235700 -1.1774983540 1.3996188744 
0.0006322351 -1.1777963474 1.4970222553 0.0021190543 -1.1795064273 1.3977919834 
0.0000179972 -1.1775030834 1.4955639559 -0.0000462954 -1.1773958990 1.3990231562 
0.0006977479 -1.1775899382 1.4974465950 0.0012686528 -1.1775088285 1.4019576712 
0.0002344704 -1.1786532266 1.4955017932 0.0019407576 -1.1781082584 1.4001513836 
0.0012599107 -1.1778738056 1.4956822329 0.0022916752 -1.1775423715 1.3969526749 
0.0008788731 -1.1775575788 1.4951895273 0.0013673036 -1.1776605071 1.4007108012 
-0.0021476250 -1.1779931844 1.4954558266 0.0025900447 -1.1775348568 1.3979556042 
-0.0003185720 -1.1772651151 1.4960782535 -0.0002124495 -1.1772794982 1.4009632014 
0.0005775275 -1.1778997154 1.4963071607 0.0002649662 -1.1776152753 1.3974538966 
0.0024892124 -1.1780431835 1.4958197635 -0.0000100362 -1.1788700649 1.3986042355 
0.0012012066 -1.1776049167 1.4959957839 0.0012532946 -1.1775055652 1.3993172065 
-0.0007899554 -1.1777381002 1.4964018255 0.0022475377 -1.1775614614 1.4023848306 
-0.0003058985 -1.1777728004 1.4968851416 0.0013485016 -1.1774945484 1.4008806853 
0.0037872636 -1.1782284386 1.4948891069 0.0037894687 -1.1765850863 1.4005519735 
0.0041912175 -1.1770551107 1.4922190553 0.0020667801 -1.1776938211 1.3990431571 
0.0058870519 -1.1761136576 1.4957008196 -0.0001912733 -1.1789692302 1.3979940248 
0.0073267962 -1.1770600677 1.4977229494 0.0056293006 -1.1777447390 1.3989876462 
0.0018584678 -1.1777505730 1.4950398861 0.0015115526 -1.1776890926 1.3983452898 
0.0044209535 -1.1770201058 1.4975494581 0.0007477942 -1.1776680599 1.4000262579 
0.0025761924 -1.1779912858 1.4957053249 0.0008863611 -1.1779501312 1.3965210601 
0.0011330952 -1.1775621149 1.4756462758 0.0007263271 -1.1777306178 1.4007083222 
0.0036896131 -1.1784208974 1.4942083138 -0.0037055206 -1.1795463783 1.3967978091 
0.0100673896 -1.1771574734 1.4975517263 0.0022932934 -1.1777931129 1.3966873839 
0.0007698826 -1.1782761248 1.4946474927 0.0028281164 -1.1784801374 1.4015963672 
0.0059536244 -1.1772326434 1.4941728920 0.0014364462 -1.1782289691 1.3966979266 
0.0064989948 -1.1770985656 1.4951333096 -0.0024941044 -1.1792087137 1.4003024052 
0.0084513686 -1.1770964181 1.4948805900 0.0053966769 -1.1777713318 1.3948234391 
0.0061882248 -1.1767779493 1.4965463070 0.0004704312 -1.1780771417 1.3943622680 
0.0029044128 -1.1778080562 1.4959123152 0.0024448653 -1.1774772130 1.3987169397 
0.0082556715 -1.1766659310 1.4976307894 0.0034533999 -1.1777308208 1.3984582384 
0.0060827392 -1.1768019176 1.4946611493 0.0007369064 -1.1780165934 1.3991245088 
-0.0020778531 -1.1781318059 1.4954692479 -0.0000167392 -1.1783938734 1.3964894690 
END
