3.8044802025 -0.8850172267 0.5782806189 3.7942183216 -0.6014802069 0.5823992111 
4 4
image_id_list 26 70 28 29 
line_id_list 137 189 242 320 
line2d_list
344.9211425781 312.5600891113 391.0019836426 310.0360412598 
232.9869232178 217.4795227051 299.0206298828 215.8211364746 
422.9155883789 253.2822265625 470.9566955566 247.6318359375 
470.0003356934 273.9965820312 528.0422363281 279.5592956543 
node_id_list 10879 10880 11358 11359 
score_list 3.9495381806 4.9971226201 4.7604725631 2.4549333431 
line3d_list
3.8131157087 -0.6007123970 0.5766254446 3.8169775739 -0.8797031425 0.5734191515 
3.8178624063 -0.6002977659 0.5725815707 3.8177192751 -0.8854566919 0.5727890156 
3.8157975652 -0.5990498068 0.5743402511 3.8158351849 -0.8845498040 0.5743938151 
3.8138601787 -0.6067749230 0.5759930425 3.8151563438 -0.8874932139 0.5749730079 
END
