1.8754079326 -3.0697768445 0.6299753448 1.9547976367 -2.8535491227 0.7367382636 
4 4
image_id_list 44 48 54 55 
line_id_list 142 119 143 203 
line2d_list
693.8362426758 310.3586425781 664.6213989258 297.0192565918 
533.6020507812 361.1031188965 500.4990234375 349.1603698730 
550.9017333984 360.5890197754 522.3613891602 355.8288879395 
651.2748413086 397.3623657227 622.9540405273 388.2511291504 
node_id_list 12482 12483 12484 12485 
score_list 2.4618630564 2.7690278171 2.2995354024 3.6199077463 
line3d_list
1.8890194694 -3.0576723942 0.6364067117 1.9305896931 -2.9134791597 0.7069836874 
1.8921898669 -3.0853200635 0.6263839744 1.9446609058 -2.8497681181 0.7366183160 
1.8811809410 -3.0854469893 0.6277931598 1.9613874339 -2.8277079527 0.7453622695 
1.8958102885 -3.0772410470 0.6299213045 1.9444684295 -2.8446819237 0.7391758410 
END
