1.1652004108 -1.9090422146 0.4753769135 0.9815552894 -2.0929759603 0.6595815572 
95 46
image_id_list 0 12 79 79 85 85 32 15 21 38 96 96 21 41 7 20 20 21 41 45 49 77 95 95 96 8 37 81 86 98 8 9 10 19 31 37 76 81 84 84 86 98 99 14 15 16 23 38 57 83 97 9 14 15 23 31 33 34 37 57 60 76 82 83 83 86 97 98 99 99 10 31 76 51 19 20 91 38 56 77 52 52 63 51 53 80 88 56 84 32 38 63 80 60 82 
line_id_list 21 55 11 29 52 53 22 60 21 26 73 117 52 44 20 1 34 108 16 43 20 19 9 55 0 25 25 39 19 29 37 23 37 12 2 18 22 27 4 15 15 5 18 3 25 22 4 0 0 2 2 116 48 68 14 28 4 21 125 16 7 88 97 6 26 116 33 134 2 7 33 178 20 24 73 53 43 71 73 34 17 21 23 25 39 72 25 86 105 44 10 19 64 6 25 
line2d_list
68.6687774658 508.5132141113 7.6001253128 445.4191284180 
27.5411071777 312.6070556641 93.7949981689 366.0137634277 
246.0939483643 437.5016784668 220.2943267822 380.8659362793 
222.8613433838 379.1794738770 247.0234222412 433.9896850586 
120.9115142822 431.2656555176 156.9706115723 476.0236816406 
157.2689056396 479.9530639648 118.7196960449 433.2312622070 
356.9238281250 447.0444946289 334.0837097168 407.9510803223 
164.8661041260 220.8374938965 175.0272369385 274.9949035645 
518.6461791992 285.8578796387 493.5210266113 348.4059143066 
468.5734863281 494.0452575684 471.2194213867 518.9766845703 
345.3945312500 451.9974975586 345.8896179199 530.0006713867 
345.1001281738 530.0324096680 345.7406311035 448.9900512695 
490.7742309570 347.6831359863 516.1043090820 285.6343383789 
159.5493011475 519.9945068359 160.4194030762 448.9683837891 
378.4804382324 245.6532897949 397.3856811523 326.3780517578 
362.3669738770 447.9529418945 356.4650268555 401.9403381348 
358.6482849121 400.9226989746 364.1263732910 446.8656921387 
514.1313476562 282.1216125488 492.0781250000 329.0367126465 
157.0477600098 445.7957153320 153.3598937988 499.0940856934 
141.8253021240 428.9663696289 143.1342468262 499.9975280762 
307.0220336914 419.8762207031 319.8782043457 526.0147705078 
561.0416259766 599.6063842773 545.9968872070 526.2056274414 
298.2200622559 599.0977172852 295.4748535156 521.0184936523 
298.2921752930 520.9664916992 300.3176574707 599.0695800781 
337.3768615723 503.9931640625 337.9265747070 453.9881896973 
188.7425994873 398.5105285645 201.2218780518 442.9376831055 
254.0570678711 397.5823364258 270.7070007324 439.7206420898 
474.2430114746 347.2927551270 499.5136718750 391.7077331543 
288.3817749023 412.8655090332 304.3613281250 458.2250061035 
377.6204223633 420.8949890137 386.0979614258 470.9834289551 
199.3563537598 444.8980712891 186.2096557617 398.9400329590 
383.1496276855 438.9761657715 378.3680114746 408.9414062500 
233.2420196533 399.9954833984 232.4765625000 358.9910888672 
379.4849243164 361.9546203613 377.3332214355 338.9688110352 
330.9906005859 472.0003967285 329.4106445312 433.9829406738 
268.8977661133 441.0410766602 251.6659698486 398.1341552734 
254.1932373047 409.9440917969 240.2944641113 361.9147949219 
498.9967346191 395.0019226074 472.0401000977 348.9765014648 
362.7653503418 394.7691345215 347.6902770996 344.7917785645 
349.9128417969 343.4445800781 364.2784729004 392.9191589355 
303.5032653809 461.8163452148 286.0484619141 413.9823303223 
384.3729553223 473.9338989258 375.3372802734 422.9402465820 
190.2072906494 449.9968566895 189.6761169434 414.9897460938 
576.7667846680 279.0448608398 569.9882202148 243.8098907471 
164.7389526367 256.0500488281 158.6085205078 224.0750579834 
465.3750915527 313.9290161133 459.1389160156 280.9737243652 
629.7470092773 201.9550018311 634.0073242188 178.0012969971 
463.7024230957 522.0296020508 457.9358825684 464.0063781738 
440.9193725586 366.9931640625 442.8743896484 343.9893188477 
741.8392333984 493.9638061523 750.4134521484 455.8679809570 
595.1815795898 478.9662170410 587.5406494141 437.8994140625 
390.4463500977 453.7663574219 382.8438720703 406.7021484375 
585.7313232422 295.4820861816 575.4211425781 241.1097564697 
175.1048431396 276.7851257324 164.2093963623 220.7647857666 
640.2509765625 178.0413513184 634.7999877930 211.1317901611 
335.3387145996 431.9712829590 337.3810729980 456.0524902344 
359.2395019531 496.0082702637 361.4153747559 432.9798278809 
585.4837036133 203.9455108643 579.6768798828 258.9658813477 
279.9955444336 455.0016784668 257.4732055664 395.0705566406 
444.3212280273 395.1026611328 448.3674926758 343.0285644531 
581.3837280273 468.8993530273 591.1610717773 409.0263061523 
263.8161315918 426.0755615234 247.0853729248 357.0103454590 
467.8987121582 313.6840820312 459.3991088867 262.6008300781 
758.9685058594 454.9931945801 745.2041625977 518.8284301758 
744.8663330078 519.1833496094 758.9240112305 452.7722473145 
313.3361511230 477.2790832520 292.5451965332 409.9059753418 
603.2419433594 494.1321716309 593.0437622070 435.6436462402 
391.6589660645 473.0669860840 380.9629516602 418.6144104004 
197.3895568848 467.9181213379 195.4720458984 411.9495544434 
197.0514373779 413.9808654785 197.6156616211 444.9888000488 
239.2091522217 415.0012207031 239.2311096191 357.0000915527 
338.2701721191 476.9698181152 339.3858642578 486.9569091797 
242.5129547119 359.8576660156 255.8795013428 408.0334472656 
342.5713500977 556.7961425781 352.9491882324 534.9758300781 
386.7161560059 389.9530334473 383.2339782715 336.8534851074 
370.2408752441 463.7367858887 362.7169494629 399.6808776855 
332.2021179199 281.1152038574 353.2701416016 244.1539764404 
472.6794738770 545.5754394531 464.8915100098 459.7376708984 
657.3897705078 516.0152587891 656.4774169922 599.0052490234 
548.7990112305 524.2308959961 563.2730102539 599.5242309570 
797.9455566406 502.4260559082 742.1845092773 539.7827148438 
739.1795654297 536.1432495117 798.1038818359 498.5937194824 
405.5506896973 89.7445526123 355.2794799805 144.3365020752 
342.9313964844 564.2239379883 393.0819091797 477.5747375488 
322.2155761719 533.5042724609 368.9355468750 462.6601257324 
495.1138916016 508.7293395996 501.2986145020 488.4803466797 
228.4643859863 558.7291870117 281.3572998047 476.3758544922 
662.8950195312 599.0023193359 662.8015136719 513.9991455078 
372.1571350098 411.2072143555 354.4369201660 340.6391906738 
336.5977478027 407.0996704102 357.2969360352 443.8326721191 
460.6184692383 463.8620300293 465.4860534668 520.9585571289 
352.4854431152 140.5950317383 402.8896179199 87.8944168091 
501.8277587891 486.2591247559 525.3056030273 417.4220886230 
587.9102783203 407.7773742676 575.7391967773 467.3553161621 
455.2469482422 265.0867004395 460.7527770996 312.9133300781 
node_id_list 193 194 195 196 197 198 737 2643 2644 2645 2657 2658 4228 4229 4277 4278 4279 4280 4281 4282 4284 4287 4289 4290 4291 4557 4558 4559 4560 4561 4586 4587 4588 4589 4590 4591 4593 4594 4595 4596 4597 4598 4599 5283 5284 5285 5286 5287 5288 5289 5290 5650 5651 5652 5653 5654 5655 5656 5657 5658 5659 5660 5661 5662 5663 5664 5665 5666 5667 5668 6257 6258 7123 8124 8249 8250 8565 9251 9386 9387 9580 9581 9582 9597 9598 9599 9600 9670 11653 11730 11899 12150 12801 13011 13483 
score_list 2.7342872021 3.5473097371 13.0443154751 12.5214139135 9.3567163560 9.4504437490 13.8169813063 13.6772759697 12.1604581593 11.3318632863 12.8287585302 12.9613086419 10.4460909564 12.0454354246 9.4656291994 12.2805558619 5.9588176464 11.3919982164 15.4172862954 9.5945537759 7.2425746939 12.1057018287 11.1268798262 11.6839129775 13.6642817374 12.8133844239 13.6674914124 15.2507269696 12.0543099539 10.4291596843 13.8083083097 14.2255940567 13.0010152380 8.9932876555 13.6509409401 15.2976534613 15.1871732765 16.4074270299 14.0667941489 7.7781138128 15.2276503483 14.0804941834 12.9055057292 11.8306073171 13.3907337968 12.2943109637 10.2830859326 13.5155594357 10.8884721234 9.4888474298 14.4205658293 10.6815876917 13.3092599916 13.7106331287 11.8599497265 13.9665326621 13.6861226076 13.1201945185 9.4768886497 9.7059592394 12.9092354381 7.5647898699 9.3928452081 11.5518920304 10.9158463830 9.9502249561 13.5606163123 10.3259361130 8.1907945241 8.3294882785 7.5221565766 11.0655846728 10.5419701408 7.6801515417 9.6208420814 7.6133252787 6.0475458273 10.9765441013 7.7496219392 11.4465885076 6.4055085085 5.7949223253 7.3504561720 10.4769376388 13.8175932214 4.9396615845 13.1440261614 6.1719219451 6.9962265148 13.0610933331 9.1403133406 6.2887716529 9.9610168601 10.0824291068 4.5817679488 
line3d_list
1.1257058782 -1.9547566957 0.5343898518 0.9902282712 -2.0866200992 0.6582698263 
0.9807780743 -2.0947503456 0.6536078623 1.1273350097 -1.9533476657 0.5402329898 
1.1268134315 -1.9607968394 0.5304023765 1.0022167915 -2.0862315466 0.6468268729 
0.9975208633 -2.0793588708 0.6511588682 1.1157008543 -1.9616893242 0.5359282623 
0.9955160188 -2.0805611444 0.6514842249 1.1198725427 -1.9571958939 0.5311633488 
1.1358440833 -1.9533790001 0.5263435467 0.9965341195 -2.0895711200 0.6459051638 
1.1322213095 -1.9543977433 0.5164960535 1.0006375002 -2.0861000482 0.6425500871 
0.9711333161 -2.0774918948 0.6431823377 1.1382306990 -1.9096747583 0.4680711586 
0.9805049657 -2.0697546287 0.6493144659 1.1448864879 -1.8999480115 0.4762910438 
1.0427941263 -2.0056467058 0.5847225838 1.0936147873 -1.9540476177 0.5349167152 
0.9820786531 -2.0682593892 0.6510385192 1.1369962120 -1.9116577422 0.4710692949 
1.1440887665 -1.9080673955 0.4757190195 0.9721642971 -2.0764793978 0.6567133130 
1.1589375808 -1.8956688697 0.4824867845 0.9988727534 -2.0574860655 0.6558815151 
1.1562662487 -1.8981788180 0.4814034041 0.9974251920 -2.0589090253 0.6564856727 
0.9924501175 -2.0848014561 0.6490184771 1.1193204241 -1.9603411036 0.5436439803 
1.1325944125 -1.9553026135 0.5241180206 1.0002565646 -2.0871116104 0.6448555742 
0.9946247995 -2.0797376645 0.6493592147 1.1238761263 -1.9530329557 0.5259897646 
0.9838521174 -2.1023860893 0.6524751184 1.1305193749 -1.9575537640 0.5272839955 
0.9821305008 -2.1042334708 0.6562228117 1.1246657056 -1.9631398120 0.5331727635 
0.9984385961 -2.0771915479 0.6472508553 1.1318610376 -1.9501272879 0.5339824081 
0.9915202680 -2.0851070828 0.6474790816 1.1263774316 -1.9541934748 0.5407375534 
1.0948580237 -1.9900570840 0.5638669909 0.9928442592 -2.0938997634 0.6531224219 
1.1061533079 -1.9772661164 0.5441677785 0.9924645859 -2.0939209745 0.6506818427 
0.9923122849 -2.0841277025 0.6551056312 1.1036786562 -1.9726899138 0.5450200780 
1.1200252404 -1.9689505022 0.5393197919 1.0036608294 -2.0849223162 0.6457236428 
1.0202104144 -2.0695893788 0.6553520429 1.1411463719 -1.9495337259 0.5381689337 
1.0269059483 -2.0602920855 0.6573094341 1.1509469898 -1.9370217966 0.5359815865 
1.0263411207 -2.0672411660 0.6617236122 1.1433826673 -1.9482650070 0.5389433950 
1.0237616353 -2.0632955547 0.6631070296 1.1431128696 -1.9447348932 0.5452677350 
1.0278445872 -2.0593480135 0.6611608556 1.1501834710 -1.9392953682 0.5439455064 
1.1271182227 -1.9596756598 0.5223319379 1.0015598002 -2.0858593905 0.6440342865 
1.1280111669 -1.9610707854 0.5261182256 1.0089942923 -2.0806466722 0.6414115091 
1.1325280396 -1.9552980982 0.5203439331 1.0038428336 -2.0845651130 0.6437572825 
1.0849813908 -2.0021243638 0.5655694346 1.0119866796 -2.0787706821 0.6452095077 
1.1429292909 -1.9473550501 0.5270940140 1.0095376322 -2.0788461076 0.6399213460 
1.1325778789 -1.9552592264 0.5203800234 1.0048797114 -2.0837923102 0.6447772025 
1.1375046245 -1.9516394178 0.5208833607 1.0080329467 -2.0805377125 0.6423369650 
1.1296383490 -1.9561354327 0.5186181260 1.0001767331 -2.0865039745 0.6434763242 
1.1328874769 -1.9546819385 0.5247267205 1.0017802713 -2.0866710030 0.6472347623 
0.9969744452 -2.0791789502 0.6520137030 1.1245069449 -1.9528100598 0.5284524979 
1.1327683730 -1.9551293482 0.5239593088 0.9996373875 -2.0877283131 0.6454204763 
1.1310789444 -1.9562035428 0.5213006903 1.0068903522 -2.0809499137 0.6418788360 
1.1364896436 -1.9540528689 0.5269599430 1.0116880943 -2.0779980641 0.6391510940 
1.1285652220 -1.9596408666 0.5227324832 1.0057320840 -2.0826310688 0.6394780363 
1.1094058286 -1.9772092764 0.5382612354 1.0100274383 -2.0788818251 0.6416976852 
1.1033720314 -1.9826939947 0.5451190199 0.9968368982 -2.0895078159 0.6428174021 
1.0921123568 -1.9960487450 0.5639909252 0.9971753331 -2.0886930789 0.6373998220 
1.1234063534 -1.9635212187 0.5323507763 0.9988277276 -2.0888405858 0.6486219813 
1.0813008441 -2.0051455117 0.5580532693 0.9993279208 -2.0875018107 0.6374329954 
1.1184055929 -1.9689670320 0.5387956747 1.0109603507 -2.0776190667 0.6415068081 
1.1286161066 -1.9582091505 0.5182485679 1.0078385651 -2.0801154480 0.6408554586 
1.1422145487 -1.9050908777 0.4608423503 0.9940510191 -2.0610522165 0.6531163633 
1.1483072596 -1.9004350413 0.4621931897 0.9801104040 -2.0710433644 0.6474292564 
1.1458369766 -1.9033611704 0.4637058347 0.9855253790 -2.0655909267 0.6501217838 
0.9761525275 -2.0701567939 0.6404224862 1.0778173401 -1.9680213881 0.5264955030 
0.9848488699 -2.0652026379 0.6446327103 1.0486070348 -1.9980236161 0.5616519366 
1.1391155771 -1.9083340664 0.4595041721 0.9932783264 -2.0588377939 0.6526680824 
0.9794286786 -2.0688553439 0.6440928757 1.1377690363 -1.9098916526 0.4670588853 
1.1404785573 -1.9081253850 0.4676998133 0.9826046435 -2.0677224627 0.6507176538 
1.1384457870 -1.9081502104 0.4623838455 0.9872437623 -2.0645262649 0.6483304072 
1.1391850348 -1.9099506145 0.4622792454 0.9959368694 -2.0554315380 0.6497023649 
1.1373874211 -1.9153202575 0.4638652186 0.9825488544 -2.0659647490 0.6551813574 
1.1396202173 -1.9082659394 0.4623240308 0.9728282969 -2.0757996695 0.6478317480 
0.9782571575 -2.0704562402 0.6469698870 1.1383242934 -1.9099515260 0.4687156877 
1.1424307208 -1.9067540927 0.4693021085 0.9796377410 -2.0710338915 0.6562403601 
1.1290536320 -1.9210084587 0.4628441912 0.9881772230 -2.0638978298 0.6603153530 
1.1392550915 -1.9093650668 0.4689589712 0.9821456550 -2.0682302825 0.6488127995 
1.1139336875 -1.9369901532 0.5239766570 0.9709060593 -2.0792674787 0.6489935537 
1.1443172845 -1.9021270525 0.4606602765 0.9964554718 -2.0590220534 0.6537427367 
0.9842050777 -2.0596340421 0.6423701075 1.0747121515 -1.9679881656 0.5338842683 
1.1332935591 -1.9152908487 0.4635811907 0.9818321590 -2.0652690475 0.6536866667 
1.1036691505 -1.9454875077 0.4933188051 1.1200142108 -1.9262912554 0.4578776799 
1.0025391193 -2.0739463140 0.6495234916 1.1394759882 -1.9432051383 0.5303943759 
1.1127793915 -1.9726003539 0.5293485210 1.0855964586 -2.0008026901 0.5645145640 
1.1341506569 -1.9144545798 0.4623226847 0.9778461266 -2.0698215742 0.6497921910 
1.1436314163 -1.9076998063 0.4734290899 0.9769152010 -2.0715881264 0.6509049861 
1.1122907227 -1.9698045037 0.5295811697 1.0573498947 -2.0274605503 0.5907850838 
1.1247526957 -1.9187526699 0.4657277445 0.9693781740 -2.0806312099 0.6577341247 
1.0016221240 -2.0762219450 0.6568430464 1.1128532241 -1.9661766281 0.5494641202 
0.9938352921 -2.0842538848 0.6641414619 1.0945053178 -1.9841057847 0.5673253630 
0.9975124424 -2.0506131611 0.6343963807 1.1033847623 -1.9442532649 0.5197788247 
1.1129828551 -1.9464631705 0.5268256826 1.0004950498 -2.0596860326 0.6425971688 
0.9915078329 -2.0568045049 0.6382603958 1.1046997878 -1.9428643659 0.5194791740 
1.1124616239 -1.9399308807 0.5335538095 0.9800506387 -2.0768299534 0.6590035905 
1.1144135952 -1.9390330951 0.5315704855 0.9819166438 -2.0743551487 0.6585750074 
1.1584816952 -1.8975246807 0.4860351943 1.1274430975 -1.9294883504 0.5227243146 
1.1128653384 -1.9411201240 0.5346626079 0.9767546790 -2.0792294392 0.6622583992 
1.0741859196 -1.9810776373 0.5238861114 0.9697632916 -2.0879952563 0.6455773138 
1.0975492056 -1.9419716918 0.4398637992 0.9910472323 -2.0614553050 0.6640252900 
1.0271865817 -2.0657518495 0.6561158776 1.1418628795 -1.9490745883 0.5350265780 
1.0108640584 -2.0702361242 0.6612242599 1.1286388953 -1.9539460989 0.5432859858 
1.1150102587 -1.9498718954 0.5261602591 0.9980628978 -2.0543589180 0.6438474807 
1.1247951933 -1.9325251048 0.5272351589 0.9951445360 -2.0606104583 0.6562979584 
0.9723112995 -2.1108945685 0.6370706675 1.1507892460 -1.9313052503 0.4625285906 
0.9877098311 -2.0916046977 0.6366565451 1.1303118073 -1.9596600628 0.4526514519 
END
