0.0577155797 -1.5844704307 0.4331911739 0.2026108510 -1.5378352928 0.4614636490 
6 6
image_id_list 0 4 12 90 93 1 
line_id_list 250 205 220 266 261 276 
line2d_list
21.8929252625 375.3701171875 63.9745063782 387.5446472168 
238.2920989990 458.6740722656 278.6342468262 451.6348876953 
189.1011047363 212.7775421143 204.6219482422 219.8317871094 
247.0289154053 425.6457824707 263.2737426758 435.2308654785 
82.9750137329 447.8042297363 127.5256042480 442.1180419922 
118.4208831787 437.0068359375 154.6189270020 443.9785766602 
node_id_list 1342 1343 1344 1345 1346 2069 
score_list 4.1585825597 2.6495004579 2.2432285917 1.7881155216 3.0249253843 2.3910183496 
line3d_list
0.0480362188 -1.5962203435 0.4335355461 0.2481756485 -1.5314614404 0.4730353059 
0.0642981537 -1.5842190839 0.4357431232 0.1911685071 -1.5395294752 0.4579985211 
0.0642068242 -1.5971140363 0.4385002171 0.2054085026 -1.5490911679 0.4656922424 
0.0854793750 -1.5914179253 0.4469096143 0.2044664764 -1.5500899757 0.4680793776 
0.0422570214 -1.5919829905 0.4318767025 0.2088327424 -1.5333073142 0.4610971535 
0.0589064064 -1.5917727597 0.4391333475 0.1952240130 -1.5289677101 0.4517062467 
END
