2.1739889726 -3.0024616667 1.0097724683 2.1599114290 -3.0533963920 1.0956580852 
16 16
image_id_list 13 21 30 44 48 51 54 55 56 80 89 16 34 53 78 60 
line_id_list 58 119 191 184 127 181 134 194 184 158 147 133 142 179 98 123 
line2d_list
426.3115844727 223.2096099854 427.5052795410 210.0458221436 
182.2563781738 141.1240844727 183.6643524170 126.8680877686 
763.5433349609 276.2591857910 775.4820556641 251.2299346924 
635.2787475586 179.1961669922 648.1959228516 160.8416290283 
460.0245666504 251.3154296875 467.4663391113 227.1435699463 
12.3132181168 275.7926330566 18.0724468231 256.7199096680 
469.4522399902 280.0730285645 473.1478576660 257.1853332520 
583.4999389648 318.1415710449 587.8036499023 302.9443969727 
62.1627426147 347.0157470703 62.3302917480 324.0024108887 
81.1722259521 221.2644805908 83.2702255249 204.0328979492 
383.6139831543 312.2782897949 391.1641235352 295.6211242676 
97.0885925293 261.1730041504 93.1878356934 251.3215789795 
258.3749389648 131.7757720947 256.6275634766 121.0607376099 
0.9347260594 267.9808654785 8.3521614075 242.6898498535 
392.9329528809 285.0108947754 391.2743835449 274.7931518555 
266.4349975586 310.1376953125 267.6893005371 297.0661315918 
node_id_list 7684 7685 7686 7687 7688 7689 7690 7691 7692 7693 7694 8816 8817 8818 9683 12855 
score_list 5.1876370945 4.6107707295 6.0544218811 8.5512736836 6.1420762882 5.8060337141 8.9392338454 8.2657746424 3.9835471562 3.3979311447 8.9248122115 0.9768748724 2.1130129572 3.5680211538 5.0334188328 2.9106873413 
line3d_list
2.1732112340 -3.0049793147 1.0169028256 2.1650687889 -3.0305544287 1.0654601144 
2.1745002924 -2.9977899685 1.0123756759 2.1651454044 -3.0342739253 1.0669295130 
2.1727974471 -3.0082982382 1.0122246251 2.1599063495 -3.0584138241 1.1004458492 
2.1730272668 -3.0074634005 1.0203319277 2.1629859565 -3.0464458911 1.0800943820 
2.1710642652 -3.0107241936 1.0169849557 2.1605804566 -3.0453067669 1.1005653225 
2.1726422397 -3.0024586590 1.0216672665 2.1625316549 -3.0493864531 1.0771323960 
2.1726100265 -3.0008981851 1.0126677465 2.1594580351 -3.0569295258 1.0944499280 
2.1707049212 -3.0022912921 1.0180054120 2.1619329499 -3.0451042672 1.0832971890 
2.1741939965 -2.9986220204 1.0120831876 2.1651906136 -3.0335719024 1.0636513027 
2.1720501164 -3.0050804848 1.0136750636 2.1657440307 -3.0324638835 1.0664467548 
2.1718552517 -3.0041137468 1.0173611135 2.1616728709 -3.0474936758 1.0806775572 
2.1722361639 -3.0066200441 1.0255791370 2.1658013787 -3.0317156329 1.0631041421 
2.1717637481 -3.0123033714 1.0170713252 2.1661568398 -3.0341500896 1.0635739080 
2.1742196583 -3.0095125938 1.0096129301 2.1603985050 -3.0488770698 1.0962298034 
2.1714661811 -3.0036861863 1.0294657688 2.1651938179 -3.0379481759 1.0622359528 
2.1831518090 -2.9726449571 1.0112146089 2.1649581559 -3.0345492853 1.0654128899 
END
