1.9917540795 -2.9364217104 -0.0095619216 2.8831293239 -2.0513647218 -0.0165293331 
74 25
image_id_list 9 97 13 21 21 21 21 23 23 23 30 30 30 34 34 34 44 44 48 48 48 48 54 54 57 57 57 60 60 73 73 73 83 83 89 89 89 13 44 48 48 73 73 73 78 78 80 89 14 14 16 82 16 16 80 19 19 19 82 94 94 70 70 30 94 72 94 71 94 70 94 71 72 72 
line_id_list 175 62 71 136 145 146 189 106 144 161 110 148 229 123 140 164 130 141 101 111 122 132 94 142 140 149 154 126 150 36 75 117 150 200 103 141 151 90 147 73 123 26 67 84 81 93 104 145 129 139 138 123 172 175 105 159 174 180 185 92 101 170 172 196 106 57 105 174 125 176 135 156 63 118 
line2d_list
133.2503509521 557.1173706055 113.5066528320 599.2374877930 
291.4252319336 599.4808349609 302.2415771484 567.4188232422 
387.3036499023 513.2945556641 304.0877380371 599.0851440430 
137.1283874512 411.2228088379 90.1644134521 438.2853088379 
80.0433197021 444.0754699707 8.1869220734 485.3256225586 
1.3032687902 486.5337829590 80.6791381836 441.4352722168 
84.6315917969 439.3637695312 150.9710998535 400.9501037598 
261.1295776367 392.2669677734 323.3172302246 318.4249877930 
302.4344787598 346.3645629883 271.4077758789 383.3421325684 
328.0158386230 315.0130615234 306.7735595703 340.8135681152 
622.0021362305 554.0941162109 543.0202636719 555.8905029297 
574.0048217773 553.2131958008 622.9795532227 552.1007690430 
542.0004882812 553.5878906250 569.0004272461 553.6183471680 
275.0738220215 378.0654296875 249.2387542725 407.2116394043 
178.6290588379 483.7820129395 274.1608886719 376.2545166016 
245.0121917725 412.0108032227 209.7891387939 451.8133850098 
446.9700927734 446.3143920898 386.9425354004 440.6041564941 
395.0315856934 439.6512145996 464.0989379883 445.9079895020 
326.0409851074 554.2259521484 256.1642456055 566.9051513672 
296.9024047852 557.4387817383 331.0860290527 551.4948120117 
255.9347991943 564.6202392578 295.9570312500 557.7496948242 
210.1023864746 574.5328369141 182.1727600098 579.8991699219 
420.1210937500 566.2593383789 356.0779724121 596.1669311523 
354.3366699219 594.5497436523 401.0777587891 573.1700439453 
72.3827133179 534.3530883789 23.4385051727 587.4045410156 
11.2136640549 597.2752075195 136.4454803467 461.4106140137 
109.5653228760 493.5189208984 74.1314773560 532.1206665039 
238.0439758301 568.0582885742 201.4844665527 595.6420898438 
197.1965484619 596.2651977539 237.5325927734 566.3693847656 
196.5472564697 378.6437683105 283.5343322754 349.6050415039 
283.9687500000 351.9054565430 197.7985687256 380.3906555176 
185.1323852539 384.4042968750 100.0829162598 412.2532043457 
385.2106933594 563.2593994141 344.3580322266 596.4407958984 
342.4047241211 595.2617187500 402.1026000977 547.1272583008 
248.0121917725 578.0675048828 199.9538269043 586.7442626953 
199.9652557373 584.7960205078 230.9191741943 579.5252685547 
235.0107116699 579.0563354492 273.1531066895 571.8054809570 
301.7382202148 597.7661743164 423.8674316406 472.8703613281 
507.9497680664 452.5018310547 475.9699096680 449.3007202148 
389.9770202637 542.8753662109 355.0582885742 549.3159790039 
353.9255371094 547.5712280273 408.0304870605 538.1755371094 
289.5707397461 347.6845092773 369.8349304199 321.4941711426 
356.9630126953 327.8885498047 289.1349487305 350.4064331055 
98.6161117554 410.8466186523 185.0285339355 382.0857238770 
386.7334594727 598.8252563477 432.5008239746 529.0171508789 
433.1517028809 532.0992431641 388.9797058105 599.6407470703 
13.7013483047 581.1252441406 92.1451568604 532.2329101562 
327.9968566895 563.9823608398 288.9860839844 570.9217529297 
286.4943237305 458.2198791504 248.2830047607 544.1258544922 
246.0711212158 543.5853881836 311.2146911621 397.6494445801 
177.4173431396 531.1599121094 154.7615356445 590.2917480469 
217.1884155273 416.0763549805 154.3468475342 571.1405639648 
197.3327484131 479.1289672852 178.3397521973 528.1316528320 
148.5961608887 599.2330932617 195.6572875977 478.8659973145 
57.1145896912 556.1807250977 17.9899253845 580.9841308594 
69.3270492554 545.1840820312 39.0248069763 599.0139770508 
105.4244766235 481.2403564453 70.3443756104 543.1950073242 
36.1180229187 599.0669555664 105.7805404663 476.3079833984 
152.7706451416 568.9067993164 215.9041290283 413.5546569824 
476.0014648438 224.9922180176 390.9977111816 209.0122070312 
391.1644287109 207.0990905762 477.2181091309 222.8049316406 
798.9865112305 579.0239257812 726.8117065430 538.3339843750 
727.4373168945 536.2156982422 799.3743286133 576.3286743164 
648.9978637695 554.2445068359 627.9994506836 554.0588989258 
525.9126586914 234.4638061523 482.9299621582 226.3720550537 
233.0006561279 39.4901809692 178.9994659424 39.4207611084 
481.8704833984 223.6674041748 566.1882324219 240.0298614502 
513.1438598633 298.7260131836 548.3986206055 317.2409973145 
565.0473022461 241.7511901855 527.8707275391 234.6795959473 
718.6349487305 533.6477050781 630.8881225586 484.1985168457 
379.0214843750 206.8897094727 338.9829711914 199.0873870850 
544.9064941406 317.1790161133 512.7899780273 300.4020385742 
178.9993133545 37.6225738525 248.0009002686 37.4968109131 
329.0007629395 40.0846900940 296.0034484863 40.3829307556 
node_id_list 5904 5905 7783 7784 7785 7786 7787 7788 7789 7790 7791 7792 7793 7794 7795 7796 7797 7798 7799 7800 7801 7802 7803 7804 7805 7806 7807 7808 7809 7810 7811 7812 7813 7814 7815 7816 7817 7865 7866 7867 7868 7869 7870 7871 7872 7873 7874 7875 8435 8450 8823 8824 8837 8838 8839 9289 9297 9298 9694 9695 9696 11547 11548 11635 11636 12476 12486 12723 12724 12726 12727 13380 13398 13403 
score_list 0.8238916600 4.7357151318 8.2765831371 8.9236894020 4.9895982913 4.9924923329 7.9186584549 7.9079334983 3.9242000878 6.8185639791 7.6936930005 7.0870348820 5.9795293120 8.8390995561 8.7823165438 4.9832104945 7.7159178023 6.1765429053 7.9032114704 7.5643765515 7.3155864556 2.9091437784 9.6145862942 7.8073983964 3.8127383498 6.7498297662 6.7846338485 8.9086397988 7.9818275103 8.5159345417 8.9222601076 2.7888321702 10.7404937182 11.8326043463 6.4409214073 4.9966564493 3.7512087891 9.6488097007 4.6727768122 5.6020344417 5.9550139983 5.6613180620 5.7706527819 1.5095497837 6.9545881093 3.2816398200 4.9884121507 4.7679792775 4.9056324168 7.5670856785 3.4809274915 4.0074477109 0.7325018538 3.1019482288 4.7006890669 0.9737478699 0.0000000000 1.8699024090 4.9852943832 8.6325476491 8.8038270787 4.9796242770 4.8751351709 3.3000481896 3.8512216752 2.8899685808 3.5650343438 1.6532969072 3.6661105152 1.7371669086 1.9773781704 1.7272042762 0.9864536168 0.9965695964 
line3d_list
2.0150498238 -2.8930049661 -0.0036801585 2.3180363576 -2.5755701013 0.0162405785 
2.1637257170 -2.7486980023 0.0099480006 1.9856643846 -2.9245260186 0.0128532469 
2.3694807557 -2.5367580784 0.0010323882 2.7508031135 -2.1605023147 -0.0042153368 
2.4103953626 -2.4949319439 0.0008426977 2.5759485653 -2.3313783601 -0.0008018909 
2.6086511941 -2.2988036408 -0.0008002824 2.8160627443 -2.0930218999 -0.0017906516 
2.8344222656 -2.0827698445 0.0039127904 2.6071432360 -2.3111069031 0.0026199445 
2.5947652376 -2.3258551278 0.0005131451 2.3565611566 -2.5581841713 0.0063762583 
2.8839557701 -2.0327692322 0.0054845278 2.4423608994 -2.4764331319 0.0021283482 
2.6133359453 -2.2960827179 -0.0037483093 2.8255654774 -2.0826189122 -0.0012397266 
2.4069476278 -2.5051387487 -0.0029718710 2.5806071158 -2.3288247950 -0.0020076265 
2.3617566614 -2.5389768759 0.0041957151 2.5746428503 -2.3371353591 -0.0043358211 
2.4962479239 -2.4253379532 0.0000147535 2.3630899826 -2.5511140574 0.0056379000 
2.5811172446 -2.3405675654 0.0002494096 2.5111997973 -2.4167462339 -0.0046604961 
2.4143620939 -2.4951818619 -0.0036170501 2.5860001850 -2.3227753296 -0.0021957489 
2.9560515626 -1.9629102327 0.0029667043 2.4148111521 -2.5054299914 0.0010733469 
2.6120938807 -2.2962427812 -0.0018615560 2.8092855003 -2.0995861327 -0.0015630122 
2.4121415952 -2.4942220728 0.0004309543 2.5743810093 -2.3357599364 -0.0029257819 
2.5610602588 -2.3645291150 -0.0030624516 2.3704841239 -2.5427417274 0.0064761080 
2.4130908841 -2.4924575145 0.0010933663 2.5848276007 -2.3237115779 -0.0016391497 
2.4907093593 -2.4277217141 0.0021806894 2.4054833720 -2.5131561508 0.0017284922 
2.5905760103 -2.3298953125 0.0012891064 2.4944370684 -2.4273065573 -0.0001227196 
2.6905930316 -2.2157123715 0.0016143440 2.7547776382 -2.1541233991 -0.0013441804 
2.3789929005 -2.5239643704 0.0031349120 2.5758111782 -2.3319464363 -0.0013249116 
2.5832491540 -2.3350666267 0.0025301920 2.4424823234 -2.4760463424 0.0021774587 
2.6068511340 -2.3023517047 -0.0029456513 2.8318912064 -2.0717914902 0.0048888788 
2.8744972493 -2.0425083038 0.0041407515 2.1937037049 -2.7264710770 0.0002681498 
2.3938936813 -2.5118369903 0.0010279391 2.6007108796 -2.3032848269 0.0037380180 
2.4164822113 -2.4896521724 -0.0001144337 2.5766020344 -2.3306912540 -0.0007576184 
2.5929556184 -2.3241122227 0.0038419711 2.4168772865 -2.5029678715 0.0006649328 
2.5860831070 -2.3343545746 -0.0006599501 2.3680482457 -2.5500286633 0.0035973561 
2.3624000005 -2.5432416143 0.0012275901 2.5785951607 -2.3308715689 -0.0026011239 
2.6092808684 -2.3001999612 -0.0019476351 2.8136955643 -2.0976544001 -0.0030725378 
2.3766521651 -2.5313637197 -0.0018371627 2.5847392849 -2.3230216365 -0.0009483111 
2.5926548763 -2.3241764216 0.0043136934 2.2770056502 -2.6409926641 0.0021732310 
2.4494449196 -2.4547114191 0.0016222814 2.5821132407 -2.3273631658 -0.0023893901 
2.5867336318 -2.3328896949 0.0010076824 2.5035534660 -2.4166654772 0.0001039894 
2.4934889724 -2.4292949350 -0.0023923368 2.3845611044 -2.5330890604 0.0031227970 
2.7593813489 -2.1568335287 0.0054442894 2.1369020799 -2.7816142245 0.0012231686 
2.2609238435 -2.6701491959 -0.0132801970 2.3463282451 -2.5850258836 -0.0134047102 
2.2559873882 -2.6739001149 -0.0115567306 2.3490614568 -2.5830569663 -0.0137727720 
2.3477563576 -2.5728596839 0.0002666268 2.2043689175 -2.7165778142 -0.0005404068 
2.3569894099 -2.5689865431 -0.0024934551 2.1506104367 -2.7772321767 -0.0043817599 
2.1719101104 -2.7256378013 0.0075529168 2.3526978090 -2.5589541257 -0.0041617850 
2.8239934066 -2.1004828780 -0.0041390007 2.6126713767 -2.3060077060 0.0021837304 
2.3322022102 -2.5838620011 0.0045655834 1.9782588096 -2.9440071505 -0.0020593624 
1.9897128246 -2.9149985058 0.0026833336 2.3241159454 -2.5825166374 0.0001915719 
2.3584375150 -2.5596076190 0.0029132370 2.1507526222 -2.7704318445 -0.0006684289 
2.2284248652 -2.7011946452 -0.0116452792 2.3443794505 -2.5864629561 -0.0128061351 
2.3886387386 -2.5194111192 -0.0025903038 2.7797436471 -2.1283048734 -0.0006995716 
2.7893354217 -2.1221963266 0.0103443617 1.9993639608 -2.9241088733 -0.0032792283 
2.3727196801 -2.5338984186 0.0002289094 2.5918113520 -2.3151363514 -0.0006364190 
2.0226990272 -2.8694213345 0.0155439267 2.8091769742 -2.0844891903 0.0170851237 
2.1426902783 -2.7513509133 0.0156233773 2.3711425535 -2.5179451484 0.0224663833 
2.6220301360 -2.3139394266 -0.0171547698 2.1294753224 -2.8006322647 -0.0123111886 
2.2509533961 -2.6807666289 -0.0140671135 2.3504133000 -2.5821225829 -0.0147880462 
2.3643332788 -2.5454346611 -0.0040313289 2.5916641989 -2.3170859573 -0.0021488464 
2.0102066092 -2.8980791360 -0.0039985898 2.3706653725 -2.5204313993 0.0197008272 
2.6003621801 -2.3194403702 0.0017224382 1.9883389692 -2.9329102410 -0.0004185304 
2.8024627764 -2.1120735340 0.0074755817 1.9857969273 -2.9459860226 -0.0123597473 
2.3620952713 -2.5408698128 0.0032855552 2.5768748093 -2.3322055242 -0.0020662004 
2.5769101285 -2.3332259316 0.0070456763 2.3700409824 -2.5512360652 0.0005357999 
2.4355508229 -2.4700528005 0.0006425471 2.5853639152 -2.3255938506 -0.0034522356 
2.5882514651 -2.3274027241 0.0024790447 2.4451254326 -2.4756790212 0.0000298409 
2.2898765412 -2.6181294035 -0.0018077862 2.3466897457 -2.5591402203 0.0013620784 
2.2446369598 -2.6627527325 -0.0005565075 2.3474292627 -2.5593939932 -0.0002201056 
2.4161294432 -2.4866686814 0.0030805469 2.5704553359 -2.3352113410 0.0002454422 
2.3757235399 -2.5760737831 -0.0241169310 2.1662167658 -2.7734561689 -0.0167328470 
2.2513772136 -2.6702191494 -0.0006719586 2.1333442540 -2.7878531400 -0.0009855484 
2.1491385910 -2.7506806781 0.0061218774 2.2386441789 -2.6659466746 0.0024900932 
2.5877678494 -2.2987739948 0.0143207830 2.8155321100 -2.0970011698 -0.0047446225 
2.5971380255 -2.2967028097 0.0096508992 2.7105319110 -2.1983559109 -0.0013769495 
2.1257203919 -2.7728504422 0.0070720957 2.2376274616 -2.6669091902 0.0025313476 
2.5786474120 -2.3419735998 0.0011207064 2.3765554782 -2.5331086311 0.0094506536 
2.1419023248 -2.7631359874 0.0022395575 2.2413994375 -2.6711110851 -0.0039935932 
END
