2.6248669844 -2.9991156888 0.7282830433 2.6238000751 -2.9968118661 0.8317052662 
16 16
image_id_list 13 21 30 34 44 48 52 54 55 73 78 83 89 16 23 71 
line_id_list 56 80 26 108 39 57 254 58 157 109 101 101 107 184 164 99 
line2d_list
310.5217590332 291.0446472168 312.5892333984 266.8793029785 
73.8367691040 206.0166015625 71.5000991821 183.0508575439 
629.0759277344 321.8603210449 632.5639038086 298.7829284668 
175.5326232910 209.8901062012 171.2132720947 188.9559936523 
518.5112915039 222.9300994873 522.0955810547 197.8706359863 
349.4873046875 310.0024414062 349.6074829102 285.9930419922 
537.4866943359 362.0036621094 537.6225585938 343.9971618652 
373.2413330078 348.1036682129 370.3507385254 326.9520568848 
502.8562927246 370.0868835449 501.4795837402 351.9635620117 
239.1889953613 83.2630844116 229.8203277588 54.3826828003 
275.3705139160 372.0029602051 275.5861816406 344.9967041016 
321.8574218750 371.9927368164 322.9297790527 350.9454650879 
290.2179260254 358.0048217773 290.7067565918 335.9713134766 
8.1886024475 371.3005981445 0.0567496382 349.3494262695 
243.0972595215 142.9911499023 241.1855621338 121.9831161499 
599.8206176758 74.0612869263 602.2028198242 42.1645202637 
node_id_list 7671 7672 7673 7674 7675 7676 7677 7678 7679 7680 7681 7682 7683 8840 9636 11496 
score_list 5.4735839850 4.9161592077 10.8203751360 4.0389317477 9.7402376571 10.9241807523 8.3564391893 11.0140473375 11.2216500641 10.7643340425 4.4747821526 6.0199010485 10.0891864651 0.9506154646 1.7458387342 6.9316468144 
line3d_list
2.6249883346 -2.9993698023 0.7288659788 2.6234036266 -2.9991725930 0.8278436370 
2.6246738261 -3.0008175482 0.7294826563 2.6240643754 -2.9959174524 0.8292811440 
2.6230103344 -2.9954409538 0.7330762021 2.6245291011 -2.9984608207 0.8300543057 
2.6244208176 -2.9989557637 0.7288473988 2.6222100372 -3.0042327779 0.8281775015 
2.6250498110 -2.9995794303 0.7282952596 2.6232680973 -2.9971971347 0.8318320058 
2.6250846082 -2.9988701522 0.7293999975 2.6237997037 -2.9972402504 0.8284633721 
2.6250070441 -2.9994259645 0.7313601210 2.6235844405 -2.9945962077 0.8316536859 
2.6248224604 -2.9979518451 0.7339772350 2.6255737288 -3.0009687163 0.8294955294 
2.6251194790 -2.9984445444 0.7316398789 2.6233493213 -2.9969672229 0.8291499549 
2.6250377553 -2.9989757125 0.7309009228 2.6238617691 -2.9967723248 0.8306735300 
2.6244087711 -2.9989845181 0.7293886470 2.6221790922 -3.0043066421 0.8295678593 
2.6251157601 -2.9994880569 0.7255438573 2.6231355126 -2.9987920215 0.8288677531 
2.6245125805 -2.9986260314 0.7275829891 2.6233875954 -2.9992347467 0.8317496070 
2.6249366523 -3.0031995207 0.7335722648 2.6240800068 -2.9960630739 0.8302178750 
2.6245703089 -2.9972319558 0.7333981616 2.6210171665 -3.0134768396 0.8290476269 
2.6264963058 -3.0012304800 0.7320874544 2.6217290465 -2.9939085616 0.8500549807 
END
