0.2785523734 0.1724483080 1.9075098521 0.9051601133 0.1671745702 1.9066696910 
7 7
image_id_list 0 1 8 58 87 39 90 
line_id_list 261 254 152 173 155 230 161 
line2d_list
435.5844726562 151.3976135254 538.6871948242 182.0520019531 
498.9264831543 68.7700195312 636.0136108398 81.8573379517 
760.9970092773 212.5074005127 799.0015869141 212.7304382324 
483.7481994629 102.2814254761 517.5083618164 90.4506835938 
464.8124694824 118.3455581665 585.1928100586 104.7010726929 
721.9531250000 202.8905181885 768.0359497070 205.3166351318 
756.9116821289 21.4205837250 799.0594482422 19.0631294250 
node_id_list 1387 1388 1389 1390 1391 2042 2043 
score_list 2.7541449685 4.7314552700 1.4316945851 3.8781713961 3.6228335454 1.6111892420 2.7618542246 
line3d_list
0.2750380105 0.1754224047 1.9085115499 0.9509854412 0.1642115066 1.9069518313 
0.2671380172 0.1736462422 1.9077392468 0.9508234639 0.1629735816 1.9064379698 
0.2891450728 0.1775772253 1.9075757733 0.7034521997 0.1536442108 1.9058990437 
0.3242152631 0.1712144384 1.9069919461 0.6510927618 0.1683615216 1.9073023363 
0.2806194828 0.1748730282 1.9077877337 0.9051941458 0.1711796783 1.9069114197 
0.3162499285 0.1712839581 1.9069843825 0.7273201658 0.1676962251 1.9073747189 
0.2785384215 0.1709254229 1.9066635316 0.4574036910 0.1683321380 1.9064055321 
END
