3.1230328417 -2.5725760908 0.2393337167 3.1214793352 -2.0085128411 0.2398016896 
15 15
image_id_list 22 26 28 30 44 48 52 54 55 69 70 71 73 94 89 
line_id_list 126 190 204 100 46 44 167 54 102 335 163 92 43 67 48 
line2d_list
687.6765136719 239.4297790527 725.8665771484 217.7647857666 
602.9810180664 418.6289978027 742.0097656250 416.7038574219 
703.9649658203 353.2394714355 799.0855102539 348.8543701172 
372.4402160645 472.9863281250 459.8446960449 424.7187500000 
235.7033538818 349.0555725098 351.8646545410 312.5691223145 
60.1573104858 506.4968872070 184.7894134521 436.6243896484 
336.1747741699 464.8470458984 417.8605346680 443.4671630859 
165.8875579834 585.0012817383 244.4440155029 497.5008544922 
315.3355102539 521.9656372070 387.6745300293 475.4933776855 
693.5344848633 548.5390014648 799.4320068359 580.5717773438 
593.9892578125 371.2321777344 753.0141601562 369.0131225586 
349.9143066406 147.5290679932 469.9729003906 140.5346527100 
0.1714507788 340.0792846680 102.7729949951 247.7477416992 
229.2776184082 96.0147857666 373.2303161621 43.6329765320 
25.3150711060 533.7994995117 139.7279968262 468.5232543945 
node_id_list 10237 10238 10239 10240 10241 10242 10243 10244 10245 10246 10247 10248 10249 10250 10981 
score_list 11.9105120726 12.6870378675 6.8912674321 9.7421092697 6.8121008513 5.6161969399 6.8815493038 4.9069807995 3.7227184071 8.9114981935 9.9157255399 12.6869470859 4.6367619654 10.0937425942 4.7631035124 
line3d_list
3.1206368461 -2.2196529706 0.2405517541 3.1223370333 -2.5683161451 0.2401178421 
3.1194015607 -2.0085196222 0.2410777743 3.1227635813 -2.5734679934 0.2395977552 
3.1213212089 -2.0134906541 0.2401539753 3.1201192736 -2.3602691453 0.2408700815 
3.1210948527 -2.0102150706 0.2401605311 3.1242278666 -2.5783770339 0.2388066548 
3.1243023768 -2.0122655168 0.2377968081 3.1155634640 -2.5664543988 0.2444781855 
3.1229476604 -2.0113363303 0.2385037066 3.1234697681 -2.5725750013 0.2394709037 
3.1284342087 -2.0028792122 0.2348962113 3.1133383504 -2.5646939391 0.2474253661 
3.1197535985 -2.0103776363 0.2413027175 3.1215602403 -2.5694469999 0.2413873927 
3.1155719607 -2.0090332536 0.2451047558 3.1173798119 -2.5640064870 0.2449042028 
3.1225798351 -2.0149324114 0.2388423877 3.1250413501 -2.4140127572 0.2376577394 
3.1219490741 -2.0155724875 0.2397005411 3.1187275760 -2.5680166706 0.2417831713 
3.1192425711 -2.0099657958 0.2412884458 3.1227897475 -2.5724599326 0.2395592366 
3.1229684938 -2.0968553440 0.2388166347 3.1155025137 -2.5703196347 0.2445247854 
3.1232169011 -2.0091021491 0.2384901252 3.1146229067 -2.5694011265 0.2450897301 
3.1197436756 -2.0073069427 0.2413022524 3.1215578861 -2.5687184673 0.2413872824 
END
