-1.2491596835 0.0912706739 0.3367540475 -1.1124937408 0.0920327166 0.3364605404 
3 3
image_id_list 4 74 92 
line_id_list 117 205 132 
line2d_list
289.0154724121 198.3170623779 323.9974975586 199.1098022461 
0.7007023692 236.2402038574 75.9059906006 254.3895416260 
383.1362609863 233.7964019775 415.2831420898 268.6609802246 
node_id_list 3774 3775 3776 
score_list 2.4210372544 3.4975876004 2.9518558121 
line3d_list
-1.2491283788 0.0873874804 0.3412484082 -1.0000320324 0.0926536699 0.3362261070 
-1.4173431467 0.0903328911 0.3371152424 -0.9402961595 0.0929928820 0.3360907247 
-1.4041849684 0.0870327526 0.3409913231 -1.1124805358 0.0903947059 0.3383563540 
END
