2.0171506067 0.0903675008 -0.0739550583 2.0189486502 0.0844680074 0.8959162848 
6 6
image_id_list 1 66 74 93 67 75 
line_id_list 148 28 90 80 63 89 
line2d_list
785.6235351562 599.5410156250 799.7202148438 557.2399902344 
635.6799316406 440.2765808105 749.2424926758 161.0986328125 
778.3878173828 513.7682495117 800.0980224609 456.4156494141 
788.6538085938 429.0821533203 799.4631347656 343.0581970215 
312.3059997559 575.0081176758 320.5564880371 263.8821716309 
192.6671447754 362.7925415039 107.5686874390 89.1341247559 
node_id_list 1851 1852 1853 1854 13251 13252 
score_list 1.9640841194 4.8808097281 3.5548494431 2.6089856590 2.8902724484 3.4680397667 
line3d_list
2.0182350280 0.0884322651 0.0602490488 2.0169559235 0.0890256756 0.2540720982 
2.0181557923 0.0877037472 -0.0976030455 2.0152028713 0.0975504083 0.8960028062 
2.0182210669 0.0900553945 -0.0059143152 2.0171197170 0.0909734198 0.2428270203 
2.0184399848 0.0884109249 -0.0490027154 2.0167539257 0.0890719024 0.3350315959 
2.0171155388 0.0892381817 -0.0739618626 2.0191341890 0.0869877264 1.0133888471 
2.0173622738 0.0891120411 -0.0989715544 2.0178801372 0.0878561374 0.8994968117 
END
