1.6308259643 -0.0383156105 0.9695702193 1.7114228490 -0.0490058890 0.9730094755 
5 5
image_id_list 58 67 74 93 66 
line_id_list 208 227 199 242 200 
line2d_list
596.1064453125 456.1102294922 583.9394531250 446.3176879883 
203.0563201904 286.2073364258 170.9937133789 285.1999816895 
750.2659301758 242.5828247070 715.3688354492 236.0344543457 
717.0297241211 183.7407226562 692.9722900391 183.1724700928 
583.6289672852 98.8611526489 550.8252563477 84.7263183594 
node_id_list 13062 13063 13064 13065 13294 
score_list 0.0000000000 2.5508820663 3.0369838831 1.4451608788 3.3366054602 
line3d_list
1.7269214736 -0.0618055647 0.9812983194 1.6393213704 -0.0398530204 0.9703097060 
1.7114091645 -0.0491510396 0.9728789880 1.6223991340 -0.0349074803 0.9676665355 
1.7087261052 -0.0540656373 0.9747409806 1.6266570042 -0.0335117891 0.9685953860 
1.7109914994 -0.0502807801 0.9737380533 1.6307391599 -0.0388143360 0.9700542327 
1.7170440235 -0.0449719228 0.9723525890 1.6363550227 -0.0440383726 0.9715032899 
END
