0.2173634441 0.1977066695 0.7244597454 0.9464868151 0.1966446393 0.7252089764 
11 11
image_id_list 4 12 47 59 64 66 74 87 90 92 58 
line_id_list 2 56 45 62 56 93 34 89 44 85 66 
line2d_list
729.0524902344 88.6765975952 532.9135131836 103.8846893311 
688.3743896484 160.3050842285 593.8668212891 109.3910140991 
605.3804931641 198.5431518555 428.1915588379 152.2664794922 
702.3570556641 466.4390869141 551.8627319336 370.6446838379 
799.8789062500 565.6958618164 670.3866577148 478.4262390137 
374.4931640625 34.9248085022 297.6132507324 -0.3370205760 
488.3356628418 240.1533660889 302.7423400879 206.4174499512 
564.2273559570 442.4336547852 450.4936218262 396.7705383301 
799.7960815430 386.4453735352 691.1085815430 330.7879028320 
800.0452270508 469.7538452148 725.5873413086 407.2997741699 
495.9834899902 411.0216064453 462.4473876953 385.4140625000 
node_id_list 3538 3539 3540 3541 3542 3543 3544 3545 3546 3547 13046 
score_list 7.6932838160 5.5436541690 6.7925630844 5.0219952943 4.8866924378 6.4519836948 7.0022917603 3.3985179766 3.9240710725 7.4991105129 3.7909702287 
line3d_list
0.9464902689 0.1982395898 0.7241086793 0.2142348354 0.2012816685 0.7223733065 
0.8490411835 0.2014015560 0.7228863517 0.2175631256 0.2048078950 0.7211082923 
0.9550512858 0.1854972271 0.7300133640 0.2167021993 0.2028265151 0.7224597977 
0.8646564119 0.2018850558 0.7218728555 0.2286264885 0.1964739560 0.7253403222 
0.6375104508 0.1954670230 0.7250698333 0.2226971221 0.1973545648 0.7249660994 
0.8305806916 0.1955053205 0.7264125416 0.4619506671 0.1913682388 0.7283192886 
0.9521494590 0.1902009840 0.7290732117 0.2229974850 0.1934807639 0.7271903957 
0.8813404011 0.2005177374 0.7236907085 0.2298702210 0.1949533042 0.7254683533 
0.7527360727 0.2066716739 0.7201029143 0.2246203226 0.1970736357 0.7251981347 
0.4315270636 0.1959099553 0.7254126249 0.2173642353 0.1981642056 0.7243383522 
0.5987451167 0.1997772733 0.7232550751 0.2397467381 0.1932565897 0.7267258837 
END
