0.0100279356 -1.1302629837 0.0008983383 0.2339408708 -0.9077136309 0.0023367681 
8 5
image_id_list 42 47 50 50 62 62 42 65 
line_id_list 47 93 72 73 14 50 49 71 
line2d_list
477.5652465820 580.3364868164 419.9136352539 505.8407287598 
166.9990539551 449.6574707031 185.0004577637 449.6833801270 
579.5077514648 552.4380493164 532.9104614258 500.0796813965 
533.8166503906 498.2589721680 581.8208618164 551.1625976562 
498.6813049316 394.2742614746 481.6294250488 312.2850646973 
484.7764587402 317.0480346680 501.2966308594 393.9362792969 
422.6054382324 505.5283813477 480.3843688965 579.7005615234 
245.0598449707 250.9472351074 298.9388732910 312.0538940430 
node_id_list 12191 12192 12193 12194 12195 12196 12197 12615 
score_list 2.6719935543 3.2486593064 2.8783051686 2.9878946542 3.5124673267 3.9750435568 3.7405432025 3.9100864630 
line3d_list
0.2368586604 -0.9152890483 0.0019081936 0.0094460484 -1.1396273429 -0.0030722914 
0.1306126203 -1.0108312144 0.0029093538 0.1688519279 -0.9696099170 -0.0024470864 
0.2343342604 -0.9172649571 -0.0010888261 0.0501865225 -1.0996985474 -0.0006877974 
0.0417546496 -1.0987073231 0.0010252086 0.2300205607 -0.9115351859 0.0023535197 
0.2427125782 -0.9095142677 0.0020363982 0.0018070368 -1.1471630852 -0.0032395908 
0.0163097623 -1.1240043825 0.0008456821 0.2375142595 -0.9040850235 0.0024063915 
0.0100402372 -1.1302749483 0.0008345353 0.2341024236 -0.9078787612 0.0027371099 
0.0227656605 -1.1270883301 0.0180162118 0.2234682235 -0.9107345160 -0.0100975628 
END
