3.7287079018 -0.8421716865 0.5836497014 3.7282245638 -0.6385928929 0.5843110860 
3 3
image_id_list 22 24 25 
line_id_list 50 76 117 
line2d_list
326.0029296875 185.0105133057 250.7054595947 205.9403839111 
656.9765014648 400.1617431641 520.9401245117 380.4123229980 
437.0759582520 450.1968383789 358.9237670898 442.8061218262 
node_id_list 9927 9928 10496 
score_list 6.5622831927 6.5995266122 7.0417237879 
line3d_list
3.7315082240 -0.8421608199 0.5823513371 3.7348524512 -0.5724024278 0.5809219844 
3.7287519650 -0.8607308251 0.5835894066 3.7280984645 -0.5854806885 0.5844836364 
3.7288824396 -0.9156858384 0.5834108693 3.7282245638 -0.6385928929 0.5843110860 
END
