1.0490014693 -3.0050831615 1.0426267621 1.5615750603 -3.1521026979 1.0397131124 
29 29
image_id_list 13 14 16 21 33 38 48 51 56 57 80 89 97 19 20 23 34 54 83 84 31 53 78 82 96 98 99 88 52 
line_id_list 35 16 20 28 18 14 46 8 6 29 48 10 5 15 3 11 6 8 14 9 25 38 42 22 7 2 41 72 163 
line2d_list
653.7918090820 226.2144775391 547.8816528320 216.2587127686 
418.2116088867 154.2016601562 329.1557617188 169.8845214844 
299.9264831543 186.7252349854 209.4479827881 210.9371643066 
423.9036560059 139.4663085938 318.9625244141 132.5703430176 
235.1651611328 333.0877075195 129.1793670654 349.1812744141 
270.0325622559 301.3147583008 149.7678680420 313.7561645508 
799.5854492188 283.4697265625 646.1616210938 258.0255737305 
345.0410156250 247.6401367188 200.9981079102 249.8780059814 
429.0576782227 279.7490539551 276.8055419922 291.4754028320 
324.9473876953 225.7191925049 236.9065093994 219.2778778076 
395.8970336914 223.3582305908 259.9957275391 213.0565338135 
676.3218994141 358.6275634766 540.6177978516 323.6060791016 
430.1145019531 322.2447814941 348.8820190430 329.7176208496 
238.0928955078 234.9915161133 147.9473266602 243.4378509521 
190.8679504395 284.1519165039 84.6405105591 300.6911010742 
516.0102539062 55.7659683228 430.0123596191 56.9200630188 
456.1867065430 93.6228637695 366.1134033203 103.9855957031 
777.0179443359 254.7715911865 629.9852905273 255.7219696045 
624.9106445312 307.4881591797 528.9564208984 301.7254943848 
138.0686798096 232.2722167969 13.8987827301 263.5988159180 
190.1421508789 338.0241699219 87.1823806763 352.3140563965 
319.8486022949 272.0434265137 184.9224853516 262.0461730957 
618.0130615234 270.6843261719 513.9935302734 269.6540832520 
311.3529663086 177.7640838623 229.2387237549 194.1931304932 
174.1174621582 309.8548889160 45.7922172546 327.4878540039 
182.0021972656 283.0318603516 58.9651908875 291.4938964844 
41.9543380737 307.5902709961 0.9594226480 306.4131774902 
227.8005065918 248.9277191162 77.9564971924 233.4203796387 
799.1679077148 325.0456848145 751.8300170898 320.9789733887 
node_id_list 7536 7537 7538 7539 7540 7541 7542 7543 7544 7545 7546 7547 7548 8159 8160 8161 8162 8163 8164 8165 8716 8717 8718 8719 8720 8721 9231 9588 11834 
score_list 8.9677196741 12.0044800254 13.5344551360 12.5544375981 9.5758428382 13.7264644972 6.9403269501 10.5233683921 11.7036443680 9.7757962895 11.6412746382 12.4647111959 10.5600619664 8.9002182808 8.9790528433 9.5645253193 9.4825130124 10.4395558294 10.0549409241 6.7362649340 7.8711731012 9.7457333757 9.6749271852 8.7905098135 7.5078506791 6.6987184701 6.7468503247 10.4045003004 9.7134958800 
line3d_list
1.0759230292 -3.0161372033 1.0423371363 1.5467010274 -3.1448307855 1.0402680423 
1.0788486295 -2.9936788988 1.0465001340 1.5524896639 -3.1508192205 1.0396626876 
1.0845403786 -3.0058823981 1.0450998831 1.5403719675 -3.1429486999 1.0403296051 
1.0616510672 -3.0174832490 1.0412344658 1.5470285844 -3.1469260957 1.0398211480 
1.0624904100 -3.0057674286 1.0436595706 1.5592974260 -3.1452531813 1.0410950945 
1.0845151081 -3.0147555427 1.0427178771 1.5388141811 -3.1548989145 1.0376033737 
1.1062304867 -3.0156271096 1.0429393974 1.5552664238 -3.1595668860 1.0384493901 
1.0437964021 -3.0055630717 1.0417968003 1.5669931024 -3.1486202448 1.0405202136 
1.0773671426 -2.9994464538 1.0452553893 1.5499148417 -3.1399300394 1.0412431822 
1.0769482915 -3.0128614492 1.0431223762 1.5534260361 -3.1410397252 1.0414887085 
1.0590298218 -3.0173266999 1.0406631203 1.5629198185 -3.1437966836 1.0412041703 
1.0393701155 -3.0073127534 1.0419458748 1.5549159831 -3.1579638074 1.0384321467 
1.0877391281 -3.0187278195 1.0435479063 1.5492938029 -3.1354387065 1.0415386832 
1.0827793200 -3.0184502473 1.0434447072 1.5532145116 -3.1400685101 1.0410566959 
1.0802507514 -3.0110830395 1.0434876409 1.5403416141 -3.1415646284 1.0407946380 
1.0792415659 -3.0155096635 1.0426633893 1.5466160772 -3.1404961340 1.0412259273 
1.0737616153 -3.0130450105 1.0423884023 1.5439061185 -3.1465384029 1.0400206256 
1.0594606549 -2.9846152993 1.0464505424 1.5492293999 -3.1504865701 1.0395948436 
1.0841816745 -2.9972379946 1.0453000606 1.5443394106 -3.1517610634 1.0398887834 
1.0897492786 -3.0008887152 1.0465022556 1.5411060454 -3.1555058809 1.0375821604 
1.0680470621 -3.0099941901 1.0432578803 1.5541854457 -3.1436966682 1.0409414029 
1.0464760460 -3.0138592991 1.0411847098 1.5621261512 -3.1501859999 1.0399473919 
1.0846898960 -3.0167445406 1.0416970212 1.5447415449 -3.1425360227 1.0405745069 
1.0737616746 -3.0254411879 1.0416224208 1.5515531185 -3.1370928022 1.0418526225 
1.0877310738 -2.9858644940 1.0497252813 1.5544638806 -3.1321893008 1.0435127179 
1.0847936401 -3.0114096709 1.0433697752 1.5463314443 -3.1461606802 1.0396292517 
1.0695953358 -3.0075207260 1.0398253294 1.2569058159 -3.0500364703 1.0447270045 
1.0502847601 -3.0065830327 1.0424707192 1.5519437197 -3.1458273335 1.0401752533 
1.3518575521 -3.0764173704 1.0441904021 1.5819309688 -3.1825478052 1.0352012860 
END
