0.1848465517 -1.5515122695 0.4481180152 0.1533622935 -1.4546970139 0.4506180866 
12 11
image_id_list 6 50 96 6 18 42 43 65 11 76 46 87 
line_id_list 85 149 163 166 260 168 166 154 180 150 202 286 
line2d_list
449.8699645996 413.1835327148 420.7816162109 409.9876098633 
396.9627990723 368.9801330566 427.0333557129 370.1212158203 
577.8208618164 470.2475891113 603.1599121094 473.8863830566 
421.6806030273 411.4522399902 438.7353515625 415.2033081055 
187.9999847412 309.9999084473 212.1277770996 307.0425109863 
245.1087646484 426.6720886230 267.0203857422 423.1260070801 
591.9382324219 490.3809814453 612.0374145508 488.3748474121 
47.9620933533 151.7153167725 75.1458892822 148.0956420898 
4.0264649391 260.5386657715 34.0522499084 259.0634765625 
432.9879150391 357.9036560059 456.0105285645 358.2113342285 
68.1106338501 441.5404663086 100.1989593506 434.9719543457 
0.6938855648 560.1795043945 25.0363559723 551.0974121094 
node_id_list 4069 4070 4071 4187 4188 4189 4190 4191 6955 6956 9188 12583 
score_list 8.2152752629 6.2862604083 2.7341393409 8.9697197053 2.9070104478 8.8941413917 7.3317562778 5.1859067762 4.5292188691 3.7905341107 3.1540698149 2.3668575365 
line3d_list
0.1286301582 -1.4841756626 0.4308738429 0.1721025422 -1.5371537500 0.4456592351 
0.1785091880 -1.5483033066 0.4463977157 0.1259961107 -1.4666255468 0.4361588592 
0.1892210946 -1.5436063662 0.4507054757 0.1161815211 -1.4678240508 0.4321133676 
0.1782897601 -1.5301236637 0.4496997479 0.1634808888 -1.4922271801 0.4473008251 
0.1926480103 -1.5445046167 0.4533177907 0.1601545762 -1.4528694575 0.4525429305 
0.1820696610 -1.5319080586 0.4509352475 0.1594511264 -1.4760652950 0.4494140000 
0.1755865901 -1.5323834122 0.4459940240 0.1598884159 -1.4658275199 0.4500921231 
0.1803814284 -1.5351780876 0.4489785600 0.1468306110 -1.4802770648 0.4433076973 
0.1740807436 -1.5551633716 0.4429313326 0.1283802864 -1.4608656506 0.4384163551 
0.1927695887 -1.5565603299 0.4502052165 0.1403465599 -1.4587442099 0.4434341279 
0.1828112539 -1.5521517765 0.4472517178 0.1548315954 -1.4436479239 0.4528370614 
0.1730096449 -1.5333968816 0.4460986165 0.1546762378 -1.4642215801 0.4476959498 
END
