-0.1714561012 -0.5061668531 1.5038117509 -0.1717114063 -0.5075010143 1.5886587669 
9 9
image_id_list 18 58 79 85 90 99 87 93 76 
line_id_list 317 335 197 286 253 181 321 282 192 
line2d_list
444.3262939453 4.0006794930 444.3515014648 28.9996452332 
295.2763671875 177.9973144531 295.4415588379 194.9957122803 
699.3853149414 80.0640945435 697.0653076172 94.0108718872 
484.3205261230 57.9643745422 486.1015625000 73.9887084961 
514.5005493164 101.9458618164 512.1086425781 124.0117721558 
604.4978027344 243.9677276611 603.5935058594 258.0381469727 
262.1955261230 193.9956665039 262.6387023926 214.0079956055 
201.1382904053 49.1985626221 206.1033630371 70.7457580566 
699.9750976562 107.8585433960 697.0560913086 129.0077362061 
node_id_list 9209 9210 9211 9212 9213 9214 13094 13095 13429 
score_list 4.4121088931 3.3131896793 4.6478272489 3.9659872270 5.2827974299 1.6233355859 5.7299251571 3.8116940087 0.9404275709 
line3d_list
-0.1729336382 -0.5075159757 1.5927418244 -0.1770164583 -0.5058503757 1.5037964015 
-0.1733888956 -0.5082641202 1.5800685655 -0.1696364333 -0.5055978126 1.5050387466 
-0.1677168571 -0.5073933597 1.5644632026 -0.1710299166 -0.5064203577 1.5109419972 
-0.1674133260 -0.5082827397 1.5760815976 -0.1722811816 -0.5066886840 1.5061529186 
-0.1732490838 -0.5050179024 1.5886931852 -0.1726068618 -0.5065365005 1.5047181973 
-0.1666612395 -0.5077033806 1.5815162984 -0.1710628252 -0.5064106929 1.5104103714 
-0.1726618353 -0.5074797989 1.5851061737 -0.1706217256 -0.5069480052 1.5038019784 
-0.1718781579 -0.5076113887 1.5848371954 -0.1699266026 -0.5070430025 1.5015608191 
-0.1518704446 -0.5064183436 1.5916880742 -0.1765609248 -0.5062780118 1.5041342007 
END
