3.9978195920 -1.5657600110 0.0036013168 3.9990304352 -1.5663588634 1.9240744286 
6 6
image_id_list 22 25 29 30 52 27 
line_id_list 85 200 34 5 26 89 
line2d_list
417.0211791992 249.2052154541 440.8931274414 14.0906820297 
660.7590942383 0.9595302939 646.5705566406 436.0186157227 
659.2880249023 406.4974670410 676.5574951172 278.9400939941 
129.2045745850 487.0859985352 105.9223098755 0.9558276534 
181.9879302979 484.0001525879 177.2862548828 127.9830169678 
747.4348754883 77.0091934204 746.4913940430 18.9920082092 
node_id_list 10101 10102 10103 10104 10105 11192 
score_list 4.5315428953 1.8217884957 2.3753000058 2.5877420094 1.9428088388 1.5995710896 
line3d_list
3.9981853339 -1.5665048455 0.0036008539 3.9979741251 -1.5658837905 0.9823405588 
4.0062580428 -1.5743172798 1.9240673900 4.0051838101 -1.5737275213 0.5575749524 
4.0120747848 -1.5733106025 -0.0966572792 3.9941289055 -1.5634041064 0.5898485248 
3.9962898986 -1.5644876662 0.0042689075 3.9985009219 -1.5661157273 1.7939126921 
4.0068868058 -1.5704242023 -0.0018040793 3.9932685390 -1.5632258410 1.9871621146 
4.0015347995 -1.5670870412 1.7254795738 3.9997758339 -1.5661500701 1.9958036899 
END
