3.6391727041 -0.8990630572 0.6123749620 3.6389918397 -0.6781351072 0.6131491314 
4 4
image_id_list 22 26 69 25 
line_id_list 69 194 168 128 
line2d_list
325.2047424316 191.7154998779 250.7217864990 213.0276641846 
345.9614562988 316.3806762695 384.0008544922 314.0137329102 
475.2643432617 365.9971313477 422.9456787109 352.2061462402 
436.0846862793 456.1181640625 359.9226989746 448.8049621582 
node_id_list 10012 10013 10014 10686 
score_list 4.8452251674 3.4026135321 4.3031822464 6.2872736477 
line3d_list
3.6259332254 -0.7567706658 0.6209955724 3.6276641311 -0.5057151865 0.6201718250 
3.6285822752 -0.6781578513 0.6172077772 3.6279146393 -0.8990918184 0.6179525245 
3.6325966973 -0.9238167480 0.6138195492 3.6312975152 -0.6452293090 0.6152805848 
3.6278339065 -0.9412510299 0.6180488986 3.6272858489 -0.6841742638 0.6184809237 
END
