-0.2051739685 -0.9245482251 2.1522327650 -0.1954201115 -0.3733326338 2.1594742198 
9 9
image_id_list 0 39 8 31 58 10 99 19 32 
line_id_list 283 285 255 186 320 229 149 225 252 
line2d_list
329.1708374023 58.6972541809 255.3979034424 17.0669841766 
590.1455688477 138.0213928223 490.4181213379 123.1888198853 
632.1552734375 142.2476043701 532.4790039062 121.6788558960 
799.5419921875 53.6635208130 669.2229003906 80.1808776855 
329.0438842773 47.5305519104 200.1423797607 35.4772834778 
733.0239868164 82.6033096313 610.0500488281 75.1714096069 
642.9766235352 129.9860076904 534.9187622070 132.4797058105 
799.1741333008 20.6042232513 739.7045288086 24.5806694031 
693.0717163086 60.7616043091 586.6964111328 70.7748336792 
node_id_list 1460 1461 5119 5120 5121 6674 6675 9331 11702 
score_list 1.6312480206 3.9684105997 2.1897977993 3.1495908387 4.2981052623 0.8657931551 5.3537551175 0.8325506733 1.9011464795 
line3d_list
-0.2126017597 -0.3393424623 2.1610500044 -0.1650326215 -0.8977862671 2.1495834446 
-0.1870521381 -0.3698545643 2.1580456688 -0.1920645223 -0.9110831254 2.1522284528 
-0.1821734784 -0.3735337923 2.1569437812 -0.2100587639 -0.9057840269 2.1561871435 
-0.2058520524 -0.4048247661 2.1613439721 -0.2099283885 -0.9347972208 2.1525757611 
-0.1929980432 -0.3753354485 2.1585975354 -0.2170862093 -0.9243693928 2.1546653135 
-0.1951787531 -0.3757592081 2.1597533521 -0.1766383937 -0.9205157876 2.1462345898 
-0.2036725318 -0.3782022384 2.1615332674 -0.1747408366 -0.9181079732 2.1483927602 
-0.2148043540 -0.6903635508 2.1579591147 -0.2087585639 -0.9349615660 2.1523408918 
-0.2014171014 -0.3790310968 2.1602805620 -0.1956308437 -0.9191509022 2.1503080158 
END
