1.1064952922 -2.9996370989 0.8774767688 1.1065520802 -2.9981312788 0.9324689579 
10 10
image_id_list 2 51 56 77 80 88 48 54 73 89 
line_id_list 76 67 29 78 8 81 0 39 2 18 
line2d_list
263.1847534180 320.1497192383 258.7581176758 296.0444335938 
330.6318664551 294.0911865234 329.6278076172 279.0248107910 
422.2645263672 330.0354919434 422.5002136230 314.9921569824 
278.7212524414 377.2567443848 275.4782409668 361.1047668457 
382.5515747070 265.0554809570 383.8759765625 251.8869476318 
209.6036682129 293.0200805664 210.0707244873 278.9691162109 
789.8148803711 337.9666748047 792.7293090820 321.7713317871 
761.3529052734 300.0070495605 761.6327514648 285.9727478027 
763.4421997070 101.8514785767 769.2430419922 80.0647125244 
649.0182495117 399.0028076172 651.1718750000 385.0264892578 
node_id_list 2564 2565 2566 2567 2568 2569 12670 12671 12672 12673 
score_list 6.9325865107 4.1371428232 2.8978664218 4.2834738634 2.8758626738 3.9523446452 4.2946278813 4.8288865156 3.7911657390 5.2586490444 
line3d_list
1.1055534154 -3.0002750486 0.8764266366 1.1056241077 -2.9987935056 0.9322481900 
1.1066732001 -2.9996223911 0.8779976178 1.1061108889 -2.9984984274 0.9338253577 
1.1062597660 -2.9982515084 0.8774390711 1.1061747683 -2.9953630113 0.9303026448 
1.1055984003 -3.0016147995 0.8742352141 1.1068908757 -2.9972066738 0.9324432902 
1.1058464741 -2.9990581328 0.8781482570 1.1070709769 -2.9944705120 0.9315495667 
1.1057920224 -2.9999136422 0.8785383897 1.1068778931 -2.9971872143 0.9315881188 
1.1066786738 -2.9968586904 0.8804959753 1.1070651014 -2.9944911456 0.9313443024 
1.1062415096 -2.9978958143 0.8784744861 1.1061442726 -2.9947675622 0.9320826112 
1.1066858289 -2.9968963304 0.8784260119 1.1067956763 -2.9951765276 0.9315706559 
1.1062482514 -2.9980036752 0.8790078319 1.1062445885 -2.9965576611 0.9328010089 
END
