1.1695034795 -1.8551554093 0.0000475677 1.6418261174 -1.3831292726 -0.0000330529 
47 21
image_id_list 7 15 15 21 62 81 91 91 7 21 62 10 15 16 16 17 18 18 37 37 76 81 84 84 10 57 76 14 19 19 23 23 34 34 57 82 82 82 14 91 91 63 72 63 72 72 72 
line_id_list 29 102 125 92 79 164 29 30 50 58 59 93 146 84 88 233 125 154 165 169 104 127 138 147 118 80 87 127 147 154 81 122 114 162 53 178 186 188 137 8 21 12 39 32 25 12 28 
line2d_list
445.8818969727 599.4103393555 418.6260375977 525.1372070312 
210.1650848389 457.1045837402 201.1317749023 384.9834899902 
202.4747772217 381.0745239258 206.8453521729 411.8800659180 
473.3934020996 470.2776489258 402.6766357422 570.4775390625 
45.0647277832 452.0230407715 22.2639255524 516.0939331055 
588.8104858398 579.1969604492 552.1086425781 543.8870849609 
310.2008056641 441.1882019043 228.4471588135 528.4190673828 
227.5472869873 525.5708618164 309.2950134277 439.3317565918 
420.5660095215 523.7920532227 448.2949829102 599.2590332031 
400.5621948242 569.6920776367 475.2664184570 463.4840087891 
19.7197227478 516.9019165039 42.9160118103 450.6206359863 
244.0473022461 599.1259765625 234.5020904541 526.9335937500 
207.1010131836 413.9878540039 212.0311889648 454.9962463379 
492.7836914062 440.7868347168 518.9588012695 537.0112304688 
517.1067504883 539.2392578125 493.1916809082 449.9486694336 
66.8684997559 581.2891845703 105.9680709839 599.0701904297 
12.5552110672 578.2078857422 22.4030246735 599.2789916992 
20.3239269257 599.3211059570 4.2031087875 565.3784790039 
321.6135864258 599.2776489258 301.1962280273 570.8590087891 
302.6004333496 570.5559082031 323.4116210938 598.6955566406 
303.7805786133 599.1132812500 279.3592834473 551.8145141602 
615.0650024414 600.0166625977 596.7556152344 583.1783447266 
393.9572448730 532.0204467773 421.1657104492 588.9207763672 
423.4960021973 599.2374877930 391.6634521484 531.6873779297 
236.3457794189 526.9517822266 246.3880462646 598.9458618164 
432.5967102051 493.9864501953 434.5278320312 578.9880371094 
281.6052551270 552.6784057617 306.3888549805 599.3247070312 
596.8424682617 401.6640930176 626.4152832031 475.8344116211 
398.7637023926 532.0465087891 406.8265380859 573.0341186523 
404.9645690918 575.0067749023 388.8288574219 490.8410949707 
616.2612304688 324.9216308594 608.1887817383 401.0200195312 
605.8450317383 402.9830627441 614.3680419922 324.9309997559 
577.7726440430 364.1429748535 562.6050415039 446.1119689941 
560.1191406250 446.8335571289 575.7796020508 363.9583435059 
432.3248291016 580.0134887695 430.6069335938 494.0078430176 
479.6899108887 410.0967102051 489.2976684570 440.9071655273 
489.8127746582 443.0575561523 501.2441711426 480.2324218750 
499.9949340820 482.0015258789 478.5129699707 410.8451232910 
624.2811279297 476.2830200195 595.0321044922 401.9873657227 
158.8432922363 598.8526000977 223.2923278809 530.3343505859 
224.1522979736 533.1428833008 162.1885223389 599.1768798828 
119.6744155884 380.0480346680 228.8949279785 342.6927795410 
123.9677505493 312.3679504395 227.9864196777 310.3124084473 
226.0588684082 346.1710510254 121.0998916626 382.2902832031 
222.9955291748 312.7767028809 126.9939575195 314.6979064941 
233.9765472412 309.8621215820 315.9829406738 308.1721191406 
316.0053710938 310.1925659180 233.0140075684 312.5030212402 
node_id_list 4318 4319 4320 4321 4322 4323 4324 4325 4352 4353 4354 6413 6414 6415 6416 6417 6418 6419 6420 6421 6422 6423 6424 6425 6474 6475 6476 8419 8420 8421 8422 8423 8424 8425 8426 8427 8428 8429 8443 8611 8612 13175 13176 13187 13188 13390 13391 
score_list 3.1955917379 9.9267626266 9.3054160444 5.9708062122 1.9649396937 6.9557598280 1.9677924069 1.9691520412 3.2788344667 5.9813067692 1.9218763574 4.7958437534 6.7390851387 8.7622674964 8.4812271440 3.9353893937 3.9013893965 3.5931058799 4.8922081419 4.3977513114 3.5618294307 3.9650079610 5.6552378667 6.7378295252 5.2011428399 5.2785287762 3.4954265922 6.7429978872 2.9692700765 5.9305587713 6.5211993160 6.4923616754 6.9559874902 6.9583659591 5.2831837660 7.0232381483 4.9591683793 7.6901344040 6.9392939422 1.7815837631 1.7992658131 0.9950488468 1.9864679048 0.9968521506 1.9735721683 0.9891317896 0.9835724806 
line3d_list
1.3330299892 -1.6967134645 -0.0106576652 1.1825685975 -1.8473880889 -0.0122998884 
1.6441863752 -1.3921590826 0.0002770739 1.2684556375 -1.7674866428 0.0014353270 
1.2380436051 -1.7870292943 -0.0014220420 1.4132771872 -1.6101665568 -0.0046576780 
1.1983320026 -1.8251173873 -0.0007492053 1.6277303683 -1.3969888889 0.0006416080 
1.1899497267 -1.8355688809 -0.0013425310 1.3336127172 -1.6920188144 -0.0006959171 
1.4138182663 -1.6219626197 0.0008585058 1.2596692827 -1.7754284128 -0.0002168175 
1.1870210256 -1.8388346726 -0.0004520246 1.4113852133 -1.6142920359 -0.0003869132 
1.4133282527 -1.6208980302 0.0025431516 1.1891355575 -1.8450878141 -0.0007634999 
1.1924490702 -1.8377442401 0.0111106436 1.3423337074 -1.6875789791 0.0107243541 
1.6323502690 -1.4033638690 -0.0010964177 1.1749366527 -1.8605916788 0.0019014736 
1.3392416297 -1.6945492453 0.0002856084 1.1916455122 -1.8431907375 0.0009166701 
1.5509192779 -1.4854533488 -0.0004014282 1.2171288654 -1.8184265714 0.0041121674 
1.4287702503 -1.5942884967 -0.0005771221 1.6370716941 -1.3874161197 0.0065306546 
1.2004482369 -1.8230074114 -0.0007423509 1.6340019871 -1.3907358173 0.0006619217 
1.6478781907 -1.3891848656 0.0016172423 1.2595343650 -1.7772932845 0.0038015494 
1.2045470008 -1.8222330506 0.0026699003 1.3713836780 -1.6561925041 0.0045257753 
1.1910937914 -1.8357852284 0.0045563917 1.2676105410 -1.7595958909 0.0049368576 
1.2634119351 -1.7701544746 -0.0008957919 1.1400327650 -1.8945271857 0.0017495743 
1.3550169179 -1.6806356897 0.0013893493 1.2077491736 -1.8269807985 0.0013740601 
1.1963400210 -1.8262966433 -0.0049357947 1.3467746918 -1.6768647182 -0.0015583040 
1.3942087598 -1.6416323450 0.0011897829 1.1996110412 -1.8363620156 0.0059930660 
1.4995026443 -1.5271338752 0.0094767075 1.4318234391 -1.5934133141 0.0052444214 
1.1922346723 -1.8300448773 -0.0052379747 1.4086878080 -1.6129513104 -0.0064445854 
1.4551939384 -1.5817658144 0.0027732709 1.2032511339 -1.8334346473 0.0035414382 
1.2023739206 -1.8200750856 -0.0035466371 1.5439422013 -1.4802548917 -0.0013262125 
1.1601354655 -1.8617202993 -0.0071562466 1.6302382765 -1.3933301995 0.0027703612 
1.1893224772 -1.8330597340 -0.0036314803 1.3882619082 -1.6351384403 -0.0023382396 
1.2134888627 -1.8102929018 0.0007896628 1.6246257870 -1.3996887679 -0.0014176068 
1.4323168001 -1.5910083831 -0.0015410938 1.6240342430 -1.3999029163 -0.0014456309 
1.6390360429 -1.3974076142 -0.0004944864 1.2089433131 -1.8268492976 0.0022702115 
1.1759852288 -1.8465393163 -0.0017742821 1.6288616331 -1.3945721133 0.0016698254 
1.6402695589 -1.3941323654 -0.0042956421 1.1874631714 -1.8476428963 0.0004452383 
1.1977799710 -1.8251453423 -0.0037506920 1.6312690728 -1.3926202309 -0.0010163141 
1.6419760583 -1.3938627308 -0.0007537203 1.2073130239 -1.8275035098 -0.0007471236 
1.6392724962 -1.3955209263 0.0004701015 1.1790597563 -1.8576654273 -0.0002115633 
1.2061928323 -1.8172861899 -0.0069077493 1.4087560057 -1.6149041284 -0.0040138717 
1.4410084598 -1.5882544290 0.0112817287 1.6385789581 -1.3905321467 0.0103918427 
1.6383588643 -1.3973577145 -0.0011357980 1.2268217164 -1.8087276914 0.0015614186 
1.6321501078 -1.4036146474 -0.0011835930 1.2216884127 -1.8139591258 0.0014201495 
1.5725530264 -1.4594165124 0.0054209849 1.4239881741 -1.6099145169 0.0019347063 
1.4224641889 -1.6045104236 -0.0036051324 1.5660147902 -1.4596213903 -0.0007836530 
1.6499186656 -1.3827267951 0.0041568399 1.4263935796 -1.6078826686 0.0026170382 
1.6414606594 -1.3913867436 0.0051295807 1.4258244267 -1.6071800065 0.0029181450 
1.4295481679 -1.5950414857 -0.0008012564 1.6454812758 -1.3804903776 -0.0014062671 
1.4336979126 -1.5931719594 -0.0033843341 1.6316085372 -1.3934160625 0.0005055886 
1.4142417257 -1.6206122373 0.0026403887 1.2370444194 -1.7923289223 0.0072512919 
1.2368288701 -1.7915352487 -0.0028576199 1.4120604502 -1.6139890743 -0.0022986522 
END
