3.7742463857 -0.8882089343 0.4969876756 3.7734246425 -0.6150736140 0.4977339691 
5 5
image_id_list 24 26 27 29 69 
line_id_list 41 128 208 317 319 
line2d_list
649.0181274414 414.8735961914 515.8918457031 395.7529602051 
347.9719848633 327.4772033691 392.9500732422 325.0678100586 
567.9888305664 336.7419433594 618.0250854492 334.5799255371 
468.9119262695 291.8692016602 526.0347900391 297.6564025879 
420.1857910156 366.2980041504 469.1936950684 379.2680969238 
node_id_list 10434 10435 10436 10437 10438 
score_list 5.7087664019 4.9124749359 6.0521796201 5.9884788439 7.6627589913 
line3d_list
3.7749047214 -0.8859213843 0.4963518666 3.7749652618 -0.5992883268 0.4962486319 
3.7726405838 -0.6189750364 0.4984804607 3.7733414546 -0.8910302559 0.4978514137 
3.7723106662 -0.6150798677 0.4987961465 3.7752521611 -0.8764406477 0.4960172730 
3.7734234519 -0.6126273039 0.4977289053 3.7737556624 -0.8882116845 0.4974538583 
3.7749618333 -0.6155206902 0.4962544782 3.7749040334 -0.8891788134 0.4963530398 
END
