1.6168267721 0.0977778405 1.1049272557 1.6443781482 0.0845174900 1.2886020567 
3 3
image_id_list 1 87 93 
line_id_list 20 15 23 
line2d_list
749.5173339844 315.3220214844 769.9941406250 270.5400695801 
760.3848876953 395.5747680664 778.0477294922 328.4860229492 
697.9812011719 138.4099121094 709.0717773438 84.8079528809 
node_id_list 1612 1613 1614 
score_list 4.6618191079 3.5315536691 4.4572091497 
line3d_list
1.6166849854 0.0978460818 1.1039820167 1.6446016708 0.0844099096 1.2900921995 
1.6146548303 0.0988190806 1.1053282208 1.6487527351 0.0824195287 1.2905555415 
1.6160215240 0.0981654336 1.0994470439 1.6440953381 0.0846530706 1.2886542667 
END
