0.0169099075 -0.0082234915 0.0069013678 1.9707006895 -0.0049942672 0.0010023388 
24 21
image_id_list 0 1 4 12 17 39 47 47 66 67 74 74 85 87 90 93 59 92 5 68 11 67 28 75 
line_id_list 245 257 165 189 181 274 171 194 190 134 181 188 222 252 214 201 233 192 28 53 199 164 136 78 
line2d_list
488.6356811523 599.4937133789 277.9724426270 444.0373229980 
730.3570556641 600.2295532227 390.6830444336 422.6061401367 
799.1080932617 301.7184143066 500.0429992676 276.4902954102 
799.5379638672 504.4273071289 517.5266113281 239.5039215088 
594.1288452148 580.9048461914 467.4934997559 409.3739318848 
623.4619750977 599.2980957031 588.7712402344 536.6807250977 
620.1856689453 441.6079711914 361.0593872070 318.8746337891 
799.5368041992 526.8713989258 623.8529052734 443.3092346191 
610.7291870117 431.9714660645 224.2869873047 158.0057373047 
294.0095214844 575.3265380859 58.9858512878 571.9992675781 
763.1051025391 528.6425170898 534.8428955078 461.5344848633 
531.4362182617 460.5176391602 251.0025482178 377.9913635254 
799.4063720703 595.6851806641 707.7733764648 477.4009094238 
456.6112060547 599.5040893555 385.9790954590 545.0270996094 
743.6281127930 599.4042968750 597.7700195312 465.2500610352 
773.1906738281 428.0046386719 362.9227600098 349.4031677246 
487.7003784180 599.2105712891 448.9344177246 544.0460815430 
581.7895507812 597.1586914062 542.5437622070 545.0977783203 
401.6109313965 155.6500091553 259.5879821777 313.5289306641 
318.4040222168 543.5730590820 238.5940246582 599.8425292969 
390.6704101562 599.0142211914 387.9942321777 536.9571533203 
55.9913635254 571.9345703125 0.9868206978 571.4263305664 
183.1354370117 568.3222045898 158.6720428467 599.5268554688 
166.9784851074 371.3355407715 0.9583154321 376.7130737305 
node_id_list 1323 1324 1325 1326 1327 1328 1329 1330 1331 1332 1333 1334 1335 1336 1337 1338 2044 3812 3868 3869 6970 8993 11302 11303 
score_list 12.3747652979 10.1277345797 12.5182459086 9.5153253947 2.5132646183 3.3968665168 10.1744508830 4.5709504472 9.4293617932 8.4319155774 7.2726025525 9.5873510986 0.8978061717 7.6122928318 7.5033093329 9.3447403878 5.4951428410 4.7068624695 0.0000000000 2.6909363283 0.9971394030 1.6039829129 1.2097933858 4.5081268875 
line3d_list
1.5767836345 -0.0073106920 0.0031099796 0.0487247042 -0.0053676442 0.0054029758 
1.8524838872 -0.0050100421 0.0013468648 0.0459626329 -0.0107272174 0.0092272944 
1.1996291355 -0.0079198459 0.0044792845 0.0101968918 -0.0070443428 0.0057285289 
1.8661756167 -0.0044423321 -0.0006245120 0.0358191654 -0.0007470377 0.0007272566 
1.9595111246 -0.0007495209 -0.0086838374 0.7507036494 -0.0085420444 0.0132757249 
0.6105629547 -0.0066704658 0.0048732001 0.0174046031 -0.0031348948 0.0042822706 
1.2208903333 -0.0063216518 0.0029601141 0.0406008191 -0.0085412166 0.0069630720 
1.7676684718 -0.0065368180 0.0010979490 1.2332286704 -0.0047004057 0.0017004076 
1.9720476640 -0.0064708030 0.0027564514 0.0559133959 -0.0080230884 0.0061767306 
1.9635539300 -0.0047168474 0.0008259921 1.2306569666 -0.0051757643 0.0019940503 
1.9706361494 -0.0064719465 0.0027589710 1.2342524040 -0.0070685006 0.0040734081 
1.2223179434 -0.0092597243 0.0062074968 0.0324102440 -0.0073393594 0.0060741850 
1.5422776138 -0.0061590484 0.0020321248 0.9459309360 -0.0025354227 0.0000051125 
0.5599280112 -0.0055802214 0.0043913050 0.0537115895 -0.0094777416 0.0073103546 
0.9133513854 -0.0086296371 0.0059988224 0.0308640647 -0.0054911545 0.0036300767 
1.9680930571 -0.0078029053 0.0038000952 0.0338951440 -0.0101902800 0.0087414400 
0.3230410112 -0.0101047250 0.0081826994 0.0169153667 -0.0090869953 0.0082367789 
0.1947361797 -0.0089293033 0.0073357565 0.0020222985 -0.0091535165 0.0078153043 
1.9642137069 -0.0055313265 0.0037488282 1.2264422945 -0.0049938442 0.0028595895 
1.6961795034 -0.0042695328 0.0007478373 1.4852340491 -0.0057183770 0.0021642030 
1.2968613536 -0.0046993146 0.0012519576 1.0579476345 -0.0062346662 0.0055608284 
1.2207764340 -0.0035965770 0.0007934555 1.0529888533 -0.0022586510 -0.0011396612 
1.9712721715 -0.0081402739 0.0060679211 1.8116933566 -0.0078452479 0.0057169424 
1.9707067354 -0.0058395221 0.0025420940 1.5084618608 -0.0064250282 0.0037325521 
END
