3.8038719655 0.2427408535 0.0044393759 3.9958991190 0.0480403892 0.0094134240 
6 4
image_id_list 24 25 35 24 35 68 
line_id_list 18 165 8 30 19 50 
line2d_list
144.9044494629 475.8075256348 238.6411437988 429.2770690918 
175.0523834229 544.1575927734 243.7720184326 521.3141479492 
370.9334106445 281.8926086426 437.6896972656 240.4995727539 
240.2634887695 431.5328063965 147.2602996826 477.5263366699 
439.3883972168 242.6288299561 375.1779785156 282.2881469727 
712.9971923828 216.3877105713 765.0006713867 216.1476135254 
node_id_list 10416 10417 10418 10423 10424 10705 
score_list 2.8279099964 2.3037389746 0.9567956541 2.6743375069 0.8799466546 0.9392368870 
line3d_list
3.8060267961 0.2410503232 0.0040426251 4.0015086148 0.0510322193 0.0012949335 
3.7938355602 0.2559712377 0.0025170952 3.9989331589 0.0509644823 0.0067404011 
3.8009519735 0.2488579764 0.0026636342 3.9983712323 0.0515261601 0.0067288301 
3.9868589873 0.0427329716 0.0101757693 3.7963864335 0.2309065666 0.0116888929 
3.9831953930 0.0456983683 0.0158831909 3.7957688405 0.2349211018 0.0111764896 
3.8469228219 0.1905931210 0.0105108882 3.9943778230 0.0435314213 0.0117834577 
END
