3.0021126372 -1.7587163865 0.6700999381 3.0013655683 -1.5669191338 0.6700592885 
17 10
image_id_list 22 29 29 30 30 44 44 52 52 54 54 55 55 69 70 70 94 
line_id_list 74 164 211 12 63 6 56 129 305 19 47 18 77 163 113 243 42 
line2d_list
663.6448364258 188.2399749756 688.3295898438 176.7053680420 
705.9649658203 342.3266906738 765.0368041992 348.6565246582 
761.9352416992 350.6029052734 705.9370117188 344.5863342285 
311.7606811523 408.4113159180 356.1485290527 390.3653259277 
355.2294311523 393.5713806152 311.9753417969 410.9385681152 
120.1060180664 284.4660034180 178.7981719971 271.1128540039 
176.0746154785 274.3369750977 120.1588058472 286.7172546387 
277.9038085938 396.3964233398 309.2239074707 391.4049072266 
308.9785766602 392.8594360352 277.9371643066 397.5874938965 
73.2023391724 556.0780029297 118.7315063477 516.6896362305 
119.4234085083 519.4921264648 74.8583908081 557.8353881836 
248.7048950195 474.4161071777 280.6438293457 458.2738952637 
281.1456604004 460.2922058105 249.1262359619 476.2532348633 
611.7870483398 430.7884826660 655.1361694336 442.4956970215 
476.9847717285 283.2500305176 531.0233764648 282.1535644531 
530.9960327148 283.8632202148 476.0135803223 285.4661254883 
56.8012237549 46.3852005005 125.0980987549 24.3034133911 
node_id_list 10017 10018 10019 10020 10021 10022 10023 10024 10025 10026 10027 10028 10029 10030 10031 10032 10033 
score_list 7.8154734010 5.6554072725 5.1958061234 5.1603175267 4.0698553583 4.6081768797 2.5820899014 3.9493770573 3.8617247393 2.8732674919 2.9457151708 1.9783150529 1.9412435964 6.7831398709 7.7569446852 4.9190280059 6.4111757865 
line3d_list
2.9947473398 -1.5573199335 0.6736686451 2.9976387320 -1.7188611665 0.6728011321 
3.0000917164 -1.5760481975 0.6714031594 3.0010822552 -1.7587069061 0.6716667504 
2.9955853292 -1.7493700548 0.6656853550 2.9998263846 -1.5771029468 0.6633098214 
3.0010710747 -1.5743624250 0.6707580790 3.0031257814 -1.7653348832 0.6703711369 
3.0007951267 -1.7591238356 0.6622811503 2.9971770990 -1.5716507657 0.6650420079 
2.9931779072 -1.5663543433 0.6744309608 2.9926887857 -1.7561066678 0.6752318236 
3.0006070179 -1.7493767202 0.6624246930 2.9970861255 -1.5669368512 0.6651114283 
3.0045253600 -1.5799260587 0.6688125271 3.0020706994 -1.7493888317 0.6700360086 
2.9975108087 -1.7448837570 0.6644449667 2.9968339075 -1.5753011807 0.6652568316 
2.9997948875 -1.5727319903 0.6713509083 2.9993755899 -1.7565043684 0.6721010480 
2.9996442136 -1.7567268502 0.6628348739 2.9988461165 -1.5753875919 0.6642375369 
3.0008689879 -1.5819805555 0.6706089029 3.0027327894 -1.7568017364 0.6697115345 
3.0035678647 -1.7587128514 0.6600353405 3.0013586934 -1.5830965466 0.6624151643 
3.0051935982 -1.5843040994 0.6683559081 3.0056312632 -1.7501659535 0.6681671802 
3.0004017850 -1.5854388499 0.6709500385 3.0025362613 -1.7535573333 0.6698434848 
3.0076998142 -1.7546489175 0.6609636041 3.0005387322 -1.5825456217 0.6630534740 
2.9955953854 -1.5700506837 0.6729992305 3.0002716168 -1.7576462442 0.6707139781 
END
