0.0114635205 -1.4577776923 -0.0014972859 0.3034416195 -1.4540230045 0.0033106780 
9 9
image_id_list 6 42 62 65 14 15 21 31 57 
line_id_list 58 89 78 98 177 140 96 168 171 
line2d_list
481.5228271484 501.9859619141 419.7889099121 580.4082031250 
326.9749755859 490.3435058594 291.5823364258 568.7145996094 
405.8799133301 277.0221252441 350.5574340820 324.6475219727 
145.6137542725 242.9296875000 109.1433029175 306.2347717285 
795.6845092773 334.9354248047 772.6041259766 351.8255310059 
389.3524780273 280.3930664062 368.2690429688 299.3000183105 
786.2730102539 487.5647888184 734.2852172852 496.6347045898 
559.3195190430 523.4083862305 535.2108154297 542.2694702148 
632.4065551758 475.8892517090 608.3961791992 486.8665466309 
node_id_list 4025 4026 4027 4028 8501 8502 8503 8504 8505 
score_list 3.7173428977 3.4233265234 5.5108524583 2.4384576313 2.3095798267 3.0703661047 2.4018398331 3.2141118560 2.0491703874 
line3d_list
-0.0051774172 -1.4582072036 -0.0021651546 0.2991440386 -1.4540984019 0.0031402354 
-0.0011781134 -1.4569037607 0.0003071052 0.2965640329 -1.4539139331 0.0035169503 
0.0184150935 -1.4567070122 0.0005183322 0.2971733773 -1.4539078142 0.0035235194 
0.0115503126 -1.4593888661 -0.0055097770 0.2970030259 -1.4536557084 0.0043212688 
0.0469087204 -1.4503116094 0.0070585842 0.3046467697 -1.4518151110 0.0061425533 
0.0424005512 -1.4516581169 0.0078404557 0.3030784968 -1.4425289846 0.0163863632 
0.0266579644 -1.4574143944 -0.0016475757 0.2969658353 -1.4458430885 0.0108423542 
0.0396588401 -1.4543847819 0.0032160511 0.3150646035 -1.4440149503 0.0134943519 
0.0320581279 -1.4559909562 0.0006570928 0.2997392883 -1.4465418275 0.0095614185 
END
