-0.0186859507 0.0127839616 0.7160204799 -0.0120692509 0.0067766895 1.9723795710 
4 4
image_id_list 39 90 64 92 
line_id_list 249 112 110 73 
line2d_list
614.7373046875 412.9443359375 664.1403808594 179.8178253174 
664.2753906250 0.8857261539 639.8178710938 155.9712829590 
523.5842285156 599.1526489258 679.8601074219 0.9634585381 
734.9579467773 0.6290494800 542.9577026367 539.9849243164 
node_id_list 12081 12082 13228 13229 
score_list 5.7623831227 7.0961250673 7.2474312701 6.1590489376 
line3d_list
-0.0377808629 0.0155894201 0.7161344589 -0.0408940560 0.0146822527 1.9936165152 
-0.0247675324 0.0063937286 1.9806025396 -0.0302663349 0.0089999067 1.4018351966 
-0.0176495178 0.0124540526 0.1948267870 -0.0164130462 0.0101567802 1.9724186098 
-0.0100626249 0.0033952199 1.6164142669 -0.0166352816 0.0086031711 0.0003320994 
END
