3.7621731352 -0.2118221128 0.0395221531 3.9575298786 -0.3488844058 -0.0349903372 
3 3
image_id_list 24 69 35 
line_id_list 4 359 9 
line2d_list
192.6952514648 584.5054931641 400.5035095215 456.4397277832 
368.9301757812 432.4169616699 335.0431823730 426.7421569824 
509.8175048828 307.7508239746 573.7020263672 260.9584350586 
node_id_list 10390 10391 11849 
score_list 2.4609198275 2.1662317579 1.3565855641 
line3d_list
3.4548560447 0.0037915608 0.1567382847 4.0446001951 -0.4099729407 -0.0682004840 
3.9569332609 -0.3534182838 -0.0282146888 3.7631606808 -0.2043174550 0.0283068263 
3.7538414549 -0.1914289071 0.0303133955 4.0309291878 -0.4210420037 -0.0484682714 
END
