0.2174650834 0.2356119258 0.7261234267 0.9358391639 0.2373499659 0.7251934573 
16 16
image_id_list 0 1 4 12 39 47 58 59 64 66 74 85 87 90 92 93 
line_id_list 148 110 3 83 28 49 57 55 62 92 60 61 118 104 40 58 
line2d_list
365.2811584473 344.4844970703 459.5872802734 395.9233093262 
462.1571655273 301.5505371094 583.3717041016 343.9369812012 
533.8480224609 100.0757980347 727.9010620117 84.7472534180 
601.0083007812 108.0861358643 690.8784790039 155.4345550537 
675.4308471680 435.4143676758 709.5358276367 466.1898498535 
434.3466796875 149.6589202881 606.4771118164 194.1543731689 
473.5065307617 386.3613281250 497.2354125977 405.1815490723 
562.4374389648 369.2916564941 704.4047851562 456.9638366699 
682.4844970703 479.2641296387 799.9288940430 556.5891113281 
316.4940490723 -0.1007253602 374.5671081543 25.9644737244 
307.2464904785 202.6138763428 487.2448120117 234.6233062744 
688.6771240234 236.9477233887 729.3001098633 263.0876159668 
457.3132019043 395.2093505859 565.2246093750 437.9573364258 
698.9827270508 330.0479431152 800.0440673828 380.9261169434 
736.4873046875 403.1874389648 799.7442626953 455.0929870605 
403.0298767090 207.4852600098 537.1005249023 215.2679748535 
node_id_list 1053 1054 1055 1056 1057 1058 1059 1060 1061 1062 1063 1064 1065 1066 1067 1068 
score_list 12.4312461568 10.4257090649 10.5848749996 7.7546255948 3.2791644879 11.9097159283 4.3153566382 6.7674666900 8.5446709750 9.8514308380 10.7199536199 3.5728058692 8.7241043389 8.0602884917 10.8382317144 10.4532400925 
line3d_list
0.2298166357 0.2293409039 0.7289655925 0.9328696477 0.2280908492 0.7288346553 
0.2290146597 0.2283316974 0.7294955199 0.9381520282 0.2262100519 0.7299074613 
0.2021330221 0.2394077512 0.7242938529 0.9349529184 0.2369832212 0.7244550677 
0.2304587848 0.2324944108 0.7280475303 0.8188240856 0.2375568959 0.7260171090 
0.2326735573 0.2443638029 0.7219303961 0.6464597608 0.2290035610 0.7286991331 
0.2174533639 0.2394410547 0.7242267890 0.9343643673 0.2363074753 0.7250232486 
0.2486453491 0.2411498597 0.7240565258 0.5475492459 0.2259217579 0.7302972306 
0.2274224179 0.2356709122 0.7263901450 0.8326982914 0.2370355864 0.7253976265 
0.2268162864 0.2356695456 0.7263911389 0.6030440637 0.2365178007 0.7257742086 
0.5070008664 0.2347077073 0.7264783107 0.7865001339 0.2367536994 0.7259069426 
0.2160271395 0.2377005999 0.7245966745 0.9358676904 0.2282579526 0.7302371050 
0.2444090457 0.2392659554 0.7243047683 0.6014178499 0.2377859015 0.7246339574 
0.2365251084 0.2278401408 0.7293613178 0.8602002886 0.2286853303 0.7287241317 
0.2250289433 0.2367420886 0.7255059412 0.7311618257 0.2288613943 0.7286794088 
0.2186521064 0.2350084052 0.7266765758 0.4016468898 0.2341532317 0.7269131088 
0.2274232124 0.2334285098 0.7266007105 0.9438519822 0.2144302234 0.7336775924 
END
