0.0007287236 -2.9978322421 2.0084215018 0.0009175171 -1.0237895017 2.0083260708 
58 29
image_id_list 0 8 8 17 32 32 39 39 39 39 45 46 0 20 31 58 76 87 98 99 8 31 31 31 39 39 85 86 99 8 20 10 33 57 10 10 99 10 39 57 10 32 37 19 38 19 19 98 37 41 96 53 60 81 97 32 40 53 
line_id_list 18 63 137 2 1 23 97 104 129 132 10 24 34 2 4 47 3 60 3 13 153 6 20 37 116 168 8 1 122 161 9 39 3 11 95 121 127 136 94 75 142 58 2 19 12 31 83 49 9 3 3 7 0 2 25 69 0 13 
line2d_list
245.8562927246 40.2736396790 170.2315368652 0.5591041446 
489.9422912598 137.2731475830 460.0105895996 130.9498901367 
457.9519042969 130.2291412354 427.0537414551 123.7439041138 
162.0166778564 13.1300792694 0.9711986780 33.7753334045 
219.0831604004 120.1824340820 567.1198120117 95.7034454346 
568.0548095703 95.7737884521 545.0286254883 97.4043502808 
462.9548034668 144.2637786865 442.0544128418 140.6825256348 
440.0637207031 140.6159210205 423.0348205566 137.7901000977 
418.9970397949 137.0196838379 377.0484313965 130.6796264648 
189.9079437256 100.5777435303 469.3029174805 145.0990905762 
651.0536499023 20.9570617676 255.0215911865 0.5804441571 
173.0141754150 1.3124659061 0.9599209428 9.1163682938 
165.9617767334 -0.8787475824 247.5651855469 40.8959655762 
711.0257568359 69.8818817139 465.0017700195 77.0611190796 
632.9244995117 110.5407180786 555.0555419922 123.3379669189 
172.0818786621 59.1812324524 0.8938449621 42.0614929199 
578.0079345703 1.2104464769 198.0186614990 15.4965505600 
139.1062469482 65.1081542969 0.9230577946 48.6458473206 
768.0011596680 79.3376312256 427.9982910156 80.5073471069 
503.0000000000 152.7502593994 419.0000000000 152.7525024414 
424.9543151855 123.2096023560 326.0750427246 101.6557312012 
509.9647827148 130.7886199951 495.0455932617 133.2736663818 
489.9866333008 133.9179992676 468.0798645020 137.4897918701 
532.9578857422 126.7614898682 512.0788574219 130.4466400146 
369.9655151367 129.2227478027 325.9369201660 122.4075851440 
324.0219116211 121.8586807251 276.0884094238 114.4295654297 
159.9546966553 0.7265034914 1.0096479654 27.0582370758 
593.0043334961 49.0643119812 238.0029296875 73.0434722900 
373.0028381348 152.4550781250 345.9976501465 152.6237487793 
268.9776306152 89.1049575806 244.0445556641 83.7909317017 
463.0031738281 77.0975265503 393.0119628906 79.3689804077 
574.0103759766 97.8935470581 500.0308532715 90.6833648682 
695.0797729492 62.3063507080 465.0557556152 122.2141265869 
799.0014038086 92.9691390991 600.0001220703 83.9972457886 
431.0090026855 83.9033279419 397.0247192383 80.7348098755 
495.9721679688 90.2842407227 435.9601135254 84.4073944092 
413.9942016602 152.4965972900 375.9992370605 152.9343719482 
349.0028991699 75.9706726074 326.0305175781 73.6922454834 
219.9552307129 105.2869186401 192.0114135742 100.9268417358 
576.9932861328 83.1505050659 545.0120239258 81.7292251587 
388.0208129883 79.8010940552 361.0028076172 76.9731140137 
471.0353393555 102.4545745850 446.0310363770 104.3989334106 
528.9532470703 57.3609733582 376.9621887207 68.4834213257 
701.0017700195 54.0700645447 528.0105590820 58.4200897217 
799.0275268555 87.1386795044 452.9976501465 76.0734939575 
480.9974365234 59.7010307312 450.9996337891 59.9567832947 
443.0000000000 61.0000000000 421.0000000000 61.0000000000 
426.0032653809 80.2355194092 384.9972534180 80.8017959595 
359.9737854004 69.6397857666 268.0241699219 76.3319854736 
354.3598327637 55.2343635559 172.1057434082 108.3627624512 
779.9749755859 59.6025276184 360.9985351562 85.9765167236 
705.8133544922 0.5014842153 595.3261718750 41.8711700439 
799.0171508789 84.0911712646 709.0084838867 101.0448913574 
420.9705200195 0.8566463590 332.0300598145 19.1461868286 
768.0162353516 140.4970397949 747.0059814453 141.1828460693 
423.9756164551 105.6989593506 405.0190429688 107.2349472046 
71.9011306763 60.2831153870 0.8729992509 70.0791549683 
593.8150024414 44.4996032715 711.9353637695 0.8251498342 
node_id_list 169 170 171 172 173 174 175 176 177 178 179 180 294 4672 4673 4674 4675 4676 4677 4678 4900 4901 4902 4903 4904 4905 4906 4907 4908 4934 4935 6266 6267 6268 6434 6477 6478 6495 6496 6497 6506 8894 8895 9232 9233 9239 9255 9256 9346 9347 9348 9359 9360 9361 11646 11736 11769 12920 
score_list 4.7628208251 6.5845482633 6.7353497877 8.9125495036 9.1792455698 5.5228434217 4.9173054274 6.3087165776 9.1045735062 10.6680412932 10.5120115519 11.8369028694 2.9164466165 9.7682769654 7.8131488945 8.9158923363 10.7754367294 6.7174265168 7.8336667956 11.6348186270 9.6537795304 2.3606029135 4.8595912010 5.2721565976 7.9155414264 6.1773431141 6.4354747327 5.7437585348 8.2852763273 1.9591952510 6.6811592241 6.9020352511 7.8732844031 5.7250803924 6.5901549352 6.9181027607 10.2179204878 0.7574849208 1.7101439370 2.4922528556 1.7952744368 4.8230948186 6.8783146504 6.7369193868 5.1704929622 1.9457967884 0.8282657317 4.4160248361 5.7639050171 8.6148445215 7.3990597913 6.5885461181 3.6282602300 3.1446375191 0.0000000000 0.9547023482 4.8461667107 6.2833751242 
line3d_list
0.0044953519 -1.0351803990 2.0079634262 0.0061191262 -1.4240547075 2.0075978673 
0.0087928358 -1.1124260515 2.0075548942 0.0149949539 -1.2681645969 2.0060569501 
-0.0027936931 -1.2796888147 2.0091733349 0.0045629571 -1.4413814461 2.0073205855 
0.0021146895 -1.0290516740 2.0080640770 -0.0020685235 -1.7235605152 2.0086554426 
-0.0116670809 -2.9827646533 2.0101212690 -0.0024963415 -1.0301031803 2.0093128384 
0.0028226671 -1.0255953944 2.0081269862 0.0027402824 -1.1424668748 2.0080711157 
0.0122291728 -1.0565729950 2.0070499188 -0.0004234697 -1.1633643602 2.0091352670 
0.0072442729 -1.1738768097 2.0073649456 0.0005732051 -1.2611344170 2.0083561967 
-0.0041716813 -1.2818288411 2.0093060214 0.0142714650 -1.4962137726 2.0062552911 
-0.0015261698 -2.4438243299 2.0084257138 -0.0034993963 -1.0224434696 2.0090350255 
-0.0017421689 -1.0237892218 2.0088549848 0.0058705830 -2.4987227108 2.0071885965 
0.0005072578 -1.0248404434 2.0086449247 0.0005707890 -1.6256256261 2.0082488740 
-0.0241513101 -1.4248453500 2.0097571104 0.0147002562 -1.0334077954 2.0073516888 
0.0041131899 -1.0289143902 2.0079914299 -0.0105272092 -2.1760351712 2.0093380674 
0.0069870705 -1.0277088351 2.0075328462 0.0004541436 -1.4124953775 2.0082439695 
0.0007499854 -1.0249677540 2.0083005687 -0.0002152328 -1.6308586019 2.0083528410 
0.0069892818 -1.0296504788 2.0078129325 -0.0071053123 -2.8615027663 2.0093862506 
0.0003410920 -1.0243974336 2.0083625475 -0.0014374852 -1.4308892202 2.0083094615 
0.0246440404 -1.0274665573 2.0058201399 -0.0075387340 -2.5187918083 2.0095099264 
0.0109354912 -1.0255420831 2.0073590460 0.0017161466 -1.4990888961 2.0079737813 
0.0021283164 -1.4526937649 2.0079461783 0.0005945988 -1.9778663884 2.0084396594 
0.0035144616 -1.6605522928 2.0073398220 -0.0130152471 -1.7582852363 2.0097266639 
0.0025936616 -1.7792993415 2.0081586431 0.0026355160 -1.9148606675 2.0081954659 
0.0127934646 -1.5254597147 2.0071762284 -0.0060303475 -1.6537469001 2.0088450490 
-0.0050402008 -1.5332598237 2.0092046752 0.0048395791 -1.7567455659 2.0074559633 
-0.0046348157 -1.7676154036 2.0093070592 0.0085731129 -2.0084157115 2.0072790742 
0.0007043457 -1.8150459043 2.0083803208 0.0023227019 -2.4610562164 2.0080898531 
0.0036779920 -1.0293860414 2.0080606235 -0.0147512887 -2.7769911517 2.0094924544 
0.0080170905 -1.7763616914 2.0078355593 -0.0060506448 -1.9570612737 2.0090978588 
0.0177141478 -2.2797585342 2.0074313564 0.0125181396 -2.4156955702 2.0074453651 
-0.0018190874 -2.1824803803 2.0089031242 0.0065088169 -2.6012183253 2.0073955271 
0.0024803660 -1.0269532259 2.0081101525 0.0020158059 -1.3979307041 2.0081437615 
0.0026026483 -1.0291525750 2.0080854156 -0.0022726469 -2.2690737995 2.0088603753 
0.0066936956 -1.1322028313 2.0072531340 -0.0039208075 -2.1453584885 2.0092087582 
-0.0002212391 -1.7789310877 2.0086104008 0.0045697677 -1.9768906156 2.0074215767 
0.0018252391 -1.4193922603 2.0081783510 0.0000640226 -1.7503187471 2.0084769274 
0.0139527545 -1.5233307801 2.0070442085 -0.0186718348 -1.7713143216 2.0100974110 
-0.0082048547 -2.2850396096 2.0090708215 0.0078932992 -2.4257707370 2.0077165960 
-0.0135682013 -2.2961835914 2.0097093242 0.0070295256 -2.4308070773 2.0077572621 
-0.0143112819 -2.2993072611 2.0096760654 -0.0230073307 -2.5246581462 2.0108154568 
0.0028752559 -2.0325847597 2.0078661639 -0.0032048164 -2.2049190678 2.0094561099 
0.0023470327 -1.5285365401 2.0088733442 -0.0055795015 -1.6637923108 2.0086566023 
-0.0007911236 -1.0306605419 2.0087619991 0.0026282453 -1.7724517335 2.0079620195 
0.0068904765 -1.0291826125 2.0080954581 -0.0085213582 -1.9198940252 2.0088965538 
0.0106556766 -1.4693494498 2.0075656669 -0.0070052759 -2.9885359340 2.0091090665 
0.0161999685 -2.1981657622 2.0061651779 -0.0263534202 -2.4282306713 2.0123035522 
0.0414264085 -2.4369704382 2.0020499345 -0.0145070852 -2.6355976310 2.0096340656 
0.0219578352 -2.5138976201 2.0064982704 -0.0118978455 -2.7689687240 2.0092591640 
-0.0008226642 -1.8622285047 2.0086359505 -0.0003459932 -2.3644928664 2.0084609554 
-0.0006231784 -1.6229175523 2.0085968274 0.0012041264 -2.8925861794 2.0084343343 
0.0040223551 -1.0253362424 2.0078028893 -0.0040350807 -2.9324737520 2.0091062834 
0.0003754424 -2.3167905657 2.0085080250 0.0013786245 -3.0138329578 2.0084188170 
0.0017702772 -2.0132331352 2.0082780449 -0.0026843808 -2.5322279742 2.0087068444 
0.0082681803 -2.4991744826 2.0080141351 -0.0131645039 -2.9978308615 2.0094959119 
-0.0029360413 -1.7935723150 2.0090446155 -0.0118730612 -1.8962694590 2.0105020589 
0.0215694202 -1.7797004245 2.0073825415 -0.0028999930 -1.8881582159 2.0086399061 
0.0058448159 -1.0219199064 2.0074399778 0.0033386445 -1.2532288968 2.0079029748 
-0.0222414750 -3.0729093700 2.0108107548 -0.0213554360 -2.3184037988 2.0105052999 
END
