2.6898268241 -2.9987982034 0.7303244266 2.6899933286 -2.9983086116 0.8321938406 
15 15
image_id_list 13 21 30 34 44 48 52 54 55 60 73 78 83 89 71 
line_id_list 39 132 93 122 69 93 157 110 156 75 116 80 114 85 104 
line2d_list
295.5578002930 265.9745788574 294.2300415039 289.0707092285 
54.2254142761 182.8678588867 56.7229843140 206.0298767090 
616.8734130859 294.9831237793 613.8231811523 317.8429870605 
156.2747192383 191.7015380859 161.2479400635 212.9419403076 
509.1810302734 194.0232391357 506.2115173340 217.1555175781 
335.4964294434 283.0008239746 335.5349731445 307.0007324219 
528.5021362305 343.9784240723 527.8067626953 360.0349426270 
356.1833496094 327.8294982910 359.2493286133 349.1081542969 
490.1106872559 351.8887634277 491.8359680176 369.1165771484 
155.2266235352 355.0602416992 156.8583679199 376.0110168457 
214.0725097656 52.6414566040 223.5978088379 81.1344528198 
257.3135681152 346.0048217773 257.5029296875 373.0034790039 
308.5289001465 350.9953308105 308.3305969238 371.0131835938 
278.1652832031 334.0025939941 277.8509216309 354.0133666992 
598.3342285156 40.9252662659 595.0697631836 70.0078277588 
node_id_list 7566 7567 7568 7569 7570 7571 7572 7573 7574 7575 7576 7577 7578 7579 11535 
score_list 6.4984370337 3.7502549501 11.5528842242 2.6654287123 10.4684543766 10.2144900149 9.8217427337 10.7612824354 9.2874500726 3.3349219784 11.6583442847 5.5250743939 4.3244117614 9.7773753495 6.9410027363 
line3d_list
2.6900228522 -2.9988376179 0.8303588588 2.6898412882 -2.9982357082 0.7368933037 
2.6901482982 -3.0022427401 0.8283669298 2.6893998380 -2.9938691466 0.7318016625 
2.6910750196 -2.9993084701 0.8314424166 2.6888907310 -2.9976173444 0.7340472560 
2.6909805047 -2.9904997712 0.8321546972 2.6907390225 -2.9919555562 0.7301229225 
2.6901805519 -2.9982449461 0.8287826049 2.6900163602 -2.9990019798 0.7327531352 
2.6904328505 -2.9994897393 0.8309812624 2.6891242298 -2.9970838147 0.7324182698 
2.6902076966 -3.0007985630 0.8239183648 2.6891834462 -2.9967568147 0.7343747839 
2.6901608972 -2.9984348159 0.8286508308 2.6901301105 -2.9978820466 0.7311031980 
2.6905773900 -2.9969689110 0.8258621908 2.6891563659 -2.9967878768 0.7327995288 
2.6916920768 -2.9856445506 0.8330021331 2.6897936151 -2.9898194441 0.7340411718 
2.6899691861 -2.9991051065 0.8284509681 2.6896816693 -2.9990158336 0.7303257098 
2.6895926832 -2.9970476836 0.8334722778 2.6897041583 -2.9968328953 0.7328107854 
2.6904373677 -2.9991237377 0.8291715431 2.6892495129 -2.9957031461 0.7326010532 
2.6900556170 -2.9986272065 0.8288039515 2.6900781821 -2.9968605378 0.7340890492 
2.6900168800 -2.9980831062 0.8298456742 2.6907689692 -2.9994221481 0.7216910821 
END
