3.8090402617 -0.6094711811 0.4171050904 3.8093252760 -0.8777667819 0.4167905024 
3 3
image_id_list 29 69 71 
line_id_list 274 325 161 
line2d_list
468.9752502441 305.2398986816 525.0997924805 311.0333251953 
417.9221191406 378.2879028320 467.1091918945 391.5964050293 
91.0009841919 72.0159530640 142.0529022217 68.8543243408 
node_id_list 11460 11461 13362 
score_list 4.1455916852 6.2141784475 3.4013796951 
line3d_list
3.8078291844 -0.6094714074 0.4162008716 3.8067934503 -0.8851817246 0.4173729374 
3.8090398859 -0.6091174923 0.4171055051 3.8093357383 -0.8876154273 0.4167789544 
3.8100538337 -0.6001121074 0.4160912508 3.8103343393 -0.8777645253 0.4157801585 
END
