2.7483729390 0.0885503235 0.1037364084 2.7486125551 0.0900548287 0.8190870696 
15 8
image_id_list 26 28 29 67 69 75 26 27 28 29 68 69 29 68 68 
line_id_list 218 276 230 73 98 38 278 137 255 286 143 277 212 103 98 
line2d_list
159.8143310547 486.3535461426 137.9458923340 413.0161437988 
252.7627868652 434.4865417480 225.5121154785 365.1918640137 
238.6862030029 412.8227233887 235.7634582520 385.0248718262 
531.4485473633 533.9252929688 558.1442871094 336.8840637207 
189.6549072266 464.9518737793 198.5457458496 401.2156066895 
429.7755432129 317.9646301270 460.5000000000 122.9212341309 
129.9945983887 386.0015869141 120.1660842896 352.2427978516 
391.4313659668 392.0893554688 385.3058471680 353.1090698242 
223.7517547607 359.7037658691 203.4603271484 308.2126770020 
229.8504943848 312.0127868652 226.8653869629 277.0970153809 
598.7649536133 98.1157989502 601.2000732422 82.0302886963 
206.3333740234 339.1872863770 211.0144348145 305.8615722656 
233.2154998779 348.8432922363 231.7425994873 328.0182189941 
588.4534912109 180.0615081787 591.8556518555 154.9804229736 
577.1080932617 268.0159606934 580.4973754883 245.0734863281 
node_id_list 11025 11026 11027 11028 11029 11030 11105 11106 11107 11108 11109 11110 11365 11366 11376 
score_list 3.2996474153 4.1189112349 1.8296450807 4.9704887825 2.9178182303 5.3221175587 3.2924046530 5.8560036531 5.3302582759 2.9750807941 0.9975901979 2.9743564943 0.9523611965 1.7908535478 0.9831007158 
line3d_list
2.7483754105 0.0887132125 0.1037360650 2.7487370789 0.0906174559 0.5045063765 
2.7487568097 0.0903412133 0.1056154058 2.7490430939 0.0919264091 0.5090357732 
2.7479438262 0.0870152143 0.2612400320 2.7487279015 0.0904666734 0.3809240263 
2.7479024168 0.0867812669 0.1060243909 2.7491175842 0.0909925141 0.8136971043 
2.7482112416 0.0877396281 0.1009343965 2.7477569178 0.0865046106 0.3974421921 
2.7483748669 0.0887103506 0.1031337404 2.7490171082 0.0920918560 0.8148111426 
2.7476074699 0.0896351865 0.6457173861 2.7469416401 0.0884716590 0.8166973012 
2.7484680361 0.0895918110 0.6390643498 2.7485200899 0.0899764115 0.8190872654 
2.7488075924 0.0895061316 0.5395414569 2.7476335307 0.0896655312 0.8164654045 
2.7490464420 0.0906908210 0.6811213966 2.7492775776 0.0914924338 0.8167127257 
2.7472815450 0.0889034900 0.7763097376 2.7425399916 0.0846779463 0.8195727358 
2.7489070757 0.0902525070 0.6737904202 2.7486107630 0.0894179801 0.8191744071 
2.7468626518 0.0877258192 0.5338037020 2.7426697223 0.0843236901 0.6204702831 
2.7483895042 0.0891738676 0.5471052024 2.7481982287 0.0884248073 0.6207641119 
2.7494222385 0.0902451920 0.2618960815 2.7403816304 0.0827785216 0.3469544673 
END
