-0.3522980889 -2.1769843972 0.9924674144 0.0093358406 -2.1140261339 1.0274075092 
17 16
image_id_list 6 6 38 43 53 95 96 18 76 84 86 20 41 37 77 88 42 
line_id_list 12 83 144 184 113 74 62 126 163 245 210 186 11 177 52 128 73 
line2d_list
269.7708129883 98.2810211182 301.5161132812 83.9296112061 
302.7095642090 87.5406570435 271.8800354004 101.7395401001 
590.4113769531 310.3608703613 609.4675903320 303.5173950195 
428.7615356445 318.3169860840 437.1602478027 303.0883789062 
732.9831542969 337.5872802734 706.0053100586 336.8142089844 
483.0935363770 298.1219787598 507.2563171387 286.4592285156 
488.7352600098 303.2262878418 509.0895690918 296.2617797852 
45.9620018005 160.1360931396 67.2476882935 150.5499725342 
337.3660888672 222.5656738281 354.8764343262 218.4714813232 
443.8929443359 190.7719421387 459.8676452637 182.7217102051 
367.7805786133 266.4293212891 382.2792663574 258.5113830566 
468.3577270508 271.4467468262 484.3679504395 267.4881286621 
291.9322204590 292.6340332031 331.0713500977 285.3851928711 
326.3379516602 262.7503967285 339.8493041992 256.6653747559 
712.2784423828 260.2352294922 730.2572021484 243.2725830078 
654.0138549805 341.3804931641 626.9965209961 341.6514282227 
60.9983253479 188.9976806641 34.2426147461 208.3356781006 
node_id_list 2370 2371 2372 2373 2374 2375 2376 9098 9099 9100 9101 9507 9508 11884 12143 12144 12215 
score_list 1.6654980628 3.5148862294 3.4182634798 3.4526137854 3.3403173768 4.0977969674 2.9197132353 2.9163661256 0.9247070743 1.9894444915 0.9912848860 6.4214135632 3.2133381329 0.9829680372 4.6308216237 4.3986429278 2.9561402389 
line3d_list
-0.0133173902 -2.1207775643 1.0277085720 -0.1445480972 -2.1385725371 1.0254866280 
-0.1472541479 -2.1383386175 1.0153726616 -0.0188133290 -2.1209170451 1.0174650908 
-0.0246801105 -2.1254452954 1.0222065282 -0.3041284388 -2.1538089336 1.0005796398 
-0.0079697751 -2.1205485721 1.0206862193 -0.2392087009 -2.1534382763 1.0095146074 
-0.1315769992 -2.1418196111 1.0127445630 -0.0317773802 -2.1330024106 1.0150914661 
-0.0031827682 -2.1200376529 1.0239108189 -0.2616958772 -2.1525832032 1.0053887526 
0.0106588000 -2.1181674387 1.0211769125 -0.2096264836 -2.1494852296 1.0105557593 
-0.0030207855 -2.1175768513 1.0270890053 -0.2308925191 -2.1482942784 1.0083934429 
-0.0343710292 -2.1364535213 1.0204801208 -0.2402867765 -2.1261543347 1.0140719874 
-0.0184226067 -2.1211112054 1.0232463668 -0.3523365009 -2.1767498922 0.9924424303 
-0.0220337870 -2.1221869575 1.0228611752 -0.3977898823 -2.1822523891 0.9884767536 
-0.0401630289 -2.1372862251 1.0200324230 -0.2572566166 -2.1546597176 1.0020307224 
0.1898552780 -2.0600306447 1.0574045591 -0.1678284446 -2.1576829456 1.0029888565 
-0.0472981015 -2.1326624147 1.0198424401 -0.4310757223 -2.1974597431 0.9843451695 
0.0111308009 -2.1137668649 1.0262384514 -0.2439824648 -2.1602812556 1.0022640531 
-0.1394014082 -2.1459456633 1.0113674534 -0.0025963441 -2.0988429421 1.0263240672 
-0.1440006966 -2.1380481972 1.0144784684 -0.0096318830 -2.1180122952 1.0193304414 
END
