-0.1688321751 -0.3463056597 1.0221570471 -0.1716301998 -0.3435787885 2.3521131807 
25 25
image_id_list 0 1 8 17 32 39 46 58 59 64 74 79 85 87 90 92 93 9 10 37 76 86 99 11 18 
line_id_list 23 152 36 156 71 34 28 158 120 53 212 8 106 175 103 39 210 18 35 77 39 49 73 12 46 
line2d_list
284.5747680664 208.1916046143 342.4763183594 34.4920959473 
344.1653137207 176.0162353516 360.2766113281 12.0271768570 
597.2829589844 294.8038024902 649.2724609375 104.8009262085 
326.3970031738 135.1007385254 303.9676208496 0.8383522630 
696.7014160156 221.9902648926 703.2886962891 19.9116172791 
565.8373413086 289.9675903320 592.6983642578 155.1391296387 
378.5338439941 255.0982360840 361.5053710938 0.9661364555 
329.0614624023 235.9583129883 339.5020446777 0.8890532255 
356.4067382812 159.9792175293 361.9786987305 0.9642131925 
483.1844177246 206.8134307861 530.3512573242 0.6228415370 
74.0804824829 57.9811210632 60.6254310608 0.6187352538 
730.7119750977 140.9453277588 757.3373413086 0.6843770146 
524.6232299805 109.0307464600 515.8010864258 0.9346209168 
298.3740234375 254.0004272461 298.5725402832 77.9983901978 
543.4993286133 167.9435729980 562.3352661133 0.8123846650 
502.3416137695 130.8721008301 527.6218261719 0.7322818041 
242.1518249512 107.3608856201 221.3691101074 0.9279241562 
773.5047607422 331.9809875488 783.1036376953 81.9655838013 
696.8537597656 265.9651489258 748.8767089844 47.7322349548 
675.0361938477 198.0018768311 685.2829589844 0.9627109170 
732.4486694336 171.9249725342 755.7528076172 0.6941590309 
750.5964355469 204.9620971680 767.4062500000 25.9442462921 
633.1275024414 298.0123901367 652.5679321289 97.9580078125 
328.8204650879 128.0594787598 338.0414428711 0.8580219150 
482.5021057129 153.0157318115 487.2680664062 0.9457205534 
node_id_list 217 218 219 220 221 222 223 224 225 226 227 228 229 230 231 232 233 4580 4581 4582 4583 4584 4585 6756 6757 
score_list 12.9446925298 12.5723894381 8.7510749010 11.9057902311 8.8872943536 14.1862787316 13.0505883152 11.1586354616 12.4896902210 13.5444789266 11.5926830770 9.5715918602 11.4868623563 14.6697871802 15.4937749373 9.3954243228 11.5999370169 5.9469243077 5.9643318645 7.3051932741 7.6845063619 7.0605023608 6.8401885347 8.9673154090 7.3122207445 
line3d_list
-0.1672816351 -0.3458940055 1.3359478140 -0.1694282137 -0.3445969852 2.2955916026 
-0.1672672044 -0.3459003030 1.3318409147 -0.1694487657 -0.3448322249 2.0650469690 
-0.1723393424 -0.3458764033 1.3308248182 -0.1611547923 -0.3424415958 2.3567256413 
-0.1690963334 -0.3456515012 1.3205650784 -0.1700368262 -0.3448254144 1.9905849476 
-0.1742338122 -0.3459876405 1.3180590719 -0.1602936256 -0.3426404326 2.3521351072 
-0.1701561718 -0.3456379601 1.3322296240 -0.1679666986 -0.3437979644 2.0704781933 
-0.1835263927 -0.3419035041 1.0221171067 -0.1666103824 -0.3462684813 2.0167395213 
-0.1665234879 -0.3475309180 1.3282412161 -0.1737197757 -0.3398286564 2.3549970440 
-0.1726129003 -0.3449359834 1.3312006571 -0.1703144561 -0.3453115908 1.8006361304 
-0.1699600473 -0.3455136608 1.3349456013 -0.1710496926 -0.3447757400 1.8990625198 
-0.1696866160 -0.3456504821 1.3315287414 -0.1706502542 -0.3451186045 1.4855291787 
-0.1705241398 -0.3454348708 1.3334632540 -0.1730549291 -0.3445317814 1.8588249105 
-0.1709735621 -0.3453023366 1.3242981172 -0.1710711822 -0.3451467173 1.7891171936 
-0.1682149113 -0.3456140113 1.3345214205 -0.1725946249 -0.3440454159 2.0611075099 
-0.1688644841 -0.3457838377 1.3332719896 -0.1702555651 -0.3447060201 1.9649791238 
-0.1690604488 -0.3459871669 1.3333099820 -0.1694404736 -0.3457135495 1.5808174903 
-0.1681652677 -0.3462003927 1.3280615987 -0.1708578167 -0.3444331132 1.7552376552 
-0.1765380692 -0.3468848643 1.0226992648 -0.1628691205 -0.3430401347 2.3033887051 
-0.1736505857 -0.3459474264 1.3212633387 -0.1635414317 -0.3429334153 2.3065852427 
-0.1718222630 -0.3458294557 1.3267724281 -0.1647304265 -0.3431270137 2.2186932786 
-0.1704995784 -0.3456011662 1.3280213626 -0.1708915598 -0.3445656961 2.0107124106 
-0.1755975365 -0.3456664384 1.3242416986 -0.1590830233 -0.3446222800 2.0658629478 
-0.1719177195 -0.3458520515 1.3211093907 -0.1659121680 -0.3430570295 2.3095520482 
-0.1875586662 -0.3417038276 1.0197393486 -0.1689246470 -0.3457027854 1.5150180090 
-0.1802802896 -0.3391420560 1.0213899319 -0.1676173103 -0.3464151628 1.6025433081 
END
