0.2816391116 0.1699607279 2.2101731203 0.9097318408 0.1710851283 2.2109491333 
6 6
image_id_list 0 8 39 58 87 1 
line_id_list 235 197 140 114 128 227 
line2d_list
453.7218017578 98.1856002808 562.5933227539 123.7330932617 
778.9490966797 146.7274475098 799.3580322266 142.9179840088 
734.8925170898 138.2361907959 787.1245727539 130.8853759766 
484.9975280762 24.9960708618 523.7294311523 0.5709607005 
464.6547546387 40.6512565613 591.3147583008 8.2295637131 
554.9956665039 1.3195265532 653.9909667969 2.6657946110 
node_id_list 1309 1310 1311 1312 1313 1991 
score_list 2.9443725471 0.8972799530 1.6915657251 2.9710394079 2.6460019411 2.3005160074 
line3d_list
0.2697220575 0.1735994438 2.2118405957 0.9570781369 0.1679267966 2.2108332319 
0.2847480739 0.1720770342 2.2112242357 0.4788886357 0.1712727126 2.2112788243 
0.3032340297 0.1690482376 2.2091435243 0.7332870592 0.1696987292 2.2109829356 
0.2816368058 0.1710372207 2.2104795642 0.6483073516 0.1681524647 2.2096177564 
0.2659333553 0.1711607666 2.2105164729 0.9097431770 0.1660956357 2.2090032880 
0.5130942495 0.1564861843 2.2061780852 0.9534562693 0.1680316372 2.2113247264 
END
