2.2285846753 0.0888857137 0.4690425952 2.7197092143 0.0871026929 0.4700673778 
4 4
image_id_list 28 67 68 66 
line_id_list 167 78 37 125 
line2d_list
225.5763702393 375.5595092773 161.8512115479 436.8453063965 
541.0173950195 437.3517761230 344.9708251953 432.0864562988 
581.0003051758 208.0005798340 480.0909118652 259.1792602539 
799.2138671875 375.6248168945 721.7402954102 331.4555358887 
node_id_list 11322 11323 11324 13280 
score_list 2.9752566643 4.8870332951 1.9808746791 1.9725828698 
line3d_list
2.7197175430 0.0886080464 0.4686950326 2.2285837154 0.0889140133 0.4695518396 
2.7363612078 0.0866714352 0.4703238076 2.1085707129 0.0918056148 0.4673369131 
2.7282059835 0.0886027582 0.4686802241 2.3150561607 0.0888601427 0.4694009842 
2.2853339042 0.0885761657 0.4691452905 2.1040227180 0.0893042589 0.4686919222 
END
