1.7689837566 -2.9993555400 0.3809039612 1.7689032837 -2.9969663808 0.8109226469 
9 8
image_id_list 19 20 38 98 63 73 91 94 73 
line_id_list 103 181 166 164 110 97 82 20 83 
line2d_list
129.4604644775 318.9590454102 127.6714630127 298.8512878418 
61.3144454956 394.9586791992 58.5508117676 373.9276123047 
115.9458541870 425.0021362305 114.9989776611 400.9606628418 
27.6196994781 400.9834594727 26.8459663391 371.9774475098 
295.0967102051 3.9865844250 298.7108459473 30.0401115417 
487.1905212402 133.9913635254 490.9969787598 218.0001373291 
80.8659820557 5.7450795174 105.3440780640 88.8987121582 
799.6303100586 127.3653030396 746.8238525391 218.4774932861 
491.7821350098 271.9483032227 480.0749206543 94.8628234863 
node_id_list 9267 9268 9269 12002 13206 13207 13208 13209 13386 
score_list 2.3595075099 2.0354145205 2.3342894425 2.6274969810 10.6908535021 8.2340762907 3.3927767310 5.5167815120 4.9829637618 
line3d_list
1.7730572698 -2.9872423635 0.7247011274 1.7677919003 -2.9982941411 0.8211256728 
1.7782562690 -2.9802974023 0.7250286303 1.7732385884 -2.9905875081 0.8110951651 
1.7719683168 -2.9920278410 0.7195828597 1.7701713465 -2.9951936810 0.8075396911 
1.7610361206 -3.0085515979 0.7058464467 1.7659004588 -3.0005621896 0.8109420631 
1.7693090155 -3.0008360590 0.5625331673 1.7703098677 -3.0043672067 0.4574973046 
1.7685294643 -2.9984536308 0.6849861453 1.7700643738 -3.0025815317 0.3816903557 
1.7706548415 -3.0034502562 0.6660042043 1.7696298440 -3.0015683294 0.3809163762 
1.7678575127 -2.9952261511 0.6677176811 1.7684646731 -2.9982095872 0.3470622532 
1.7726947125 -2.9952508894 0.1572573200 1.7798385751 -2.9888750353 0.8090850876 
END
