-0.1942802502 -0.9029842090 1.2072554925 -0.1950979950 -0.3739094316 1.2071572068 
33 33
image_id_list 0 58 1 3 8 17 39 46 47 59 64 74 79 87 90 92 93 32 98 4 42 50 31 84 9 15 19 37 86 10 76 45 99 
line_id_list 159 138 85 28 133 34 176 59 62 79 162 31 85 75 102 5 43 17 131 48 0 82 53 67 9 45 123 11 20 139 41 107 114 
line2d_list
194.4479522705 209.2340850830 265.7869567871 226.8621368408 
202.9655151367 258.2587890625 321.0138854980 261.4933471680 
249.9015960693 204.9453582764 328.0575866699 201.2023620605 
746.9337768555 153.6247711182 799.0267944336 154.9387969971 
491.9851684570 293.0650024414 585.6738281250 314.4303283691 
226.7059783936 173.3326263428 323.4023437500 156.2816772461 
462.8222656250 296.1891784668 554.8587036133 309.9452209473 
239.9333190918 218.9313201904 367.1244812012 210.9950256348 
63.1287536621 42.9933929443 215.1669311523 23.2879142761 
172.9834136963 196.3646392822 340.9829101562 198.4060363770 
279.6879272461 214.6941070557 454.8236389160 246.9573669434 
0.6651114225 123.9208374023 63.4463653564 104.4383926392 
586.8937377930 164.0750274658 713.9190063477 170.5816497803 
165.9654846191 290.4151611328 287.0748291016 283.2679443359 
412.9984130859 198.8664245605 530.0175170898 197.4788208008 
425.2247009277 190.6134490967 229.6994628906 217.8419189453 
149.2731323242 163.5987701416 234.5411376953 137.7876892090 
590.9661254883 244.9304199219 690.0567626953 241.7935333252 
772.8721313477 284.0550231934 799.2124023438 287.2478027344 
245.3683776855 92.0823364258 330.7474365234 44.3365936279 
722.1026000977 81.8596038818 478.0730895996 95.3248291016 
661.9017333984 124.2658767700 799.0842285156 134.9145507812 
682.0001831055 283.5885009766 799.0004882812 283.5520324707 
739.9719238281 152.1371154785 799.0346679688 153.5943450928 
668.9393310547 292.6031188965 769.0230102539 296.3912963867 
495.9997558594 50.5681762695 553.9998779297 50.5773773193 
718.7968750000 226.7148590088 799.0916748047 236.2260437012 
557.9986572266 222.8695678711 666.9973144531 221.7424468994 
618.9919433594 228.4710388184 740.0078125000 230.5433349609 
577.8847656250 265.5718078613 685.7368164062 287.3059082031 
596.9300537109 193.5349731445 720.0390014648 199.1432800293 
643.0556030273 267.6526489258 799.2175292969 292.6403808594 
525.9140014648 309.8588867188 625.0218505859 319.7817687988 
node_id_list 1090 1091 1713 1714 1715 1716 1717 1718 1719 1720 1721 1722 1723 1724 1725 1726 1727 2907 2908 3677 3678 3679 4873 4874 5192 5193 5194 5195 5196 6499 6500 8916 8917 
score_list 5.9636059190 11.8870475719 14.0117660015 6.2512022916 9.3105009487 9.5160375480 8.7817199196 12.4737147711 7.6806677805 10.2218859902 12.2216331537 11.6782183569 5.5391480873 8.1811181708 12.3943659398 12.5946150135 13.1248285986 9.2539378876 6.2783123078 12.5171035464 8.4120119271 3.5651733336 6.2284408679 7.9669667347 5.0103625008 3.5248590256 4.9302675334 7.4884908285 7.7107193842 6.0718080512 8.8685233078 8.8733470403 12.9564917638 
line3d_list
-0.2213293515 -0.8571145705 1.2055412210 -0.2202478264 -0.3833964786 1.2053328883 
-0.2164463842 -0.9009034390 1.2047960147 -0.2043532707 -0.3744229664 1.2068559137 
-0.1992866691 -0.8669287346 1.2066518614 -0.1945937663 -0.4100030057 1.2072926471 
-0.2239452378 -0.8953329222 1.2043252517 -0.1946192743 -0.6678126921 1.2073180876 
-0.1836896579 -0.9012893387 1.2099018653 -0.1710384562 -0.3793619679 1.2120472443 
-0.1953798087 -0.9033018820 1.2080789859 -0.1894595354 -0.3783422319 1.2091761838 
-0.2066581747 -0.8981814400 1.2068698959 -0.2162820838 -0.3722108743 1.2062953897 
-0.2078142522 -0.9015467467 1.2056240476 -0.1955087353 -0.3772471812 1.2070278631 
-0.2014646047 -0.9006778940 1.2058704230 -0.1948163610 -0.4000627157 1.2066211400 
-0.1923494794 -0.9017266947 1.2069044630 -0.1918547267 -0.3864980548 1.2069570179 
-0.2005674677 -0.9011896375 1.2063907255 -0.1965731349 -0.3920085269 1.2068214304 
-0.1938633601 -0.6156002762 1.2074217604 -0.1982665330 -0.3973484901 1.2067518413 
-0.1836638431 -0.9013359223 1.2089502216 -0.1895650903 -0.3836496834 1.2080284693 
-0.2043784471 -0.8972992495 1.2055127973 -0.1944244844 -0.3860480116 1.2073086351 
-0.2080238489 -0.8931861388 1.2055690943 -0.1894996064 -0.3816333519 1.2081809146 
-0.1962497544 -0.4923760088 1.2064489826 -0.1947762012 -0.9001749926 1.2069573823 
-0.1942758838 -0.8713966373 1.2072829972 -0.2020415285 -0.3934848602 1.2065053391 
-0.2091544849 -0.8966289519 1.2059872766 -0.1543106552 -0.3813277147 1.2137652648 
-0.2161572116 -0.9000443198 1.2050607454 -0.2061855355 -0.8023251192 1.2064792349 
-0.1956380731 -0.8505023965 1.2071860292 -0.1999259994 -0.3998930359 1.2065083663 
-0.1910830445 -0.3846425629 1.2072023036 -0.1903173001 -0.8938578812 1.2075498006 
-0.1888877590 -0.9022883189 1.2076463369 -0.1853005408 -0.5529289407 1.2076714347 
-0.1957055347 -0.8935752396 1.2089893785 -0.1834017363 -0.4090018100 1.2085416389 
-0.1983807781 -0.8474966448 1.2078049917 -0.1756142807 -0.6330750250 1.2104426749 
-0.2149531810 -0.8931144295 1.2059817755 -0.1528970902 -0.3706405781 1.2131171390 
-0.2230088150 -0.9006090109 1.2051084010 -0.1777141410 -0.6033337150 1.2102427953 
-0.2128866460 -0.8947956810 1.2062026658 -0.1618554874 -0.5313303376 1.2120123392 
-0.2163856128 -0.9022825774 1.2050282549 -0.1629257534 -0.3783932433 1.2126330194 
-0.2156156336 -0.8986918695 1.2059056051 -0.1542487399 -0.3820206314 1.2129617230 
-0.2180126739 -0.9036505028 1.2056433314 -0.2004152845 -0.3739174933 1.2080011983 
-0.1947044681 -0.9000056376 1.2073284148 -0.1944205448 -0.3777317655 1.2073146637 
-0.1961185514 -0.9029870637 1.2071834454 -0.2027722305 -0.3930680172 1.2064582763 
-0.1886329870 -0.8864085211 1.2087027035 -0.2024035470 -0.3781629010 1.2074305120 
END
