1.6312876322 0.0940402427 1.2061810873 1.6419004601 0.0959778384 1.2867889770 
3 3
image_id_list 27 67 74 
line_id_list 141 0 19 
line2d_list
246.3779754639 363.9303894043 240.6601562500 332.8784484863 
179.2488250732 225.0259857178 185.9481811523 160.8901367188 
733.3359985352 150.3074951172 753.5231933594 101.8015670776 
node_id_list 11199 11200 13297 
score_list 0.9950964293 3.7841327890 3.6248332909 
line3d_list
1.6315845893 0.0933953574 1.2061574913 1.6417445421 0.0971499987 1.2895187924 
1.6183424676 0.0916768298 1.1078583393 1.6420631119 0.0960075339 1.2880243706 
1.6238089339 0.0956086189 1.1589420769 1.6422070119 0.0953121168 1.2867646186 
END
