1.5424174909 -0.0106083500 1.0043617029 1.9562422151 -0.0111052484 1.0044865301 
18 10
image_id_list 11 17 46 58 11 17 18 46 58 18 67 93 29 68 58 67 93 69 
line_id_list 134 136 190 240 138 152 242 52 279 194 147 240 167 51 169 219 211 235 
line2d_list
464.0781555176 418.7939758301 476.1506042480 481.9712219238 
564.3881835938 296.9105834961 534.9237060547 277.1135253906 
686.5408935547 460.5161743164 619.8367309570 401.1835327148 
653.8113403320 469.3053283691 596.4608154297 433.8727416992 
482.2450561523 523.1483154297 461.9789428711 420.0041503906 
537.5751953125 276.1376647949 566.4161987305 295.3760375977 
723.9766235352 444.4715270996 761.4648437500 513.7484741211 
599.6374511719 381.2577819824 688.3406982422 457.4389343262 
598.0906372070 431.8530578613 659.7026367188 469.8610534668 
759.5586547852 514.2449951172 721.0902709961 444.9498901367 
247.0524902344 272.7594909668 299.0440368652 274.9595336914 
798.0057373047 175.7824249268 748.9870605469 174.4929046631 
0.3590416908 345.6289672852 92.3017120361 302.6453552246 
113.9957427979 159.9849090576 391.2329711914 81.8263320923 
594.9480590820 429.0839843750 578.1751708984 418.7165832520 
138.9771881104 268.4648437500 201.9727020264 271.5563354492 
723.9763793945 171.8844299316 799.0296630859 173.8902893066 
15.0576868057 308.3088073730 64.2104492188 299.1265563965 
node_id_list 6899 6900 6901 6902 6909 6910 6911 6912 6913 8974 8975 8976 11431 11432 13057 13058 13086 13334 
score_list 2.7650842462 2.5238895738 2.8327408645 2.7869611209 3.0384349380 2.4759785965 2.4818272032 2.1782864959 2.6506300172 3.5330489623 3.6079300337 1.9532340906 2.1764306588 2.1283378413 0.9921908159 4.6387129168 2.6714104287 1.5965909697 
line3d_list
1.6892375682 -0.0018665631 0.9913709686 1.8602721224 -0.0041414277 0.9942161236 
1.8573176653 -0.0082979890 0.9964695336 1.6544799770 -0.0080315253 0.9963920481 
1.8651388646 -0.0082953325 0.9983503648 1.6276327208 -0.0068843340 0.9961320936 
1.8503138693 -0.0082072588 0.9982119016 1.6329496178 -0.0069159211 0.9961817527 
1.9665880881 -0.0132052952 1.0106146173 1.7124081794 -0.0112756213 1.0057931853 
1.6870089399 -0.0132287338 1.0110278514 1.8838855632 -0.0148007166 1.0119719222 
1.6956539084 -0.0057135116 1.0024068756 1.8632574685 -0.0092737070 1.0048348454 
1.5424175969 -0.0107792153 1.0033303065 1.8824721645 -0.0146064037 1.0109752240 
1.6367267501 -0.0056073863 1.0022100900 1.8671715417 -0.0073565044 1.0037445947 
1.8594056784 -0.0095519860 1.0001747291 1.6930138096 -0.0090168468 0.9991739940 
1.8229801520 -0.0086297758 1.0043727165 1.9653422729 -0.0073950690 1.0039931714 
1.9514225075 -0.0070039549 0.9973680951 1.8042199505 -0.0083328977 0.9981773631 
1.6720089210 -0.0071657805 1.0039895533 1.9491024849 -0.0113860090 1.0051271505 
1.4772310526 -0.0039244985 1.0018712218 1.9562319083 -0.0189698283 1.0073489336 
1.6232795621 -0.0059160654 1.0042243683 1.5456859185 -0.0053568553 1.0038600077 
1.5312241293 -0.0084378564 1.0035896383 1.6992249717 -0.0027562818 1.0007195059 
1.7252387853 -0.0114689150 1.0061285237 1.9537014428 -0.0060237912 1.0035765974 
1.6428849243 0.0055746876 0.9969711726 1.8125324457 0.0058756754 0.9977089581 
END
