1.6121287248 -2.9980935629 1.5413608697 1.6123250343 -2.9984726144 1.5996810975 
17 17
image_id_list 13 14 16 21 48 51 52 56 78 80 89 20 38 53 88 98 77 
line_id_list 14 46 70 133 26 101 118 5 3 21 6 38 78 81 122 149 44 
line2d_list
572.4666748047 100.9030838013 575.1691894531 86.0307464600 
321.8633422852 65.1660232544 320.0845336914 52.9876518250 
185.1960906982 107.2030410767 181.6322784424 93.0928726196 
315.5685119629 19.0029468536 315.4660339355 3.9968171120 
638.1486206055 102.0152053833 640.1033325195 82.9082641602 
158.9813079834 108.1078796387 157.1677246094 90.9822387695 
733.1386718750 206.0059509277 733.6564941406 193.9423370361 
258.6377563477 129.1133422852 256.8888854980 108.0924453735 
528.9002075195 151.9938659668 529.8273315430 136.9278411865 
259.8777160645 72.0006713867 259.8669433594 54.0000801086 
528.3303833008 197.0345001221 529.8085937500 182.8756103516 
74.6367416382 186.1610260010 72.9644851685 172.0041961670 
151.5922088623 182.0151214600 150.9985046387 166.0000610352 
168.8111877441 127.0079498291 168.7107696533 111.9952468872 
51.5752830505 82.0060272217 51.4991455078 63.9978904724 
65.5481567383 152.0039367676 65.5047149658 135.9986267090 
48.4336433411 211.5044555664 41.2623672485 189.2375640869 
node_id_list 7364 7365 7366 7367 7368 7369 7370 7371 7372 7373 7374 8245 8246 8247 8248 8770 9389 
score_list 4.7412077512 4.8283370567 3.6346487803 7.1026329146 7.1861467867 11.0299339176 7.4152861042 9.8667411899 6.1178689799 7.9840904598 9.3644200095 2.6393730618 5.7709657435 10.1267429207 7.8980337253 2.1746243238 5.3930085928 
line3d_list
1.6126933651 -2.9984803737 1.5425467226 1.6130240322 -2.9972329239 1.6001243594 
1.6172993969 -2.9903094328 1.5426352454 1.6169801483 -2.9914839637 1.5964948244 
1.6148867062 -2.9938391966 1.5413792373 1.6129406896 -2.9974739304 1.6005196825 
1.6102446646 -2.9998118116 1.5404018769 1.6130920423 -2.9972039352 1.5992550323 
1.6118058565 -2.9927696541 1.5423290564 1.6130044122 -2.9972686750 1.5973598812 
1.6131706447 -2.9955226716 1.5436227575 1.6121802061 -2.9985027327 1.5969047503 
1.6115319882 -2.9992783038 1.5438223530 1.6118882428 -2.9997827971 1.5956154755 
1.6108235576 -3.0016023860 1.5418326650 1.6122925238 -2.9984822954 1.5975336771 
1.6132306572 -2.9953421040 1.5403942995 1.6121556718 -2.9985765525 1.5982246101 
1.6114676631 -2.9980382790 1.5424326202 1.6144660030 -2.9951597404 1.5996954229 
1.6121841987 -2.9971459824 1.5458764845 1.6122486254 -2.9985871891 1.5962228560 
1.6144134299 -2.9951997220 1.5434395880 1.6110217406 -3.0015742607 1.5976239952 
1.6124510206 -2.9972094290 1.5443859620 1.6119301174 -2.9993608130 1.5963990371 
1.6117119467 -2.9985289296 1.5431677517 1.6126269687 -2.9978645423 1.5951359645 
1.6120257313 -2.9976277994 1.5442763028 1.6119986341 -2.9994797062 1.5977183365 
1.6115148868 -2.9998454517 1.5447696115 1.6154467537 -2.9930074633 1.5971875137 
1.6118202659 -2.9994310214 1.5433414873 1.6125258499 -2.9972613457 1.5971806425 
END
