0.2087776474 0.2535539746 0.4429043888 0.9158118758 0.2472908254 0.4493240967 
6 6
image_id_list 0 12 66 74 93 4 
line_id_list 73 89 94 156 28 23 
line2d_list
348.3573303223 386.7508239746 441.7452392578 443.1080017090 
592.4204711914 165.3491668701 632.0372924805 190.9422912598 
279.1296386719 49.7558021545 361.2749938965 93.3656768799 
314.0650634766 265.6983032227 482.4305114746 302.0035095215 
405.3265380859 258.5893249512 537.2660522461 271.2214050293 
571.9996337891 163.7417755127 546.9999389648 163.7493591309 
node_id_list 617 618 619 620 621 3611 
score_list 5.9446359779 4.0016333815 5.4421717700 3.3066607818 4.6986572538 3.6581433519 
line3d_list
0.1972942995 0.2568743493 0.4418546070 0.9177009195 0.2597356086 0.4416628383 
0.2224181160 0.2455607839 0.4493124655 0.5131231149 0.2579037704 0.4419176663 
0.2089919438 0.2524384419 0.4434283683 0.6774672569 0.2527879796 0.4438352667 
0.2089005442 0.2638497342 0.4394138275 0.9248083053 0.2614512601 0.4410673191 
0.1947188143 0.2518080438 0.4425870453 0.9160193792 0.2639578956 0.4427313211 
0.3243524004 0.2373027853 0.4396396517 0.2148560012 0.2322082748 0.4444527860 
END
