-0.0600583217 -1.2760604480 0.3254830205 -0.0730945545 -1.2651451155 0.6442659200 
5 5
image_id_list 0 3 1 12 93 
line_id_list 244 208 306 221 278 
line2d_list
95.4839706421 334.8330078125 79.3208389282 384.7802124023 
660.2165527344 280.8591003418 648.5173339844 345.9132080078 
180.0685272217 355.9609069824 177.0030059814 429.0001220703 
257.5827026367 143.3618011475 266.9110717773 257.2529907227 
124.9867782593 345.2932434082 146.0276184082 417.9920043945 
node_id_list 1321 1322 2086 2087 3509 
score_list 8.6895380201 11.4060985492 7.8887764243 5.8485705323 7.9379352564 
line3d_list
-0.0464524999 -1.2812586428 0.5870029896 -0.0463179410 -1.2859789284 0.3482742275 
-0.0360797810 -1.2820619877 0.6417941161 -0.0317789348 -1.2880753987 0.3114826143 
-0.0560250194 -1.2756409252 0.6456780928 -0.0513426625 -1.2814724255 0.3260247462 
-0.0688183298 -1.2657186846 0.6467820776 -0.0592813778 -1.2825243036 0.0968631272 
-0.0496516238 -1.2804189809 0.6457475767 -0.0445704271 -1.2859586915 0.3403355562 
END
