3.2373181512 -1.5675855880 0.0022370180 3.9220902006 -1.5647752530 0.0032595211 
6 4
image_id_list 22 27 30 55 22 30 
line_id_list 146 288 155 165 189 208 
line2d_list
549.5917968750 325.7111816406 417.1717529297 249.7008056641 
798.7935180664 488.1096191406 759.1298217773 413.4001770020 
249.6498870850 569.0427856445 128.7190704346 486.9408569336 
195.6037139893 599.9261474609 136.6925506592 574.7185058594 
467.9789733887 281.0382385254 491.1243896484 293.7739257812 
293.6390686035 599.5223999023 253.4681243896 571.7698974609 
node_id_list 10297 10298 10299 10300 10360 11248 
score_list 2.6701919782 1.9907455839 1.6604811645 0.0000000000 1.2802442362 1.8529491945 
line3d_list
3.2682199248 -1.5623529737 0.0062215607 3.9841327947 -1.5528278905 0.0118550224 
3.0673407063 -1.5684394557 0.0019570057 3.8105513582 -1.5646468479 0.0038624322 
3.2577343033 -1.5624878930 0.0082480205 3.9791401645 -1.5528830338 0.0169998832 
3.4815643300 -1.5703738039 -0.0016980744 3.9220607879 -1.5597617239 0.0091776100 
3.6942579659 -1.5715959834 -0.0112936746 3.5661046467 -1.5705103371 -0.0075554656 
3.0458546928 -1.5639845902 0.0049717396 3.2372843082 -1.5616978604 0.0087193547 
END
