1.6448525315 -3.1116717933 1.0055034804 1.6777704085 -3.0999676911 1.2824831022 
27 27
image_id_list 9 13 14 16 19 20 23 31 33 34 38 57 60 82 83 96 97 21 52 54 55 78 80 89 53 98 71 
line_id_list 237 162 196 217 239 216 186 216 165 160 176 156 128 222 181 192 141 184 361 148 198 165 155 159 157 203 227 
line2d_list
158.0683135986 343.8279724121 150.3328552246 295.7854003906 
530.5078735352 225.1232604980 535.6636352539 162.0542449951 
319.4719543457 178.8870849609 306.7199401855 125.5884933472 
195.8960266113 225.0381317139 175.1841735840 168.5656890869 
134.9473876953 252.6756896973 125.8189697266 197.8636016846 
66.3411331177 313.9227905273 52.2617874146 251.7144317627 
415.8380126953 66.0067214966 413.5928039551 11.8924236298 
72.2420883179 362.7447814941 62.1365165710 313.5610046387 
113.9767608643 360.0058288574 101.8662338257 311.7824707031 
351.4140319824 115.1095962524 341.4302978516 61.7324752808 
129.4167785645 329.9448852539 119.7388000488 256.7700195312 
223.2697753906 227.0072784424 223.4398193359 173.9981994629 
365.4706726074 301.0578918457 359.9830017090 250.8924713135 
218.3388061523 204.9061889648 204.1541137695 153.6804199219 
512.4248657227 310.0102539062 512.7702636719 261.9983520508 
24.6696853638 344.0823364258 9.3613119125 282.6607055664 
336.6362915039 338.9548950195 332.8070068359 284.9427795410 
299.3573303223 139.9717559814 295.2483825684 87.9803695679 
730.7886962891 326.0213317871 725.7226562500 275.8261413574 
605.4739990234 267.9129943848 594.6384887695 208.8827972412 
707.4180908203 317.9218139648 697.5706787109 265.2673034668 
497.3206787109 278.9951171875 496.3598937988 215.9792633057 
238.7666320801 222.9410858154 233.7007293701 157.0229949951 
514.3534545898 329.9885253906 512.4110107422 270.0839538574 
161.4932403564 269.9389343262 153.8895111084 208.5184783936 
39.6196975708 304.9318542480 32.3285026550 238.6339416504 
769.0818481445 54.0158996582 777.5723876953 10.3054256439 
node_id_list 6105 6106 6107 6108 6109 6110 6111 6112 6113 6114 6115 6116 6117 6118 6119 6120 6121 8040 8041 8042 8043 8044 8045 8046 8517 8869 12919 
score_list 8.7149531301 11.9267444416 14.4236867991 10.8990864434 8.7506199875 7.4826269195 11.9360538067 11.6635157151 12.7529326028 15.0651758639 9.4327579451 9.6419561173 16.9081845118 10.8815405426 13.1249363072 8.8676682363 15.2684515979 16.5080077179 9.8704759340 12.8466235241 11.8470763034 13.2580925817 14.5820290334 10.8334195294 12.8755203519 6.9932167302 1.9687785591 
line3d_list
1.6518435521 -3.0990137957 1.0157303322 1.6728398218 -3.1102705165 1.2826809277 
1.6480737451 -3.1057178889 1.0051316432 1.6762352887 -3.1006263243 1.2789676164 
1.6513219948 -3.0997010904 1.0135427222 1.6716245221 -3.1116122056 1.2763895531 
1.6521495872 -3.0980729703 1.0088586361 1.6838814795 -3.0914390686 1.2853087936 
1.6486982667 -3.1053552413 1.0122576084 1.6767207318 -3.1025095438 1.2827152610 
1.6469693126 -3.1073192207 1.0119526485 1.6774941270 -3.1013448445 1.2802920652 
1.6529706506 -3.0986030084 1.0086257821 1.6750872851 -3.1029053053 1.2723784319 
1.6482560492 -3.1056460806 1.0094365370 1.6712129978 -3.1056711553 1.2448685569 
1.6483048226 -3.1052251781 1.0080021789 1.6732781539 -3.1009523909 1.2443515497 
1.6526929982 -3.0985489974 1.0053146293 1.6749007940 -3.1028690276 1.2701544266 
1.6462863086 -3.1094530488 1.0077506592 1.6774508703 -3.1002559893 1.2799865678 
1.6478363188 -3.1064485487 1.0049281553 1.6754008429 -3.1010075017 1.2715586626 
1.6478517942 -3.1073840783 1.0079509037 1.6747375140 -3.1026734913 1.2698411865 
1.6499368928 -3.1018947675 1.0094262160 1.6735935448 -3.1073629166 1.2770446686 
1.6523834166 -3.1011793220 1.0067219113 1.6700581191 -3.1068702211 1.2525757716 
1.6462509824 -3.1079306792 1.0023284540 1.6720298765 -3.1041075839 1.2440412238 
1.6450498900 -3.1114857942 1.0109355099 1.6790662979 -3.0984172791 1.2826774619 
1.6472041543 -3.1097838312 1.0093291075 1.6725651123 -3.1025430281 1.2430249914 
1.6458582209 -3.1150665972 1.0109791622 1.6723077154 -3.1003446307 1.2377409229 
1.6443062528 -3.1127603938 1.0045275672 1.6730579287 -3.1008121779 1.2449424685 
1.6445638347 -3.1129605706 1.0085277524 1.6738388988 -3.0996069374 1.2461798972 
1.6467016256 -3.1084980907 1.0102855116 1.6753171426 -3.1040375377 1.2773201057 
1.6457153099 -3.1121193500 1.0063978586 1.6735373939 -3.1012272316 1.2461217037 
1.6458146890 -3.1123224268 1.0075680579 1.6737532316 -3.1018176652 1.2488570021 
1.6448360420 -3.1134746554 1.0103573090 1.6731602921 -3.1012552866 1.2445354141 
1.6483467160 -3.1053350446 1.0089365046 1.6772707473 -3.0924074206 1.2460077156 
1.6611552457 -3.0957877813 1.1614989297 1.6727732093 -3.0935751166 1.2499363646 
END
