-0.2024793101 -0.7489789816 1.7152527296 -0.2156494765 -0.3811598213 1.7154043460 
21 20
image_id_list 8 58 99 9 17 31 39 10 58 79 20 37 32 59 46 85 87 93 86 90 76 
line_id_list 216 249 165 100 111 106 248 164 265 160 138 93 100 229 151 168 273 253 131 226 126 
line2d_list
587.8978271484 219.4968566895 606.9158935547 223.4088897705 
299.9384460449 148.1909179688 322.0344848633 149.3327484131 
608.9940795898 218.9658966064 630.9932250977 219.1013488770 
713.9911499023 201.7238769531 770.0297851562 199.9316558838 
256.0835266113 66.5518646240 304.1923522949 59.2710800171 
733.9257202148 169.1964721680 799.1083374023 163.1725921631 
543.0697631836 215.4967346191 569.9689331055 219.2240295410 
648.9976196289 173.0170898438 707.9702148438 181.2144165039 
264.9763793945 145.3019714355 296.0211486816 147.7297515869 
655.9847412109 38.5588340759 735.9795532227 40.7472572327 
745.9926147461 143.3592987061 784.0382690430 144.1439361572 
559.9462890625 120.8139953613 669.0396118164 115.8747100830 
639.0015258789 150.0338592529 689.0338745117 147.7381744385 
309.9431152344 28.6969146729 340.9812316895 31.2299137115 
328.9078369141 85.9686813354 354.9678649902 83.6402359009 
450.1713562012 30.0016956329 506.0749206543 20.4378776550 
265.9925842285 162.2117767334 284.9693298340 162.8761291504 
167.9375305176 17.4416923523 206.1306915283 13.1679391861 
662.9655761719 117.0950927734 748.0325927734 113.8568572998 
463.0277404785 65.4129638672 538.9527587891 68.9996566772 
646.9954833984 78.2244033813 734.0042114258 77.7149353027 
node_id_list 5043 5044 5045 5572 5573 5574 5575 6546 6547 8957 9460 9461 11738 12080 12573 13076 13077 13078 13083 13133 13424 
score_list 3.0725057492 8.4233924143 6.0775782575 0.9085788864 6.2454192892 2.9758072585 4.8020298070 1.4705632578 7.7174001443 3.4064722860 4.6868152574 2.9724339662 2.5793073218 8.3039489106 10.5527200228 7.5127467269 5.5928002033 4.4143631680 3.8789506606 3.6860885241 5.6749250627 
line3d_list
-0.2184515068 -0.4888864716 1.7152534654 -0.1890108889 -0.3908237604 1.7163053588 
-0.2205478197 -0.4863035249 1.7151197705 -0.1973484098 -0.3895148825 1.7154566820 
-0.2434398025 -0.5085379165 1.7155699158 -0.1919578624 -0.3939017475 1.7146581737 
-0.2000383571 -0.6612526009 1.7157300313 -0.2336383022 -0.3932725823 1.7156266710 
-0.1972400960 -0.6416138619 1.7151683830 -0.2251172646 -0.3869610616 1.7154837157 
-0.1977057730 -0.6608178707 1.7155848269 -0.2308474213 -0.4132267648 1.7156168093 
-0.2244200520 -0.5343577911 1.7141197210 -0.2278331127 -0.3827961007 1.7166589737 
-0.1989783785 -0.6513106244 1.7155860550 -0.2343669171 -0.3869336893 1.7156202057 
-0.1825438322 -0.6441877635 1.7141527913 -0.2066547407 -0.5054596356 1.7149513663 
-0.1931345406 -0.6919360029 1.7145682511 -0.2214834697 -0.3813686339 1.7152104199 
-0.1601947616 -0.8890632762 1.7167174204 -0.1815931275 -0.7482316881 1.7166089221 
-0.1705392799 -0.8950101078 1.7164042233 -0.2557660616 -0.3822259198 1.7158025676 
-0.3138212094 -0.6297047032 1.7185680846 -0.1776671927 -0.3934040552 1.7140616642 
-0.2309947196 -0.4889172618 1.7155220530 -0.2255341277 -0.3928985639 1.7162505208 
-0.2470768941 -0.4980512743 1.7162420452 -0.2113809182 -0.3923128448 1.7162715348 
-0.2092886375 -0.6406728557 1.7143168433 -0.2100560165 -0.3871161824 1.7155381275 
-0.2070957479 -0.4749061032 1.7151004488 -0.1880077057 -0.3983580700 1.7153628318 
-0.2363161076 -0.5837376450 1.7148017172 -0.2050164011 -0.4089203289 1.7158396624 
-0.1573526475 -0.7306062168 1.7152255582 -0.2225061048 -0.3812596086 1.7154245144 
-0.2459702539 -0.7031836214 1.7142186588 -0.2190454562 -0.3866360836 1.7155899022 
-0.2325303351 -0.7312187971 1.7164806633 -0.1955189996 -0.3851892440 1.7153443834 
END
