2.9998633486 -1.7485980678 1.0035470474 2.9991845214 -1.5841701013 1.0032969284 
6 6
image_id_list 25 28 70 26 30 29 
line_id_list 164 147 98 257 15 283 
line2d_list
661.9445190430 462.6441650391 778.1159667969 472.6539001465 
568.1719360352 203.2407989502 607.9622192383 197.7272033691 
476.9670715332 181.9440917969 535.9720458984 180.1040954590 
490.9844360352 269.8007812500 522.1068725586 267.3670349121 
317.8340454102 296.3240966797 359.9932556152 285.9725646973 
729.9810791016 248.2056274414 764.9610595703 251.4231109619 
node_id_list 10702 10703 10704 11071 11072 11466 
score_list 3.6694493373 1.6249155624 3.3997191453 3.6891481110 0.5835918007 3.3197409171 
line3d_list
3.0002210499 -1.5718500386 1.0026800921 3.0014413714 -1.7679137898 1.0027313539 
3.0002977085 -1.5841664390 1.0026833123 3.0012259694 -1.7333060795 1.0027223056 
3.0040899692 -1.5802192473 1.0023475121 2.9970911620 -1.7486061609 1.0057504448 
3.0116273937 -1.6057640263 0.9988114861 3.0101579417 -1.7343288595 0.9995839819 
3.0084162154 -1.5923177188 0.9997002971 3.0203118351 -1.7797365390 0.9967813670 
2.9944180828 -1.5989161380 1.0053819701 3.0131872574 -1.7056652507 0.9989072355 
END
