0.8277974464 -0.9042123581 -0.0105802669 0.7268090632 -0.6968232196 -0.0002315772 
25 23
image_id_list 0 8 8 17 32 79 1 4 12 66 79 85 74 93 86 9 10 19 37 76 82 84 16 57 18 
line_id_list 316 233 262 234 266 201 251 90 234 230 207 267 261 111 209 256 264 256 181 205 241 238 227 210 335 
line2d_list
249.4814453125 545.3576660156 261.4087219238 529.3036499023 
455.9941711426 590.4333496094 483.0018615723 590.5430297852 
437.9620666504 591.8276977539 451.9797668457 591.3741455078 
295.3775329590 465.6400146484 330.0946960449 445.1605529785 
606.9595947266 535.7898559570 651.0588378906 527.3059082031 
597.1119995117 552.4947509766 628.6286010742 545.3596191406 
389.0196533203 565.3958129883 400.8425292969 534.9388427734 
614.2931518555 459.1785583496 601.7009887695 409.3281250000 
414.2931823730 370.4100341797 447.0115966797 347.0162048340 
129.5554504395 384.6814880371 165.6430511475 334.3113708496 
577.7496948242 556.8952026367 595.5175170898 552.8701782227 
474.9992675781 496.9986877441 516.7730102539 473.5948791504 
308.9426269531 599.0493164062 310.7868957520 563.7796630859 
404.9508666992 490.0833740234 407.9472656250 455.9077148438 
599.8888549805 583.2345581055 651.9530639648 575.6766967773 
601.9812011719 568.1901855469 649.0168457031 568.9326782227 
465.9202270508 569.8781127930 517.1334838867 574.5303955078 
611.9230346680 532.7774047852 664.1047363281 537.9420776367 
545.9622802734 544.7916259766 593.0495605469 536.2738647461 
554.9036254883 549.0607910156 608.9501953125 543.5147705078 
699.9762573242 433.0419006348 754.0165405273 434.2733764648 
671.9242553711 538.8469238281 731.9280395508 534.9049682617 
743.9880981445 468.7930603027 799.0207519531 469.6190490723 
659.8973999023 582.3619384766 719.8960571289 599.3666992188 
325.8346557617 511.5383605957 381.4989929199 491.6011962891 
node_id_list 1546 1547 1548 1549 1550 1551 2034 2035 2036 2037 2038 2039 3737 3738 5124 6177 6178 6179 6180 6181 6182 6183 8875 8876 9225 
score_list 4.7994851456 2.3783891097 3.1361509422 4.7488202837 4.3689583375 5.7114942075 6.2756832641 5.8918812373 6.2002895813 6.2465857175 6.0741215296 6.7712049783 4.5287343109 4.7434187038 6.8087913399 7.9414362766 4.5838092632 4.0815639449 3.6555788531 5.0955627603 2.4827022337 6.7008681435 3.8874601339 3.8282465617 4.9838204930 
line3d_list
0.8399255497 -0.8774053044 0.0132870574 0.7428826322 -0.7219704102 0.0004611534 
0.8078242252 -0.8204008865 0.0124210132 0.7085539111 -0.6904755088 -0.0129076672 
0.8466288909 -0.8988796675 0.0078113639 0.8024933841 -0.8356415602 0.0004109783 
0.8321194030 -0.8845090370 0.0042181826 0.7347177965 -0.7045735271 0.0027473731 
0.8749131476 -0.9041738922 0.0259872351 0.7166635867 -0.6940862910 -0.0068974235 
0.7904535179 -0.8194802146 -0.0018410225 0.7400961293 -0.7047988808 0.0053786282 
0.8274187538 -0.8946374369 -0.0030288788 0.7276490484 -0.7080876961 -0.0072490019 
0.8292392368 -0.9019911937 -0.0071825775 0.7197636178 -0.6997143445 -0.0110464967 
0.8290872510 -0.8934154123 -0.0076303955 0.7302924612 -0.7089105472 -0.0123569195 
0.8247226598 -0.8905037031 -0.0053126565 0.7246743344 -0.7022127538 -0.0066268724 
0.8211024508 -0.8886396867 -0.0060199090 0.7932305332 -0.8252567493 -0.0020546616 
0.8279371284 -0.8943962540 -0.0036957465 0.7304026929 -0.7020115104 0.0002710383 
0.7850036369 -0.8093100128 -0.0016737172 0.7274987832 -0.7015416450 -0.0027234333 
0.8243686057 -0.8954258468 -0.0061152924 0.7235031666 -0.7041052849 -0.0091416853 
0.8263062170 -0.8881799453 -0.0026190527 0.7333759515 -0.6994785804 0.0029789277 
0.8266068275 -0.9007995425 -0.0102549124 0.7361481298 -0.7082122969 0.0018398718 
0.8158988694 -0.9000893162 -0.0181521306 0.7315236437 -0.7029043032 0.0005416548 
0.8188408487 -0.8991181820 -0.0154897976 0.7317425119 -0.7058170794 -0.0005210656 
0.8264268108 -0.8884248194 -0.0026263170 0.7335209553 -0.6997730208 0.0029701929 
0.8125777822 -0.8914395183 -0.0139410490 0.7320153150 -0.7017957276 0.0017463741 
0.8404070653 -0.8927481215 -0.0030902110 0.7371231293 -0.7034093841 0.0036822491 
0.8115807004 -0.8904490250 -0.0173860222 0.7316165561 -0.6993826571 0.0021002190 
0.8508642076 -0.8899279657 0.0047241382 0.7482550335 -0.7277989252 0.0014128491 
0.8510792990 -0.8902678239 0.0047310794 0.7301843779 -0.6992461368 0.0008296930 
0.8749850574 -0.8833477882 0.0317744057 0.7243561745 -0.7033082299 -0.0050256011 
END
