1.6070363345 -3.0025728780 1.4980325596 1.6778339504 -2.9944894301 1.4994618107 
16 16
image_id_list 21 38 53 54 77 33 51 56 96 80 88 98 48 89 78 55 
line_id_list 77 50 104 11 0 76 27 10 9 73 84 123 6 105 99 83 
line2d_list
314.8406372070 29.4664955139 300.8966369629 27.9511756897 
151.0757293701 195.9711608887 134.0240631104 196.6262054443 
168.0081787109 139.9254455566 149.8969573975 137.9399261475 
607.1370239258 142.3732910156 589.1168823242 144.1713256836 
54.4509582520 229.6943664551 26.3148193359 237.1828613281 
114.0975952148 256.1583251953 101.0219039917 257.2599792480 
162.0731201172 122.2476272583 141.0866088867 123.4776687622 
259.0531005859 145.0601654053 237.0082244873 146.1641845703 
29.1268711090 213.7053375244 10.0834789276 215.1220855713 
258.9250183105 85.5955734253 240.8340911865 83.3175811768 
51.7727355957 97.5964050293 28.8110084534 94.3275527954 
65.8571624756 166.6206512451 47.9084510803 165.0387420654 
635.9926147461 117.1509857178 614.9451293945 116.1244964600 
526.8211059570 210.2437286377 509.8838806152 207.8071594238 
527.8793945312 163.4623565674 513.8920898438 162.3090362549 
705.0662841797 208.0633697510 689.0040283203 209.0649414062 
node_id_list 9631 9632 9633 9634 9635 11802 11803 11804 11805 11945 11946 11947 12674 12803 12966 12993 
score_list 1.6247194005 4.9715568322 4.9574771898 2.9150710465 6.8475431556 0.9659750291 4.1334458564 3.1044710505 1.1987673689 3.0076780567 3.0986124228 0.8157157401 1.8756171528 6.5985794188 0.7541850402 3.0402971045 
line3d_list
1.6129132691 -2.9959192814 1.4986518215 1.6749763989 -2.9864481177 1.5007387516 
1.6146653767 -2.9986906028 1.4982514590 1.6771355883 -2.9958502877 1.4993404813 
1.6141428689 -3.0007395290 1.4979362599 1.6747802240 -2.9933432447 1.4996945292 
1.6143607452 -3.0069500284 1.4981207704 1.6774013125 -2.9907433055 1.4997053855 
1.6108665976 -3.0013132125 1.4982426669 1.6770764694 -2.9945063685 1.4993078833 
1.6130994012 -3.0024322673 1.4976693945 1.6712487776 -3.0019218744 1.4983606343 
1.6109006051 -3.0018166923 1.4988782927 1.6804526781 -3.0120401530 1.4981834713 
1.6137977189 -2.9988428670 1.4991972536 1.6723570411 -3.0102084277 1.4983300190 
1.6082669420 -3.0132905379 1.4976908195 1.6729728912 -3.0092183793 1.4984344463 
1.6122432196 -3.0011716860 1.4982648147 1.6739582643 -2.9948269421 1.4992577161 
1.6128689086 -3.0053017236 1.4972332619 1.6751702211 -2.9937637333 1.4996350939 
1.6030149942 -3.0118029261 1.4961465861 1.6761301137 -2.9992303055 1.4988189965 
1.6155001532 -3.0077217491 1.4980854137 1.6755853508 -2.9932443613 1.4995374597 
1.6168799793 -3.0121972489 1.4962821802 1.6855242427 -3.0287578719 1.4964350632 
1.6002396020 -3.0157505016 1.4955206274 1.6763848456 -2.9994488568 1.4987886542 
1.6174826459 -3.0259847859 1.4978718273 1.6769020030 -3.0076787940 1.4993634428 
END
