3.6433884054 -0.8131961032 0.8593063145 3.6427507389 -0.6556589955 0.8599800508 
3 3
image_id_list 24 27 70 
line_id_list 56 173 219 
line2d_list
700.0324707031 316.7821350098 548.9599609375 294.2685241699 
615.0512084961 274.6952209473 563.9600830078 278.4584655762 
223.9575653076 165.2479248047 292.0145263672 163.5993957520 
node_id_list 10471 10472 10473 
score_list 4.8615374459 4.3187031146 3.2314927130 
line3d_list
3.6433884054 -0.8131961032 0.8593063145 3.6423614177 -0.5594762254 0.8603913940 
3.6383496769 -0.8788717353 0.8627474916 3.6396491995 -0.6269731562 0.8621975138 
3.6359990606 -0.6557065847 0.8647174283 3.6377417459 -0.9190244889 0.8631163780 
END
