3.7911282867 -0.8786992923 1.3342863236 3.7775479024 -0.6148824647 1.3359193874 
5 5
image_id_list 25 29 27 70 28 
line_id_list 34 46 161 34 84 
line2d_list
422.0131530762 221.8308258057 338.9864807129 223.1449127197 
534.0100097656 115.7149658203 476.9749755859 113.7129592896 
607.0642089844 177.5698242188 557.0231933594 183.2059326172 
273.9941711426 26.8603401184 200.0391387939 29.9399394989 
437.9613342285 110.8087692261 389.9037475586 120.5239486694 
node_id_list 10599 10600 11208 11209 11283 
score_list 2.7208830103 2.6599477652 2.5275721695 2.3067165276 1.3648017052 
line3d_list
3.7788993807 -0.8942531551 1.3362279439 3.7768705073 -0.6167882882 1.3360782560 
3.7932195403 -0.8638831646 1.3337700189 3.7770633270 -0.6139101839 1.3360407968 
3.8150741377 -0.8731949878 1.3319483426 3.7788973085 -0.6244474292 1.3358508404 
3.8099211435 -0.8777199288 1.3323523196 3.7700920404 -0.6112048805 1.3366208766 
3.7867822538 -0.8812375792 1.3342301967 3.7829569847 -0.6146017771 1.3355564517 
END
