0.0015243145 -1.6187448014 1.5428168098 -0.0000930329 -1.6186675726 1.5988659581 
18 18
image_id_list 0 3 45 46 58 79 85 90 1 43 49 84 95 98 16 20 38 18 
line_id_list 17 7 72 183 261 96 132 101 94 124 7 111 71 58 123 47 43 176 
line2d_list
89.4276275635 99.8546981812 93.1865768433 85.0473632812 
617.0930175781 76.0134811401 619.1218261719 62.0176658630 
453.8385314941 145.9762725830 456.0602416992 130.8618621826 
24.2449436188 143.9677886963 22.1424694061 127.9812622070 
7.7393102646 169.0296478271 7.3857250214 153.9909362793 
417.2770996094 77.0073013306 417.6470947266 62.9643516541 
235.8468170166 110.2469253540 233.0099029541 96.9978790283 
227.2804412842 108.9904327393 226.6671447754 91.0113525391 
103.0737838745 122.0109100342 102.8616256714 104.0016326904 
555.9643554688 169.0244445801 555.5858764648 152.9861755371 
711.8793334961 44.6122398376 719.3190917969 23.1104164124 
546.3086547852 76.0107879639 546.7648925781 62.9568328857 
645.2970581055 166.0464630127 648.1404418945 147.8655700684 
599.7297973633 190.1063385010 601.5250854492 177.7850952148 
658.3865966797 33.0077667236 658.6481323242 19.9929294586 
565.0184936523 178.0012969971 565.8678588867 165.9204101562 
729.7323608398 211.9527893066 732.3585815430 197.0632476807 
142.4893035889 23.9175205231 139.7838439941 7.8678684235 
node_id_list 161 162 163 164 165 166 167 168 1740 2765 2766 2767 2768 2769 8809 8810 8811 9146 
score_list 5.5385470243 8.9164580778 5.0151832375 3.7878021317 4.7978703512 5.9646979971 5.0585350119 7.6953283995 4.7624344826 6.8025783367 5.7392950119 3.1280003660 3.5797457599 2.5866479691 2.1380320891 2.7413825384 0.9802913300 4.6299745204 
line3d_list
0.0034534369 -1.6185239086 1.5422861253 -0.0001152701 -1.6185172860 1.5988651094 
0.0035511113 -1.6195664339 1.5435165769 0.0023504236 -1.6182302834 1.5979320788 
-0.0012892527 -1.6189247573 1.5450235553 -0.0007842448 -1.6187152995 1.5986608108 
0.0055934418 -1.6175950318 1.5412467219 -0.0011792523 -1.6189993546 1.5986681848 
-0.0056747452 -1.6201906077 1.5439533099 -0.0045515235 -1.6197995378 1.6004030503 
0.0014168100 -1.6181457267 1.5439523903 -0.0020939700 -1.6190952954 1.5967024577 
-0.0103170148 -1.6211817678 1.5429078788 -0.0060675482 -1.6191854202 1.5984989298 
0.0024718118 -1.6189353535 1.5432788076 -0.0007592267 -1.6188240995 1.5982153226 
0.0019433748 -1.6191743646 1.5431955593 -0.0003737941 -1.6186449023 1.5984476228 
-0.0083299226 -1.6209623074 1.5425525453 -0.0037451775 -1.6189941983 1.5956751043 
0.0003106257 -1.6188712149 1.5446347075 -0.0026067557 -1.6187790918 1.5983222773 
-0.0058361713 -1.6206319179 1.5441352173 -0.0027554723 -1.6188443005 1.5969960618 
0.0014801316 -1.6188746706 1.5445640006 0.0024055688 -1.6182541726 1.5975894711 
-0.0111983594 -1.6220692089 1.5433552033 -0.0029523620 -1.6186830707 1.5968723073 
0.0022500273 -1.6183297201 1.5439767359 0.0021279465 -1.6174277126 1.5984257044 
-0.0082879320 -1.6209456728 1.5426586538 -0.0096852607 -1.6212821256 1.5985113279 
-0.0029731173 -1.6188876701 1.5431047500 -0.0123743113 -1.6223192291 1.5994209842 
0.0051414636 -1.6174284106 1.5429193720 0.0074165321 -1.6167459635 1.5977523718 
END
