1.1938597066 -0.1713969794 1.1027909042 1.8312480954 -0.1714537880 1.1032060706 
42 20
image_id_list 0 1 12 12 39 39 47 58 66 66 67 87 93 0 1 12 39 58 66 66 67 74 74 85 93 1 67 87 18 18 27 68 28 29 69 46 85 47 59 59 87 68 
line_id_list 104 171 57 84 6 79 121 1 178 204 114 92 151 109 90 85 4 79 115 140 43 102 123 71 25 81 110 64 120 200 33 114 0 52 7 127 126 141 175 185 36 3 
line2d_list
491.3537597656 348.2707824707 597.9727172852 399.9948730469 
704.0095825195 320.9669799805 766.9384155273 339.2124938965 
704.7503662109 101.5675506592 798.9928588867 143.0162048340 
734.9753417969 112.0581512451 697.8634643555 96.3219375610 
693.3142089844 416.8983154297 796.7915039062 495.8929443359 
771.0622558594 476.9188842773 712.8385009766 432.2103271484 
799.2669067383 140.5199127197 720.1352539062 126.2499237061 
486.2419433594 362.2055053711 594.0146484375 429.9767456055 
404.2519836426 0.3930068612 446.9508056641 18.1184844971 
458.6690368652 22.7977962494 497.9598693848 39.0967559814 
115.9888000488 247.2996978760 202.9794464111 250.5500793457 
754.0834960938 426.7174682617 621.5430297852 387.5461730957 
584.9954223633 153.3087921143 719.9953613281 155.3117065430 
571.9963989258 385.0075683594 524.7698974609 362.4823913574 
735.0014038086 327.9952697754 655.8482055664 304.5115661621 
799.3618774414 140.1732635498 745.2290649414 116.4766616821 
787.9573974609 484.0562744141 695.0211181641 413.6520690918 
576.1209106445 413.8037109375 474.7670288086 351.3782653809 
605.3282470703 81.2195358276 459.4727783203 19.8758506775 
448.5382995605 15.6855001450 412.0973205566 0.7623459101 
166.0097503662 246.7858581543 44.9874839783 241.2748260498 
768.1137695312 211.2207183838 599.0665893555 186.5437469482 
564.9541625977 184.3177337646 799.1306152344 218.0944213867 
799.4386596680 290.2586669922 698.7737426758 230.6923675537 
689.0048828125 152.6344604492 602.9935302734 151.4869995117 
761.9361572266 336.2046813965 744.7382202148 330.8391418457 
19.9657630920 241.5244140625 113.9568557739 247.6607971191 
603.0210571289 381.9301147461 572.1144409180 372.6200561523 
583.9701538086 280.4161987305 620.2242431641 370.1217956543 
600.9472045898 315.0223693848 586.1008300781 279.9573059082 
319.9432067871 431.7720642090 278.4072570801 482.5148010254 
159.1741943359 107.6851806641 0.7371326685 147.9660644531 
37.4042778015 372.1279602051 0.5328188539 397.3161315918 
62.6902923584 305.3140563965 0.3127976954 333.4779968262 
77.8529891968 281.0741577148 0.8881359696 293.2955322266 
542.9513549805 370.9392395020 473.0792236328 292.9290466309 
740.1079711914 257.8225097656 799.1568603516 293.7421875000 
690.9541015625 123.2414321899 786.9070434570 141.4887695312 
787.1013793945 405.7809448242 709.1975708008 369.7341308594 
712.5614013672 374.9624633789 799.6226196289 414.6336059570 
571.8150024414 374.6011047363 682.7695312500 408.7489013672 
0.8096684813 152.2503051758 393.4008178711 52.5788116455 
node_id_list 813 814 815 816 817 818 819 820 821 822 823 824 825 870 871 872 873 874 875 876 877 878 879 880 881 1701 7120 7121 7145 7146 11161 11162 11265 11266 11414 12561 12562 12629 12630 12631 12632 13300 
score_list 9.4386612686 4.5753242460 6.8858804284 2.6565872002 2.5446160508 2.1371393046 5.7330287063 2.1330798896 7.5637646589 7.9591000012 6.4428174367 6.6805488779 6.6648796725 8.3137794611 7.6143378775 8.2691821558 5.1291091430 3.2280368339 5.8736792941 8.9240191718 8.5360685113 9.0614268358 5.5511588547 4.0527819164 7.8884125795 2.9691350845 4.1028120634 3.5761671502 3.7304491698 1.8204689376 1.4009443667 1.7782380851 1.8082653280 4.2558893477 2.6058487340 2.2371789160 2.8594001983 6.4660457307 1.7055612889 1.5229883657 5.7472641382 0.9685436028 
line3d_list
1.2105038822 -0.1775823019 1.1033059596 1.7443382157 -0.1747261383 1.1003088728 
1.5334602530 -0.1760905354 1.1028176131 1.7448698348 -0.1776577314 1.1039597424 
1.2415726116 -0.1812071657 1.1064770327 1.5769054443 -0.1760927070 1.1022314033 
1.3528146707 -0.1751607167 1.1102603427 1.2045211514 -0.1752953805 1.1101232900 
1.1938643110 -0.1731620145 1.0954804449 1.8506534231 -0.1771138350 1.0987367089 
1.7200670067 -0.1752358055 1.0957711520 1.3495474523 -0.1733112064 1.0945809677 
1.5161668885 -0.1742775911 1.1090321642 1.3526881974 -0.1760726618 1.1096549434 
1.3716651437 -0.1793802969 1.1028626823 1.8943319124 -0.1771822493 1.1000321031 
1.3522436222 -0.1780439411 1.1046038681 1.4699022907 -0.1785267212 1.1047093652 
1.5006499877 -0.1788917844 1.1052439327 1.5980680648 -0.1792971716 1.1053432908 
1.5308709498 -0.1740576575 1.1021587948 1.7426649547 -0.1788741001 1.1048469645 
1.7448932072 -0.1714478163 1.1079126521 1.3920161979 -0.1770904717 1.1106355294 
1.2890765085 -0.1843218006 1.1059907284 1.7318757994 -0.1825570648 1.1036495372 
1.6200009576 -0.1749689552 1.1100647786 1.3862931828 -0.1767461407 1.1103398266 
1.6388941872 -0.1778418974 1.1103731727 1.3572367945 -0.1870194723 1.1141375003 
1.5800217145 -0.1821481311 1.1115346549 1.3972862892 -0.1821533261 1.1129730921 
1.8064813223 -0.1794669174 1.1125506867 1.2152789487 -0.1805922303 1.1142147001 
1.8308386812 -0.1795380567 1.1108568030 1.2768829253 -0.1748521003 1.1100092051 
1.8312416596 -0.1832177481 1.1114769396 1.5009333948 -0.1771865119 1.1104260255 
1.4750808316 -0.1798248488 1.1115076886 1.3776671130 -0.1809748999 1.1122011584 
1.6525165098 -0.1763532157 1.1096277373 1.3623702559 -0.1745881211 1.1095769526 
1.7163942047 -0.1758109395 1.1095227165 1.3350827906 -0.1843550853 1.1131640389 
1.2480693429 -0.1670982889 1.0995209170 1.7819182500 -0.1731464023 1.1029385336 
1.7059230745 -0.1807031598 1.1149445679 1.2022912456 -0.1716468917 1.1054890094 
1.6356170118 -0.1741461804 1.1094974151 1.3516241510 -0.1788741059 1.1118343967 
1.7258623266 -0.1683489895 1.1067811077 1.6701583592 -0.1722080572 1.1089345492 
1.3076203658 -0.1843120463 1.1086196022 1.5251832855 -0.1719537779 1.1004840486 
1.3327736947 -0.1789025360 1.1117669735 1.2265257252 -0.1817592909 1.1134896390 
1.2768741996 -0.1827950930 1.1152756524 1.6454037841 -0.1841877504 1.1153524774 
1.4301396549 -0.1748854562 1.1099134357 1.2625164013 -0.1751116623 1.1099094868 
1.4356949694 -0.1748424005 1.1040710888 1.2147924568 -0.1707451681 1.1026011950 
1.4872925952 -0.1759663811 1.1091151282 1.3218979003 -0.1737707972 1.1077175677 
1.6745720135 -0.1747211548 1.1103604067 1.5371865396 -0.1744160076 1.1096008420 
1.6822433232 -0.1765535497 1.1096378048 1.5268081185 -0.1771741631 1.1100014561 
1.6447337437 -0.1740237906 1.1095499929 1.4169626160 -0.1730417504 1.1078037433 
1.7290218347 -0.1618793179 1.0913834229 1.0915971990 -0.1574248339 1.0881557476 
1.4247223559 -0.1663400108 1.0950963362 1.6789240733 -0.1634284962 1.0926445525 
1.2850106539 -0.1671266905 1.1023573950 1.4910635155 -0.1617697777 1.0991595085 
1.3345507287 -0.1651273488 1.1042721935 1.1906349769 -0.1648520601 1.1045893679 
1.2011466512 -0.1672430977 1.1000008495 1.3585422066 -0.1692670252 1.1019502479 
1.2146250251 -0.1686761032 1.1032310675 1.5598818731 -0.1571994528 1.0959227396 
1.3196559927 -0.1795322988 1.1055036269 1.8279398031 -0.1787303534 1.1055896566 
END
