2.1060580915 0.0874475498 0.7223895470 2.7354466043 0.0883079401 0.7216548000 
9 9
image_id_list 26 27 29 67 68 69 75 28 66 
line_id_list 86 273 53 58 27 107 7 92 144 
line2d_list
123.7256546021 372.6018371582 22.5352401733 442.3255004883 
384.2882995605 381.2080078125 351.9827270508 425.9875488281 
226.7936706543 303.6746826172 115.5233001709 374.2484130859 
552.0414428711 364.7847290039 347.9718933105 357.8235473633 
594.2643432617 119.6545028687 416.7368774414 191.3484344482 
205.1479797363 329.4659729004 101.1554260254 362.4894409180 
452.9960021973 156.9968109131 170.0045166016 158.1283264160 
208.3608093262 328.2274169922 119.0791702271 402.0956726074 
799.5064086914 270.9815673828 759.4667968750 251.0723571777 
node_id_list 10811 10812 10813 10814 10815 10816 10817 11239 13285 
score_list 3.9790045642 5.9843219910 5.9461322290 7.9511670743 6.5055963114 4.8888472953 3.9195946436 4.9743133676 0.9879549992 
line3d_list
2.7295456401 0.0865975977 0.7224198017 2.1095213537 0.0899614984 0.7210936446 
2.6701532689 0.0865950152 0.7225126836 2.2532762977 0.0894676682 0.7212074122 
2.7263331281 0.0868096449 0.7222811638 2.1092013636 0.0886959404 0.7219509861 
2.7403735220 0.0864368231 0.7226699119 2.1090002842 0.0896427740 0.7212031843 
2.7354502997 0.0864618220 0.7226584749 2.1071331931 0.0896522546 0.7211988469 
2.7229548516 0.0867924791 0.7220402652 2.1042575519 0.0904558768 0.7207847514 
2.7430876306 0.0880767541 0.7219924923 2.1060576217 0.0875251696 0.7220780461 
2.7262388390 0.0868099331 0.7222811134 2.1087630295 0.0886972802 0.7219507516 
2.1864795058 0.0879418013 0.7219237801 2.1032467968 0.0892644235 0.7213583257 
END
