2.9697396142 0.4895413135 1.6787698759 2.9720745369 0.4901597849 1.9662218990 
4 4
image_id_list 26 28 29 69 
line_id_list 142 133 285 117 
line2d_list
6.1695547104 97.9479598999 27.4173717499 167.1788177490 
71.0601577759 61.3794097900 98.7954483032 130.0825805664 
139.6611633301 0.9325069189 142.1271362305 25.0891036987 
192.4868164062 19.1829166412 184.5198974609 83.9409332275 
node_id_list 10886 10887 10888 10889 
score_list 1.8719677202 1.9003044767 0.9979840668 1.6529538153 
line3d_list
2.9708260271 0.4891977742 1.9910567655 2.9682755644 0.4882601212 1.6773852120 
2.9732752707 0.4908545161 1.9897122952 2.9691868471 0.4888800992 1.6754611514 
2.9742889246 0.4935163755 1.7601372712 2.9762641780 0.4957465692 1.6787035270 
2.9729695495 0.4907068746 1.9662134519 2.9694393137 0.4890020225 1.6948666600 
END
