0.0015260802 -2.1255851558 1.3918971526 0.0017217998 -2.1244489320 1.4977793464 
37 37
image_id_list 3 8 32 43 45 49 50 76 79 81 84 85 86 90 95 96 98 9 10 19 20 99 14 15 31 33 38 60 97 16 21 53 82 88 41 18 77 
line_id_list 1 73 143 41 12 31 48 70 115 73 84 187 82 140 14 96 37 125 63 99 84 75 20 81 158 86 34 59 24 42 10 60 37 21 40 213 66 
line2d_list
491.7077331543 111.0625991821 494.0128173828 85.0011291504 
276.1408691406 211.8117980957 280.0865173340 193.7998962402 
368.6357727051 222.0029144287 368.4920959473 204.0040588379 
416.0493164062 219.9953765869 413.5255432129 193.0444335938 
322.9732971191 170.9967498779 326.1463012695 144.8962097168 
513.9368286133 62.7273788452 522.9129028320 27.7212562561 
257.9438476562 40.0032920837 255.8920745850 5.0063276291 
335.5834045410 147.0008697510 335.5392150879 125.9988632202 
294.4795227051 109.0027999878 294.3503417969 84.9981155396 
509.8652038574 123.0696182251 508.5741577148 102.0261230469 
438.5130920410 112.0050964355 438.2828979492 89.9970397949 
128.9960174561 163.3006134033 122.3747711182 141.1872100830 
361.6552734375 194.0089416504 361.1365051270 173.9964599609 
57.5348358154 155.0483856201 53.9935684204 121.0006713867 
489.9892578125 193.9990692139 492.5038757324 164.8708343506 
491.2564392090 220.0287322998 491.7603454590 197.9945220947 
489.6394653320 213.9597473145 492.0896301270 192.0100097656 
464.2214050293 259.0290222168 464.5786132812 243.9899902344 
359.0168457031 191.1517181396 361.5852355957 173.9381103516 
486.8763427734 171.9926757812 487.8857116699 154.9340667725 
468.6124572754 201.9754333496 469.8792724609 181.9923400879 
312.0863037109 257.9101867676 313.7507324219 240.9754943848 
677.6886596680 55.0503273010 678.2868652344 34.9787483215 
258.6300354004 20.0562133789 255.6953430176 0.7423951030 
441.5603332520 254.9995880127 441.5472717285 236.9996032715 
494.7215270996 239.0156097412 493.6004028320 219.0223999023 
600.2191772461 228.0336456299 603.6344604492 205.7903289795 
768.2397460938 226.0189514160 770.0586547852 203.0046386719 
691.0214843750 259.1090087891 692.9658813477 240.8896331787 
560.7069091797 73.0130386353 559.7725219727 52.0101203918 
757.4057006836 95.8400573730 764.4032592773 69.8393936157 
716.4969482422 208.2300262451 721.7854614258 173.8133697510 
550.0036621094 88.0001068115 550.5197143555 69.9862442017 
647.2586669922 214.0533294678 654.7451782227 177.7412872314 
296.7413635254 213.2138977051 293.1603698730 192.1427001953 
20.4875259399 65.8858795166 13.9620580673 38.0088806152 
711.4526367188 140.0081024170 712.0438842773 106.9828796387 
node_id_list 2723 2724 2725 2726 2727 2728 2729 2730 2731 2732 2733 2734 2735 2736 2737 2738 2739 4702 4703 4704 4705 4706 5692 5693 5694 5695 5696 5697 5698 8169 8170 8171 8172 8173 8593 9171 9411 
score_list 14.7731750306 12.1075387424 10.3322791498 14.1106702313 11.1550119767 13.1804473491 8.6039107208 9.1460517103 11.7650913951 14.4503379300 12.1363194565 5.5938634269 11.2080414799 6.7287829869 13.7794993385 10.0686594117 11.8954173526 8.9714923925 8.9909005184 6.9188577967 9.3854535527 10.8435110422 5.8769955861 10.6492905351 9.9741618546 14.2469709784 8.8721193429 9.3487889970 11.1836741375 7.5609602444 9.1362956490 13.4262166883 6.2339238646 12.1674551924 14.5402278472 6.5822476258 9.5787098314 
line3d_list
0.0011735959 -2.1260720433 1.3934799963 0.0026851365 -2.1240753442 1.4976279916 
-0.0035142736 -2.1275254866 1.3958247150 0.0012754453 -2.1236522418 1.4937018755 
-0.0033476005 -2.1285825129 1.3945359440 0.0081416949 -2.1205921262 1.4960341840 
0.0012639973 -2.1259526258 1.3997088217 0.0026872487 -2.1240725541 1.4977735229 
-0.0034431068 -2.1275599909 1.3938696398 0.0055437865 -2.1225624489 1.4934506044 
0.0034279791 -2.1248465175 1.3974320866 -0.0001159539 -2.1254350217 1.4948356784 
-0.0019578674 -2.1271261229 1.3919201287 0.0074617597 -2.1225670564 1.4930883367 
0.0014015338 -2.1254951847 1.3934068372 -0.0061199468 -2.1277666215 1.4917826224 
0.0003301279 -2.1258403747 1.4001867757 0.0000091352 -2.1241478338 1.4953643167 
-0.0046439848 -2.1289462069 1.3965646524 0.0037954665 -2.1234367546 1.4946645685 
0.0033006521 -2.1253691737 1.3980042686 0.0012027334 -2.1236369632 1.4961054906 
0.0010146418 -2.1256120235 1.3984671185 -0.0062794568 -2.1278147925 1.4938689038 
-0.0076746598 -2.1297856199 1.3957824369 -0.0034785060 -2.1253786653 1.4949880089 
0.0049233563 -2.1248175010 1.3948154333 -0.0001800848 -2.1250637544 1.4945364345 
-0.0011578307 -2.1263416221 1.3972993752 0.0061448019 -2.1222753443 1.4969266033 
-0.0044367182 -2.1283649168 1.3999246618 0.0090521198 -2.1202033526 1.4992157113 
0.0067055496 -2.1233111164 1.3935956346 0.0020625974 -2.1232539632 1.4973700686 
0.0021794236 -2.1258924778 1.3973435670 -0.0091339684 -2.1283348940 1.4946474274 
-0.0026288930 -2.1282699100 1.4006583387 -0.0011478796 -2.1246993134 1.4966126700 
0.0034539305 -2.1245628464 1.3956228768 0.0107951294 -2.1202762010 1.4920486199 
0.0087552651 -2.1224193540 1.3955728519 -0.0041093921 -2.1258503591 1.4960458466 
0.0030678180 -2.1255162597 1.3964595715 0.0022967663 -2.1231626626 1.4954198324 
0.0001290546 -2.1268347768 1.3957498735 0.0071367916 -2.1211950617 1.4930127091 
-0.0072738657 -2.1296980800 1.3951761683 -0.0014776501 -2.1250458087 1.4888114420 
0.0162702862 -2.1189311739 1.3917580990 -0.0034399123 -2.1265872628 1.4911341024 
0.0033314038 -2.1253945648 1.3965662781 0.0011617374 -2.1236031137 1.4980225115 
0.0009332235 -2.1255346457 1.3996625657 0.0020630589 -2.1244856000 1.4966260522 
0.0001953081 -2.1269189742 1.3913096287 0.0019238678 -2.1234398166 1.4966833499 
0.0033452846 -2.1253471519 1.3974869272 0.0009198446 -2.1239172649 1.4956324332 
-0.0048078471 -2.1290531796 1.3946599224 0.0039615848 -2.1233283091 1.4965955220 
0.0000739177 -2.1268911199 1.3945180805 0.0029145264 -2.1230724712 1.4936766603 
0.0011481589 -2.1263330835 1.3974820205 0.0026420897 -2.1231479568 1.4954988131 
-0.0017088510 -2.1282262396 1.3945103408 -0.0063448935 -2.1262681144 1.4913590381 
-0.0009214288 -2.1278497129 1.3951104727 0.0083880512 -2.1176452168 1.4968987331 
0.0026460635 -2.1256913551 1.3962990754 0.0016384322 -2.1235958460 1.4955935841 
0.0016432111 -2.1255393297 1.3952177185 0.0045697477 -2.1227654280 1.4960250816 
0.0016628413 -2.1254276338 1.4009543889 -0.0011557145 -2.1261920567 1.4970363445 
END
