-0.0220898586 -1.4779795407 -0.0220382627 0.2614574800 -1.4553395296 0.0005386243 
3 3
image_id_list 9 10 16 
line_id_list 258 214 174 
line2d_list
558.3696899414 488.4390869141 541.5241699219 502.6225585938 
429.7893066406 458.0066223145 406.6058349609 478.6794128418 
687.6049194336 345.5627136230 662.5424194336 372.5046081543 
node_id_list 6184 6185 6186 
score_list 3.3837542706 3.0460407755 4.6350681006 
line3d_list
-0.0213349009 -1.4835347351 -0.0259491916 0.2636054558 -1.4667123462 -0.0132930239 
-0.0716424394 -1.4863902123 -0.0260142844 0.2637645096 -1.4668913075 -0.0168517145 
-0.0587911788 -1.4809099801 -0.0249605315 0.3103222452 -1.4514378925 0.0044293830 
END
