1.1045604810 0.0019228705 0.3250106710 1.1998168135 0.0009125912 0.3251712106 
3 3
image_id_list 1 67 74 
line_id_list 190 209 203 
line2d_list
573.7887573242 448.4684448242 595.8188476562 458.4017028809 
2.9770619869 479.8764343262 40.9772033691 480.8709716797 
506.9400024414 378.2318115234 534.8797607422 385.4644165039 
node_id_list 1935 1936 1937 
score_list 1.9875353480 1.7283201702 3.7349780777 
line3d_list
1.0909243017 0.0036240998 0.3238028494 1.1998030856 -0.0002420947 0.3260502095 
1.0928346358 0.0020472337 0.3249909089 1.2037615658 0.0008707535 0.3251778588 
1.1045604810 0.0019228705 0.3250106710 1.2011271591 0.0008986938 0.3251734189 
END
