-0.0002040609 -2.2791750077 1.3462495269 0.0008761806 -2.2781808948 1.5926782127 
26 19
image_id_list 10 76 76 79 81 84 84 85 85 86 96 96 98 16 20 38 38 97 19 43 50 77 82 95 95 43 
line_id_list 50 114 167 45 30 72 117 110 179 34 33 61 33 66 6 28 37 17 35 36 84 60 43 39 45 75 
line2d_list
334.7330932617 196.9690551758 337.0613708496 176.8911590576 
306.9980163574 156.0000305176 306.5317993164 127.0075302124 
304.6092224121 130.0056304932 304.9841918945 156.0146484375 
259.4377746582 119.0214767456 257.2192993164 60.9534187317 
480.5715942383 135.9422760010 477.7524414062 108.0250015259 
410.0866394043 121.9406509399 407.1916809082 68.9349136353 
405.9549560547 86.0018005371 407.3952026367 122.0241775513 
97.7257995605 180.0865325928 79.7374191284 123.0828628540 
79.7728271484 129.0688629150 95.5567092896 181.1343841553 
334.7009887695 202.9493713379 331.3080749512 155.9777526855 
463.6365051270 228.0053405762 463.9383544922 191.9911041260 
461.6860046387 197.9920349121 460.9248352051 227.9980926514 
460.0384521484 219.0033569336 462.1336669922 195.0116729736 
535.6364135742 83.9641723633 534.0620117188 55.9965095520 
443.5038146973 208.0097961426 444.3981628418 162.0271911621 
566.7209472656 233.1023559570 573.5592651367 184.9374237061 
571.4901123047 187.9216766357 564.7026977539 232.1079406738 
663.6105957031 265.0448303223 665.9637451172 232.9973297119 
463.7449645996 177.9817810059 465.3902282715 154.9564361572 
378.3150329590 233.9618530273 370.5630187988 169.9318389893 
218.1434478760 52.9917411804 216.0164794922 16.0566387177 
662.4517822266 157.0071258545 661.2158813477 61.9971923828 
527.6421508789 96.9805145264 526.9743652344 74.9704360962 
450.7649230957 202.0529632568 455.5480957031 132.9687042236 
453.1729736328 138.9303588867 447.8635253906 201.9885101318 
368.9768981934 176.1205291748 375.9282836914 235.1262512207 
node_id_list 6290 6291 6292 6293 6294 6295 6296 6297 6298 6299 6300 6301 6302 8761 8762 8763 8764 8765 9240 9352 9353 9354 9355 11914 11915 11934 
score_list 4.5442219694 6.9294018452 4.5075383194 8.3727395122 13.6619141729 7.9414256120 4.1272670829 3.5609140122 2.7250572744 4.8297645604 9.9904765316 7.4081386345 8.1108519347 4.6790010873 8.0336470624 5.5235819931 4.1776395600 5.3308763455 4.8121867581 10.0562130850 6.7583286144 3.1661550478 4.9127116174 9.1890446870 6.7884782561 6.5479945291 
line3d_list
0.0029543877 -2.2785768001 1.3445581666 0.0052719593 -2.2772705903 1.4582226692 
0.0026392847 -2.2786678492 1.3462350170 0.0011197597 -2.2784487185 1.4846047319 
0.0204267808 -2.2796112786 1.4707201215 0.0173881975 -2.2823169277 1.3467978056 
0.0006076593 -2.2786329161 1.3533383295 0.0020746711 -2.2776620322 1.5837499029 
-0.0036806772 -2.2806367083 1.3516206757 -0.0003091335 -2.2788971273 1.4851760345 
-0.0054262605 -2.2800239559 1.3514008207 -0.0019265912 -2.2797801627 1.5926969504 
0.0144513096 -2.2823856348 1.5179419057 0.0225307111 -2.2802575825 1.3545569454 
0.0053743340 -2.2772953723 1.3502241851 0.0049932518 -2.2757622916 1.5966152648 
0.0319285442 -2.2729093709 1.5747968405 0.0095913356 -2.2861646955 1.3479488556 
-0.0005578845 -2.2768913612 1.3518034009 0.0024972833 -2.2783712030 1.5861270507 
-0.0098928932 -2.2836923633 1.3501082344 0.0054727168 -2.2751015563 1.5171551218 
0.0181953256 -2.2777630602 1.4906605612 0.0103774987 -2.2843549627 1.3520854866 
-0.0036062406 -2.2805983021 1.3545692950 -0.0006602816 -2.2790783056 1.4712661718 
-0.0015283831 -2.2790150018 1.3471528640 -0.0081404870 -2.2825237762 1.4859208612 
-0.0102157312 -2.2827070832 1.3503591063 -0.0024077166 -2.2790287550 1.5903173706 
-0.0053197581 -2.2814811893 1.3510840492 -0.0039780915 -2.2793034245 1.5669950486 
0.0006901928 -2.2849536658 1.5533515820 0.0044796564 -2.2871364282 1.3555279125 
-0.0158572268 -2.2860730417 1.3501166547 -0.0119977034 -2.2845011054 1.5289288027 
0.0232299217 -2.2668369576 1.3514684359 0.0012555469 -2.2778924471 1.4823014770 
-0.0030782819 -2.2804312045 1.3546384749 0.0052569673 -2.2765980148 1.5922891803 
0.0045127389 -2.2768177232 1.3472390230 0.0006783291 -2.2784700464 1.4579294829 
-0.0145351116 -2.2870124033 1.3453515718 0.0017883010 -2.2796973184 1.6370703037 
-0.0091524894 -2.2823883829 1.3469725426 -0.0041280555 -2.2801784691 1.4702927546 
0.0015162371 -2.2782133657 1.3496784269 -0.0008605078 -2.2790247053 1.5896888981 
-0.0069142257 -2.2905790834 1.5683364406 0.0093152957 -2.2855671423 1.3497923185 
0.0099204842 -2.2838373332 1.5711433505 0.0166617025 -2.2826015758 1.3545232940 
END
