0.6016040658 -2.9969947596 1.5403117993 0.6008557947 -2.9978522586 1.5988501524 
11 11
image_id_list 3 43 45 95 38 51 53 56 77 80 88 
line_id_list 76 64 54 66 33 116 12 92 36 16 47 
line2d_list
254.8279876709 78.0108108521 253.6264801025 58.8977546692 
98.4901199341 226.8884429932 94.4473266602 209.1257934570 
22.8019695282 83.9922332764 23.4316730499 67.9384841919 
178.8819427490 136.0716400146 177.7890319824 119.0135192871 
360.9525451660 175.9969482422 361.8518371582 161.9904937744 
465.8396606445 93.0017013550 465.8161926270 77.0002670288 
441.6856994629 148.9736480713 442.8581542969 134.9881134033 
549.3543701172 119.0095138550 549.8110351562 101.9949264526 
364.6388549805 133.2004241943 362.1039733887 115.9846954346 
517.8631591797 101.9792480469 520.1539306641 86.8717041016 
364.0746154785 120.0081634521 365.8279724121 103.9811782837 
node_id_list 3070 3071 3072 3073 11925 11926 11927 11928 11929 11930 11931 
score_list 1.9872835512 2.5522105258 0.9617527868 3.5345610174 4.5328300312 5.3560308437 5.3171586239 4.7376149282 5.7834730636 4.6592354877 6.3441868304 
line3d_list
0.6011944457 -2.9969372596 1.5414384460 0.6009970270 -2.9977248078 1.6000771701 
0.6010402559 -2.9983703614 1.5400153050 0.6001816670 -2.9987132077 1.5974881831 
0.5946019404 -3.0043585459 1.5448850863 0.5996691649 -2.9991906771 1.5977762486 
0.6023367269 -2.9956738459 1.5431679246 0.6063631977 -2.9917008199 1.5990106605 
0.6009465866 -2.9974611536 1.5400254074 0.6007401918 -2.9968799704 1.6008453832 
0.6025867804 -2.9957406202 1.5449647869 0.6011125683 -2.9980920119 1.5964287112 
0.6005329771 -2.9989113000 1.5444331359 0.6003105794 -2.9985629050 1.5974860617 
0.6008202896 -2.9978628427 1.5432185816 0.6000914784 -2.9993551429 1.5987403581 
0.6024227263 -2.9967184072 1.5434925124 0.6011812656 -2.9975357225 1.5985214730 
0.6014183468 -2.9970200801 1.5403090544 0.5996894251 -2.9978973300 1.5974628320 
0.6005195862 -2.9988375182 1.5425426479 0.6002999980 -2.9985949841 1.5984168573 
END
