1.7365645236 -0.0924805256 0.9552719192 1.7279862993 -0.0328322051 0.9483928485 
6 5
image_id_list 11 46 58 17 18 18 
line_id_list 96 53 316 241 109 202 
line2d_list
414.9918518066 447.1361694336 448.0531005859 449.1112060547 
622.0216674805 454.6338500977 592.0225219727 455.6590881348 
583.8654785156 470.6029052734 603.0210571289 471.5927734375 
520.7973632812 303.8792419434 537.3413696289 300.8884582520 
702.8969726562 480.1928710938 673.6830444336 477.6702880859 
673.9566650391 480.2681579590 708.0194091797 481.4321594238 
node_id_list 6865 6866 6867 9009 9010 9011 
score_list 2.4186662080 0.9716957318 0.9957658972 0.9756532722 3.1357290602 2.7145413586 
line3d_list
1.7369109578 -0.0925835698 0.9554665023 1.7258990363 -0.0290152123 0.9472907184 
1.7280969428 -0.0417030349 0.9489225506 1.7366629183 -0.0911517155 0.9552823458 
1.7357080975 -0.0932536655 0.9540670196 1.7233407763 -0.0391558505 0.9440693065 
1.7280592020 -0.0945384759 0.9480336276 1.7208029527 -0.0346156025 0.9418866933 
1.7241182722 -0.0400959920 0.9470285633 1.7217687315 -0.0886935021 0.9483687346 
1.7274748294 -0.0897126653 0.9475385922 1.7201459384 -0.0291899097 0.9413301216 
END
