0.0373524877 -1.0194756335 0.3284441862 0.0331239781 -0.2527926089 0.3237284692 
35 33
image_id_list 0 4 32 47 59 74 74 92 1 3 12 58 79 85 87 90 92 6 8 45 62 93 96 98 39 66 18 43 49 17 86 11 20 40 84 
line_id_list 195 192 241 157 214 215 220 127 248 207 209 295 191 255 289 250 177 149 230 191 136 234 199 204 258 218 308 187 150 213 196 240 230 81 237 
line2d_list
262.0010986328 395.1524963379 144.9713134766 395.9893493652 
463.5517883301 244.5921020508 361.9983520508 356.1783142090 
717.0517578125 410.8912048340 572.0408935547 407.3324890137 
311.8010559082 272.5708923340 130.8894042969 356.4477233887 
387.8208923340 474.6473083496 143.3406372070 507.0205078125 
180.2792358398 360.3439636230 197.9795532227 345.9748229980 
201.6506500244 345.5694274902 28.5658702850 485.9998474121 
470.9286804199 521.8145751953 499.0049133301 511.0128173828 
364.1082153320 380.3376159668 245.7999420166 418.2556762695 
799.0321044922 350.5712280273 712.9942626953 349.4334716797 
476.9260864258 189.5110015869 324.4786071777 212.5500640869 
346.8944702148 461.6147766113 170.8409271240 469.4049072266 
720.2212524414 387.6202087402 541.1883544922 370.9741516113 
567.9810180664 318.8838806152 415.4805297852 343.8235168457 
337.0893554688 490.3604125977 157.9509124756 534.7680664062 
558.9577026367 409.6450500488 392.5797424316 429.4736938477 
502.0932617188 514.2468261719 274.4719238281 600.2490234375 
710.7042236328 540.6194458008 650.9202270508 512.0728149414 
572.5547485352 484.7728576660 435.3491516113 450.5981750488 
798.7845458984 575.1832275391 562.4565429688 509.3609313965 
555.8153686523 276.4427490234 509.0273437500 256.9343872070 
325.9986572266 314.9980163574 214.9391479492 388.9030761719 
800.0490112305 555.8954467773 723.6484375000 530.0808105469 
799.7333984375 515.1688842773 705.3330688477 490.7143859863 
555.2836914062 478.0727233887 419.4304504395 458.0755920410 
146.9478607178 113.8823776245 0.1020150781 178.9741668701 
496.0523071289 325.6581115723 322.0497436523 321.7728271484 
799.1734619141 513.7957763672 750.1546630859 511.1425170898 
800.6343383789 536.7354125977 778.1101074219 528.1033325195 
375.7920837402 314.0533447266 242.4173431396 343.3471374512 
758.2443847656 434.5540161133 584.2823486328 417.1738891602 
332.2503662109 300.2839355469 155.0963745117 283.9544372559 
799.6477661133 485.5008850098 668.6370239258 451.5424499512 
241.6768188477 528.8449707031 187.8320617676 534.3605346680 
799.4105834961 378.1519470215 671.3333740234 359.6876220703 
node_id_list 1184 1185 1186 1187 1188 1189 1190 1191 2023 2024 2025 2026 2027 2028 2029 2030 2031 3502 3503 3504 3505 3506 3507 3508 3839 3840 4158 4159 4160 5072 5073 7018 9537 12130 12342 
score_list 5.4800126722 13.5388314695 8.7355567582 8.4796714819 8.8998463934 12.8120201183 13.1129646189 10.8282671169 13.3752100091 6.8102097340 9.4755074078 7.7452489460 5.6526683090 8.6574254315 11.0025773995 13.1662259506 11.5975901592 8.4954093360 8.4216295146 2.7985562848 10.1466973063 13.6165587417 4.7062451366 3.7281258553 9.1319509120 8.6711634875 9.2198413021 8.4971080206 1.4349112223 8.4536067710 4.6002520587 6.4729648784 1.9702058724 9.1142139950 2.8618194618 
line3d_list
0.0194293844 -0.2368858157 0.3113113032 0.0367987877 -0.9991459994 0.3280874333 
0.0332829273 -0.2559622511 0.3234121278 0.0380512054 -0.9990286337 0.3286017984 
0.0135339792 -0.2570725607 0.3152921055 0.0534141840 -1.0168158188 0.3353282562 
0.0297848411 -0.2570110643 0.3217129405 0.0358437440 -1.0164427852 0.3275941870 
0.0265662174 -0.2582003243 0.3209344647 0.0502951260 -1.0189562316 0.3339866752 
0.0105567550 -0.3503646622 0.3127110024 0.0090904060 -0.2503196896 0.3116108918 
0.0293010086 -0.2528333101 0.3205392401 0.0379580469 -1.0174434987 0.3291831670 
0.0200522477 -0.3471534763 0.3182122653 0.0202094458 -0.2565462605 0.3183199924 
0.0467070058 -0.2737564499 0.3291771512 0.0303794340 -0.9983534908 0.3247528309 
0.0457373886 -0.6004550983 0.3313784235 0.0331398920 -1.0058133755 0.3266297509 
0.0531084645 -0.2683377910 0.3317465821 0.0448847588 -1.0208971535 0.3328983967 
0.0476471524 -0.2623003064 0.3295170497 0.0331334409 -1.0172002512 0.3258959352 
0.0327621735 -0.2599113224 0.3236392126 0.0511783211 -1.0172987666 0.3349349343 
0.0564574124 -0.2684145038 0.3347439601 0.0368086675 -1.0199101177 0.3280773957 
0.0416658494 -0.2627512118 0.3269477653 0.0347440722 -1.0194955639 0.3275428121 
0.0510915424 -0.2675848201 0.3315793986 0.0373455973 -1.0178858795 0.3283803094 
0.0356899738 -0.2581129595 0.3238514026 0.0298387521 -0.8940257396 0.3243336228 
0.0394862055 -0.8892430148 0.3282381135 0.0427321111 -1.0155074495 0.3301528940 
0.0253412669 -0.2555475952 0.3209165175 0.0554575322 -1.0140459961 0.3364698815 
0.0410150275 -0.2581567133 0.3271853954 0.0382652439 -1.0147705037 0.3287667728 
0.0365117664 -0.8705370294 0.3269278482 0.0465983794 -1.0133911740 0.3323144359 
0.0416177816 -0.2680063726 0.3269518975 0.0348570175 -1.0071474787 0.3275331025 
0.0331454951 -0.7605269369 0.3267403320 0.0435659878 -1.0139564169 0.3294594440 
0.0483448106 -0.6651046114 0.3333797027 0.0232866473 -1.0152054778 0.3213256508 
0.0373517133 -0.2607274804 0.3254116319 0.0548479994 -1.0154461423 0.3368436059 
0.0361288275 -0.2594027171 0.3246233389 0.0326296438 -0.8156611650 0.3278146522 
0.0368960217 -0.2608055262 0.3260534214 0.0496543235 -1.0151229250 0.3339007501 
0.0272531752 -0.8651236721 0.3230110922 0.0535002521 -1.0186870053 0.3350683010 
0.0371330517 -0.9551732004 0.3246139711 0.0370076499 -1.0148345715 0.3236235471 
0.0303830871 -0.2651879539 0.3225422664 0.0539498160 -1.0182001082 0.3362375746 
0.0096608881 -0.2568582858 0.3139700288 0.0669817956 -1.0137433418 0.3415771097 
0.0454932151 -0.2604507347 0.3319130878 0.0575330466 -1.0097200262 0.3381945198 
-0.0019262191 -0.4847449036 0.3094963614 0.0498969541 -1.0126802145 0.3340011966 
0.0272169367 -0.8167208501 0.3232615254 0.0539810495 -1.0118734366 0.3355554021 
-0.0130300300 -0.5156853520 0.3047466793 0.0607742829 -1.0153046891 0.3385069732 
END
