-0.0017459654 -2.5810787969 1.0058780838 0.0060400967 -1.2496670813 1.0100135647 
122 61
image_id_list 0 32 46 93 2 7 49 80 81 3 43 95 4 11 42 50 64 79 85 87 6 40 43 88 95 6 81 7 85 8 17 19 86 8 17 43 45 79 90 8 79 85 90 9 14 15 97 99 9 10 15 16 19 34 37 82 31 33 57 20 58 59 76 92 12 12 14 16 20 33 38 60 84 97 15 57 49 16 31 37 82 31 96 18 32 76 99 18 98 32 41 76 99 20 23 38 96 41 86 37 84 32 33 38 84 96 56 41 49 86 81 98 39 50 77 77 50 43 51 53 57 80 
line_id_list 129 11 32 24 4 44 57 103 13 65 8 35 13 70 5 24 107 20 19 38 37 1 1 87 80 70 82 122 86 95 13 91 5 115 98 103 94 63 190 135 14 96 13 30 10 10 44 84 80 106 112 65 96 55 57 39 56 45 94 70 63 126 28 28 10 124 11 38 132 49 119 91 60 52 37 89 70 19 13 19 17 36 126 28 114 51 144 34 81 13 18 11 42 140 105 89 86 6 101 126 47 131 10 100 10 53 87 1 104 81 3 125 186 71 32 25 102 154 85 79 95 24 
line2d_list
129.1814575195 247.9856262207 0.6436492205 224.9920654297 
520.9757080078 286.7227478027 305.9774475098 290.8161926270 
134.9786224365 280.6828002930 0.9135428071 289.7170104980 
105.3371658325 252.3386993408 0.3005134165 294.2468261719 
799.0254516602 90.7889480591 571.0209960938 86.0003356934 
799.2294921875 39.3702239990 519.1505737305 -0.0693590865 
769.3575439453 274.7618408203 459.4963684082 185.2811126709 
752.4729003906 279.4247131348 695.5037231445 262.3220825195 
489.1148376465 204.5270690918 441.8556823730 208.0811309814 
453.0334167480 201.5322113037 394.0184631348 200.1891632080 
389.8967590332 320.1574096680 429.8273925781 317.9197998047 
445.1051635742 291.4122619629 488.5050659180 299.1771240234 
215.9760437012 219.5505523682 0.2553444803 371.9459228516 
79.1754226685 114.4948120117 0.8408973813 105.3651351929 
307.9979248047 213.2380371094 0.9947606921 214.0725402832 
508.1520996094 190.7131347656 244.1754608154 159.5153656006 
106.2118377686 281.4324340820 0.8388049603 267.1928405762 
492.0948791504 214.4085998535 210.0243072510 197.5922698975 
336.7472839355 217.4917602539 66.7866439819 262.7267150879 
68.9424285889 362.4745178223 0.7746523619 369.9432373047 
581.3735961914 190.5744018555 162.3245391846 80.7615661621 
75.8888168335 368.8590087891 0.8220640421 376.1740112305 
664.9926757812 320.9446411133 330.9948425293 323.2555847168 
800.0515747070 448.1614990234 549.1864624023 304.6740417480 
732.4259643555 362.1988525391 390.1763305664 281.2544555664 
270.9437561035 102.2945175171 227.9823913574 94.0922012329 
488.7412109375 204.1224822998 519.7043457031 199.8549194336 
555.9125366211 2.3668220043 590.9610595703 4.6091079712 
174.9726104736 241.8770294189 194.6635131836 237.4897766113 
415.2604064941 317.8696899414 192.1235809326 266.4635925293 
161.3706054688 231.6659088135 0.8067911863 261.9765319824 
623.3232421875 259.7811889648 466.3049316406 236.9068298340 
530.0440063477 275.3932189941 345.0732116699 270.3269042969 
282.1190795898 285.3213806152 294.1011047363 287.4238891602 
3.9984633923 258.9931945801 22.7208023071 254.7640075684 
445.0281372070 319.3844909668 474.7955322266 317.2061157227 
338.9705505371 272.2857971191 356.0978088379 274.0510253906 
317.9965515137 201.6055145264 339.0072631836 201.7252044678 
92.9745101929 272.6881408691 127.8233718872 269.8393249512 
236.8905181885 275.6569213867 268.0256958008 280.8457641602 
263.0082092285 198.5693817139 298.0336303711 199.2377624512 
121.6811294556 251.3895568848 159.7717895508 243.8474578857 
16.8035316467 276.0210266113 71.8280029297 272.3920898438 
589.0751953125 326.9119873047 462.0598754883 318.1336364746 
799.0293579102 130.2187347412 610.9961547852 132.7081909180 
407.0497741699 99.3722381592 253.0671081543 96.4561233521 
799.3063964844 348.0583496094 619.2144165039 319.6410217285 
442.2762145996 340.7526550293 307.1058654785 324.1386108398 
449.9637756348 315.9535827637 415.0521545410 314.6273498535 
332.5641174316 255.0610504150 293.2644348145 246.7496185303 
248.0079193115 94.5469131470 213.0035095215 94.3559875488 
541.0348510742 148.6676025391 502.0092163086 147.6471557617 
464.8475036621 235.1037139893 427.2882385254 229.9139404297 
714.2172241211 86.0600662231 674.1595458984 81.5750274658 
302.0124206543 265.5398864746 256.9830932617 265.9027099609 
531.9683227539 155.0700073242 494.0607299805 153.9478912354 
429.9638977051 321.5329589844 391.0326232910 320.6157531738 
485.9967956543 312.3197631836 447.0043334961 312.2248535156 
548.9155883789 258.3695983887 512.2307739258 249.9896697998 
626.3140258789 298.8581848145 404.1061706543 266.2758789062 
103.0165100098 308.6392822266 0.9951309562 307.4012451172 
22.9780426025 279.3971557617 0.9344394803 280.2000732422 
505.1054077148 237.3556823730 265.0661926270 221.9676055908 
23.0110931396 427.0465698242 0.6144106984 432.3811340332 
246.0171508789 61.2118568420 0.7622158527 81.0621185303 
26.0094394684 77.0743179321 58.7354545593 72.9173583984 
699.9901123047 129.8432312012 713.9348754883 128.9652404785 
584.0075073242 148.1307220459 600.9520263672 147.1614227295 
484.9930114746 276.1657104492 501.0488281250 276.8432617188 
521.0079956055 313.2836608887 536.9671630859 312.8342285156 
607.9521484375 317.3232421875 629.2261962891 320.4716186523 
787.9827880859 310.2118225098 799.0720825195 311.1121520996 
461.9958496094 193.8662719727 478.9793701172 193.3375549316 
706.0422363281 331.5070800781 721.1030273438 332.7975158691 
288.9773559570 94.3808975220 303.9573059082 93.8330154419 
586.0281372070 267.8479919434 598.1676025391 270.0941162109 
440.1201782227 178.3540496826 368.2593994141 159.9852142334 
731.0499877930 153.8490447998 547.0795898438 149.5738983154 
590.1109619141 328.2826232910 430.0446472168 323.5046386719 
479.0002136230 267.2117309570 306.0003356934 267.1908264160 
697.0819702148 162.8767395020 537.0889282227 156.6978912354 
465.9968566895 322.1829833984 477.9966735840 322.1365966797 
509.0073242188 306.9137878418 529.1170654297 308.6215515137 
8.9464292526 162.5640869141 53.9211387634 160.8861694336 
347.9303894043 289.2321166992 373.8983459473 286.8784484863 
309.9572448730 224.0913085938 354.0947875977 222.0146789551 
286.9999694824 321.6029052734 324.0000610352 321.6043701172 
252.0595855713 167.8648071289 0.9820356369 164.2465972900 
662.1967773438 321.7431335449 410.1126403809 282.2805480957 
389.9690856934 287.4976806641 400.9888916016 286.8196105957 
332.9214782715 290.2865905762 349.8267822266 288.4261474609 
358.9849243164 225.9999847412 372.9817504883 225.7889099121 
327.0623474121 325.3068237305 338.0632934570 326.2962341309 
442.9772338867 271.4353942871 474.9942321777 273.1100769043 
765.9370727539 75.5437774658 799.1860961914 79.3921127319 
557.8861083984 305.5964355469 595.2426757812 312.7289428711 
462.9371643066 299.6001586914 489.2766113281 302.3584594727 
296.0754394531 291.7988891602 256.9346008301 293.4403991699 
386.0025024414 269.0426940918 400.9508361816 268.1638793945 
298.9750976562 265.5589294434 330.9859313965 263.7507629395 
413.9904785156 192.2570648193 448.9847412109 191.8086090088 
481.0032958984 285.0577087402 499.9986877441 283.9772033691 
649.0678710938 319.8858947754 484.0452575684 314.5900268555 
798.9685668945 369.2469177246 511.2588500977 294.9969787598 
620.0754394531 204.6172790527 370.0014343262 190.9737701416 
674.7817993164 342.0256347656 421.3592834473 292.1736450195 
799.3759765625 282.2241516113 773.2756347656 276.6980590820 
392.9943847656 290.8382873535 294.9042968750 294.2395324707 
510.0039062500 197.9827117920 538.3617553711 204.4019927979 
338.9841613770 268.5005187988 371.9827270508 267.4547729492 
702.8541870117 190.0798797607 490.7862243652 206.1851196289 
504.0043945312 294.9383850098 519.0703735352 296.0154724121 
389.2980041504 327.8796081543 300.0923461914 315.3428649902 
236.9577484131 155.7815704346 167.0000000000 151.9999084473 
799.1354370117 274.8492431641 597.2251586914 251.0868072510 
664.0485839844 256.2580566406 716.2177734375 259.6738281250 
290.0022583008 162.9452514648 319.0352783203 164.1495208740 
451.0364990234 316.2489318848 438.9883422852 316.6010437012 
799.6284179688 311.5629577637 696.2761230469 266.3685607910 
799.6988525391 378.1591796875 626.5928955078 312.4383544922 
711.8308105469 300.5587158203 549.1719970703 261.2875366211 
749.5144042969 277.1691894531 799.8001098633 288.4257202148 
node_id_list 997 998 999 1000 2113 2114 2115 2116 2117 3050 3051 3052 3582 3583 3584 3585 3586 3587 3588 3589 3996 3997 3998 3999 4000 4051 4052 4431 4432 4754 4755 4756 4757 4837 4838 4839 4840 4841 4842 4875 4876 4877 4878 5322 5323 5324 5325 5326 5504 5505 5506 5507 5508 5509 5510 5511 6455 6456 6457 6830 6831 6832 6833 6834 7031 7176 8146 8147 8148 8149 8150 8151 8152 8153 8578 8579 8619 8712 8713 8714 8715 8741 8742 9038 9039 9040 9041 9044 9260 9450 9451 9452 9453 9465 9466 9467 9468 11656 11724 11739 11740 11745 11773 11774 11775 11776 11791 11793 11794 11966 11971 11982 12068 12267 12268 12272 12310 12324 12826 12827 13019 13463 
score_list 4.4739546267 6.5303526144 11.3806574937 11.5185390625 7.5097884889 5.1944786140 7.6797067352 6.1401517839 4.7526602936 3.3966103010 9.9110086881 8.1065847005 11.0495165417 10.5825418454 10.2667063341 3.5871718644 5.6890240518 7.6484291936 7.2972276163 8.4835262673 7.2075147534 11.3787876051 10.6426288306 9.7978594513 10.4576241407 4.6983505912 5.0192448498 3.3524782841 4.3976971813 5.9467165394 7.9752338022 4.0696579860 8.6653382962 2.7834128066 3.5575458958 9.9955950298 7.4209439843 5.0630902475 5.8779060486 3.9764546029 5.9582018984 6.4987442191 5.4570475083 9.8383696001 7.0520106285 4.6765762232 5.2888004636 15.3541062554 7.8820147617 3.8580571648 2.6107536638 8.7339147772 5.2585768463 3.7385579560 4.6900901489 4.7079785837 7.7560782202 3.1738619662 7.3333072892 7.1967957762 8.0848697925 1.6669943340 5.9394234652 3.9887580309 3.1211671477 4.2654063437 4.3617953605 3.8820532182 5.4961285448 6.4972848020 6.9887482064 4.3653124787 4.1388856291 5.1142326606 2.0992275570 3.6987234190 4.8932073497 8.0148913159 8.8157680489 5.3984405394 4.0507756802 4.8833541459 7.4357012045 3.7396494615 6.2336792416 3.1500217051 7.9347338364 5.6580608508 4.7736748649 4.6433976835 4.5751434160 4.0113638755 7.9829032916 7.2529353888 5.3106020633 7.1537660089 7.2766511412 2.9646744747 3.6812342303 4.1710699683 5.9017421412 5.2829128940 3.0140286844 5.6744547975 6.0158386573 8.8833053881 2.3896282063 4.8124010507 4.7014807887 5.5924421596 5.7334406414 5.6543187284 7.6642950268 3.0771623111 11.6433286347 9.5097674650 2.4399754247 3.4468758553 7.9288568171 5.3951240237 6.3357710570 1.4671546185 
line3d_list
-0.0073494689 -1.2732098036 1.0048369436 0.0041508044 -1.8039586161 1.0093471691 
0.0038295571 -1.2844837032 1.0090629131 0.0219281359 -2.5224455860 1.0095011865 
-0.0019688792 -1.2897781788 1.0084441637 0.0069649884 -1.7886769274 1.0087940243 
0.0029060529 -1.2852513974 1.0091433412 -0.0036577992 -1.6513020796 1.0071413383 
0.0197291067 -1.9352055643 1.0132847667 0.0235237929 -2.5234711182 1.0146946137 
0.0065364324 -1.3660634775 1.0104363326 0.0161710500 -2.1576329388 1.0117439320 
0.0079227593 -1.2849929805 1.0104106379 0.0124216580 -2.1959871990 1.0123558117 
0.0139451967 -2.2528152083 1.0127566491 0.0092848312 -2.5239899423 1.0111969274 
0.0293979222 -2.2635288560 1.0159593063 0.0202228287 -2.5204510477 1.0122199835 
-0.0190078895 -2.2663422513 1.0032184205 -0.0526608150 -2.5249888211 0.9970775386 
-0.0304760146 -2.2872869602 1.0067101026 -0.0093383076 -2.1166118391 1.0217867419 
-0.0293457610 -2.2950357618 1.0063717443 -0.0077962816 -2.1005052037 1.0231345430 
0.0063723762 -1.2849781206 1.0106008905 0.0025578863 -1.9220409512 1.0086045492 
0.0036376401 -1.2828916587 1.0092840910 -0.0040261806 -1.5713382606 1.0075949618 
0.0043154197 -1.2859293321 1.0086964367 0.0077520519 -2.2248721880 1.0109000633 
0.0057117467 -1.2851661333 1.0099538203 0.0119956558 -2.1939755607 1.0126933433 
0.0091953041 -1.2845192088 1.0111904741 0.0076090234 -1.4878981132 1.0104762973 
0.0055518919 -1.2828552361 1.0093530529 0.0005296466 -2.5201362922 1.0059433429 
0.0054188980 -1.2826435635 1.0092329741 0.0046195681 -2.5298979186 1.0076641342 
0.0064855095 -1.2868499528 1.0102863626 0.0011674776 -1.4870170566 1.0086397748 
0.0081507977 -1.2840243199 1.0111851596 -0.0069688653 -2.5447459414 1.0029569070 
0.0103131909 -1.2829890769 1.0114264925 0.0062878427 -1.5653534402 1.0100547668 
-0.0005769790 -1.2854208535 1.0082277661 -0.0030800362 -2.5283984185 1.0043134343 
0.0060650587 -1.4852925908 1.0095679663 -0.0038298544 -2.5376056166 1.0050805322 
-0.0013442754 -1.2846266786 1.0080838557 0.0012329818 -2.5283852578 1.0053919094 
0.0150039734 -2.0868760321 1.0319444570 -0.0174727788 -2.2832501257 1.0084591487 
-0.0123036532 -2.2783636361 1.0103250319 0.0103123365 -2.1114633391 1.0253904832 
-0.0571091441 -2.0625180692 1.0039093013 -0.0406532807 -1.9480026824 1.0148930072 
-0.0385694546 -2.0403303716 1.0096167196 -0.0388098680 -1.9469536689 1.0147221247 
0.0333426132 -1.2787662386 1.0144441695 -0.0190480763 -2.5315231714 1.0023955610 
0.0125012639 -1.2805815446 1.0105953443 -0.0092460502 -2.0447200492 1.0059075930 
0.0090754136 -1.2763837777 1.0122720112 -0.0004138342 -2.2423118463 1.0029919115 
0.0089817088 -1.2859221686 1.0121803717 -0.0004043836 -2.2413498504 1.0030011539 
-0.0212272045 -2.0239001236 1.0132761884 -0.0204599242 -1.9570643827 1.0170796526 
-0.0145636967 -2.0282428104 1.0162490334 -0.0188880484 -1.9427758248 1.0187360167 
-0.0355490320 -2.0654206509 1.0068225809 -0.0310192577 -1.9479428365 1.0161975027 
-0.0311266337 -2.0203488274 1.0107239324 -0.0325764152 -1.9473062101 1.0160688678 
-0.0327055953 -2.0393587998 1.0100413958 -0.0316162872 -1.9452353823 1.0153995634 
-0.0349930399 -2.0620338180 1.0089892325 -0.0249396309 -1.9543609063 1.0165170726 
-0.0571731073 -2.2893717009 1.0024376276 -0.0028598003 -2.0999773828 1.0228119901 
-0.0829203400 -2.3065096506 0.9973908895 -0.0073835816 -2.1215362783 1.0207478009 
-0.0559661294 -2.2971190310 1.0021313777 0.0155305952 -2.0926527586 1.0261045942 
-0.0636433895 -2.2903412981 1.0005828616 -0.0083816568 -2.1217583122 1.0206736372 
0.0013710087 -1.2841146051 1.0088036731 0.0157917967 -2.1405715612 1.0093075330 
0.0050679694 -1.5157765905 1.0093447459 0.0212292976 -2.5156327444 1.0084354135 
-0.0118889960 -1.2920792562 1.0073936325 0.0442627518 -2.2068165963 1.0122358797 
0.0163385521 -1.5515570550 1.0106727833 -0.0207909498 -2.5372209207 1.0024641738 
-0.0126851152 -1.2808518370 1.0073229062 0.0299978659 -2.1092869352 1.0108452539 
0.0698999760 -2.2000242594 1.0269415890 -0.0050714087 -2.5312038985 1.0068520393 
0.0517946202 -2.2169014848 1.0237089114 -0.0097133724 -2.5347429012 1.0071667216 
0.0515033480 -2.2336044822 1.0233366178 -0.0019572824 -2.5310690439 1.0073081192 
0.0721633368 -2.2217144263 1.0263121062 0.0083879670 -2.5195629609 1.0102709716 
0.0447265430 -2.2245060956 1.0216424563 -0.0109125876 -2.5389920839 1.0068330510 
0.0590749570 -2.2182931454 1.0238972059 0.0110808093 -2.5194659911 1.0114700915 
0.0793838167 -2.2218145513 1.0280745712 0.0068772367 -2.5252921326 1.0098930890 
0.0730759296 -2.2091947706 1.0265547502 0.0083900659 -2.5249456480 1.0102629424 
0.0487189840 -2.2007176040 1.0206223187 0.0136811034 -2.5171835809 1.0115668786 
0.0755739806 -2.1609117634 1.0283937058 -0.0181917433 -2.5555035534 1.0031726195 
0.0620435465 -2.2119045543 1.0251768302 -0.0028605431 -2.5271777091 1.0085515185 
0.0223268251 -1.2765096922 1.0142135438 -0.0831086830 -2.5805388251 0.9852203593 
-0.0016061570 -1.2847957223 1.0077299282 0.0190595653 -1.6497937297 1.0117350434 
0.0086122678 -1.2850211670 1.0109647885 0.0014834905 -1.3365915434 1.0087023207 
0.0058353875 -1.2799254273 1.0093446943 -0.0182795521 -2.5378698571 1.0016758945 
0.0071814784 -1.2845667634 1.0107704033 0.0070986587 -1.3148376188 1.0106960722 
0.0197703202 -1.2886994953 1.0117138562 -0.0689214276 -2.1529143313 0.9940556985 
-0.0430611248 -2.0653450779 1.0069825212 -0.0286712308 -1.9545092567 1.0153511424 
-0.0296728485 -2.0133925673 1.0119477105 -0.0526760784 -1.9504772450 1.0125701295 
-0.0186937062 -2.0215220352 1.0130849949 -0.0463545810 -1.9406736808 1.0136414563 
-0.0219103759 -2.0277225330 1.0122321881 -0.0510018301 -1.9492643493 1.0138078097 
-0.0268119679 -2.0167920887 1.0122550376 -0.0559153273 -1.9378812919 1.0125187903 
-0.0193354318 -2.0377764112 1.0120536963 -0.0479652316 -1.9518992471 1.0135792702 
-0.0329089989 -2.0203346832 1.0105098022 -0.0423007350 -1.9709249115 1.0127426020 
-0.0186449106 -2.0265743050 1.0126199162 -0.0501173886 -1.9517186171 1.0120279624 
-0.0252563627 -2.0242236105 1.0120665034 -0.0395599722 -1.9502643146 1.0150628448 
-0.0416341862 -2.0278469204 1.0099896270 -0.0444405806 -1.9304533940 1.0144054982 
-0.0261415607 -2.0160798457 1.0124758821 -0.0416640813 -1.9474489610 1.0149972739 
0.0337662430 -2.2561528993 1.0201088008 -0.0022729395 -2.5274273733 1.0069131879 
0.0278725437 -1.2747891807 1.0160594866 -0.0366313730 -2.2550152853 0.9956208328 
0.0119366258 -1.2642932354 1.0122333909 -0.0347725810 -2.2638685404 0.9960301770 
0.0451438865 -1.2754008673 1.0196140834 -0.0520419626 -2.2571842524 0.9931657490 
0.0118704778 -1.2797766639 1.0121423309 -0.0191678870 -2.2326293926 0.9999777643 
-0.0213218862 -2.0042814232 1.0138553081 -0.0547373076 -1.9472440560 1.0114779990 
-0.0258112398 -2.0321979599 1.0111075486 -0.0542025278 -1.9445251320 1.0123239049 
-0.0558592446 -2.3125060064 1.0013035228 0.0130835676 -2.0751504420 1.0286104308 
-0.0631597814 -2.2923675135 1.0005082558 0.0070891809 -2.1168854479 1.0232712807 
-0.0267643199 -2.2850284553 1.0047929643 0.0500073226 -2.0108026369 1.0425472542 
-0.0344854165 -2.2921966283 1.0042024938 0.0432733035 -1.9893184865 1.0386762283 
0.0573100479 -1.2494479677 1.0182725018 -0.0382362536 -2.3371990694 0.9988102377 
-0.0006437369 -1.2860791077 1.0082035474 -0.0011167602 -2.5312008151 1.0049709969 
-0.0329324512 -2.0315174671 1.0114583512 -0.0416408772 -1.9681791275 1.0128683147 
-0.0183132754 -2.0052409982 1.0143648344 -0.0409862536 -1.9166569303 1.0166622893 
-0.0334294877 -2.0191072127 1.0104980354 -0.0436428240 -1.9485096778 1.0144388547 
-0.0360654309 -2.0141017311 1.0114592126 -0.0585403722 -1.9529581763 1.0112576308 
-0.0296343205 -2.2883905504 1.0023150080 0.0384817477 -2.0551504524 1.0358329101 
-0.0457377907 -2.3010220635 1.0004412409 0.0306948138 -2.0579049250 1.0336132519 
-0.0125428706 -2.2801289999 1.0101656793 0.0138713065 -2.0851990389 1.0277612611 
-0.0434001444 -2.3032319942 0.9994924839 0.0160336711 -2.1117592710 1.0272652780 
0.0350029139 -2.1999081555 1.0224319504 0.0031944685 -2.5276578744 1.0082156685 
-0.0310011774 -2.0260006410 1.0103118638 -0.0440647817 -1.9492590071 1.0146182597 
-0.0863182959 -2.3140426095 0.9953635124 0.0558651342 -2.0649901464 1.0343213935 
-0.0428520543 -2.2963362079 1.0021974556 0.0408325913 -2.0682122677 1.0334375562 
-0.0136238521 -1.5052877653 1.0194631331 -0.0212499488 -1.4001907855 1.0224256413 
0.0648816709 -1.2500486688 1.0220812830 -0.0572920561 -2.3057585458 0.9916526375 
0.0606241647 -1.2631742051 1.0197015346 -0.0722782986 -2.5646585902 0.9875622295 
0.0619418023 -1.2731465381 1.0213685739 -0.1169319436 -2.5940979770 0.9787182172 
0.0806723031 -1.2461909374 1.0267730711 -0.0948301742 -2.6053369037 0.9821614711 
0.0012664106 -2.4343131047 1.0096940444 -0.0043280020 -2.5304746888 1.0083085691 
-0.0793951720 -1.6922863463 0.9929498514 0.0126937509 -2.2357542009 1.0045617431 
-0.0176831418 -2.0370625369 1.0125278870 -0.0593254706 -1.9547670510 1.0105213195 
-0.0310494339 -2.2890943409 1.0046515347 0.0235903691 -2.0811587623 1.0283645103 
0.0730169703 -1.2833734890 1.0247006152 -0.0663957829 -2.2856871584 0.9888200719 
-0.0270893271 -2.0235491666 1.0115840417 -0.0337730965 -1.9494623667 1.0166641954 
-0.0204978165 -1.2816791628 1.0057281233 0.0281444589 -1.7548492043 1.0119821238 
0.0055266929 -2.2268299553 1.0210432785 0.0016033924 -2.5263494677 1.0050462247 
0.0000837056 -1.8665742026 1.0073765855 -0.0013389785 -2.5291123901 1.0072605677 
-0.0407129661 -2.2979925770 1.0021737544 0.0029700748 -2.1049213533 1.0266063068 
-0.0329537153 -2.0432108861 1.0087922330 -0.0144416251 -1.9224993515 1.0199973092 
0.0271264143 -2.0223508042 1.0397931548 0.0085471171 -2.0744475638 1.0326575804 
0.0138406590 -2.0374031517 1.0123671701 0.0030118207 -2.5263308005 1.0089478367 
0.0149018056 -1.7092595452 1.0127737436 0.0002495247 -2.5351615165 1.0078533770 
0.0897200559 -1.2506408877 1.0294995076 -0.0653278754 -2.2910721542 0.9891696916 
0.0096998372 -2.2703517468 1.0164482349 0.0222306157 -2.0633831497 1.0311253309 
END
