1.5379366215 -0.1826036254 0.9147319594 1.5403120200 -0.1078924918 0.9443516595 
6 6
image_id_list 28 67 39 87 58 68 
line_id_list 176 217 8 79 100 116 
line2d_list
31.2110691071 452.6073913574 7.9463114738 440.0998535156 
132.8482208252 301.0263977051 121.3890838623 321.6607360840 
728.9378662109 503.6874084473 747.9808959961 499.9038391113 
683.6130981445 459.7116394043 659.4532470703 480.5260925293 
511.9660949707 452.9244079590 536.4272460938 441.9525451660 
232.0668945312 248.4174041748 189.9956970215 193.4719238281 
node_id_list 11329 11330 12024 12025 13051 13333 
score_list 0.8881936982 4.7823433298 2.6110509033 2.7227986711 2.9178856110 2.0530794190 
line3d_list
1.5367901404 -0.1786969654 0.9154675465 1.5461124479 -0.0916981393 0.9537245701 
1.5433955137 -0.1119741953 0.9438377798 1.5355004901 -0.1841979159 0.9117999199 
1.5450637297 -0.1739933690 0.9266032075 1.5465805477 -0.1175158869 0.9486591014 
1.5455954405 -0.1105916350 0.9498938739 1.5398263705 -0.1977611528 0.9115509627 
1.5417081107 -0.1693284280 0.9240575530 1.5456142245 -0.1103078133 0.9500187174 
1.5388578564 -0.1819277289 0.9129532345 1.5412779751 -0.0781426490 0.9560652081 
END
