1.2165504666 -0.0127676690 0.0366716199 1.2181296869 -0.0109178557 0.6023837930 
15 8
image_id_list 0 1 1 47 47 74 74 93 93 0 67 5 68 68 67 
line_id_list 41 49 169 54 92 18 122 9 102 246 96 70 115 120 144 
line2d_list
456.6647644043 482.2547912598 437.7278442383 531.6622314453 
603.2020263672 434.0465087891 590.3057861328 490.0704040527 
592.3956298828 491.3230590820 604.9204711914 437.2130432129 
639.0023803711 335.0004882812 626.2163085938 397.0445861816 
620.1125488281 434.8085021973 641.7379150391 334.5907897949 
541.5180053711 351.0621032715 533.1306152344 421.0156555176 
530.5675048828 452.0771789551 544.5778198242 349.0786132812 
580.1163330078 293.9998474121 580.2263793945 377.0010375977 
582.7745971680 359.9978637695 582.6015625000 296.9983520508 
439.5292358398 532.2029418945 456.7538146973 487.2890930176 
40.8085670471 465.9140014648 51.2383346558 563.9746704102 
200.6800689697 114.0927429199 251.3515167236 288.8981018066 
11.2894544601 473.8587951660 72.4654998779 599.2607421875 
75.7085723877 599.1397094727 6.3309993744 454.4439392090 
53.3372459412 567.0644531250 43.3971748352 464.8641052246 
node_id_list 354 355 356 357 358 359 360 361 362 1339 1657 3885 3886 13313 13314 
score_list 4.6928908562 2.8308289208 2.5156473000 1.9211122361 1.7608405680 3.6737851691 4.7260430581 3.2921960870 2.7007561916 3.9856095451 3.3229362803 0.0000000000 1.7516787696 0.9500050978 3.4646761707 
line3d_list
1.2109601973 -0.0081106846 0.4046592815 1.2104324247 -0.0033951976 0.1327435890 
1.2099238678 -0.0075392684 0.4523570880 1.2105838160 -0.0082998433 0.1752210079 
1.2224760724 -0.0126390724 0.1766590788 1.2218814154 -0.0119210804 0.4437978373 
1.2099961014 -0.0027383581 0.4130143879 1.2111401539 -0.0069137387 0.1820095505 
1.2170153452 -0.0089089424 0.0314382044 1.2229271062 -0.0181227879 0.4272441292 
1.2096959749 -0.0016851546 0.4682396495 1.2109484216 -0.0065242928 0.1811483583 
1.2154745339 -0.0082259072 0.0425964356 1.2215988224 -0.0183290501 0.4897570150 
1.2111521140 -0.0123794859 0.4776900466 1.2058166385 -0.0033682781 0.0741964001 
1.2204931052 -0.0119339984 0.1665694639 1.2213786314 -0.0116976479 0.4650585788 
1.2220212856 -0.0066856612 0.1374906520 1.2235893550 -0.0133967377 0.3852015388 
1.2130746396 -0.0093376007 0.3826985632 1.2127249140 -0.0113280491 0.0366775917 
1.2183054053 -0.0107339538 0.6683560197 1.2167860219 -0.0125169424 0.1261002496 
1.2130961507 -0.0171572655 0.6024182466 1.2128215165 -0.0174439721 0.2988028658 
1.2174653836 -0.0032678317 0.2783399192 1.2184322572 -0.0024658973 0.6269606182 
1.2206181641 -0.0166317097 0.0295491675 1.2198240162 -0.0071573952 0.3851101031 
END
