2.1209652734 0.0855730142 0.1734579538 2.7326488761 0.0877743388 0.1714432040 
7 6
image_id_list 26 67 68 69 75 75 28 
line_id_list 224 37 119 291 79 184 260 
line2d_list
154.3073120117 476.2910156250 66.7956237793 561.7908325195 
531.0188598633 517.0568237305 340.9949645996 513.2513427734 
571.3627929688 295.5919189453 496.6284179688 341.3937072754 
189.2821197510 451.4663391113 157.7305297852 470.5545959473 
373.9889526367 305.5776977539 246.9974060059 308.9011535645 
427.0092773438 304.6949157715 389.0027160645 305.2025451660 
246.9081420898 425.9187011719 172.7051696777 509.7389831543 
node_id_list 11036 11037 11038 11039 11040 11041 11368 
score_list 1.9579447913 4.9197745650 3.8665443642 2.9422501616 3.9278895685 3.6818506548 2.9522745484 
line3d_list
2.7304924967 0.0877454891 0.1720286193 2.1131205716 0.0847954648 0.1740542616 
2.7393583663 0.0888599745 0.1706266760 2.1058427481 0.0848910144 0.1739112584 
2.7333611946 0.0875920793 0.1714193634 2.3948235415 0.0875130154 0.1718112888 
2.7291627018 0.0872923008 0.1717234776 2.5030451399 0.0841504431 0.1740934906 
2.5779357203 0.0880233096 0.1712399702 2.2148561322 0.0853169893 0.1736751358 
2.7326787183 0.0831806712 0.1754843049 2.6216429431 0.0870648112 0.1725072817 
2.7306641962 0.0891617161 0.1702156243 2.1209715026 0.0846171926 0.1743048176 
END
