1.1069360447 -3.0006750520 0.7068947770 1.1064281866 -2.9974555274 0.8325035638 
44 43
image_id_list 2 3 7 21 33 34 38 41 43 51 53 56 77 80 81 88 95 96 3 32 37 76 84 86 98 20 9 97 10 16 57 13 14 48 54 60 73 78 83 89 23 19 99 71 
line_id_list 51 160 87 34 123 85 52 51 80 91 87 129 71 75 101 54 89 123 147 239 105 108 136 103 121 85 197 63 144 141 59 32 153 18 21 108 28 38 47 7 69 204 95 41 
line2d_list
275.3155517578 378.1294860840 267.9162902832 339.0158386230 
238.1189727783 383.0064086914 238.2397766113 342.9977111816 
60.2055320740 145.2118225098 50.5806732178 109.1118011475 
410.9747619629 203.9974060059 413.0467224121 183.9017181396 
234.8395080566 394.0888977051 233.4569702148 376.0415954590 
454.4767761230 153.0047607422 454.3127136230 134.9971466064 
266.4009399414 375.0947875977 267.9008483887 352.9256286621 
14.0804643631 415.2562255859 8.7353248596 396.0737609863 
37.9558067322 538.2935180664 29.4815406799 508.1457214355 
333.6597595215 333.0267944336 331.6129150391 307.0304870605 
301.0748596191 351.0023803711 301.8742065430 325.9640502930 
422.4307556152 370.0124511719 422.6570129395 343.9883117676 
287.4216918945 417.1177978516 281.9014282227 390.0200805664 
379.1029357910 302.0094299316 381.4052734375 276.8540344238 
256.2770690918 334.9466247559 252.0461730957 312.9910888672 
207.1431121826 332.0785827637 208.9412078857 305.9272155762 
58.1237602234 406.0892639160 55.1690940857 377.0846557617 
173.7325897217 381.9205627441 172.7281951904 360.0124511719 
234.1054229736 343.0087890625 234.2269134521 383.0023498535 
132.2965087891 398.0736999512 130.2946624756 378.9691162109 
48.6149711609 376.9111633301 45.3196067810 354.0982971191 
25.1249828339 321.0920410156 22.5950927734 297.0426025391 
149.2768096924 305.7778930664 145.3347473145 283.1157226562 
77.3465728760 383.8103027344 74.2685089111 361.9621582031 
178.9298858643 358.0370483398 179.8880767822 333.9955444336 
192.5082550049 349.9273376465 191.5010223389 329.0240478516 
248.4017181396 378.0053100586 248.4623718262 361.9979553223 
428.5411987305 381.0394287109 429.9282226562 361.9947814941 
75.5984497070 299.1174926758 77.0090408325 279.9271545410 
309.0183105469 246.6520233154 305.9756469727 229.0041961670 
315.2907409668 282.0429382324 317.9775390625 263.8489990234 
635.5806274414 293.9025268555 640.5193481445 272.6558227539 
419.6369018555 213.9442291260 418.0650634766 195.9943084717 
780.9977416992 384.9995727539 786.9996948242 353.8075256348 
760.8460693359 339.0157775879 761.3317260742 312.9875183105 
468.2116088867 350.0367431641 468.7902832031 330.9632873535 
748.6069946289 156.8921051025 758.5685424805 120.6070098877 
609.1352539062 340.1557617188 612.1717529297 318.0235595703 
613.7050170898 367.0946350098 616.1491699219 348.8858032227 
642.7932739258 437.9670104980 646.9648437500 411.8347473145 
507.3049926758 115.0421066284 509.8184814453 96.8368759155 
238.3890533447 293.0061035156 238.6724700928 274.9791259766 
32.7052383423 371.0552978516 34.3598442078 349.9497985840 
774.1423339844 379.0547790527 788.2737426758 342.3356323242 
node_id_list 2400 2401 2402 2403 2404 2405 2406 2407 2408 2409 2410 2411 2412 2413 2414 2415 2416 2417 3332 3333 3383 3384 3385 3386 3387 4385 5970 5971 6510 6511 6512 7507 7508 7509 7510 7511 7512 7513 7514 7515 8466 8825 11755 12681 
score_list 15.5509016246 8.7803731465 9.2189638890 14.8268072072 13.5516722399 13.4392860893 10.1856736825 14.6832535394 8.4723735124 17.0065820787 15.9933009641 13.7844048197 14.2110692399 16.0616648417 15.7137261360 14.5116527710 11.5376605770 13.9725899316 8.3351871126 9.5577312236 11.2810070396 8.0831086043 9.9216581542 9.9359770345 10.0383332358 9.1442068019 4.6972094715 13.2868438242 7.3181627483 9.2651278091 8.1662217936 9.1512617147 8.3607475519 11.9043587805 14.5125541975 14.8652934782 10.2749470972 12.9305013207 12.6230653144 14.3808309786 9.8680633673 4.9841763967 7.5884329905 2.9994089906 
line3d_list
1.1072487481 -2.9994954990 0.7329606467 1.1065141441 -2.9980071371 0.8321127405 
1.1038787831 -3.0050685934 0.6947821925 1.1083377911 -2.9956182239 0.8291283904 
1.1055649455 -3.0011974986 0.7307520542 1.1097309640 -2.9941638235 0.8319668434 
1.1040300469 -3.0060667918 0.7263210543 1.1057723860 -2.9962566128 0.8294363203 
1.1092814507 -2.9978602249 0.7319796452 1.1033612860 -3.0006127505 0.8257358636 
1.1045516407 -3.0041579699 0.7291360227 1.1033776119 -2.9999963515 0.8286392427 
1.1050604615 -3.0031999164 0.7289656029 1.1060843305 -2.9954249497 0.8295164391 
1.1070013160 -3.0000374262 0.7365158662 1.1077009992 -2.9949279392 0.8287822472 
1.1049863945 -3.0019397838 0.7313572526 1.1071896717 -2.9974591685 0.8324464808 
1.1065709924 -3.0004281037 0.7308329076 1.1066856316 -2.9963537579 0.8306493203 
1.1056125446 -3.0018036771 0.7269342108 1.1075196262 -2.9957311715 0.8289903591 
1.1087668093 -2.9965800994 0.7368136600 1.1050811269 -2.9990369930 0.8280656829 
1.1069153452 -3.0004006417 0.7312214166 1.1069485675 -2.9971691026 0.8306663529 
1.1044993811 -3.0037009423 0.7268210725 1.1079602273 -2.9944529767 0.8318778049 
1.1068998662 -3.0004887040 0.7294860158 1.1033350412 -3.0006370289 0.8268569946 
1.1074146594 -2.9997066355 0.7299613615 1.1060138231 -2.9969893741 0.8308162966 
1.1066103949 -3.0007318241 0.7318471782 1.1079999247 -2.9958896736 0.8327951429 
1.1105240690 -2.9957697810 0.7306408920 1.1069046561 -2.9959321000 0.8292459045 
1.0954820667 -3.0106230788 0.8230188066 1.0914414316 -3.0196112786 0.6880572590 
1.0993944024 -3.0106842126 0.7071208333 1.0945793998 -3.0121584653 0.7961903763 
1.1050089576 -3.0021553690 0.7258676388 1.1022039943 -3.0016089938 0.8294226861 
1.1066443890 -3.0006480294 0.7310004443 1.1040105446 -3.0000171713 0.8301497713 
1.1068715234 -3.0005337754 0.7286473792 1.1055116674 -2.9988275671 0.8305641696 
1.1079728946 -2.9988565488 0.7309538220 1.0987370363 -3.0056178940 0.8237733024 
1.1080427176 -2.9980081469 0.7287023521 1.1055720979 -2.9970249390 0.8320796708 
1.1074942403 -2.9994976590 0.7254790601 1.1040659227 -3.0000396456 0.8295558258 
1.0983813471 -3.0117054370 0.7240283901 1.1182944976 -2.9812308251 0.8300481132 
1.1044838006 -3.0037452282 0.7254579395 1.1086899999 -2.9925637181 0.8336177483 
1.1070346986 -3.0001023214 0.7292949588 1.1004653281 -3.0034210997 0.8248832181 
1.1059955557 -3.0007072996 0.7291977977 1.1053311794 -2.9975765521 0.8264674670 
1.1129585153 -2.9927688145 0.7277154852 1.1079103348 -2.9945442079 0.8312860221 
1.1071203470 -2.9988960436 0.7255283303 1.1059548585 -2.9986962372 0.8281255700 
1.1081445922 -2.9983558617 0.7275521133 1.1046362400 -3.0000659012 0.8258073289 
1.1066860141 -3.0003589425 0.7293256749 1.1063771942 -2.9966938098 0.8307805828 
1.1067725935 -3.0005777449 0.7279132082 1.1063494417 -2.9965320583 0.8295696494 
1.1066071704 -3.0016082766 0.7252438120 1.1070044564 -2.9949862147 0.8306267162 
1.1067487729 -2.9978735255 0.7335669899 1.1063463449 -2.9986240671 0.8303725763 
1.1050663047 -3.0022345580 0.7277412342 1.1076804993 -2.9951738171 0.8323279882 
1.1052928165 -3.0020382849 0.7262926474 1.1069319713 -2.9962531055 0.8262205657 
1.1068506593 -2.9994538322 0.7264013154 1.1063776065 -2.9970592236 0.8298793745 
1.1063125615 -3.0019832475 0.7256365385 1.1085291752 -2.9930153256 0.8291182773 
1.1080072147 -3.0013257094 0.7248652840 1.1045663811 -2.9979045680 0.8270561510 
1.1064810224 -3.0009369047 0.7250978293 1.1054138771 -2.9989019252 0.8306524940 
1.1067999711 -2.9988841226 0.7324429637 1.1063388466 -2.9964982020 0.8324786651 
END
