-0.2345251063 -0.9008121279 1.9774478298 -0.2442595751 -0.3715133615 1.9776654957 
8 8
image_id_list 17 86 32 45 46 76 37 39 
line_id_list 227 136 261 189 281 187 151 290 
line2d_list
192.9971618652 18.9782505035 297.0534667969 5.4099555016 
625.0413818359 58.6783142090 754.9849853516 50.7538719177 
590.9808349609 103.7096176147 692.0021972656 97.0332031250 
685.9893188477 50.1597175598 787.0717163086 56.9295425415 
220.9498596191 21.8555202484 300.0171203613 18.3910732269 
612.9996337891 15.9879159927 744.0072631836 12.2555780411 
560.0153808594 66.2264862061 673.9642333984 58.4740829468 
485.8607788086 156.8868408203 581.0272216797 171.8266754150 
node_id_list 9005 9006 11760 11761 11762 11763 11879 11880 
score_list 7.4366156833 2.4529068527 3.8280808131 6.3137248700 9.4523443918 7.0778507648 2.0079571256 8.1627830725 
line3d_list
-0.2292884755 -0.8991634305 1.9770339899 -0.2172993640 -0.3770205586 1.9759688284 
-0.2288787157 -0.9035666207 1.9766765409 -0.2342702575 -0.3736820686 1.9763345218 
-0.2558928102 -0.8927460685 1.9817968538 -0.2602484095 -0.3683371851 1.9813575671 
-0.2415741597 -0.9009423713 1.9789128703 -0.2498786149 -0.5796803274 1.9794796635 
-0.2405007004 -0.9026856827 1.9788287110 -0.2463471466 -0.5925395148 1.9792047466 
-0.2364364139 -0.8981418969 1.9776194445 -0.2574513016 -0.3732122308 1.9792577943 
-0.2415856499 -0.9004978666 1.9789136546 -0.2552543715 -0.3717164666 1.9798465680 
-0.2337221876 -0.8993134675 1.9775025686 -0.2514399743 -0.3663179327 1.9796400872 
END
