1.0081246738 -2.9976769748 1.3445668037 1.0083062591 -2.9995609662 1.6623636228 
49 31
image_id_list 2 21 33 34 38 51 53 56 77 80 88 95 96 2 81 10 37 37 76 81 86 98 10 84 13 51 54 54 56 60 80 83 89 97 13 38 78 83 19 20 20 77 82 88 43 95 53 60 89 
line_id_list 41 29 47 11 8 50 1 40 35 26 45 42 24 71 46 83 28 48 58 22 26 78 90 50 18 73 34 97 22 13 161 15 20 32 37 16 33 34 30 20 45 88 29 44 135 81 19 27 133 
line2d_list
240.6474456787 55.8822898865 230.6480255127 0.8821840286 
442.3517456055 73.1196365356 448.2898559570 6.0256538391 
238.6247253418 272.9165344238 231.5622711182 220.0584869385 
466.5902709961 30.9805870056 465.6035766602 0.9801487327 
289.2867736816 226.0365600586 290.7929687500 173.0225372314 
349.4140930176 159.0390014648 343.0178833008 62.9322586060 
334.6233215332 193.0305328369 338.7377319336 109.0361404419 
447.0316467285 184.9881286621 445.8932495117 86.0012283325 
274.3017883301 222.9370422363 252.8343658447 120.0345535278 
418.1243591309 144.0992736816 425.2908630371 62.9373855591 
245.4983978271 164.0306243896 251.2765197754 70.0169982910 
68.9987869263 207.8990478516 58.0819587708 99.8906402588 
184.2438507080 236.9816741943 178.7539978027 163.9433288574 
227.8710479736 0.8350690603 238.3400268555 56.1249618530 
233.8659210205 161.8285064697 238.6282501221 185.8755798340 
98.3756332397 147.0266723633 96.5333480835 172.9668579102 
42.7445030212 230.8650970459 37.8802833557 204.0216979980 
36.8025016785 205.8717346191 41.1100540161 232.8225860596 
20.7007427216 137.0325317383 23.6482276917 164.1469421387 
240.0878906250 183.9815216064 235.2445373535 160.9485778809 
72.6860046387 233.0525970459 66.1398239136 193.9765777588 
199.9421997070 208.9947357178 199.5677337646 141.9912414551 
98.7446212769 173.0150146484 99.8740615845 116.9974594116 
140.1374053955 154.7752075195 131.4298706055 110.7173995972 
684.8127441406 159.1759796143 691.5380859375 128.1165161133 
340.5440979004 63.0288696289 346.6900939941 160.0829467773 
792.3731689453 71.9901351929 790.8622436523 167.9820861816 
793.8193969727 167.0119781494 795.2225341797 71.0032501221 
444.3372497559 85.9979782104 444.0347595215 185.0031585693 
486.4514160156 233.0053100586 485.9477233887 180.9908294678 
420.9718322754 98.1031494141 416.0993041992 144.0105438232 
645.7812500000 248.0906066895 652.1820678711 192.9051361084 
700.4218750000 272.9021911621 716.4364624023 178.2430267334 
445.3009948730 263.9993896484 445.2540893555 240.9994812012 
689.4212646484 131.1015777588 682.7111816406 158.9303588867 
288.6399841309 174.9858398438 286.6342468262 225.9856109619 
643.4569091797 181.0607299805 640.6618041992 202.0879669189 
649.8992309570 202.1167907715 643.9241333008 248.1200256348 
249.8826141357 176.9706573486 249.0522460938 151.9982604980 
200.8398132324 217.9399261475 197.8403167725 176.0114288330 
196.6961212158 177.9604034424 199.0307464600 218.9982452393 
250.6884155273 121.0640411377 271.6548461914 223.0709381104 
316.4931640625 119.9235153198 312.7881469727 96.0328521729 
248.6314697266 68.9149398804 242.7225189209 163.9827575684 
9.5559577942 323.8385009766 0.0931122452 291.2634582520 
55.7568664551 100.0235290527 66.2127151489 208.0761871338 
336.1967468262 108.9585189819 331.8078918457 193.9384307861 
484.3764038086 184.0027313232 484.0134887695 233.9928436279 
713.5762939453 178.9337158203 708.4169921875 211.9087829590 
node_id_list 2332 2333 2334 2335 2336 2337 2338 2339 2340 2341 2342 2343 2344 2535 2536 6391 6392 6393 6394 6395 6396 6397 6402 6403 7398 7399 7400 7401 7402 7403 7404 7405 7406 7407 7558 7559 7560 7561 9238 9377 9391 9589 9590 9591 11792 11898 12818 12819 12820 
score_list 12.6643904569 12.8903746404 10.7137100999 9.5292489335 10.2951147346 14.4256124394 12.6794773797 12.5840646553 13.7140097113 13.0491186633 12.7228253013 9.6331130689 12.0380014472 12.1178169257 11.7165275963 3.8430674964 6.9380898479 5.9081664479 4.2070798460 12.1925573148 7.2566948986 6.5401072394 4.9719789293 6.5571513697 8.7337277226 12.6789044004 8.6657326871 9.5907331289 9.5148717198 9.2882982820 10.6927206483 9.9227097996 10.5604356888 9.6525832749 8.1242355519 7.7015753225 9.0548957563 7.7334591149 6.7666986872 6.8712723896 5.4612310703 10.0824898798 6.2373393451 11.9009207554 7.3458977693 7.8688620334 11.4088179851 7.7871512174 6.2301845768 
line3d_list
1.0059426471 -3.0003463886 1.3472997947 1.0070029857 -2.9993496369 1.4332824406 
1.0072673013 -2.9971290854 1.3508868699 1.0073072325 -3.0024932536 1.6385205461 
1.0087182394 -2.9930693472 1.3506962913 1.0057657587 -3.0065865382 1.6242032378 
1.0025608619 -3.0034683652 1.3494545456 1.0035840427 -3.0023291495 1.4928052386 
1.0064973408 -2.9990099393 1.3493696324 1.0094665968 -2.9956760470 1.5615733319 
1.0082094358 -2.9973370518 1.3479392992 1.0083727278 -3.0014621574 1.6581270794 
1.0072566209 -2.9971140689 1.3487016035 1.0081109904 -3.0008905710 1.6590966216 
1.0070037819 -2.9993195282 1.3486613073 1.0079471400 -3.0020765309 1.6523488825 
1.0081780189 -2.9985270612 1.3507099336 1.0084483685 -2.9986882068 1.6543265396 
1.0073486660 -2.9969816465 1.3482224420 1.0098766297 -2.9994478053 1.6399756610 
1.0078802806 -2.9978770683 1.3480503448 1.0075344911 -3.0028665224 1.6604679719 
1.0077079648 -2.9993634342 1.3473298307 1.0078706801 -2.9999377652 1.6573611876 
1.0084632075 -2.9962280200 1.3507646716 1.0045218586 -3.0040178425 1.6537424417 
1.0040942650 -3.0060065407 1.4328823063 1.0040439122 -3.0058550361 1.3463658927 
1.0021923832 -3.0089541360 1.4430267724 0.9989534529 -3.0128942268 1.3444818318 
1.0099668284 -3.0025868871 1.4723501170 1.0173007413 -2.9988375906 1.3486567908 
1.0065249732 -2.9976095266 1.3524968495 1.0073447994 -2.9990644185 1.4672055563 
1.0076873913 -3.0058628445 1.4595210370 1.0219415032 -2.9933406114 1.3462893137 
1.0219612684 -2.9934256441 1.4478310572 1.0200691276 -2.9978459241 1.3448665577 
1.0123414549 -2.9934948590 1.3532261437 1.0147756015 -2.9917142002 1.4469205939 
1.0084727865 -2.9962090878 1.3500283207 1.0064113714 -3.0002833420 1.5084925815 
1.0064832165 -2.9976124076 1.3494724041 1.0047248925 -3.0086435623 1.6214840512 
1.0027087656 -3.0011005757 1.3485327576 1.0159180713 -2.9938876927 1.6137840221 
1.0073535019 -2.9972858272 1.3483451551 1.0138530227 -2.9924730611 1.5219588005 
1.0086856413 -2.9954171131 1.3500507080 1.0085964230 -2.9980256656 1.4830195671 
1.0167330935 -2.9915795809 1.6576020574 1.0179944251 -2.9842069365 1.3459319749 
1.0181174307 -2.9920501289 1.6613737806 1.0166153353 -2.9995727899 1.3452052157 
1.0080494134 -2.9975970593 1.3478147826 1.0072099481 -3.0034383936 1.6633614958 
1.0183297561 -2.9942486684 1.6521054440 1.0173771142 -3.0007135515 1.3492038219 
1.0024678531 -3.0029478937 1.3503489486 1.0146146656 -2.9903358434 1.6223472446 
1.0172674271 -2.9899370058 1.5149123880 1.0177946200 -2.9919263023 1.3481453026 
1.0086646550 -2.9942428541 1.3533831614 1.0084464286 -2.9974667967 1.6292841549 
1.0087006171 -2.9966078721 1.3531873965 1.0084723722 -3.0013764311 1.6635844345 
1.0124365106 -2.9896918537 1.3545660398 1.0063782506 -3.0001996487 1.4760117319 
1.0087416861 -3.0067604762 1.4694384109 1.0088882799 -3.0087607202 1.3492173185 
1.0141382002 -3.0027447787 1.5532135824 1.0136043412 -3.0069268475 1.3488836701 
1.0080441383 -3.0059084263 1.4352474506 1.0078868339 -3.0085426415 1.3444686406 
1.0062766833 -3.0111609478 1.5829050930 1.0049439027 -3.0167453996 1.3503255292 
1.0083311972 -2.9959398814 1.3534786864 1.0022786758 -3.0041390228 1.4846714070 
1.0052418326 -2.9993913174 1.3501038250 1.0009162468 -3.0061500114 1.5438406794 
0.9996846804 -3.0165819857 1.5342862364 0.9897668441 -3.0315988679 1.3405975023 
1.0165916615 -2.9979286199 1.6527993046 1.0176260875 -2.9980345417 1.3529124940 
1.0047303333 -2.9986147750 1.3516419262 1.0042917063 -3.0045999243 1.4794224729 
1.0178817689 -2.9899471305 1.6624151450 1.0187858852 -2.9845720992 1.3486142797 
1.0167824529 -2.9880669253 1.3531041374 1.0167184085 -2.9893315890 1.4462354175 
1.0172686071 -2.9954700228 1.6571689349 1.0173237848 -2.9976377343 1.3481649968 
1.0194019018 -2.9845975525 1.6570299929 1.0194306323 -2.9821319066 1.3449825629 
1.0290331388 -2.9798237684 1.6064222668 1.0227782498 -2.9914140668 1.3459771685 
1.0161818882 -2.9855113145 1.6617289550 1.0151608750 -2.9860351609 1.5563567439 
END
