0.2308498741 -2.9935076428 0.4112689731 0.1177884800 -2.7002828062 0.4720917264 
3 3
image_id_list 79 84 86 
line_id_list 186 213 192 
line2d_list
97.4877624512 332.7400512695 169.6344451904 316.3872070312 
274.3384399414 305.7451477051 339.6875000000 292.4625854492 
203.4975128174 381.8531188965 265.6059570312 367.3164062500 
node_id_list 13459 13460 13461 
score_list 3.5614032920 2.6466451519 1.7834752594 
line3d_list
0.2308498741 -2.9935076428 0.4112689731 0.1177884800 -2.7002828062 0.4720917264 
0.2471314917 -3.0357340340 0.4025100787 0.1143264138 -2.6913039340 0.4739541871 
0.2565399672 -3.0007450955 0.4154851025 0.1123987009 -2.6960535060 0.4723096673 
END
