1.5248647751 -0.1866936417 0.9763587455 1.5366817607 -0.1309358201 0.9869514752 
6 6
image_id_list 11 39 18 58 85 46 
line_id_list 28 70 81 3 94 10 
line2d_list
365.0084228516 368.3582458496 377.0079345703 368.2839355469 
726.9453735352 485.7095031738 744.9923095703 487.0995483398 
596.0111083984 397.3374633789 628.0006103516 397.0723266602 
503.8150024414 429.7114562988 527.0538330078 426.3749389648 
750.8658447266 315.4244384766 774.9555053711 309.8090209961 
499.7924194336 399.8556213379 532.0024414062 394.0133056641 
node_id_list 6772 6773 9070 9071 9072 12550 
score_list 2.8282599703 2.3847947946 4.0670883175 0.9869482933 4.1933167444 1.5947844157 
line3d_list
1.5300298210 -0.1861888442 0.9793445084 1.5261858384 -0.1613889144 0.9794113341 
1.5354068464 -0.1886887132 0.9813995817 1.5333476685 -0.1290526017 0.9845290579 
1.5254215509 -0.1872059498 0.9768057839 1.5319822468 -0.1278545631 0.9838984002 
1.5230560802 -0.1860955075 0.9752280328 1.5344003827 -0.1322638243 0.9853688070 
1.5297900005 -0.1899151805 0.9780688496 1.5364905822 -0.1319233266 0.9861352269 
1.5300759495 -0.1878010467 0.9783869687 1.5408598912 -0.1321423270 0.9886412461 
END
