2.3628990583 -1.1428818507 0.0054139959 2.9793486016 -1.7585818549 0.0059771515 
29 11
image_id_list 22 26 27 27 28 28 29 29 44 52 52 70 70 94 94 22 44 70 70 94 94 22 22 26 71 28 70 94 30 
line_id_list 79 230 90 203 115 187 83 113 61 265 306 48 127 5 60 81 3 32 67 9 64 116 140 120 125 190 120 109 193 
line2d_list
726.1516113281 538.3673095703 688.7983398438 452.0873107910 
448.8826293945 535.7720947266 383.2846984863 569.5528564453 
718.9241943359 591.8874511719 798.9796752930 537.9698486328 
799.3795166016 540.5651245117 733.0650634766 585.0969238281 
473.9448242188 512.8989257812 538.7386474609 477.5213623047 
541.0705566406 479.1300354004 475.4057006836 514.7479248047 
585.1176757812 586.2603149414 733.9817504883 518.9595947266 
732.1979980469 522.4398803711 588.1334228516 587.2963867188 
195.8761444092 442.9303283691 108.0766906738 599.0431518555 
313.0422973633 535.0186767578 284.6215820312 599.2749023438 
282.8500366211 598.9335937500 311.2990112305 534.6895751953 
332.7612915039 598.6918334961 378.4556274414 563.2971801758 
372.4019165039 570.4995117188 336.3859252930 599.4796142578 
61.6810798645 416.8087463379 107.3700714111 340.6222229004 
105.4085998535 348.2414550781 64.5747604370 417.3396606445 
687.3660888672 448.2751464844 658.6635742188 382.1460266113 
104.8360366821 599.4715576172 196.3648529053 437.2058105469 
418.6154785156 531.5117797852 521.5554809570 450.4356079102 
485.1597900391 482.2037048340 425.1939392090 529.2471923828 
141.6656799316 282.8013916016 191.5948181152 198.7592773438 
168.0891113281 243.0527496338 143.6289367676 284.3723144531 
691.2865600586 451.8763732910 729.2568969727 539.8891601562 
660.2448730469 380.8948669434 689.4081420898 448.8247680664 
381.8678894043 567.7459716797 445.7522583008 534.5235595703 
140.9319763184 296.8772277832 199.6388549805 264.3482360840 
607.9926757812 440.9865722656 639.0156860352 424.0286865234 
522.4751586914 452.5984191895 487.3729858398 480.4697570801 
193.7587738037 199.4440155029 169.3286590576 241.1923217773 
351.6319885254 599.0180664062 350.7441406250 580.9633789062 
node_id_list 10060 10061 10062 10063 10064 10065 10066 10067 10068 10069 10070 10071 10072 10073 10074 10075 10076 10077 10078 10079 10080 10233 10293 10863 10864 11335 11336 11337 11634 
score_list 3.9391496119 4.4608399691 4.8622720676 4.4117948879 6.9512521572 6.7572580303 4.6499456894 4.3978418890 2.7777933497 0.7940983502 0.7238175763 2.6830666196 2.7956451812 2.1585586207 1.6804437250 4.9834637338 2.7118203013 5.8685550771 3.9496915781 2.9018986440 1.9845900066 2.9932779646 4.9876416843 5.8400351402 5.3739761860 2.9673980267 3.2733447241 3.1635904496 0.9999928158 
line3d_list
2.3685902310 -1.1489338857 -0.0056822847 2.5944804070 -1.3748066931 -0.0064670377 
2.6016436870 -1.3706135443 -0.0125545916 2.3783956988 -1.1485990985 -0.0106187614 
2.3615643568 -1.1408548634 0.0044370212 2.6977207407 -1.4774944259 0.0054022127 
2.6891858365 -1.4767722135 -0.0002218395 2.4088510628 -1.1948130794 -0.0007368708 
2.3697651686 -1.1494234817 0.0057480057 2.5875444453 -1.3677200113 0.0074675664 
2.5925710268 -1.3743222678 -0.0044991936 2.3713888673 -1.1527417464 -0.0046981620 
2.4847164769 -1.2625604860 0.0020992724 2.9841364348 -1.7648550514 0.0071085696 
2.9707012420 -1.7581291157 0.0003036758 2.4861257743 -1.2720451239 -0.0007001901 
2.9670516043 -1.7558037098 0.0021755618 2.4739764521 -1.2627755500 0.0033802452 
2.9406694298 -1.7297129931 0.0002401864 2.5190892576 -1.3056900339 -0.0005343411 
2.5168481210 -1.2963618266 0.0048828809 2.9376306962 -1.7177492189 0.0060910559 
2.3709588045 -1.1453870515 0.0008515564 2.4936200534 -1.2687628382 -0.0003752635 
2.4719169041 -1.2516897947 -0.0054187844 2.3738420266 -1.1548262650 -0.0064094434 
2.3625300977 -1.1419161262 0.0060171579 2.5464130236 -1.3269100156 0.0059327658 
2.5274076864 -1.3131547453 0.0000426291 2.3613857838 -1.1469710513 -0.0008061681 
2.6033951926 -1.3784139516 0.0004645399 2.8282482083 -1.6024655669 0.0002749795 
2.4782448897 -1.2555214698 0.0029030552 2.9929569373 -1.7703978609 0.0054831898 
2.6132535584 -1.3882371811 0.0004562288 2.9798496497 -1.7535266843 0.0001471732 
2.8259819506 -1.6123188115 -0.0011335646 2.6238084575 -1.4088305630 -0.0013290505 
2.7102702841 -1.4848888489 0.0003957388 2.9782952491 -1.7519673299 0.0001600766 
2.8273920836 -1.6135302014 -0.0009030203 2.7025600994 -1.4883229776 -0.0015049341 
2.5881043176 -1.3745259973 -0.0003237843 2.3600785824 -1.1457115048 -0.0008666499 
2.8289133794 -1.6151683430 -0.0010194422 2.5988148761 -1.3841121860 -0.0018357338 
2.3680301687 -1.1485634700 0.0065004028 2.5825292803 -1.3637601075 0.0077614963 
2.3658190699 -1.1595640341 0.0124900949 2.5644489222 -1.3616073180 0.0166029979 
2.8442763595 -1.6163848127 -0.0019625207 2.9625535560 -1.7355163774 -0.0006792226 
2.9784994070 -1.7570576946 -0.0088427731 2.8442772979 -1.6214810055 -0.0111479590 
2.9797294426 -1.7582134233 -0.0080969317 2.8428271286 -1.6200149434 -0.0111623551 
2.9161763257 -1.6925721814 0.0029018820 2.9766650429 -1.7536919550 0.0037685921 
END
