0.8817796519 -1.6724115691 -0.0000252944 1.1831579367 -1.3717562807 -0.0008849929 
38 20
image_id_list 3 12 62 62 76 79 3 12 85 7 15 21 21 72 72 91 91 7 7 10 16 18 66 66 19 23 34 23 63 63 62 91 91 72 63 72 63 71 
line_id_list 78 101 33 60 156 126 134 140 180 12 135 99 114 13 18 11 13 47 53 196 169 99 33 213 219 152 198 172 5 26 89 14 17 43 20 41 38 124 
line2d_list
736.0270996094 580.9465332031 656.2541503906 540.4987792969 
303.9278259277 457.2018432617 246.1617889404 436.5475158691 
132.4161376953 542.8699951172 156.0349426270 436.7851257324 
158.4430847168 437.0979309082 135.6635894775 540.1466674805 
370.9346008301 537.0480346680 397.2166748047 572.8408813477 
415.8180541992 599.1843261719 376.0646362305 559.9476928711 
654.7156982422 542.5578613281 734.4046630859 583.1682128906 
245.5334777832 439.3580932617 311.9415283203 462.1702270508 
327.5106201172 564.7917480469 355.3735351562 582.0135498047 
539.7227172852 497.1524353027 596.0135498047 599.5422973633 
272.2615051270 354.9191284180 282.4476623535 387.8615722656 
566.6732788086 483.3141174316 535.8453369141 549.3943481445 
533.0404663086 549.5479125977 564.5045776367 482.7665710449 
224.9686431885 411.1192321777 340.0008544922 407.0242919922 
340.0170898438 409.4675598145 226.0233154297 413.6375122070 
405.9673156738 510.9747924805 337.6702575684 599.5169677734 
334.3239135742 599.2518310547 404.1932373047 509.3728332520 
567.1585083008 549.9125366211 538.2086791992 497.4365539551 
591.2844848633 586.8429565430 542.6019287109 498.6676940918 
314.1000061035 527.9678344727 323.7763366699 558.0718994141 
568.5845947266 432.7329711914 584.3688354492 467.2882995605 
106.5024948120 511.6505126953 153.7022399902 579.5115966797 
0.9994712472 576.9067382812 23.9987316132 576.7763671875 
24.0030002594 578.8088378906 4.0079236031 578.4950561523 
462.3343811035 493.8727416992 472.2427673340 519.9075927734 
689.1838378906 342.9851684570 691.4473266602 371.0445861816 
656.1696777344 376.0010375977 655.9903564453 405.0061340332 
689.9743652344 372.0021667480 687.5322875977 342.9552612305 
381.8083801270 371.4952697754 408.1831054688 361.4823303223 
409.2359619141 362.6047973633 382.0782470703 373.2005615234 
156.7194519043 435.9382934570 162.1960754395 411.0431213379 
407.1522827148 505.3434753418 425.0350341797 482.2526550293 
427.2806091309 483.2130126953 409.1421508789 507.1079101562 
346.9586791992 407.0397033691 374.9499206543 405.8356018066 
270.0904846191 414.2355346680 378.4627990723 372.6016540527 
375.0128173828 408.2982177734 347.0216064453 409.5023193359 
378.9624633789 374.9030456543 272.1072387695 416.2769470215 
85.1750564575 543.8727416992 114.2275085449 583.8345947266 
node_id_list 3076 3077 3078 3079 3080 3081 3264 3265 3266 4249 4250 4251 4252 4253 4254 4255 4256 4351 4357 6630 6631 6632 7186 7187 8630 8631 8835 9656 9657 9658 13162 13163 13164 13173 13180 13186 13189 13377 
score_list 3.6832676491 3.3984347246 4.7776492608 4.7864887464 1.6414508769 1.6358604803 3.3922228961 3.0523279707 1.8964957567 1.9480569691 4.8300985839 2.9500313187 2.7006760176 2.9417194129 2.9818785825 3.9869119273 3.3849373607 0.9698340993 2.7002349287 2.6299643568 5.2913220390 3.6696338588 1.7761025094 1.4260643528 3.5192312000 2.8627285162 3.8051811848 1.2102156680 1.9834515203 1.9745898912 0.9898489817 1.9521628989 1.8191896256 0.9335902738 0.9925691947 0.9563790244 0.9946821942 0.0000000000 
line3d_list
1.1748625895 -1.3818045855 0.0068381702 0.9771183199 -1.5774809972 0.0060257622 
1.1438405054 -1.4150136181 0.0115158923 0.9799851687 -1.5776933190 0.0099554292 
1.1848148214 -1.3733883337 0.0091926242 0.9560485502 -1.6014832353 0.0097993718 
0.9511134077 -1.6002055056 0.0035774581 1.1749518383 -1.3772713654 0.0034566846 
0.9978303823 -1.5570291202 0.0031593697 1.1517151934 -1.3988332219 -0.0069818447 
1.1427468543 -1.4208583970 0.0164127770 0.9757330308 -1.5791880636 0.0036229049 
0.9648005634 -1.5754599617 -0.0136121051 1.1684790798 -1.3811715505 -0.0086091782 
0.9692501802 -1.5805288784 -0.0126092786 1.1608015067 -1.3929746870 -0.0032535833 
1.0649877484 -1.4874413815 -0.0060601799 1.1654808291 -1.3848434479 -0.0132177970 
0.9581092868 -1.6042405025 0.0087294620 1.1710755052 -1.3916505170 0.0081897728 
0.9428990073 -1.6115942750 0.0033868640 1.1548399643 -1.4012362793 0.0028118170 
0.8813098478 -1.6720145314 0.0000929856 1.1713357755 -1.3827180881 -0.0005112836 
1.1912334891 -1.3698049584 0.0143902135 0.9015180120 -1.6588730200 0.0156163198 
1.1792860425 -1.3838847692 0.0020680135 0.9561411823 -1.6076109455 0.0019197155 
0.9520328699 -1.6033580860 -0.0013475687 1.1735550902 -1.3818009173 -0.0025281555 
0.9498686002 -1.6053487290 -0.0015887310 1.1507412229 -1.4047919106 -0.0021545151 
1.1587995973 -1.4058850463 -0.0001417578 0.9543088640 -1.6091005668 0.0013686203 
1.0639754431 -1.4920863761 -0.0087491839 0.9458291469 -1.6101681911 -0.0093673326 
1.1422157484 -1.4104750786 0.0043403137 0.9556947934 -1.5965031290 0.0048171862 
0.9998601387 -1.5549425001 0.0030256060 1.1457745802 -1.4049402616 -0.0065903503 
0.9779600716 -1.5756168214 -0.0001433587 1.1552168769 -1.3988515931 -0.0006825512 
0.8919095240 -1.6648010361 0.0081518081 1.1689090743 -1.3865485532 0.0014849188 
1.1319522493 -1.4220780254 -0.0022043393 1.1751380746 -1.3800597014 0.0006697264 
1.1796836869 -1.3823274009 0.0000433182 1.1435853881 -1.4177978259 0.0009661871 
1.0079352887 -1.5483121224 0.0045329781 1.1438459025 -1.4065789732 -0.0068831145 
0.9796360595 -1.5750287783 0.0018623506 1.1302474214 -1.4175762649 -0.0114907780 
0.9872920342 -1.5641469795 -0.0040142411 1.1511139585 -1.4027422978 -0.0007341734 
1.1419304118 -1.4150320998 -0.0115288979 0.9603727283 -1.5975519498 -0.0164208459 
0.9469420234 -1.6171091999 0.0007300592 0.8880692015 -1.6761614871 -0.0000987635 
0.8828197656 -1.6697932512 0.0027462971 0.9433802160 -1.6094771338 0.0022783525 
0.9509265006 -1.6124909101 -0.0016905980 0.8878417193 -1.6754560591 -0.0012954712 
0.9446033274 -1.6194550251 0.0006971346 0.8852589364 -1.6789803190 -0.0001383269 
0.8811628616 -1.6717694152 0.0083261962 0.9414771162 -1.6102089159 0.0099751594 
0.9420229412 -1.6208767269 0.0015390789 0.8880254984 -1.6777866936 -0.0012899593 
1.1793777069 -1.3850628494 0.0020018096 0.9543807392 -1.6100545152 0.0011491842 
0.8814888381 -1.6707856199 0.0030070749 0.9358841203 -1.6147778547 0.0039640354 
0.9504952119 -1.6030127671 -0.0000867547 1.1722200818 -1.3817667102 -0.0002557270 
1.2534729964 -1.3093559556 0.0013392011 1.1282247276 -1.4340603474 0.0013915072 
END
