0.0890609841 -1.0515630238 0.0945395894 0.0528347148 -1.0164729301 0.8362804476 
123 49
image_id_list 0 1 4 17 39 39 45 46 47 47 58 59 64 64 74 79 87 90 93 0 1 3 12 12 17 39 39 87 32 37 43 43 49 50 76 81 84 85 86 96 98 3 37 40 45 50 62 76 79 81 84 86 90 90 96 98 11 42 4 11 42 47 74 85 87 93 6 15 33 40 40 65 65 8 99 8 31 99 9 19 20 31 31 9 16 82 10 18 99 10 20 32 46 58 99 10 33 84 86 11 15 18 76 85 57 82 16 57 82 19 16 17 46 19 32 37 82 96 33 65 59 74 98 
line_id_list 90 0 143 93 174 246 59 87 55 161 101 87 74 100 231 106 211 65 4 130 138 144 60 61 86 87 107 97 122 52 79 111 43 34 73 77 101 97 75 36 100 173 158 85 156 167 129 134 138 124 173 120 130 182 173 172 47 48 202 156 169 222 254 241 292 239 15 93 35 6 57 38 106 125 3 183 215 208 48 41 42 38 185 178 146 172 66 105 38 178 154 170 242 226 172 193 131 168 150 17 9 245 141 260 2 8 28 21 18 170 207 205 269 5 247 128 235 190 38 53 64 196 136 
line2d_list
127.2302246094 445.3940124512 174.5022277832 297.8014221191 
241.4330444336 472.2226867676 251.7586517334 313.0492248535 
384.6445617676 419.6349487305 326.3508605957 263.9958801270 
239.7279357910 345.8967590332 245.2689819336 384.9618530273 
410.8766479492 480.4079284668 434.4666137695 371.8840637207 
432.3227539062 372.2374877930 428.8619079590 391.5138244629 
559.9483032227 488.2371215820 539.7098999023 569.1774902344 
214.3422546387 424.9826354980 218.2539367676 502.0378723145 
143.4172363281 427.1173400879 102.4523239136 222.1094360352 
136.4589080811 389.0757751465 141.7542724609 426.8943786621 
166.1751403809 452.0834350586 160.9934387207 525.0705566406 
136.0168914795 469.9864196777 134.4278411865 585.0059204102 
171.7017364502 599.5981445312 219.4615631104 383.8807983398 
182.2163238525 547.0400390625 172.5813903809 599.1076049805 
42.6198425293 524.1049194336 51.7186508179 557.0776367188 
537.5613403320 372.1078796387 528.3456420898 420.0664062500 
156.9916076660 538.9996337891 154.3709869385 599.0161743164 
388.4654541016 454.0411071777 400.8557739258 313.7223510742 
228.4745635986 445.1543273926 187.4054107666 276.4145507812 
142.9349670410 391.7535095215 122.6435089111 443.8611755371 
243.7545166016 415.2204589844 236.5943603516 472.2003479004 
697.4613647461 396.1314086914 702.3150024414 379.0897216797 
325.4791870117 256.1943664551 318.9803161621 105.0438461304 
320.2789001465 262.0071716309 320.8959655762 237.9973297119 
243.2915039062 385.1174621582 234.4447631836 331.7604675293 
403.7707519531 499.2037658691 408.0513000488 483.0135498047 
415.6538696289 453.6819458008 404.1253356934 498.5461425781 
153.1471252441 599.0690917969 157.3404846191 408.0074768066 
569.0014648438 408.0001220703 566.0592041016 448.0043640137 
527.4592285156 396.0408630371 523.4552612305 441.0404968262 
737.7034301758 572.2620849609 754.9246826172 394.6049499512 
746.3607788086 511.1724548340 738.5174560547 573.0655517578 
775.5309448242 524.9066162109 736.2897949219 591.1715698242 
568.6771240234 383.9343872070 548.5239257812 483.1064758301 
548.5285034180 373.0730895996 540.3718261719 432.0514221191 
765.5852661133 337.0622558594 760.3761596680 386.0400085449 
668.0031127930 343.1611938477 657.7259521484 407.1166381836 
413.0678405762 345.9952697754 416.0657958984 388.9954223633 
580.3985595703 403.1357116699 574.6807250977 462.0660400391 
719.8637084961 496.9739379883 703.3960571289 583.0757446289 
702.2376708984 473.2879638672 686.6787719727 540.1579589844 
708.5569458008 346.8977355957 697.3642578125 395.3916625977 
521.3911132812 418.9072265625 518.0473022461 440.8548583984 
177.9696197510 567.0026245117 180.1508331299 592.0738525391 
543.2210083008 534.7443237305 532.5673828125 567.2015380859 
549.0882568359 452.7278747559 541.0345458984 479.7118530273 
486.4957580566 288.8952636719 482.1486206055 309.8231506348 
539.5906982422 405.9134826660 534.3617553711 430.6537475586 
532.8597412109 376.2027282715 522.8327026367 418.7247619629 
760.4943237305 348.0820922852 754.4072265625 384.7354736328 
657.5529174805 380.8892822266 651.4306640625 405.6113586426 
573.0583496094 437.0105285645 568.5974121094 461.7470703125 
383.2606201172 485.1559448242 386.0014648438 463.0001831055 
388.5178833008 425.1334838867 383.1560974121 486.1016845703 
703.2993164062 555.7918701172 696.1810913086 579.7567749023 
688.6484985352 511.8856201172 680.0340576172 538.3602905273 
147.2322540283 251.9825134277 145.3872528076 333.0088195801 
428.5628051758 395.0352783203 437.4413146973 505.0450744629 
357.6362915039 352.4744873047 379.8753662109 421.7188720703 
141.7485351562 306.9671936035 138.4924011230 331.9338073730 
429.3731079102 477.9883117676 428.9252929688 501.9799499512 
127.3935699463 362.0801086426 135.9869232178 427.1338195801 
27.6410007477 491.0945129395 45.7334136963 559.8068847656 
410.0772399902 355.9985351562 410.7219848633 390.0242309570 
152.3402099609 539.0227661133 148.3218536377 599.0884399414 
212.1662292480 383.7848205566 223.6574707031 446.0632019043 
677.7734985352 386.9223632812 612.0484008789 578.7020263672 
452.3896179199 215.0047454834 451.9638671875 250.0117187500 
706.5192260742 470.9772949219 706.9384155273 499.0158691406 
170.1763916016 498.1548767090 188.0111389160 592.9979248047 
159.4026947021 447.9130249023 169.5920867920 495.0881042480 
248.0132598877 123.0920257568 259.4891052246 246.1409149170 
240.4416351318 57.0657539368 247.9710845947 121.0034027100 
430.3725280762 452.7550048828 416.0590209961 489.4135131836 
460.0215454102 519.8531494141 476.6221618652 409.2434692383 
454.0499877930 362.9821166992 448.4490051270 386.0788879395 
637.9822387695 369.9541320801 638.6528930664 398.9386291504 
481.4006042480 380.1907043457 479.9968566895 405.2241210938 
626.3121337891 431.0217895508 622.3312377930 488.0231323242 
652.1995849609 380.0405578613 640.4034423828 438.0820007324 
664.8848876953 432.1643981934 652.9913940430 496.1841735840 
633.1898193359 477.0251770020 634.9047241211 396.0191650391 
635.3272705078 452.9989013672 635.2891845703 476.0004882812 
620.1027221680 466.0144348145 617.1716308594 486.8836669922 
766.5158081055 329.8842163086 761.3234863281 351.5991210938 
724.8302001953 318.9570922852 719.6016845703 339.6466369629 
509.8299560547 415.2099609375 495.6723937988 471.1701049805 
315.0980529785 296.0113830566 316.0328979492 369.9995727539 
471.2345886230 461.1840209961 462.4582824707 520.0682983398 
498.1638183594 446.0577697754 490.1747131348 468.7089233398 
652.8688964844 471.9643249512 646.6959228516 494.6450805664 
564.1425170898 423.0191345215 560.8090209961 447.8400573730 
212.3714904785 473.9693298340 211.0064239502 501.9515380859 
158.9120941162 493.9867858887 154.4391021729 523.7655639648 
461.7595214844 496.9454956055 456.8206481934 518.7326660156 
527.5426635742 339.3226013184 522.8835449219 361.6029968262 
708.4992065430 370.9385070801 708.8684082031 403.9567565918 
679.7761840820 253.1365356445 677.9187622070 277.3012084961 
585.3745727539 320.0245361328 585.0168457031 340.0538940430 
142.9225616455 333.0414733887 145.7918243408 200.0386505127 
449.5846557617 251.0089569092 450.8262634277 169.9973297119 
312.7221984863 339.0714416504 309.6656494141 369.9669189453 
557.6964721680 283.1404724121 555.5447998047 309.1278991699 
400.1938171387 251.5065307617 403.3051757812 271.6438293457 
704.6308593750 493.8741149902 744.3342895508 377.4320373535 
723.2349853516 340.8805236816 740.2334594727 232.0364532471 
778.1359863281 284.0201721191 767.8841552734 353.1311645508 
728.3786621094 432.1292724609 707.2309570312 494.0788269043 
734.7523803711 283.1189880371 725.5846557617 341.0924682617 
641.1959838867 415.0572204590 634.8846435547 436.6743774414 
789.4691772461 202.1591491699 786.6272583008 228.3929443359 
220.8347015381 258.2187500000 226.1250762939 277.4143066406 
206.0618591309 323.6093750000 210.1589355469 355.7245788574 
637.9688110352 437.9936218262 659.5756835938 332.1174926758 
570.8969726562 323.1216735840 569.5430908203 344.2272949219 
530.6639404297 308.1346435547 529.0364990234 328.2457275391 
745.4965209961 205.1479034424 743.1087036133 229.3072509766 
735.4287719727 403.2156066895 732.5709838867 435.4057922363 
703.0296020508 498.9756469727 705.6157836914 395.8900146484 
238.1192321777 0.7639001608 240.6171722412 54.9254150391 
137.1968841553 350.2410278320 132.8739929199 389.6444396973 
51.4839286804 558.2128295898 2.4654271603 403.5355834961 
722.5183105469 380.8371582031 713.2417602539 408.7425231934 
node_id_list 677 678 679 680 681 682 683 684 685 686 687 688 689 690 691 693 694 695 696 1001 1002 1003 1004 1005 1006 1007 1008 1009 3316 3317 3318 3319 3320 3321 3322 3323 3324 3325 3326 3327 3328 3439 3440 3441 3443 3445 3446 3447 3448 3449 3450 3451 3452 3453 3454 3455 3801 3802 3841 3842 3843 3844 3846 3847 3848 3849 3936 3937 3938 3939 3940 3941 3942 4849 4850 4968 4969 4971 5394 5395 5396 5397 5398 5913 5914 5915 6365 6366 6367 6575 6576 6577 6578 6579 6580 6620 6621 6622 6623 6758 6759 6929 7127 7128 8556 8557 8595 8596 8597 8827 8858 9000 9001 9229 11711 11712 11713 11714 11790 12067 13111 13413 13489 
score_list 10.7831507116 9.7204477913 10.0208516426 9.0724161651 11.3022627532 7.7753385985 10.1152411362 14.0805290796 9.1714617434 7.2431921872 10.3429617376 10.5702743444 10.1685595327 7.4802946676 7.2507299546 14.3358979577 11.2511615032 12.4968923028 8.6642179714 13.8593863063 13.0717122659 15.9175740278 7.5885144679 13.0368159219 6.2837685666 10.7550006644 10.5635732838 9.8079763777 14.6000127817 10.7098249642 9.1458928640 13.6244614778 10.3892991182 9.8582677906 13.6011834288 14.1068200603 14.7076496278 10.4625797727 11.6049510785 10.3375379976 12.8935490441 14.5800694311 9.2433904322 13.1287356371 10.4745164240 10.1463232287 12.8399637612 12.0448673269 11.5311556615 11.8286979851 11.0739053053 9.9893867666 15.1787717448 10.8088453778 8.6048384647 9.4065087343 14.7353014788 12.8121496789 13.6302199508 12.8120462157 9.3167297819 12.0122579825 10.2857590406 10.4408771900 13.3348082043 12.6012325150 5.4190996890 13.2594270441 11.3347871687 14.8288636252 6.4880037773 11.7107137182 4.8377084970 7.8709555083 9.2166959082 5.8903541024 5.0182669994 4.4972995422 10.8312729783 11.2381600017 14.5192019915 5.6461040970 8.7845446411 8.4437527558 4.8894372446 5.2250110038 14.2933505103 13.5719824674 14.1800825520 9.4457376414 11.4974222162 12.4514120025 11.9933301401 8.9041044695 12.8039319251 4.7401431933 6.2287012114 5.7712600792 4.7118413268 6.4550837886 10.8576360164 11.7972815142 5.3069769821 7.0297172664 1.6487955371 3.5018193331 8.8196004030 7.3403908986 8.0771592665 7.3449969901 0.7195128098 3.0626151827 7.2371591967 4.9000295088 4.6831063513 3.9562024945 1.7797204401 1.9619667889 8.8605247755 3.4504391925 3.1047679174 8.0116578724 5.5464739026 
line3d_list
0.0922793165 -1.0523984939 0.1051767812 0.0453211364 -1.0144596457 0.8234456351 
0.0918323338 -1.0521998086 0.1089358005 0.0454552504 -1.0149517171 0.8141235880 
0.0886983108 -1.0511610042 0.0981584034 0.0599639387 -1.0222879904 0.7118119722 
0.0853192651 -1.0337949986 0.3381165171 0.0804063549 -1.0537912931 0.1021196060 
0.0852547389 -1.0442590364 0.2172007024 0.0587986754 -1.0128309100 0.8235451102 
0.0572287651 -1.0235536267 0.8195441671 0.0586227442 -1.0249313824 0.7130793881 
0.0736239284 -1.0345899072 0.4174115620 0.0816019453 -1.0521270683 0.1056188246 
0.0800546848 -1.0337280570 0.4297319635 0.0936200848 -1.0502571550 0.1099449473 
0.0885312014 -1.0511589963 0.0989245778 0.0555157556 -1.0193016736 0.7817503446 
0.0853422237 -1.0441891620 0.2429702523 0.0827490110 -1.0536678082 0.0982256695 
0.0679944786 -1.0342757303 0.4162459644 0.0845916942 -1.0522079586 0.1034088536 
0.0677139312 -1.0334569882 0.4637684545 0.0896395664 -1.0522880307 0.1072364025 
0.0849804231 -1.0421510557 0.2851631885 0.0548261891 -1.0144247125 0.8181601340 
0.0700180468 -1.0368560561 0.4134128945 0.0877425786 -1.0406764359 0.2883401192 
0.0856286466 -1.0451555485 0.2282866759 0.0842363650 -1.0534233683 0.1004135460 
0.0873598314 -1.0352503899 0.3449579937 0.0817563093 -1.0525680200 0.1027174578 
0.0899881321 -1.0379056252 0.3406665942 0.0829529812 -1.0521505994 0.1054522403 
0.0795199066 -1.0449839487 0.2455056522 0.0557984054 -1.0143994234 0.8247194124 
0.0867415766 -1.0500248854 0.0973642698 0.0411573412 -1.0109530166 0.8187723652 
0.0636896680 -1.0376149695 0.3628545316 0.0585400232 -1.0536908611 0.0955733291 
0.0657999543 -1.0386113047 0.3660804642 0.0599717391 -1.0529776390 0.0937940152 
0.0665188145 -1.0530248429 0.0948093636 0.0687526641 -1.0472474927 0.1877095756 
0.0661116363 -1.0335397242 0.1216078727 0.0517221321 -1.0193336314 0.8219032557 
0.0651515876 -1.0595642686 0.0952072491 0.0693677301 -1.0505181711 0.2217254382 
0.0768042604 -1.0644329814 0.1022373549 0.0835104794 -1.0434577715 0.4235710304 
0.0518446414 -1.0624216170 0.0895500943 0.0575248246 -1.0543574867 0.1880262018 
0.0687601375 -1.0408947453 0.3639709120 0.0513715241 -1.0610517204 0.0933857766 
0.0682423953 -1.0527802421 0.0976390229 0.0599531775 -1.0145566450 0.8217930020 
0.0926244240 -1.0347056638 0.3448128750 0.0800554216 -1.0516054449 0.1068602164 
0.0978272979 -1.0307904071 0.3652456323 0.0775326418 -1.0535952427 0.1065016266 
0.0738877095 -1.0554152224 0.0981194397 0.0716021331 -1.0168939092 0.7793977996 
0.0903603643 -1.0353284436 0.3572698418 0.0784570005 -1.0533390189 0.0985646305 
0.0895470116 -1.0375711214 0.3567707975 0.0791370103 -1.0524334186 0.1015377403 
0.0941463172 -1.0306243133 0.4749629766 0.0808390579 -1.0528304567 0.1029437429 
0.0886323223 -1.0324563345 0.4077488172 0.0814881404 -1.0512657924 0.1051296568 
0.0894714541 -1.0350388378 0.3482083831 0.0791580756 -1.0529437471 0.1021174447 
0.0837256444 -1.0329576078 0.4257129083 0.0780771826 -1.0525099352 0.1013299708 
0.0942809681 -1.0339526568 0.3467632265 0.0779291459 -1.0532306850 0.1023363851 
0.0871969913 -1.0322116987 0.4201189981 0.0807740570 -1.0513345445 0.1078203948 
0.0694167563 -1.0338633019 0.4698518716 0.0729567843 -1.0551869426 0.0994468946 
0.0833826577 -1.0335587124 0.4166748270 0.0770057084 -1.0526944594 0.1038878297 
0.0644494901 -1.0459994215 0.3539072637 0.1085399458 -1.0763231485 0.1218093797 
0.0776508080 -1.0638032676 0.2295316106 0.0886462931 -1.0803249586 0.1105124349 
0.0925372679 -1.0604944757 0.2255716841 0.1006758406 -1.0729406810 0.1205735219 
0.0823138570 -1.0615434241 0.2363723379 0.0949081074 -1.0768023276 0.1119703755 
0.0850775653 -1.0627256498 0.2178553675 0.0949944412 -1.0755950615 0.1184550248 
0.0855369344 -1.0633217862 0.2132509484 0.0940853954 -1.0744153669 0.1275667122 
0.0960444143 -1.0617465295 0.2431244379 0.0972977117 -1.0778908585 0.1150680378 
0.0703446653 -1.0521346730 0.3151904306 0.0989333392 -1.0784373212 0.1162805816 
0.0866477417 -1.0545850665 0.2934315610 0.0957208297 -1.0781445107 0.1152770032 
0.0867178905 -1.0619607860 0.2373812464 0.0914578198 -1.0783948033 0.1107765585 
0.0849532773 -1.0618727762 0.2410940829 0.0875467966 -1.0795597222 0.1092129523 
0.1197516645 -1.0745037065 0.1336233224 0.1041983358 -1.0620513053 0.2223979383 
0.0571906947 -1.0427424263 0.3617140684 0.1211277962 -1.0752284230 0.1303084275 
0.0876116426 -1.0626936295 0.2213798935 0.0923122680 -1.0769868998 0.1140143124 
0.0900203460 -1.0612361651 0.2368363726 0.0927641894 -1.0781045868 0.1105867573 
0.0836142779 -1.0288886453 0.4966758278 0.0832668646 -1.0520739707 0.1065360140 
0.0750603400 -1.0303619811 0.5220380826 0.0910839521 -1.0505197180 0.1136992325 
0.0733596210 -1.0435657817 0.3855829345 0.0874639767 -1.0740233608 0.1091042217 
0.0901522297 -1.0598948335 0.2392746200 0.1008472388 -1.0756965660 0.1200908835 
0.0836492538 -1.0637948234 0.2164409884 0.0897010994 -1.0754668339 0.1206513128 
0.0724228203 -1.0470413668 0.3391727919 0.0926067147 -1.0759235830 0.1167332306 
0.0772892666 -1.0465529727 0.3535711296 0.0913365577 -1.0755470604 0.1172929891 
0.0753505097 -1.0558682004 0.2868493970 0.0838125647 -1.0801917571 0.1049314142 
0.0710446297 -1.0494157610 0.3352999476 0.0928144455 -1.0760166675 0.1184374619 
0.0714061299 -1.0431588944 0.3789752237 0.0851258230 -1.0729892460 0.1076403743 
0.0640121279 -1.0251641121 0.7030419231 0.0793164852 -1.0526879227 0.0979876558 
0.0776255883 -1.0315118786 0.4566697790 0.0699681989 -1.0450293555 0.2587742439 
0.0786972319 -1.0330436436 0.4285783464 0.0710645571 -1.0417600893 0.3088439905 
0.0744254619 -1.0323046768 0.5065944969 0.0829079198 -1.0535388173 0.0994787477 
0.0746532294 -1.0242313800 0.7107748631 0.0717210468 -1.0329644488 0.5176479178 
0.0767107716 -1.0306478748 0.5212734953 0.0899195477 -1.0504981311 0.1100843171 
0.0737180964 -1.0246252355 0.6978985400 0.0727709451 -1.0313963411 0.5247736372 
0.1363409696 -1.0406384892 0.3478868328 0.1361716820 -1.0694218487 0.1310735808 
0.1317028341 -1.0490667359 0.1239626632 0.1194749222 -1.0150212080 0.6977467482 
0.0347392396 -1.0247028840 0.8252889156 0.0167361691 -1.0243656875 0.6907919448 
0.0460602762 -1.0237082500 0.8326796639 0.0367031080 -1.0279380091 0.6943825608 
0.0485191067 -1.0252797838 0.8364863078 0.0362847325 -1.0251918281 0.7044517440 
0.1100381216 -1.0235719699 0.4511723991 0.0647815727 -1.0568030661 0.0966376827 
0.0890863345 -1.0296204410 0.4395918323 0.0858164799 -1.0512558575 0.1085476229 
0.0897041232 -1.0302576179 0.4418169768 0.0722009674 -1.0543127758 0.1009760570 
0.1114095840 -1.0357149349 0.3441486843 0.1240626515 -1.0119481010 0.7288385110 
0.0959107407 -1.0283787941 0.4542981105 0.0770806431 -1.0389094147 0.3377182466 
0.1149989660 -1.0545839697 0.2434875741 0.0892495738 -1.0785340474 0.1070045915 
0.0913892900 -1.0626686648 0.2259657921 0.0914799647 -1.0782359016 0.1097754464 
0.0931884681 -1.0615167569 0.2343261555 0.0987771006 -1.0772661811 0.1160539444 
0.0776607017 -1.0332394897 0.4232180180 0.0579732569 -1.0586735467 0.0933576625 
0.0858645288 -1.0300109984 0.4762991226 0.0721573614 -1.0529027522 0.0998876798 
0.0901037495 -1.0294550509 0.4219711689 0.0804372125 -1.0527180994 0.1065452471 
0.0946936896 -1.0595222593 0.2490133877 0.1051278739 -1.0767683346 0.1189351538 
0.0907117510 -1.0627493977 0.2324493819 0.0934472261 -1.0784372257 0.1111026425 
0.0815829428 -1.0609691432 0.2534817148 0.0849198401 -1.0802331363 0.1089478473 
0.0903051124 -1.0610903985 0.2300440750 0.1033621044 -1.0761048492 0.1177381293 
0.0931864929 -1.0604335358 0.2450632888 0.1040615878 -1.0767728521 0.1204191239 
0.0956756192 -1.0620194805 0.2302476182 0.0988104907 -1.0776157488 0.1134407311 
0.0391869869 -1.0249042751 0.8245331996 0.0464044770 -1.0256330232 0.7076305870 
0.0269725255 -1.0296181760 0.8210998319 0.0622215195 -1.0171582497 0.6980004609 
0.0508880176 -1.0219408522 0.8265083935 0.0580757160 -1.0198185969 0.7221953822 
0.0500518310 -1.0235596473 0.8190944253 0.0422709509 -1.0229211532 0.7194121691 
0.1103479358 -1.0544068398 0.1223935158 0.1338869303 -1.0111667909 0.7420898249 
0.1115968489 -1.0401719743 0.2709786175 0.1141575562 -1.0144468545 0.7034698046 
0.0753513198 -1.0564952355 0.2608580029 0.0967992311 -1.0762001666 0.1148677342 
0.0730539611 -1.0222462810 0.8309881225 0.0541616882 -1.0251550229 0.7052549205 
0.0636746895 -1.0224641138 0.8177127328 0.0598133540 -1.0229858231 0.7169488072 
0.1337766870 -1.0473136137 0.1241337293 0.1235228644 -1.0122864856 0.7290852122 
0.1307729302 -1.0488597039 0.1280792347 0.1230376785 -1.0140953390 0.7104944070 
0.0722520281 -1.0340494214 0.4512007571 0.0552484203 -1.0600324081 0.0891997822 
0.0799755450 -1.0322561673 0.4407825586 0.0827958485 -1.0522503684 0.1070094242 
0.0776435091 -1.0329874063 0.4303613374 0.0825343331 -1.0522422059 0.1073366098 
0.0867689973 -1.0621379806 0.2360161710 0.0914970073 -1.0785306720 0.1097298503 
0.0400809045 -1.0230888502 0.8190785303 0.0483818743 -1.0238727114 0.7042686962 
0.0820143242 -1.0238505739 0.8337228138 0.0632659784 -1.0210378516 0.7220815398 
0.0825112677 -1.0201311754 0.8386189344 0.0669294749 -1.0222027648 0.7074350086 
0.1047751095 -1.0579224108 0.1139573546 0.0790378314 -1.0276565358 0.6927967033 
0.0611854661 -1.0205750264 0.8144860361 0.0287572425 -1.0271219225 0.6888732190 
0.0603631690 -1.0178411750 0.8172752770 0.0301374049 -1.0286349632 0.7042635107 
0.0651589709 -1.0181106876 0.8296413319 0.0246805999 -1.0314523952 0.6971639973 
0.0616182306 -1.0211080134 0.8399743932 0.0517022957 -1.0202976352 0.7130637354 
0.1198195477 -1.0318703250 0.3275462940 0.0958452531 -1.0109329267 0.7387719972 
0.0599590465 -1.0149219589 0.8248210629 0.0758681227 -1.0225743590 0.7045119852 
-0.0078772083 -1.0172012006 0.7945632937 0.0223064569 -1.0327337906 0.6890172835 
0.1189691043 -1.0743413992 0.1364928715 0.0455448088 -1.0094522976 0.6163369736 
0.0838338854 -1.0134693719 0.8223012135 0.0091220468 -1.0358683739 0.6784459907 
END
