0.5721817373 -0.4134048305 -0.0003333957 1.2878617950 -0.4124925161 0.0010683537 
22 22
image_id_list 0 1 4 8 12 17 32 39 66 79 85 90 93 9 37 76 86 11 15 19 18 47 
line_id_list 289 159 79 269 235 270 298 301 247 228 301 281 113 253 222 238 243 257 142 237 330 84 
line2d_list
391.1239929199 583.8436889648 286.7550048828 501.0482482910 
554.0610961914 572.8952636719 417.4659118652 493.2014465332 
799.2939453125 376.6536865234 588.1010131836 350.1938476562 
543.0442504883 599.2111206055 540.3771972656 587.1375732422 
583.9605712891 415.1802978516 495.1069335938 311.0554199219 
420.9009704590 495.5548706055 381.4808349609 415.7624511719 
751.3906250000 599.3048706055 708.9666748047 514.5162963867 
542.3570556641 599.2178955078 537.5862426758 585.1401977539 
343.7123413086 379.1774597168 214.4948883057 267.2738037109 
731.0651855469 599.3810424805 701.8294067383 527.6619262695 
636.2874145508 556.8458862305 574.5443725586 441.7080688477 
625.0337524414 600.7074584961 588.8947753906 559.0913696289 
568.0281982422 446.8782653809 412.9990234375 411.0042724609 
708.1013793945 599.6196289062 723.4868164062 572.2739257812 
674.9846191406 599.1751708984 662.1235351562 524.6336059570 
695.8518066406 599.1282958984 688.8874511719 536.7891235352 
734.5377807617 599.0790405273 728.8287353516 565.6873168945 
254.1695556641 588.3569335938 260.5486450195 549.5838623047 
483.5847778320 462.8570251465 521.0886840820 393.5071716309 
718.8344726562 599.8804931641 737.8085937500 560.3480224609 
463.4533691406 599.0324096680 460.2971496582 545.8045043945 
577.7331542969 528.4596557617 392.1585693359 420.7268676758 
node_id_list 1463 1464 1465 1466 1467 1468 1469 1470 1471 1472 1473 1474 1475 5140 5141 5142 5143 7024 8646 8647 9224 12090 
score_list 7.9548403852 6.3006926457 4.1448423668 5.3020088146 8.5959463138 7.3848160081 4.0389655285 4.3212222090 5.7775078265 6.1886131736 6.5676119865 10.2933348139 5.9918886693 3.7064877451 3.8471811309 4.9516155596 4.0935560259 1.8846748374 2.4774211767 2.8389422661 2.4143330715 2.6216732107 
line3d_list
1.2870295131 -0.4120805716 0.0012333623 0.5797463386 -0.4133904973 -0.0000596930 
1.2865103113 -0.4065775672 -0.0091905883 0.5740815712 -0.4131968638 -0.0045965828 
1.2552216119 -0.4131867465 0.0040425070 0.5673641630 -0.4087506106 -0.0128486141 
0.6682418967 -0.4125300945 -0.0047695351 0.5643473339 -0.4122852895 -0.0066247525 
1.2835783314 -0.4139786404 -0.0011343521 0.5826670772 -0.4126509436 0.0016387003 
1.2823586116 -0.4122262234 -0.0003818018 0.5846651928 -0.4130503305 0.0004683268 
1.2565664867 -0.4139949174 0.0064518327 0.6093348867 -0.4211425329 0.0151553746 
0.6781293481 -0.4109181482 -0.0094151882 0.5749221568 -0.4125506175 -0.0028816616 
1.2840937279 -0.4124586691 -0.0047189245 0.5721908503 -0.4084249566 -0.0082272585 
0.9415721381 -0.4116569827 -0.0011216894 0.5864381301 -0.4165662840 0.0046480097 
1.2779545007 -0.4109661254 -0.0018804760 0.5817166722 -0.4139832072 0.0015766743 
0.7995349318 -0.4127965289 0.0002065114 0.5801439269 -0.4130556709 0.0004738359 
1.2878702778 -0.4097951026 -0.0050181990 0.5761305580 -0.4110149389 -0.0065886546 
0.8814115209 -0.4179155855 0.0110264157 0.5830682612 -0.4154187753 0.0027872792 
1.0752849449 -0.4101412611 -0.0055370638 0.5773951078 -0.4127308350 -0.0018819967 
0.9680245347 -0.4150357821 0.0092699837 0.6006956699 -0.4161847235 0.0124357652 
0.8018776460 -0.4169870044 0.0094734838 0.5926738635 -0.4143351539 0.0059009490 
1.2884351527 -0.4143280541 0.0076279180 1.1429209157 -0.4146375948 0.0083285254 
1.2877690190 -0.4134963287 0.0039105450 0.8448223285 -0.4168775531 0.0173627864 
1.0101271623 -0.4167699099 0.0095039024 0.7214939449 -0.4189468290 0.0183344809 
1.1871172696 -0.4114405117 -0.0012083371 0.9928024003 -0.4189029279 0.0178823724 
1.3002702447 -0.4452719830 0.0202488436 0.5806457699 -0.4181064299 -0.0008583135 
END
