0.0660399691 -1.0418288767 0.8781008276 0.0107965138 -1.1060316399 0.8883099944 
3 3
image_id_list 18 42 59 
line_id_list 277 109 183 
line2d_list
309.1479187012 204.7003631592 283.8767700195 192.2240600586 
424.6779785156 290.9581298828 386.1928405762 259.3316040039 
125.3250503540 328.9580993652 85.1770248413 316.4325866699 
node_id_list 9196 9197 12230 
score_list 1.3462152624 4.2964412615 1.5166021655 
line3d_list
0.0768195144 -1.0292218542 0.8760267924 -0.0359778385 -1.1540944913 0.8904441842 
0.1133828665 -0.9868079732 0.8693517092 0.0107965138 -1.1060316399 0.8883099944 
0.0681495427 -1.0430949274 0.8815542123 -0.0232081798 -1.1465249052 0.8956007748 
END
