3.7944831556 -0.8782608420 1.2413895210 3.7898910523 -0.6113947668 1.2426086200 
6 6
image_id_list 24 27 29 25 26 70 
line_id_list 43 313 96 38 23 45 
line2d_list
799.3005371094 60.1053276062 634.8388671875 34.0157203674 
577.9703979492 198.7299804688 557.9913940430 200.9214172363 
533.9894409180 137.2502136230 475.9662170410 134.8003387451 
424.0001525879 251.0014343262 340.9998474121 251.0146636963 
370.1055908203 194.9888458252 324.8739318848 199.8194274902 
279.0370178223 53.0820541382 204.9526672363 55.6159515381 
node_id_list 10439 10440 10441 10603 10604 10605 
score_list 3.0746904868 3.3326907324 3.4188335111 4.3278674759 3.4619268539 4.2005649950 
line3d_list
3.7926429699 -0.8523477721 1.2418699146 3.7905586976 -0.6022327138 1.2424633963 
3.7858093471 -0.7226598820 1.2436072285 3.7915264775 -0.6211873529 1.2422171797 
3.7958748063 -0.8701066438 1.2412974351 3.7881155320 -0.6114195244 1.2428749234 
3.7806414656 -0.8947181892 1.2438940408 3.7751145966 -0.6158109452 1.2451066156 
3.7878570883 -0.8783783509 1.2421536508 3.7773358511 -0.6206199205 1.2451124737 
3.7805642750 -0.8908228529 1.2439109761 3.7750323793 -0.6116619415 1.2451246538 
END
