1.2222343842 -2.0381555764 0.4363205387 1.2373085773 -1.9146366846 0.4809338694 
6 6
image_id_list 32 85 86 49 76 79 
line_id_list 251 214 156 145 184 152 
line2d_list
318.9327392578 475.7347106934 365.9520874023 463.8110351562 
132.6294097900 523.4144287109 160.4586486816 511.0307006836 
273.1628112793 492.0120239258 300.9269104004 487.5456848145 
242.8842620850 581.6409301758 269.9999084473 588.1598510742 
217.9000549316 438.3719787598 263.8502502441 431.0590209961 
212.1367340088 478.9893798828 243.0981903076 474.7105407715 
node_id_list 11757 11758 11759 12759 12760 12761 
score_list 2.5099911892 3.5371084050 4.5620257393 3.9157087986 2.6655350178 5.4538340452 
line3d_list
1.2444481969 -2.0939541375 0.4317803746 1.2409344445 -1.8892751250 0.4903852147 
1.2318571183 -2.0327481613 0.4425542988 1.2389767092 -1.9300811403 0.4771463710 
1.2316167435 -2.0362144517 0.4413863857 1.2399958273 -1.9153850952 0.4820979772 
1.2218649185 -2.0379394089 0.4358468826 1.2235892535 -1.9817781185 0.4548160170 
1.2177631986 -2.0556161092 0.4290369957 1.2442228916 -1.8530636951 0.5030522071 
1.2200264493 -2.0359986236 0.4357683616 1.2404887942 -1.9303470333 0.4781124077 
END
