3.6960197179 -0.8904399086 0.5302384958 3.6951216936 -0.6524297892 0.5311635744 
3 3
image_id_list 25 29 69 
line_id_list 249 131 203 
line2d_list
360.9646301270 462.3573303223 437.2073364258 469.9059753418 
525.0767211914 295.2270812988 468.9350891113 289.6537475586 
469.2075500488 377.2229003906 420.9133300781 364.3244628906 
node_id_list 10733 10734 10735 
score_list 4.4832962079 3.8669996166 5.4939103909 
line3d_list
3.6989112249 -0.6523996829 0.5270963185 3.7012244167 -0.9204842881 0.5265982431 
3.6968411885 -0.8904574995 0.5355618248 3.6975282526 -0.6262562022 0.5351573723 
3.6960458849 -0.8973751250 0.5302115405 3.6950519945 -0.6339569313 0.5312353732 
END
