3.6895023325 -1.5195289409 1.0269318360 3.6673214654 -1.4773203564 1.0327762769 
3 3
image_id_list 25 29 70 
line_id_list 163 305 65 
line2d_list
633.0030517578 333.4318847656 605.0031127930 333.3986511230 
691.1469116211 199.7296600342 676.1165771484 197.9916381836 
449.9788818359 112.4604263306 430.9824523926 112.7211380005 
node_id_list 10700 10701 11475 
score_list 2.2205800875 1.8216153134 1.6162968164 
line3d_list
3.6895023325 -1.5195289409 1.0269318360 3.6504826032 -1.4452772209 1.0372131519 
3.6952575061 -1.5413041548 1.0245704913 3.6637214384 -1.4793631458 1.0338664628 
3.6870001238 -1.5250855636 1.0270045421 3.6507997704 -1.4539832804 1.0376754177 
END
