0.0059612123 -0.1909594084 0.0006075600 0.1940692116 -0.0102304954 0.0080878668 
5 4
image_id_list 42 65 65 66 92 
line_id_list 128 124 123 197 146 
line2d_list
756.9512939453 547.0622558594 799.0139770508 579.9821166992 
545.4273681641 283.4620361328 611.7026367188 336.1155700684 
610.5300292969 338.5834045410 544.6118774414 285.4817810059 
197.9912719727 172.6754608154 233.9921264648 171.7073516846 
495.0924377441 567.7276611328 581.3388671875 597.0017089844 
node_id_list 12237 12238 13246 13247 13248 
score_list 0.9966009096 2.9064213759 2.5026393101 0.9952048414 2.9413541890 
line3d_list
0.0070392695 -0.1956178077 0.0053625125 0.0923101833 -0.1088576637 0.0049868344 
0.0060980486 -0.1935461482 0.0025916179 0.1938128739 -0.0090574053 0.0070414846 
0.2013476799 -0.0122746104 0.0044552387 0.0130460482 -0.1957161888 0.0004694000 
0.0575098233 -0.1408609602 0.0027169214 0.1668519559 -0.0359204123 0.0065876166 
0.0056431806 -0.1906397031 0.0008808499 0.1938646764 -0.0099950930 0.0075438629 
END
