1.5585860134 -2.9966766055 0.0048709686 2.9783666245 -2.9996555435 0.0026530484 
31 31
image_id_list 9 38 98 13 14 19 23 30 34 48 52 55 57 60 73 78 80 82 83 16 51 21 33 54 91 94 63 31 53 88 72 
line_id_list 60 117 104 53 38 70 35 180 54 99 294 159 51 34 100 36 42 45 62 46 34 68 84 63 35 128 63 100 76 98 82 
line2d_list
193.0131378174 519.0303955078 74.5299987793 570.2265625000 
163.8837280273 578.7792968750 124.3260345459 599.6188964844 
74.8053207397 568.5418701172 15.3195571899 599.6118164062 
523.9864501953 437.8021850586 260.9203491211 455.8384704590 
370.9425048828 362.8660278320 226.5025024414 424.8405151367 
174.2375183105 440.5960998535 0.8704310060 509.6748352051 
428.0711669922 245.3677978516 255.7493591309 278.7044372559 
799.4185180664 556.9219360352 532.8305664062 453.4364624023 
388.8787231445 293.5697021484 143.6311187744 362.6911621094 
591.7702026367 544.7821044922 283.9072875977 454.3154907227 
683.9890136719 541.0332031250 487.6788635254 475.9689025879 
711.1026611328 541.4957275391 458.9671020508 490.1615905762 
231.0183105469 415.0997314453 19.7947788239 453.8822937012 
388.9527893066 490.7023315430 100.9006881714 536.3736572266 
428.3739013672 286.5582580566 223.8649749756 233.5206756592 
511.0705871582 504.3531799316 258.7548217773 554.7730102539 
257.1304626465 478.2156677246 0.9681949019 505.7036132812 
271.3097229004 377.6320495605 125.5394592285 449.0601196289 
514.0889282227 500.4632873535 248.9138488770 516.5827026367 
269.5126647949 404.8775939941 33.3283081055 542.8501586914 
211.1724243164 522.7351684570 22.9443683624 541.4401855469 
308.0925292969 343.2849426270 0.9567834139 365.3998107910 
160.9619598389 562.9025268555 66.3280105591 599.8403320312 
636.0402832031 508.0224304199 324.9914245605 495.2083435059 
171.9253234863 174.4412078857 0.9345146418 182.6331176758 
643.2961425781 232.7198181152 486.5553588867 79.4547195435 
301.1085815430 130.9864501953 93.9156494141 108.7872695923 
122.0617980957 566.1414794922 44.4530029297 600.0372314453 
168.0698394775 526.8565673828 0.9301763773 533.1437988281 
60.9472885132 516.3679199219 0.8647829890 521.3786010742 
407.5609741211 38.7623748779 341.2452087402 0.5741628408 
node_id_list 5439 5440 5441 7647 7648 7649 7650 7651 7652 7653 7654 7655 7656 7657 7658 7659 7660 7661 7662 8220 8221 8744 8745 9627 9628 9629 11628 11676 11980 11981 13198 
score_list 3.4653709088 8.6552281036 5.9741882319 10.9168934594 7.0988664190 5.4873213184 8.0528667729 8.1386702422 7.6317803388 12.2080649452 11.3032865392 9.5872705743 4.8584399370 11.1780701305 15.4309215333 11.1351597837 8.7370703468 7.9493072171 8.2521288286 7.9691569188 6.8884988965 8.2295563616 7.5288568225 11.5736320120 6.1277770832 9.5381353046 10.6501130382 6.7607114234 5.6056870576 6.6187264024 4.9919532102 
line3d_list
1.5644481968 -3.0031907033 0.0020077964 2.2784635228 -2.9703802247 0.0201068297 
1.5986424688 -3.0002010158 0.0041170293 1.7663238738 -2.9939548693 0.0070892765 
1.5968779092 -3.0050228547 0.0011209766 1.8421797825 -2.9792481174 0.0147983576 
1.5599975651 -2.9918584768 0.0083894324 2.7877076621 -2.9926128764 0.0065925099 
1.5667163548 -2.9915751777 0.0085557965 2.4316573322 -2.9795166294 0.0150077382 
1.5589470122 -3.0101233218 -0.0017981041 2.4342145123 -2.9956518895 0.0061295306 
1.5807185216 -2.9984928839 0.0055397708 2.6186199224 -2.9972392682 0.0048623293 
1.8618602706 -2.9996353523 0.0014241031 2.9737736038 -2.9985110391 0.0036095512 
1.5763728659 -2.9996129306 0.0048363000 2.9335679604 -2.9987753652 0.0034425148 
1.6010853675 -2.9895147421 0.0087975676 2.9718870277 -3.0086129172 -0.0031842706 
1.7691087277 -3.0071999800 -0.0018375475 2.9603040151 -2.9934514879 0.0066112903 
1.6339302547 -2.9831832840 0.0112785661 2.9783402094 -3.0089838671 -0.0017272264 
1.5585490561 -3.0100482355 -0.0008271991 2.5928748080 -3.0065940816 -0.0002684657 
1.5661268485 -3.0026665205 0.0025119069 2.9719627295 -3.0079088733 -0.0012336700 
2.0254796261 -2.9994227130 0.0026232374 2.9766699416 -3.0029187989 0.0003279199 
1.5634162876 -2.9963574254 0.0053747614 2.6897895697 -2.9991026888 0.0030333684 
1.5579885965 -2.9932255959 0.0067998551 2.4471061341 -2.9892241800 0.0077480886 
1.5729657221 -3.0067010807 0.0006761880 2.4537551694 -3.0116089596 -0.0024064790 
1.6047395810 -2.9755161809 0.0170014256 2.9563492373 -2.9903839653 0.0076615885 
1.5555119990 -3.0027766220 0.0028614464 2.7753386847 -3.0002200758 0.0027515458 
1.6297560409 -2.9942785940 0.0055810626 2.3258714973 -2.9950629076 0.0049994419 
1.5975070639 -3.0135825808 -0.0040444780 2.9879779190 -3.0017469804 0.0014826249 
1.5977410817 -2.9872179268 0.0114326631 2.0198877776 -3.0151280606 -0.0049270335 
1.5709155041 -2.9977519693 0.0037201461 2.9737633233 -3.0029081157 0.0003349339 
1.6250473645 -3.0171399777 -0.0058274494 2.2221667860 -3.0021972786 0.0014671091 
2.0493645151 -2.9981863224 0.0033825300 2.9823322465 -2.9993926888 0.0025024677 
1.8278026526 -3.0075708123 -0.0023748135 2.9582940734 -2.9870564421 0.0101165989 
1.5705059561 -2.9793627319 0.0152121134 1.9226562224 -3.0083655712 -0.0010086720 
1.5937263439 -2.9837890982 0.0110430711 2.1879860270 -2.9733477772 0.0151979472 
1.5963605491 -3.0123282493 -0.0034181454 1.7879490327 -2.9876609241 0.0088406308 
1.9242744299 -3.0076477624 -0.0023478926 2.3021570426 -3.0006032466 0.0005085066 
END
