0.0024760029 -2.6885059266 0.8337069358 0.0049038293 -2.6269745531 0.8334294377 
4 4
image_id_list 7 49 77 91 
line_id_list 106 89 126 81 
line2d_list
387.9064331055 35.4840469360 372.8877563477 32.5806427002 
331.7778015137 202.6619720459 315.5878906250 197.2278137207 
574.7973022461 293.0015869141 560.7648925781 290.1619262695 
699.3046264648 12.5121946335 691.2382202148 1.5611319542 
node_id_list 4401 4402 4403 4404 
score_list 1.7725677922 3.0278658138 1.6814761100 2.9259413285 
line3d_list
0.0005409848 -2.6313953525 0.8322820041 0.0029160586 -2.6915403004 0.8338536304 
0.0121947080 -2.6247118684 0.8353959480 0.0072183504 -2.6924545722 0.8351496670 
0.0139218893 -2.6228054825 0.8361573964 0.0155305024 -2.6833437160 0.8388161720 
0.0048796267 -2.6269733436 0.8334858900 0.0025695395 -2.6885089712 0.8338501813 
END
