-0.0121159831 -1.1804571471 1.4986176003 0.0062347788 -1.1154256952 1.4986684802 
5 5
image_id_list 16 33 81 86 96 
line_id_list 60 63 15 142 100 
line2d_list
781.0557861328 33.9350738525 764.0567016602 34.9495964050 
682.1640625000 199.5752105713 667.1189575195 201.1421356201 
746.1657104492 70.3811492920 729.1703491211 72.4199752808 
569.9967651367 170.4069061279 555.9896240234 170.2947540283 
733.8782958984 215.1634216309 714.8770141602 213.1756591797 
node_id_list 8756 8757 8758 11799 11800 
score_list 0.9469933291 1.8321218324 3.2523188708 2.5436172973 2.8521345506 
line3d_list
-0.0109501409 -1.1158851918 1.4973609818 -0.0224331363 -1.1832906774 1.4976225570 
0.0122172787 -1.1061652018 1.4987578940 -0.0116590562 -1.1833092475 1.4987669408 
0.0021545238 -1.1142737041 1.4978849857 -0.0191026240 -1.1774960397 1.4976969189 
-0.0032024990 -1.1138711057 1.4988367719 -0.0210498638 -1.1777145202 1.4988328190 
0.0108729866 -1.1105085877 1.4987584034 -0.0108839587 -1.1808049199 1.4987666471 
END
