1.5877161018 -2.9560202131 0.4377270699 1.5151790035 -2.7599678705 0.3762523450 
10 10
image_id_list 19 38 57 86 20 81 97 31 98 84 
line_id_list 186 112 175 138 163 106 124 164 165 188 
line2d_list
194.9816741943 378.0397949219 173.4752807617 368.1398925781 
246.4198760986 527.6793212891 173.0048980713 484.3829956055 
255.9978790283 353.0031433105 241.0438995361 342.9348144531 
60.9774932861 520.1114501953 3.6882555485 508.5439453125 
164.3549041748 465.4921569824 117.1068801880 445.0658874512 
245.9102325439 461.5580444336 207.7710571289 455.4233703613 
384.8495788574 467.2862548828 366.2145690918 457.4948425293 
138.6078796387 492.9950561523 117.3607482910 484.6221923828 
121.5313949585 480.0027465820 87.4887466431 464.0940246582 
121.4573364258 435.6964721680 80.4906921387 422.5921936035 
node_id_list 9302 9303 9304 9305 9484 9485 9486 11687 13029 13501 
score_list 4.3377563455 6.5466627083 2.9934274274 3.0625215548 5.7020778535 3.1764872846 4.2727868252 3.7961759534 3.4477834465 4.4123077684 
line3d_list
1.5415945331 -2.8211503504 0.3989721892 1.5817555389 -2.9410972240 0.4322502457 
1.4766035278 -2.6507063991 0.3437731723 1.5867180948 -2.9436026585 0.4370631241 
1.5418228552 -2.8562922918 0.4000027163 1.5700901362 -2.9609874011 0.4241758509 
1.5171787374 -2.7586333286 0.3781488180 1.5863564183 -2.9426406266 0.4367567088 
1.4957949552 -2.7480036892 0.3603861345 1.5746072945 -2.9574129438 0.4281220906 
1.5387833998 -2.8287935400 0.3957301575 1.5889077976 -2.9561980898 0.4385329637 
1.5399010891 -2.8611569921 0.3983101161 1.5706889423 -2.9663205975 0.4246751421 
1.5419532058 -2.8134655174 0.3997676432 1.5786469829 -2.9309765357 0.4297220471 
1.5472926321 -2.8023688233 0.4010896045 1.5627074356 -2.9709359378 0.4196675065 
1.5536492127 -2.7622771494 0.4057877996 1.5580599154 -2.9770152098 0.4161838152 
END
