3.7189331003 -0.2544732503 0.0628814692 3.9417710233 -0.3367610365 -0.0299726257 
7 7
image_id_list 25 26 27 28 29 70 71 
line_id_list 215 263 218 304 279 182 157 
line2d_list
317.6482543945 549.5442504883 291.9410095215 555.7558593750 
327.9920959473 397.9302978516 302.9740295410 400.7713317871 
535.2022705078 411.3842773438 502.0338134766 416.2314453125 
411.0644531250 339.4241638184 386.0346679688 343.2281188965 
425.0303649902 368.9229736328 389.9454650879 367.9334411621 
205.9798126221 322.9204101562 182.9404754639 328.7653808594 
78.1098175049 139.8302917480 51.0540504456 143.4086608887 
node_id_list 10715 10716 10717 10718 10719 10720 10721 
score_list 5.3321204476 0.9881888685 0.8871900612 0.9201202792 0.9419599577 4.3514618800 1.5044893793 
line3d_list
3.9222064651 -0.3305880965 -0.0214536216 3.8005908396 -0.2812368900 0.0275166503 
3.9343390520 -0.3312345611 -0.0280466810 3.7336090212 -0.2588439555 0.0563996365 
3.9860853852 -0.3736474510 -0.0403326400 3.6525693587 -0.2259733331 0.0890374043 
3.9343505868 -0.3281594356 -0.0292810449 3.7171747164 -0.2653030219 0.0682589737 
3.9723690115 -0.3511826413 -0.0415569579 3.6745595631 -0.2425680748 0.0832457227 
3.9408875780 -0.3411514650 -0.0282019605 3.7810287516 -0.2890666746 0.0394847935 
3.9266217529 -0.3269816672 -0.0246321081 3.7506256114 -0.2602396821 0.0474486662 
END
