0.0057156901 -2.7571459520 1.3325317833 0.0019885153 -2.5639794479 1.3311277224 
3 3
image_id_list 43 49 77 
line_id_list 132 92 104 
line2d_list
265.9832153320 245.6167297363 313.0243835449 243.5565490723 
321.8878173828 42.4682273865 381.0832824707 56.6524581909 
535.9990844727 160.0508728027 585.0192871094 160.9543914795 
node_id_list 12319 12320 12747 
score_list 3.0991960820 2.6843934523 1.6883261443 
line3d_list
0.0057156901 -2.7571459520 1.3325317833 0.0017657588 -2.5524347558 1.3310438080 
0.0140725335 -2.7609287751 1.3327413066 0.0079605157 -2.5468387705 1.3311416273 
-0.0026405935 -2.7672085828 1.3324170399 -0.0060338972 -2.5641355150 1.3309525082 
END
