0.1940292755 -2.9904665420 1.3281084971 2.5215983940 -2.9911514694 1.3277037782 
116 48
image_id_list 2 3 21 33 34 38 41 43 51 53 56 77 88 95 96 37 76 81 84 86 98 9 16 19 20 37 38 57 60 83 84 86 96 97 9 14 16 19 20 57 60 82 82 83 97 99 10 31 33 33 45 45 99 10 31 10 16 20 57 84 86 96 13 14 56 60 80 13 44 52 54 55 80 89 13 56 80 83 15 34 34 51 53 78 78 82 88 88 23 78 41 49 15 21 21 98 48 38 53 76 77 41 76 77 53 80 88 21 53 30 95 51 88 95 49 51 
line_id_list 8 14 42 31 13 9 30 27 16 34 23 18 66 38 17 13 36 7 24 10 17 1 7 11 4 4 11 27 23 8 3 4 5 3 19 8 17 32 10 47 25 9 23 21 10 71 30 0 2 19 66 118 91 44 19 104 63 94 93 45 51 67 24 1 4 28 77 34 72 153 10 25 53 57 74 50 28 51 3 0 34 6 40 4 74 2 77 97 33 10 0 113 29 22 84 8 24 125 99 33 59 13 2 122 78 55 90 131 107 85 4 46 123 85 103 5 
line2d_list
0.1039068922 218.5271453857 301.6480407715 35.0651473999 
115.7278747559 274.8031921387 250.0598297119 153.0660095215 
88.9478073120 58.9499931335 487.9520874023 80.8723220825 
0.7395708561 307.9742126465 281.2459411621 271.9130554199 
171.0955657959 73.7402801514 506.1913452148 30.4823036194 
0.8588550091 263.7295227051 332.1033020020 226.9298858643 
0.7001011372 281.7190246582 54.2753524780 269.1761169434 
0.1793011278 336.9819946289 77.2581405640 305.6347351074 
0.8868261576 184.9908294678 418.0839843750 161.4907379150 
0.9025041461 177.5297698975 394.9589538574 202.6438293457 
0.8429970741 230.1637115479 508.0680541992 186.7960510254 
0.3367531002 321.9918823242 337.2375183105 210.7191619873 
0.8777122498 148.3723602295 312.8952636719 176.1754760742 
0.7541661859 224.1312103271 140.1052398682 205.8000183105 
0.7670168281 266.1885070801 232.1832885742 236.4251403809 
0.7257273197 245.6814575195 114.2231445312 222.0727386475 
0.8995214105 170.7388610840 74.2307586670 164.8963775635 
141.0216827393 222.0684814453 274.2738952637 179.8648071289 
0.6399549246 192.4326934814 184.2859954834 150.2449340820 
0.5267645121 254.8653259277 115.3143844604 229.4181213379 
0.9682980180 218.5103912354 274.0148925781 212.6993865967 
310.9458007812 270.3987121582 286.9604187012 272.5606994629 
369.1308593750 106.4756088257 339.6139831543 114.5970993042 
313.0405273438 174.5921936035 284.9667053223 176.5137481689 
273.9156188965 209.3976898193 242.8254089355 213.7539062500 
113.8869247437 219.4523773193 84.8845291138 225.4407501221 
368.1318054199 220.2425231934 336.9522399902 223.5497589111 
405.9870300293 179.1206665039 377.9876708984 176.1147766113 
564.9967651367 232.7910156250 528.9899291992 233.3438720703 
752.0252075195 253.1461181641 691.0193481445 251.3446960449 
219.9442138672 138.7527313232 186.8249511719 146.2240295410 
148.1567840576 218.6930694580 116.7290725708 225.8023071289 
276.9743652344 227.7856292725 236.8308715820 232.5854797363 
498.9769897461 261.7612304688 476.9884643555 263.8802185059 
51.9862022400 299.8692932129 310.0662231445 272.6274719238 
161.0046081543 138.0303039551 485.2586669922 88.7002487183 
0.4800366759 210.0979461670 338.4654846191 117.7027053833 
0.8414003253 200.9402618408 314.0633239746 176.8222808838 
46.2626876831 245.7816619873 241.4429473877 217.0041961670 
48.8885612488 147.1620788574 377.6462402344 178.6889343262 
190.0053405762 245.2011260986 528.0588989258 236.2148132324 
49.0403862000 176.2070922852 199.1811218262 146.9287872314 
201.3254547119 146.6832122803 377.1335144043 112.6905822754 
349.9793395996 245.8529205322 686.9754638672 254.0137023926 
267.9945373535 284.9403381348 498.0835266113 263.9141540527 
0.9181268811 247.3134307861 131.9078216553 255.4786834717 
173.0377807617 176.9543304443 141.0073394775 175.7969055176 
268.0054626465 273.0541381836 236.9179992676 276.1859436035 
317.9172973633 264.3773193359 282.8715209961 269.0327148438 
284.0407104492 271.3056335449 319.0849609375 266.6379394531 
39.0256576538 146.7841796875 0.8518791199 142.2459259033 
0.8792113662 145.0737915039 39.8362159729 149.4559936523 
131.0020904541 252.9670867920 100.0004882812 250.9924011230 
0.9520135522 174.7249755859 139.9557189941 178.5918579102 
0.8278251290 303.3429260254 269.1520385742 275.4634094238 
141.9900360107 178.2681884766 172.9844055176 179.4197235107 
341.1016845703 116.3774490356 370.1485900879 108.5515136719 
243.9927673340 215.9467773438 274.1157226562 211.8510589600 
378.9255065918 178.7583923340 405.9592895508 181.4142608643 
186.2039337158 148.9069213867 220.0658416748 141.2928314209 
118.2111968994 227.9464721680 148.0636291504 221.2851715088 
236.1503448486 235.2156524658 276.0350036621 230.2829895020 
770.0678710938 168.1862182617 731.0886230469 164.9366149902 
484.0364990234 86.2407073975 457.0503845215 90.3322448730 
567.9066772461 177.8771820068 513.9468994141 182.3607330322 
529.9961547852 235.8466339111 565.0242919922 234.9713287354 
478.9325561523 153.8852691650 530.9355468750 157.8462219238 
349.8275756836 138.2039337158 726.9446411133 167.7075805664 
564.7527465820 68.3891754150 799.3314208984 110.1376342773 
556.9878540039 253.8277282715 799.0238037109 257.3742065430 
378.1271667480 210.4200286865 799.1540527344 172.7203826904 
512.0266723633 255.8019104004 799.0420532227 246.2653045654 
0.9146282077 117.0874938965 472.9884643555 154.1468963623 
311.8232116699 228.3102416992 779.8045043945 291.4490966797 
731.9503784180 167.6210937500 769.9475708008 170.6564483643 
513.1021728516 185.1867828369 567.0466918945 180.5426483154 
529.0629882812 155.2278747559 478.9882812500 151.1437988281 
691.9777221680 253.9661865234 750.9924316406 255.3279571533 
66.8210678101 47.0456428528 27.8776168823 54.3472709656 
564.9083862305 20.2726974487 507.9306640625 27.4494895935 
508.1123657227 29.8951931000 544.0482177734 25.3839244843 
491.9708557129 153.4898834229 425.9577026367 157.2595672607 
458.0472106934 203.2597961426 401.0241088867 199.6222381592 
724.0000610352 203.1957855225 687.0000610352 203.1921997070 
687.9996948242 205.9358978271 724.0035400391 205.7716522217 
376.8356628418 110.1736145020 349.9063415527 115.5289993286 
380.0335693359 178.6299896240 319.0818786621 173.0979614258 
318.9443664551 175.6097869873 379.9837646484 181.1778869629 
256.0097045898 7.3535690308 504.9866943359 0.5151109695 
305.9996337891 205.9546356201 685.9991455078 206.1044616699 
102.7591171265 254.9445648193 57.8177566528 265.2014770508 
117.1055755615 0.4600957632 153.6845855713 7.6130175591 
0.7237595320 62.6197624207 67.0683593750 49.3415756226 
575.0069580078 82.8791351318 492.9902038574 78.1704254150 
492.9602355957 80.6894683838 535.9326782227 83.1673736572 
274.0072631836 210.0374603271 242.9947814941 210.2543334961 
373.9224243164 158.2371215820 799.0690917969 184.8987121582 
337.9898376465 224.8970489502 369.0816040039 221.8263092041 
400.9277954102 202.1477203369 457.9537963867 205.7346496582 
77.0654754639 163.7618255615 112.0647964478 160.7539672852 
391.0007324219 189.0022430420 342.9602966309 204.8798370361 
57.2160720825 267.9440307617 145.1853027344 247.8096160889 
111.9457092285 158.3428192139 76.9368057251 161.2351226807 
342.9837646484 206.9515991211 391.2580871582 190.7699737549 
534.0462646484 208.3009948730 465.0178833008 203.7299804688 
568.0335083008 158.6236114502 531.0597534180 155.3294067383 
457.0358886719 185.6072387695 386.9812622070 179.2051849365 
538.9732666016 83.5559921265 575.9838256836 85.3365173340 
464.9105224609 206.3173828125 519.9284057617 210.0541076660 
679.8177490234 177.6992797852 799.1611328125 190.4973144531 
200.8605346680 193.9001159668 146.8414611816 200.7496948242 
425.0617370605 160.0189819336 492.0581665039 155.9599456787 
386.9100341797 182.0368804932 456.9897766113 188.1178741455 
146.0667572021 203.5160827637 201.0521545410 196.4031524658 
154.0708923340 4.5891876221 131.0656280518 0.6196655035 
584.9736938477 148.4968872070 498.9474182129 152.9943542480 
node_id_list 2141 2142 2143 2144 2145 2146 2147 2148 2149 2150 2151 2152 2153 2154 2155 2804 2805 2806 2807 2808 2809 5165 5166 5167 5168 5169 5170 5171 5172 5173 5174 5175 5176 5177 5269 5270 5271 5272 5273 5274 5275 5276 5277 5278 5279 5280 6248 6249 6250 6251 6252 6253 6254 6271 6272 6447 6448 6449 6450 6451 6452 6453 7443 7444 7445 7446 7447 7529 7530 7531 7532 7533 7534 7535 7824 7825 7826 7827 8101 8102 8103 8104 8105 8106 8107 8108 8109 8110 8143 8144 8544 8545 8570 8696 8697 8698 8711 8759 9349 9350 9351 9415 9416 9417 9583 9584 9585 9692 9693 11533 11768 11778 12145 12146 12750 12786 
score_list 14.6793175360 7.5640649086 13.1854688159 13.4636360493 13.5357587548 16.2731433748 14.7407398620 12.7242249637 12.5300076734 15.3252457370 13.6827828290 17.0794941492 14.4465314136 11.4334335742 10.4624270770 6.0768563413 6.7368985965 8.7110446057 10.4759470955 7.5729832554 10.8216908866 8.5624851082 11.6630663258 11.8976458774 10.7259608510 6.3998525276 13.4032280644 10.5535892166 11.6426358980 9.3761858171 9.8170035901 8.1836186799 9.2775608412 9.9405007156 11.1696621207 11.2109092027 11.7005107134 12.6361638575 11.4382375981 10.9292828692 12.5001992583 7.9067278247 12.7884469564 13.0444629310 12.7243775120 14.0013873201 8.6469505040 13.4983484116 11.9058744148 10.3075342160 7.7102415251 6.6897441223 12.9486305139 9.1154001653 11.9516452884 7.5917556696 8.4065381755 7.8657976891 8.8554929586 8.0749896863 6.4561951182 9.0383946834 5.6248089335 10.8608430314 10.6324577919 9.6838059719 9.5866100110 11.8995788567 10.2250877085 14.7214058322 12.6665714879 12.4695476895 13.0417584850 17.4140568325 5.5548250153 9.8707797446 11.6363231796 8.5859656291 9.0437753686 11.1516631451 9.4787887862 7.3690578349 11.3235370426 5.5275607754 5.3686536226 8.1434147091 10.3034987141 10.0508683745 8.3904516500 9.9476911963 11.7444848704 5.9641984910 4.1527968570 8.6628148291 8.9009865988 9.2907391531 9.1400666689 10.6605716603 10.3665863221 5.3713353163 12.8935122169 9.2109723341 5.8474329059 12.1730089120 3.2664581309 3.4414266615 3.7672634935 1.9971864876 2.3283199015 8.3312209330 7.6783873582 5.7581289452 2.2833056915 7.7229108411 5.4586682809 1.5518284864 
line3d_list
1.5690549163 -2.9908003135 1.3277118638 0.7762654669 -2.9915140055 1.3276900241 
1.9414810895 -2.9925459896 1.3274796025 0.7720680802 -2.9936522199 1.3273918695 
2.5150057201 -2.9931001625 1.3276878145 0.7711503878 -2.9953734758 1.3278454374 
2.1017423939 -2.9894989774 1.3281083592 0.7563760709 -2.9998008461 1.3274122334 
2.5179811896 -2.9948625203 1.3274995665 0.7612351273 -2.9956995090 1.3279332635 
2.0954224015 -2.9896725176 1.3280330350 0.7713124064 -2.9912601440 1.3281634263 
1.0077434322 -2.9955898269 1.3270353142 0.7664651166 -2.9930706133 1.3277316975 
1.0527959432 -2.9911802803 1.3278685858 0.7705272591 -2.9906290750 1.3278519441 
2.1465149511 -2.9941857462 1.3269324372 0.7736351235 -2.9963966405 1.3269323663 
2.1609749308 -2.9929749977 1.3271276293 0.7711563046 -2.9971970546 1.3270136561 
2.2648338586 -2.9895496984 1.3273390782 0.7723758714 -2.9912165029 1.3273868664 
1.7882613722 -2.9918833661 1.3278543202 0.7744757824 -2.9881609190 1.3283253166 
1.7552054777 -2.9922957801 1.3275441962 0.7694844411 -2.9927041203 1.3275668149 
1.2106300832 -2.9939961846 1.3267584310 0.7696165378 -2.9940667805 1.3270296904 
1.7313012668 -2.9888518315 1.3280183872 0.7711451400 -2.9917433803 1.3279439576 
1.2498277325 -2.9838463308 1.3283482817 0.5216208108 -3.0124632402 1.3267887193 
1.1322318245 -2.9923207017 1.3275857453 0.7618510271 -2.9969222452 1.3260100597 
1.5930000272 -2.9865398768 1.3288949120 0.7855029774 -2.9814015247 1.3293491741 
1.6244358871 -2.9901341178 1.3279554680 0.7688957512 -2.9901709371 1.3280336164 
1.3628094176 -2.9938033086 1.3277712859 0.7734108080 -2.9873619369 1.3281929819 
1.8387765511 -2.9961096548 1.3269243551 0.5524159099 -2.9848164042 1.3294110084 
0.5314190536 -2.9919949975 1.3422266569 0.7797415137 -2.9651727082 1.3467315316 
0.5191022464 -3.0065090371 1.3407015434 0.7533275565 -2.9900798791 1.3424643021 
0.5348883106 -2.9928638081 1.3420310304 0.7662563026 -2.9834988572 1.3439195191 
0.5281259498 -2.9945775123 1.3420567268 0.7477933914 -2.9930452110 1.3427864760 
0.5429065851 -2.9956160485 1.3423200968 0.7653120407 -2.9825042398 1.3429091968 
0.5556937556 -2.9805516055 1.3431056718 0.7530426990 -2.9811670394 1.3429849337 
0.5299091243 -2.9934554962 1.3419670330 0.7663491500 -2.9796974512 1.3441476196 
0.5164478568 -3.0009125792 1.3412444520 0.7652199053 -2.9670864255 1.3447107992 
0.3838002011 -2.9970172835 1.3409152631 0.7549910937 -2.9852896895 1.3437476595 
0.5355587526 -2.9896871150 1.3426348230 0.7518521727 -2.9884130231 1.3426048508 
0.5409441814 -2.9942131846 1.3423946655 0.7638641593 -2.9853684831 1.3427593928 
0.5222972286 -2.9843457697 1.3429213337 0.7444858004 -2.9927034554 1.3423827835 
0.5753442966 -2.9799552992 1.3430216560 0.7820420033 -2.9669375572 1.3438674632 
2.2681413684 -2.9955623931 1.3286652985 0.5531957953 -2.9801217372 1.3292665881 
2.4417966467 -3.0004875407 1.3271326327 0.5331951223 -2.9884154599 1.3283120051 
2.4530772165 -2.9932225468 1.3276865292 0.7617639686 -2.9934961883 1.3281585158 
2.2819114956 -2.9910216303 1.3281025570 0.5328219083 -2.9865256363 1.3293803590 
1.7572521737 -2.9927036594 1.3278593654 0.7667402939 -2.9836169134 1.3294276491 
2.5216021238 -2.9794106961 1.3292841460 0.7616440888 -2.9849803519 1.3291017502 
2.5155560229 -2.9969256015 1.3273919478 0.7563372259 -2.9912077799 1.3281703376 
2.4832877024 -2.9768777911 1.3294657531 1.7582526099 -3.0011260559 1.3278556111 
1.7533819517 -2.9896834609 1.3285692412 0.5264859574 -2.9964505407 1.3284605101 
2.5137302403 -2.9977408670 1.3280034319 0.7708025612 -2.9929946278 1.3285403170 
2.1093284914 -2.9877201986 1.3286007862 0.5625466546 -2.9962516440 1.3284637059 
1.3042073711 -3.0057839594 1.3264326628 0.5247032585 -2.9929080688 1.3285798448 
0.5252515510 -2.9945975628 1.3420471779 0.7489074294 -2.9930374399 1.3427901769 
0.5334271952 -2.9847644265 1.3428943564 0.7488130740 -2.9928662270 1.3423722948 
0.5340739059 -2.9761780816 1.3441025140 0.7439159804 -3.0007445587 1.3417059319 
0.7342732424 -3.0079217443 1.3283580795 0.5205039192 -2.9880256607 1.3302193528 
0.5105650141 -3.0082621619 1.3395730037 0.6644297047 -3.0117198619 1.3392738532 
0.6795909262 -2.9933411584 1.3302724017 0.5215210209 -2.9920922581 1.3308212486 
0.5339365108 -2.9913823554 1.3424450881 0.7371248922 -3.0056195530 1.3412886739 
1.5062740865 -2.9835080291 1.3291171000 0.7595263293 -2.9878702960 1.3288999353 
1.9697052918 -2.9956826986 1.3276074554 0.5123193849 -3.0014080098 1.3274184644 
0.7289128605 -3.0066878396 1.3285355634 0.5175822898 -3.0014653518 1.3278044692 
0.7102491797 -3.0301740555 1.3251390424 0.5061344422 -3.0146673124 1.3272693826 
0.7177494947 -3.0178282144 1.3264651394 0.5171778482 -3.0046575545 1.3272331596 
0.7259619081 -3.0141117054 1.3273728979 0.5087841905 -3.0128891575 1.3271197918 
0.7262478949 -3.0197667300 1.3263540705 0.5081767117 -3.0157477250 1.3266031435 
0.7164017482 -3.0206493065 1.3254432550 0.5122904287 -3.0199043136 1.3257266902 
0.7297341003 -3.0198318897 1.3263500369 0.5052299113 -3.0136454420 1.3267230075 
0.5341260994 -2.9881937221 1.3413222287 0.7622663875 -2.9842885258 1.3422585445 
0.5436036942 -2.9866839448 1.3426484343 0.7467088795 -2.9985790259 1.3416323699 
0.5152886285 -2.9905109711 1.3408177097 0.7521570275 -2.9862313456 1.3411902718 
0.7407456648 -2.9972456841 1.3295750083 0.5186995451 -2.9967410980 1.3293874590 
0.7434765410 -2.9996203120 1.3297654858 0.5113991496 -2.9889007586 1.3308731537 
2.5192167801 -2.9896526337 1.3281645340 0.7705564471 -2.9957819775 1.3276061188 
2.5153791125 -2.9915176535 1.3276758249 1.7287957332 -2.9885707950 1.3280443436 
2.5249098401 -3.0116375166 1.3260683055 1.3438305463 -3.0088131768 1.3263551428 
2.5179254027 -2.9919338564 1.3275656040 0.9945988741 -2.9839222368 1.3284206505 
2.5158702378 -2.9925315379 1.3278900953 1.2727451393 -2.9957946537 1.3275974475 
2.3879116552 -3.0079939947 1.3264177322 0.7663866371 -3.0054439735 1.3266849598 
2.5210858202 -2.9966802987 1.3274944551 0.7702565851 -2.9911772244 1.3280451624 
0.7416003404 -2.9972476263 1.3295757302 0.5222085104 -2.9967490719 1.3293904228 
0.7402206844 -3.0065152631 1.3293114922 0.5071818041 -3.0037185634 1.3300135735 
0.5135347367 -3.0021799129 1.3399988209 0.7403080048 -3.0078590223 1.3399112174 
0.7287421985 -3.0113776851 1.3270936346 0.3839704614 -3.0019331883 1.3286461753 
0.5173189532 -2.9885630899 1.3426090248 0.7539098677 -2.9848575720 1.3423034057 
0.3697430785 -2.9970094901 1.3415219509 0.7552675853 -2.9880807429 1.3426602535 
0.7493946732 -2.9950040512 1.3296981535 0.5181689257 -2.9886896339 1.3297994045 
0.5147946262 -2.9970030923 1.3399858880 0.7453845814 -2.9996999017 1.3394688456 
0.5169870715 -2.9971052227 1.3403372508 0.7480777418 -2.9967522314 1.3401173637 
0.5122595800 -3.0068672836 1.3406699500 0.7481271965 -2.9993976780 1.3409610926 
0.7418965349 -2.9976051314 1.3288398582 0.5229028276 -2.9954091361 1.3298425028 
0.5133991112 -3.0098543590 1.3415527440 0.7515390931 -2.9964412806 1.3417292206 
0.5185551367 -2.9911088784 1.3406410736 0.7482945765 -2.9916405918 1.3405435697 
0.7447505904 -3.0062267964 1.3301067823 0.5154647267 -2.9980319458 1.3306090806 
2.5122113096 -3.0119137022 1.3262133774 1.2121253920 -2.9783579483 1.3279833820 
2.5185759582 -2.9865323851 1.3295215548 0.7667600627 -2.9849726315 1.3292839477 
0.5230116827 -2.9817184884 1.3428299775 0.7510338562 -2.9816849713 1.3428640009 
0.6533899931 -2.9879601110 1.3319291127 0.5277253819 -2.9855045741 1.3320978021 
0.9117187889 -2.9800280378 1.3286509008 0.4742625711 -3.0460221713 1.3252681470 
0.2804208323 -3.0182075345 1.3394327621 0.7386931441 -3.0113955562 1.3402139982 
0.7416075675 -3.0024219658 1.3293945322 0.5161834397 -2.9894099859 1.3299390289 
0.5293595829 -3.0049654745 1.3399074344 0.7594069185 -2.9881560314 1.3426418390 
2.5196579600 -2.9944382926 1.3272771592 1.1528519759 -2.9971612069 1.3268463836 
0.7006637822 -3.0261553594 1.3259930552 0.5068748044 -3.0182075892 1.3264633371 
0.7476872285 -2.9971235984 1.3303852801 0.5206515492 -2.9833153136 1.3310588359 
0.7429455966 -2.9990837875 1.3295267615 0.5354084825 -2.9945017386 1.3305424150 
0.5355454895 -2.9827958863 1.3427497505 0.7547351651 -2.9789082778 1.3430757333 
0.7400420451 -3.0173705382 1.3282804711 0.2743546380 -3.0029014546 1.3283497054 
0.5238211061 -3.0039436542 1.3403728041 0.7226545217 -3.0174638761 1.3383674164 
0.7334201414 -3.0080537736 1.3290142979 0.5073053638 -3.0141341475 1.3284855081 
0.1939890474 -3.0008626677 1.3397808111 0.4881944629 -2.9969877524 1.3402691050 
0.2978211289 -3.0396392990 1.3373221289 0.4938373661 -3.0184755477 1.3395190775 
0.2027661927 -3.0007470658 1.3397953785 0.4895690634 -2.9969696478 1.3402713864 
0.4990069463 -2.9897825471 1.3288858649 0.2775578603 -3.0101936213 1.3285719825 
0.4888469815 -2.9933901793 1.3302130843 0.2486930430 -3.0138698841 1.3287157809 
2.5223594735 -3.0101983854 1.3264307874 2.1188823127 -3.0119699801 1.3261926510 
0.5248638272 -2.9908525968 1.3416327000 0.7423782806 -2.9952160783 1.3404453306 
0.7469543732 -3.0135073930 1.3292138420 0.5148692034 -2.9957545906 1.3316638632 
0.4809092383 -3.0205435904 1.3274196046 0.1940213344 -3.0176632757 1.3284649642 
0.7371250194 -3.0078986106 1.3290187626 0.5067885313 -3.0126361946 1.3281175021 
0.5051205278 -3.0058831622 1.3393677447 0.5745265023 -3.0195114386 1.3374139294 
0.1703463966 -3.0302499152 1.3368086498 0.4901049151 -2.9972136713 1.3403336832 
END
