0.7686700299 -2.9931973627 1.0070671020 0.7703568807 -2.9934296647 1.3257437298 
41 41
image_id_list 2 3 15 21 33 34 41 43 49 51 53 56 77 80 81 88 95 37 86 96 98 9 10 16 19 20 23 31 57 60 82 83 97 99 76 13 14 78 89 38 84 
line_id_list 16 13 73 35 73 129 35 34 44 80 117 15 23 27 26 46 18 24 27 21 56 83 48 37 72 21 5 76 30 10 33 29 41 68 16 21 43 22 22 19 51 
line2d_list
302.4060974121 35.0809898376 322.7374267578 184.1721801758 
250.2889404297 154.0383453369 255.4152069092 249.0854797363 
24.8591403961 59.6824264526 44.8413887024 122.3693237305 
487.8558959961 81.8735046387 480.5500793457 147.9502563477 
279.5924682617 274.0498657227 286.4601440430 330.1883850098 
504.6282348633 32.0075340271 505.8443603516 92.0234146118 
53.4556236267 270.4311828613 71.2614059448 334.2062072754 
77.0994796753 306.2281494141 100.9242401123 400.2725219727 
77.7809906006 0.9455037713 72.0561523438 129.0025177002 
419.3775329590 162.9410705566 423.1907653809 252.0773925781 
395.3099060059 203.8887939453 390.0429687500 283.9370422363 
508.3034362793 187.9741363525 506.9163513184 278.9834899902 
337.4908142090 211.0908355713 353.7488403320 302.2232055664 
473.1507263184 155.7918243408 464.2438964844 234.9148864746 
274.0671997070 181.1877288818 287.9584350586 250.2096252441 
312.5260009766 176.8772125244 305.4386596680 261.9532470703 
140.3358154297 207.0473022461 146.8184814453 298.0841369629 
82.7149581909 230.0448303223 93.1111068726 296.1398010254 
114.7921218872 231.0309295654 124.9267044067 299.1596679688 
231.0664825439 237.1638031006 236.8220367432 305.0997924805 
240.1341400146 214.9572753906 238.5534210205 283.9897766113 
284.6799926758 276.9600219727 287.5087280273 325.0876464844 
137.3162536621 179.9171447754 134.3634796143 239.9194641113 
336.8861083984 119.2088623047 347.7658081055 177.2314147949 
282.9809570312 180.9731140137 284.4625244141 235.0421295166 
238.7494201660 218.0908355713 243.1778869629 279.0597229004 
570.1495361328 0.7780469060 563.0596923828 59.8872108459 
233.7154693604 280.9334106445 238.8515777588 336.1069030762 
375.0719604492 179.7609710693 368.3574523926 233.9203338623 
525.5955810547 237.9797973633 524.7756958008 294.9823913574 
347.9423522949 120.0071945190 354.5807189941 173.1772003174 
686.2245483398 255.7923278809 679.2948608398 315.0344848633 
473.9656982422 267.9738159180 473.2579040527 322.9904479980 
96.2271957397 254.9071655273 93.2397766113 311.9602050781 
73.5316314697 166.0529937744 81.8007202148 239.1356964111 
726.9804077148 168.7523498535 710.4371948242 236.8632965088 
454.7905883789 95.0189056396 459.9432373047 152.0953979492 
683.6762084961 207.8371734619 675.3029174805 275.9142761230 
779.9152221680 291.9832153320 761.7305908203 383.7484436035 
330.0404357910 227.9880676270 329.7579956055 298.0030517578 
182.6550140381 152.2597961426 196.1573181152 222.1627655029 
node_id_list 2170 2171 2172 2173 2174 2175 2176 2177 2178 2179 2180 2181 2182 2183 2184 2185 2186 2800 2801 2802 2803 5518 5519 5520 5521 5522 5523 5524 5525 5526 5527 5528 5529 5530 6283 7418 7419 7420 7421 9592 11671 
score_list 16.3392786891 8.7370855383 16.4676200816 17.4530580488 17.8084727050 16.3944269858 17.4426917683 9.5678670761 10.2733350103 15.5676657481 17.5692257047 13.7764641195 14.3669426943 18.0793563608 16.2788050511 16.4171740302 11.7834108388 12.2965435963 10.7233148137 14.3842519141 13.1212634536 10.8129000975 8.3833238561 13.0711698385 11.9332132077 9.3699614213 14.4143724538 16.8648763750 12.9151429076 16.2485652109 13.1504755106 15.0036169724 15.7710980036 8.3406672200 8.2006198082 11.0346254791 13.7330343491 14.7009040864 11.7167845240 7.6361777566 6.9119829515 
line3d_list
0.7719377903 -2.9919299911 1.3266625707 0.7685545659 -2.9933282421 1.0108564728 
0.7711226165 -2.9932819698 1.3242303114 0.7675057838 -2.9942516015 1.0129124366 
0.7724936440 -2.9936860577 1.3200072610 0.7653465339 -2.9963750164 1.0095720921 
0.7700598302 -2.9973942472 1.3231156156 0.7693667349 -2.9922430868 1.0109292620 
0.7695700439 -2.9968429572 1.3172712317 0.7706756787 -2.9905571957 1.0107286034 
0.7684437012 -2.9998478006 1.3209095765 0.7713519405 -2.9891584776 1.0118424603 
0.7702294738 -2.9961518627 1.3226846269 0.7685544386 -2.9936950080 1.0107743698 
0.7675752147 -2.9948767368 1.3250598326 0.7669435991 -2.9944778979 1.0086658167 
0.7689712153 -2.9933049212 1.3136054834 0.7675778374 -2.9937821930 1.0087955018 
0.7692874314 -2.9969126141 1.3217426493 0.7683693517 -2.9936587752 1.0094106981 
0.7694743781 -2.9970063501 1.3223265961 0.7697341307 -2.9923168444 1.0082463257 
0.7694394942 -2.9937528085 1.3230397535 0.7689453437 -2.9924075332 1.0084675599 
0.7663025975 -2.9978946443 1.3243335101 0.7680286102 -2.9936524887 1.0084576085 
0.7692848772 -2.9969035615 1.3208737041 0.7683630586 -2.9936364714 1.0072697885 
0.7748730099 -2.9911202420 1.3224405858 0.7676773705 -2.9937908720 1.0076875041 
0.7702796552 -2.9942038778 1.3248074707 0.7693064507 -2.9924897310 1.0113747917 
0.7683562255 -2.9951174522 1.3226456547 0.7692678761 -2.9923299220 1.0119143426 
0.7791361324 -2.9864697763 1.3235819988 0.7665546646 -2.9950269125 1.0080710990 
0.7837869064 -2.9822296329 1.3227715030 0.7621713535 -2.9987323032 1.0078390115 
0.7836884486 -2.9825636087 1.3268533919 0.7600934845 -3.0017123780 1.0072713154 
0.7764703797 -2.9884291884 1.3220008094 0.7679797346 -2.9937052220 1.0093347707 
0.7691277131 -2.9980143646 1.3170676655 0.7721105765 -2.9882323965 1.0078610693 
0.7801405044 -2.9835968484 1.3222821417 0.7648616557 -2.9977513925 1.0059611030 
0.7783104019 -2.9887566398 1.3236631810 0.7659300364 -2.9950297966 1.0121977232 
0.7724590809 -2.9936990614 1.3185060123 0.7653097141 -2.9963888691 1.0079728233 
0.7830353968 -2.9855101328 1.3256823917 0.7662095643 -2.9948338126 1.0117794071 
0.7676369248 -3.0022651757 1.3139967215 0.7698295482 -2.9912055945 1.0076064607 
0.7722354349 -2.9939355442 1.3179940974 0.7689614369 -2.9924151745 1.0095437244 
0.7650548927 -3.0020105526 1.3204448097 0.7706271823 -2.9912749094 1.0064300288 
0.7684231715 -2.9962821072 1.3187063193 0.7705699091 -2.9913768348 1.0075769390 
0.7681865057 -2.9993323238 1.3186918430 0.7702915048 -2.9912475037 1.0110571960 
0.7700403286 -2.9982756287 1.3185927275 0.7693916701 -2.9908751933 1.0078361181 
0.7665823537 -3.0013691515 1.3170517661 0.7717665135 -2.9886706431 1.0070540112 
0.7721068093 -2.9924116092 1.3191604499 0.7687149379 -2.9932197536 1.0122283144 
0.7874961382 -2.9768963942 1.3234978597 0.7614534843 -2.9997423623 1.0072270917 
0.7765379884 -2.9876033761 1.3238160012 0.7678749635 -2.9942789785 1.0082656434 
0.7746524879 -2.9906297404 1.3193502072 0.7641631816 -2.9980143150 1.0084176090 
0.7716868755 -2.9923159781 1.3208492996 0.7682170342 -2.9939531405 1.0096276819 
0.7691614805 -2.9972081523 1.3251737011 0.7689355014 -2.9926360734 1.0130595916 
0.7588188264 -3.0160505565 1.3185858493 0.7757322923 -2.9815820616 1.0142875227 
0.7571695178 -3.0132541404 1.3169490100 0.7771376179 -2.9819046500 1.0104964449 
END
