0.6042972696 -2.9966926438 1.4966160829 0.6643270694 -3.0005061949 1.4977659920 
4 4
image_id_list 53 56 77 95 
line_id_list 119 49 42 86 
line2d_list
440.8494873047 161.5932312012 424.8973693848 160.0862579346 
549.0160522461 133.0187530518 534.0040283203 133.2552795410 
366.4444274902 147.9172668457 352.2784118652 151.2010650635 
179.0298919678 150.1331787109 164.0139617920 150.5293579102 
node_id_list 12944 12945 12946 12947 
score_list 1.9590708773 1.8372235019 2.5697387557 0.7247366868 
line3d_list
0.5996994878 -2.9997700228 1.4963287513 0.6625454255 -3.0053872936 1.4975179828 
0.6043815246 -2.9928441636 1.4972011442 0.6644928328 -2.9977078286 1.4983929686 
0.6125004135 -2.9872921958 1.4975312861 0.6728872494 -2.9885696845 1.4988268909 
0.6043360729 -2.9960076095 1.4968622450 0.6661932710 -2.9933281769 1.4989087662 
END
