-0.0024951878 -2.6356277109 1.4972843005 -0.0044362730 -2.6898349484 1.4983771250 
3 3
image_id_list 56 77 80 
line_id_list 95 43 141 
line2d_list
761.9902343750 128.3665466309 744.9756469727 127.9131622314 
564.0120239258 113.0541763306 549.0025634766 113.2251739502 
702.0293579102 130.6641845703 690.9392700195 129.6952514648 
node_id_list 13004 13005 13006 
score_list 1.7934264538 2.3639544667 0.9580842454 
line3d_list
0.0037953507 -2.6290067782 1.4980926798 -0.0052242666 -2.6993970288 1.4985005684 
-0.0024951878 -2.6356277109 1.4972843005 -0.0047580359 -2.6988205788 1.4985582764 
0.0075641063 -2.6264243843 1.4986126124 0.0013077589 -2.6900225194 1.4992756669 
END
