-0.1095346692 -1.5125849990 1.0229284579 -0.1642792951 -1.4385274321 1.0142435431 
4 4
image_id_list 6 7 40 11 
line_id_list 64 116 3 119 
line2d_list
549.9362182617 141.9171905518 505.8711242676 138.8542938232 
784.9984130859 22.0104866028 757.8681640625 17.8624591827 
55.0107231140 354.0517272949 30.6082458496 359.1101074219 
56.0057220459 98.9034881592 28.9821281433 97.3014907837 
node_id_list 4039 4040 4041 6887 
score_list 3.8817423475 1.7334625329 5.6200739681 2.1446422928 
line3d_list
-0.1609703025 -1.4341560354 1.0160919261 -0.1047756437 -1.5087931601 1.0252639211 
-0.1854354787 -1.4157381517 1.0099584251 -0.1129942390 -1.4862120834 1.0256961997 
-0.1442446943 -1.4433947209 1.0202543524 -0.0923530752 -1.5066539922 1.0281133952 
-0.1427972641 -1.4219612664 1.0200955497 -0.0789476411 -1.4974079661 1.0307841806 
END
