0.0271092071 -1.0210739359 0.8189000074 0.0965005560 -1.0482628336 0.8992461459 
5 4
image_id_list 40 45 40 96 50 
line_id_list 69 145 88 180 157 
line2d_list
154.5695953369 408.7437744141 121.1021728516 393.5691528320 
585.6635131836 376.4554748535 581.6264038086 364.1223144531 
136.3689117432 402.4526367188 148.1040191650 410.3619689941 
738.8660888672 407.7714233398 722.5457763672 382.9822998047 
591.2077026367 269.9935302734 582.8316650391 251.6208343506 
node_id_list 12126 12127 12135 12136 12533 
score_list 4.5461899094 3.9462796661 5.3690372324 1.8552033771 1.8077047654 
line3d_list
0.0250718773 -1.0313277371 0.8391085010 0.1371144316 -1.0737688963 0.9561353413 
0.0275491848 -1.0203217050 0.8187745713 0.0658612268 -1.0390212810 0.8668261536 
0.0937005135 -1.0535118178 0.8998881759 0.0643745961 -1.0353390916 0.8532003388 
0.0237429046 -1.0174154027 0.8119885748 0.1050974325 -1.0596972271 0.9189638970 
0.0274545556 -1.0185883786 0.8148498060 0.0608937839 -1.0446509369 0.8757865134 
END
