2.5019411840 -3.1595617801 1.0172578790 2.5018034013 -3.1586325194 1.1646135014 
9 9
image_id_list 30 52 44 48 54 55 78 83 89 
line_id_list 43 335 44 97 99 116 151 53 68 
line2d_list
688.1766967773 218.2091979980 682.1334838867 252.2015075684 
576.5622558594 285.9995727539 576.5686035156 310.0001220703 
589.1961669922 114.6895828247 582.9492187500 150.9912719727 
397.8240051270 198.9772186279 397.1452636719 234.0221862793 
397.0392150879 242.1025238037 400.3212585449 272.8590087891 
531.6245117188 283.0286865234 533.6042480469 308.9538574219 
297.7287597656 201.9898223877 296.9356689453 300.9914855957 
344.4702148438 317.0907287598 347.2252502441 242.0817260742 
334.8324890137 259.9691772461 334.0390930176 290.0274353027 
node_id_list 11501 11502 12389 12390 12391 12392 12393 12394 12395 
score_list 6.8515409667 4.4517009861 6.8491834911 7.0347925234 6.3670149740 8.2896523897 2.3944832668 3.9323123802 7.3587767723 
line3d_list
2.5174198133 -3.1890133130 1.1583444523 2.5191885543 -3.1930197883 1.0174850003 
2.5047993879 -3.1725411679 1.1505754007 2.5040107673 -3.1782286983 1.0180564817 
2.5051654518 -3.1708582266 1.1581774312 2.5053523172 -3.1724816969 1.0222232815 
2.5060920548 -3.1668935381 1.1607883381 2.5064045554 -3.1680533199 1.0210272710 
2.5078095028 -3.1596066475 1.1621571163 2.5093435323 -3.1555488432 1.0253303519 
2.5064207500 -3.1654918599 1.1614485670 2.5068264876 -3.1662150678 1.0240702189 
2.5008579212 -3.1598897130 1.3277100035 2.5016120166 -3.1608527052 0.9504672313 
2.5031782254 -3.1635421466 0.9538229392 2.5030000752 -3.1635617595 1.3250072857 
2.5057723303 -3.1681765157 1.1646773993 2.5062082681 -3.1688024187 1.0255865493 
END
