-0.2239885170 -0.3737982581 1.3249634713 -0.2045752337 -0.3751283934 1.9713838513 
47 22
image_id_list 0 1 46 58 59 64 79 87 90 93 0 46 58 59 59 79 87 90 8 58 59 59 79 79 79 10 17 37 37 9 76 9 10 76 86 86 99 17 32 85 86 99 18 32 11 18 76 
line_id_list 127 249 265 183 53 87 22 205 171 250 181 287 319 61 243 39 228 199 218 288 218 246 187 202 215 184 261 186 197 200 214 204 213 193 162 166 184 239 277 252 180 173 342 231 206 313 152 
line2d_list
279.7802734375 182.5967712402 272.7337646484 203.9119873047 
332.5737609863 147.9623718262 330.1929321289 174.9287414551 
364.0057983398 148.9474334717 365.6351928711 180.1235961914 
322.1422729492 206.9857025146 322.0022277832 234.9850006104 
342.3712768555 117.9551467896 341.2689514160 157.9798736572 
473.3262939453 159.0684814453 464.3453063965 201.8625946045 
723.2789306641 108.8755111694 717.9371948242 139.8165130615 
284.5454711914 223.9958343506 284.7745666504 254.0093536377 
532.4116821289 134.8393859863 529.1577758789 167.0159606934 
220.5369110107 78.8915710449 226.6712493896 109.2683334351 
295.5293884277 134.5283050537 282.2996215820 175.7753601074 
358.6443176270 80.1138076782 363.7643432617 141.1037292480 
323.6753234863 149.9979248047 323.8323669434 201.0066680908 
344.9423217773 32.9663581848 342.5880737305 106.9869003296 
345.2266235352 104.0023345947 345.3912658691 88.0040283203 
735.9497680664 40.9906005859 724.9476318359 99.8031311035 
284.6439819336 163.9984893799 284.5848083496 216.9984130859 
539.1669921875 69.9108505249 533.0681152344 126.9002685547 
622.3671875000 176.5667572021 591.4428710938 293.1174926758 
326.5615539551 90.9825515747 325.8702087402 147.9862976074 
349.4787902832 118.0204238892 347.7717895508 158.0329284668 
352.3159179688 28.0107097626 350.7558288574 74.0256271362 
729.8248291016 108.1665420532 723.3425292969 140.2710723877 
742.6721801758 37.9435195923 731.9818725586 99.9968795776 
748.1952514648 10.8331480026 742.9782104492 35.9954795837 
697.9819335938 234.7497253418 691.2667846680 262.0655822754 
297.9702148438 6.8199028969 316.4679870605 106.4700088501 
669.3205566406 169.9600524902 667.7420654297 196.8084564209 
674.2784423828 59.9233894348 669.6032104492 164.9823455811 
770.5053710938 248.0145111084 771.2702026367 274.0801086426 
728.2739868164 140.8792266846 723.4182128906 170.0695648193 
774.8701171875 149.9664611816 772.0222167969 245.9116058350 
723.2747192383 125.8328704834 699.0897827148 230.7902526855 
744.3658447266 12.8139514923 737.6450805664 71.8457412720 
755.1314697266 51.8599586487 750.7808227539 109.9086227417 
748.9367675781 113.8497543335 746.3339233398 166.9182891846 
639.9114990234 168.0794982910 631.4548339844 265.0396728516 
315.1579284668 108.9690170288 320.1396484375 134.3649291992 
690.1716308594 194.9811553955 690.0048828125 220.0066986084 
514.3399047852 80.1118774414 516.2273559570 108.1194610596 
744.5935058594 174.0504302979 742.1256103516 203.0956420898 
630.8464355469 269.2001037598 628.0498657227 295.0054016113 
479.1412048340 0.9934521317 478.9047546387 32.0068969727 
693.5065307617 97.9619903564 691.1145019531 191.9520111084 
329.5270080566 13.9687843323 327.2141113281 49.0141296387 
477.9072875977 40.0365409851 476.4967956543 75.0602798462 
735.0440673828 77.9045181274 729.5455322266 132.9546051025 
node_id_list 985 986 987 988 989 990 992 993 994 996 1167 1169 1170 1171 1172 1174 1175 1176 1292 1293 1294 1295 1298 1299 1300 5046 5047 5048 5049 5986 5987 5999 6000 6001 6002 6003 6004 6592 6593 6594 6595 6596 6654 6655 6983 6984 9226 
score_list 11.4670321790 10.5022601018 9.6780226855 4.7633471285 8.5636716094 10.1336347829 5.7537229835 11.9104935966 13.6062261789 9.7816130075 7.1069522318 8.5951769003 5.1158794953 5.8875215482 8.6875597978 4.7827819442 10.8154428070 11.8148023707 4.4759802057 3.3262173799 6.9724770091 4.3414911278 5.4500199987 4.2471842516 4.2059068471 4.5350755873 5.2244766825 3.6296386299 4.0837018845 3.5041465372 2.5460660115 5.6003578120 5.6463757288 3.4645103669 2.5508916850 2.4521858898 5.5368111939 4.1552775584 5.5552863428 5.3031827850 2.3437928089 5.3259584664 4.7270186099 5.9979660373 5.7258752247 7.0432910706 2.9086819148 
line3d_list
-0.2369053337 -0.3728113319 1.4563865382 -0.2349979570 -0.3744461707 1.3347592027 
-0.2359563484 -0.3728612840 1.4536978702 -0.2332289665 -0.3745885740 1.3260140514 
-0.2403216162 -0.3727243179 1.4590357980 -0.2360538215 -0.3744657508 1.3320579599 
-0.2395414471 -0.3731545787 1.4569776338 -0.2478478673 -0.3677712272 1.3272328840 
-0.2379763742 -0.3770642627 1.4580369940 -0.2345102155 -0.3778072381 1.3325083690 
-0.2498886617 -0.3709674482 1.4621036281 -0.2446847369 -0.3715277160 1.3372214557 
-0.2409656678 -0.3767039135 1.4530778992 -0.2333726773 -0.3775881733 1.3289772073 
-0.2474125412 -0.3726246774 1.4584018962 -0.2416526504 -0.3744203112 1.3290401804 
-0.2396513087 -0.3730996228 1.4583320372 -0.2375248210 -0.3736081442 1.3271771108 
-0.2357923100 -0.3728627818 1.4537736764 -0.2341274823 -0.3745704431 1.3263507004 
-0.2368190249 -0.3740742274 1.7269493560 -0.2398490899 -0.3683621463 1.4955065236 
-0.2347489995 -0.3763319285 1.7316878921 -0.2438703438 -0.3715577343 1.4907258773 
-0.2339986335 -0.3764994274 1.7155676711 -0.2424276311 -0.3658755615 1.4847854942 
-0.2356866492 -0.3773655129 1.7135278456 -0.2351574497 -0.3781687380 1.4918162199 
-0.2411085897 -0.3681407554 1.5015698208 -0.2396120213 -0.3695830083 1.5503779850 
-0.2389330667 -0.3763601339 1.7146301395 -0.2433793887 -0.3759885227 1.4888883383 
-0.2379653211 -0.3762936403 1.7126852942 -0.2402218801 -0.3757894611 1.4887432040 
-0.2354817813 -0.3759483839 1.7123297161 -0.2439041040 -0.3715400639 1.4898340207 
-0.1811949416 -0.3770720098 1.9734229681 -0.1836852902 -0.3761714021 1.3317994289 
-0.1559972129 -0.3848687834 1.9659653143 -0.1648813028 -0.3772798529 1.7202926424 
-0.1699251298 -0.3728185871 1.4588304051 -0.1659306065 -0.3754045007 1.3367427000 
-0.1692834590 -0.3730018978 1.7217628352 -0.1697114353 -0.3732278891 1.5893662159 
-0.1562394143 -0.3764843229 1.4623701128 -0.1623718088 -0.3766420994 1.3356694845 
-0.1512506329 -0.3787536324 1.7246489143 -0.1530496927 -0.3750248616 1.4940705216 
-0.1678032370 -0.3721956672 1.8222100712 -0.1740216731 -0.3723272462 1.7322263842 
-0.2059936379 -0.3744055468 1.4640025678 -0.2073892525 -0.3759450745 1.3311935025 
-0.2028485918 -0.3755327997 1.9682510576 -0.1865995845 -0.3702282153 1.4738184791 
-0.1807783011 -0.3768598006 1.4613902518 -0.1660989354 -0.3798778141 1.3337501889 
-0.1812180589 -0.3770636497 1.9674669243 -0.1830909079 -0.3763863540 1.4849384906 
-0.1961364046 -0.3777785826 1.4642738972 -0.2258373264 -0.3739054648 1.3247692484 
-0.2159908461 -0.3731336898 1.4560997267 -0.2425524226 -0.3743955526 1.3298773880 
-0.2106531550 -0.3757542730 1.9715650954 -0.2013959750 -0.3717584193 1.4750855835 
-0.2039856335 -0.3748972250 1.9696040372 -0.2096823155 -0.3738514269 1.4829374900 
-0.2109595463 -0.3764774483 1.9712069938 -0.2004623236 -0.3736598030 1.7390159378 
-0.2077701251 -0.3761060144 1.9700481607 -0.2043736040 -0.3740545625 1.7317408623 
-0.2295210497 -0.3768042435 1.7152588507 -0.2037909160 -0.3722893694 1.4885237566 
-0.2078067608 -0.3761281419 1.9726186047 -0.2008618359 -0.3719335030 1.4853475862 
-0.2181662442 -0.3752141112 1.4594156732 -0.1935790598 -0.3751324232 1.3268256866 
-0.2132047658 -0.3748698617 1.4626277941 -0.1988477465 -0.3754471441 1.3280633547 
-0.2015588894 -0.3749293476 1.4562295848 -0.2088960179 -0.3758274107 1.3290488215 
-0.2178620838 -0.3750200147 1.4562904641 -0.2104812848 -0.3758535338 1.3282306388 
-0.2222089627 -0.3754071796 1.4647924151 -0.2167361012 -0.3765030617 1.3334202072 
-0.2251531961 -0.3745300039 1.5994402409 -0.2287036033 -0.3708237741 1.4875255924 
-0.1875007822 -0.3751483204 1.9701306926 -0.2084073116 -0.3713832201 1.4789291328 
-0.2336556386 -0.3764861989 1.4576323194 -0.2348986839 -0.3750831127 1.3252884813 
-0.2396265671 -0.3731055394 1.4568060524 -0.2374744614 -0.3736201871 1.3240710918 
-0.2328495049 -0.3771913973 1.7164006583 -0.2093962378 -0.3729350233 1.4895394200 
END
