2.1188461731 -2.9996854471 0.8756283108 2.1185440685 -2.9977372878 0.9338578996 
11 11
image_id_list 30 44 71 73 78 89 38 51 53 56 80 
line_id_list 9 24 39 76 32 31 159 63 89 115 131 
line2d_list
772.0617675781 316.0122375488 775.0393676758 301.0078125000 
639.2032470703 224.8291168213 642.4546508789 209.6685791016 
644.5875854492 93.0812301636 647.2211303711 74.0305709839 
367.2449340820 56.1243057251 364.0675659180 36.8242454529 
404.5700378418 324.0482482910 405.7678833008 309.8957214355 
393.2386474609 347.0098266602 393.7725830078 334.0317993164 
3.1856110096 410.9849548340 1.4819078445 389.9609375000 
36.7714729309 315.8247070312 33.3832435608 300.9129333496 
18.0628547668 305.0322570801 17.5793437958 290.9800720215 
92.4600982666 391.2150573730 89.9180221558 373.0114440918 
99.4942321777 262.0048828125 99.6424484253 246.9866027832 
node_id_list 11483 11484 11485 11486 11487 11488 11995 11996 11997 11998 11999 
score_list 4.3791550541 6.1975969087 2.9654021725 6.2147210461 2.9515971977 6.6994455703 2.7345665580 3.8702757648 3.8297082638 3.9157007153 2.8383989982 
line3d_list
2.1178173313 -2.9992762640 0.8772171624 2.1182476211 -2.9975047966 0.9335737254 
2.1182490050 -2.9985086361 0.8782287124 2.1187247774 -2.9984684921 0.9314320750 
2.1188122615 -2.9995080154 0.8801401716 2.1181612575 -2.9973208376 0.9381426051 
2.1172362763 -2.9954578933 0.8791275001 2.1182458256 -2.9974716755 0.9338474658 
2.1182938655 -2.9996011197 0.8737183484 2.1177454983 -2.9950188485 0.9310974810 
2.1188284947 -3.0011849951 0.8770404284 2.1188869168 -3.0001634822 0.9338637170 
2.1191041321 -3.0004555979 0.8741216211 2.1184841108 -3.0011711014 0.9419917431 
2.1190632896 -3.0012360046 0.8756813135 2.1187215687 -2.9972807184 0.9303555462 
2.1190380931 -3.0010673142 0.8792245628 2.1186808858 -2.9983443468 0.9307726394 
2.1190589933 -3.0012266356 0.8762084746 2.1186922954 -2.9984313211 0.9291261426 
2.1189510931 -3.0008205148 0.8783964531 2.1177580623 -3.0034019000 0.9291716063 
END
