2.9986582821 -2.9882190410 1.8808401069 3.0008758909 -2.9905942285 1.6818701832 
3 3
image_id_list 30 48 54 
line_id_list 75 65 70 
line2d_list
582.0819702148 0.8839682341 572.4542846680 77.0574188232 
263.5652465820 0.9874958396 264.8049316406 57.0264358521 
244.7828674316 60.1993293762 257.2176513672 136.1281280518 
node_id_list 11528 11529 11530 
score_list 3.7425119321 1.5885649620 3.6720970103 
line3d_list
2.9977432509 -2.9872389897 1.9629391973 3.0009177693 -2.9906390826 1.6781127424 
3.0044348633 -3.0000155457 1.8810453093 3.0052062985 -2.9985165331 1.6820130194 
2.9959226497 -2.9851605174 1.9805730176 3.0014247663 -2.9912238166 1.6799213667 
END
