2.1246746443 -1.8399399407 0.0019816514 2.3513320703 -1.6131825915 0.0008226994 
21 11
image_id_list 14 15 15 16 21 21 23 34 34 57 57 82 14 16 23 82 94 94 44 73 44 
line_id_list 60 66 130 100 11 44 17 8 29 116 124 59 65 122 26 78 81 91 92 22 78 
line2d_list
440.9425964355 492.9972229004 438.3353271484 546.9678955078 
15.6665067673 533.9193725586 5.0605912209 577.7728271484 
8.9092454910 575.2006225586 23.7490711212 507.9446411133 
333.7103576660 567.9804687500 331.6124267578 599.1086425781 
212.7011718750 508.6347961426 152.1478576660 558.1807250977 
153.5902557373 560.7076416016 220.1549377441 505.1857604980 
444.0151062012 375.0071411133 424.5309448242 416.3069458008 
376.1803588867 455.0976867676 363.4080810547 478.6794128418 
365.5152587891 479.2787475586 392.1352844238 430.0731811523 
237.7165832520 599.2922363281 254.4755706787 558.1939086914 
250.8622436523 560.9410400391 234.3328094482 599.5703125000 
337.3149108887 503.9576110840 334.2219848633 553.9518432617 
441.1488342285 547.0490722656 443.4979248047 492.0212707520 
334.4051513672 597.0917358398 336.3635559082 567.0889892578 
427.6098937988 416.2798767090 447.3883666992 373.1781921387 
337.1019897461 553.0601806641 339.8360290527 502.9910583496 
221.0389099121 345.8320617676 321.2221374512 369.0410766602 
318.7900695801 370.9047546387 220.7327880859 348.1515808105 
341.0472412109 577.5494384766 249.8961486816 567.9902954102 
213.9767761230 561.9367065430 111.2347869873 599.6397705078 
249.9079284668 565.8770141602 351.0529785156 576.4952392578 
node_id_list 8263 8264 8265 8266 8267 8268 8269 8270 8271 8272 8273 8274 8287 8288 8289 8290 9565 9566 9595 9596 12434 
score_list 5.4834547937 2.9732439940 3.9741554139 3.7412552720 4.9332269755 4.9811029902 5.0489402805 3.8986579488 4.9774823840 4.8211477000 4.4706415549 5.3309104752 5.4365920597 4.8798286255 5.8440685101 5.5683935773 1.8893796076 1.9844964465 1.9368474413 1.9769910232 0.9998113939 
line3d_list
2.1420627237 -1.8350198990 0.0023440183 2.3517822418 -1.6265988992 -0.0013128542 
2.2189755531 -1.7597901786 -0.0015859955 2.3607541749 -1.6179212531 0.0010779147 
2.3500147716 -1.6124836154 0.0037556555 2.1273277913 -1.8356187489 0.0067782531 
2.1240944180 -1.8597457515 -0.0149969641 2.2263515115 -1.7556636938 -0.0136807546 
2.1622731968 -1.8162246948 0.0006957495 2.3544261446 -1.6227864581 0.0037289411 
2.3504180764 -1.6123767120 0.0024863782 2.1369905162 -1.8270433123 0.0019410646 
2.1483012301 -1.8296186481 0.0032107275 2.3584717460 -1.6177865452 0.0075703673 
2.2555222717 -1.7222628574 0.0003656278 2.3525440911 -1.6258417671 -0.0013261385 
2.3492018206 -1.6134022305 0.0033243439 2.1339045998 -1.8301970031 0.0017211693 
2.2921082132 -1.6711339667 0.0022441134 2.1249847871 -1.8402552879 0.0009366441 
2.1454836628 -1.8315185539 0.0017973809 2.3025857072 -1.6750348345 0.0028586224 
2.1359535654 -1.8427373955 0.0002109464 2.3411163351 -1.6373892605 -0.0013860399 
2.3420725001 -1.6241082600 -0.0060626255 2.1317460608 -1.8322430018 0.0023771350 
2.2231553241 -1.7406155162 0.0019579645 2.1251360429 -1.8398433052 0.0011596579 
2.3444689945 -1.6179536490 0.0028196058 2.1273579616 -1.8369225389 0.0017530261 
2.3333708422 -1.6298265165 0.0011518445 2.1275808707 -1.8363541155 0.0025696020 
2.3578135193 -1.6196745552 -0.0017934040 2.1303253138 -1.8458440017 0.0009949679 
2.1284751653 -1.8369612232 0.0007600085 2.3486910849 -1.6158273757 0.0010137872 
2.1519106358 -1.8145155314 -0.0000257510 2.3432985320 -1.6246046118 -0.0027551496 
2.1260501520 -1.8408602968 -0.0004970373 2.3224935119 -1.6431686302 0.0000972973 
2.3493450858 -1.6280938968 -0.0016896045 2.1367663441 -1.8394403103 0.0009160188 
END
