2.3283509663 -2.9994804632 0.0004599081 -0.0032439003 -0.6617594376 0.0091002550 
233 61
image_id_list 0 1 3 4 8 8 12 12 17 17 32 39 39 47 79 85 85 93 0 1 3 4 32 46 47 93 0 3 32 0 3 0 1 3 3 8 32 46 46 47 47 47 58 58 58 66 79 90 90 66 74 1 32 1 1 74 8 8 12 62 62 62 62 76 76 79 81 81 84 84 84 86 86 86 93 37 37 50 50 62 62 62 62 76 76 84 84 86 86 93 98 76 81 85 93 62 62 11 11 11 42 42 7 20 65 72 72 72 76 91 91 91 7 76 76 91 7 20 20 65 65 72 72 91 9 9 10 10 10 19 31 99 99 19 99 10 19 37 16 16 57 82 82 98 31 57 16 18 18 18 10 20 81 84 20 76 59 59 65 65 11 65 17 18 18 74 18 13 44 44 54 54 55 55 73 73 73 73 80 13 60 18 18 65 84 65 20 20 84 21 30 44 48 48 52 52 54 63 63 78 80 89 89 94 94 30 54 80 74 51 51 53 53 72 72 72 78 78 94 94 65 91 91 91 91 63 72 73 73 94 91 76 97 
line_id_list 22 46 52 32 40 77 49 93 35 87 177 48 86 114 56 54 123 147 24 139 100 55 30 111 102 135 64 8 271 89 82 113 67 25 122 120 81 43 94 14 80 112 69 174 269 79 31 37 168 17 15 126 91 131 205 149 126 221 100 27 28 34 37 139 172 86 20 33 100 128 217 96 124 183 164 21 62 14 20 13 25 29 47 25 66 25 64 21 86 181 107 158 96 172 163 18 39 73 26 59 15 40 6 30 27 0 21 71 170 36 40 50 18 103 146 83 25 56 169 18 52 10 22 51 98 206 38 149 206 24 51 59 166 54 23 194 191 119 39 89 135 40 68 67 90 161 182 58 112 129 192 106 61 77 114 77 174 179 5 43 83 14 125 111 116 63 285 142 21 40 87 113 145 158 8 62 101 113 120 148 147 141 210 7 219 9 217 242 170 165 161 71 66 86 245 298 67 50 54 137 98 63 124 6 69 168 105 134 125 99 100 125 126 3 7 58 138 191 3 94 25 42 57 55 44 43 33 6 80 79 79 127 169 
line2d_list
145.2904205322 514.6463012695 126.5367736816 552.2706909180 
279.8513488770 545.8305053711 271.9856567383 599.1453857422 
707.3818359375 466.4183349609 687.0391235352 488.0368041992 
523.1397094727 599.3669433594 485.8954467773 512.0446166992 
238.0027313232 571.0124511719 427.8601684570 529.3625488281 
426.1039428711 532.4864501953 314.0898437500 556.4205322266 
90.2130889893 591.2841796875 388.4185485840 263.4710388184 
382.0155639648 274.0141296387 246.4085693359 423.3709411621 
155.9566955566 502.9453430176 271.9983520508 410.9979248047 
273.6271667480 412.7913818359 196.1508941650 474.1903991699 
547.0543212891 500.1297302246 508.1744384766 516.4163818359 
268.5871582031 597.9508056641 453.9979248047 524.9947509766 
427.0671691895 538.1712646484 289.1064453125 592.2714233398 
193.2287139893 530.8235473633 185.6562042236 563.9213256836 
591.0626220703 450.1333007812 376.0849914551 551.1808471680 
229.9817504883 598.9777221680 483.5333557129 391.4299316406 
476.3361816406 400.4107971191 302.0392761230 543.0479736328 
290.5394592285 505.2230834961 299.5507507324 564.2213745117 
129.4684143066 552.2355346680 148.5524749756 514.2777709961 
274.7935791016 599.1152343750 282.3541870117 547.0514526367 
684.1131591797 494.0896301270 710.3214111328 467.3146362305 
428.1466674805 371.9370117188 525.7153930664 599.1222534180 
315.6609497070 593.1782226562 588.7908325195 480.4929504395 
174.0411987305 587.0775756836 151.1293029785 599.2435302734 
181.7210998535 593.1691284180 196.5068511963 530.1188354492 
302.0623779297 562.9905395508 293.2823791504 504.9572753906 
124.6273803711 555.8133544922 102.7940826416 599.3977661133 
581.2793579102 599.2647094727 676.6143188477 498.6346130371 
505.9779663086 516.9459838867 473.1386413574 530.3399047852 
105.9216995239 599.4601440430 127.4944839478 556.2468261719 
676.4579467773 502.4321899414 584.7003173828 599.6609497070 
149.8187713623 505.4129943848 174.3927764893 456.6937255859 
284.6045532227 518.0889282227 289.9158935547 481.9876098633 
711.3543090820 462.3351135254 764.3383178711 406.3200378418 
762.4729614258 411.4430541992 718.9257812500 457.9305114746 
436.8121643066 528.0827636719 460.0657348633 523.3209838867 
591.9550781250 479.8916931152 614.2635498047 470.6351318359 
175.2031555176 583.5304565430 306.6080627441 512.2771606445 
291.1760864258 523.3230590820 183.1166839600 582.2141113281 
197.6152496338 525.1291503906 226.8739776611 385.7636108398 
204.8446655273 483.7132263184 194.3858032227 525.8475341797 
230.6816864014 384.3964843750 209.3041229248 475.0716857910 
129.9981994629 598.9967651367 242.7091217041 536.4755859375 
192.0800323486 567.1416015625 135.1691894531 599.2994384766 
217.0704498291 553.1277465820 193.9377288818 565.8870849609 
73.9985351562 228.5045166016 0.5896439552 373.7926635742 
269.7461547852 598.4602050781 606.5574340820 440.0589599609 
408.9306030273 553.9484252930 462.2442321777 482.1814270020 
462.2106933594 486.1555786133 412.5525512695 553.4080200195 
0.5459710956 367.7694091797 71.6276321411 227.8108825684 
136.3855743408 572.9758300781 130.6803894043 482.0200500488 
282.8170471191 544.1062622070 285.4248352051 524.0552368164 
582.9388427734 484.8541564941 549.0320434570 499.0764160156 
282.8084106445 524.9745483398 280.4250488281 542.9236450195 
291.1765747070 483.0258789062 286.3392639160 516.0496826172 
141.2999114990 599.0423583984 139.3596343994 566.9782104492 
112.8079910278 598.1196899414 234.8891448975 571.4917602539 
195.0612945557 582.2825927734 139.0920867920 594.4244995117 
244.8594055176 424.8723754883 93.5837936401 591.5299072266 
45.9233245850 446.3477783203 154.9448394775 433.5307312012 
268.0993041992 422.8378906250 160.0758819580 435.6402282715 
160.8859710693 433.0282287598 266.9511108398 420.5832214355 
155.1263580322 436.0891113281 0.9967435002 453.9719238281 
279.7946166992 548.2224121094 357.8932800293 527.5958862305 
431.8377685547 509.4022827148 411.0148010254 515.0545043945 
374.0494995117 552.1050415039 273.2762145996 599.5862426758 
457.0047912598 558.0121459961 798.5322875977 423.8096618652 
799.1376342773 426.3518066406 625.1660766602 494.4243469238 
305.6534729004 548.6549682617 467.7169494629 506.9013671875 
471.9571228027 505.8366088867 544.9179077148 486.6872863770 
546.0904541016 488.3472595215 520.0352783203 495.1354064941 
410.6995849609 568.1391601562 479.0947265625 544.2714233398 
332.9159851074 594.7551879883 406.7951660156 569.4030761719 
407.9387207031 570.8262939453 381.9929809570 579.9801025391 
300.2359619141 569.1240234375 305.1099853516 599.1444702148 
439.6000061035 514.8748779297 582.9666137695 463.9060363770 
546.1624145508 479.4558715820 451.1129455566 513.3170776367 
430.9294738770 598.7667236328 670.7768554688 526.2617797852 
671.2640380859 528.8726196289 437.2120056152 599.7006225586 
389.8686523438 406.9806823730 496.8957519531 393.1909179688 
502.8746948242 392.9505920410 615.9342041016 379.4489135742 
499.0943908691 395.7878723145 410.0546569824 406.4561767578 
617.1039428711 381.8641357422 503.0696411133 395.5790100098 
444.0525512695 504.1972045898 609.0574340820 460.2154846191 
562.0502929688 475.1882324219 452.1503295898 504.5623779297 
553.5782470703 484.3650512695 746.8721313477 434.5041809082 
723.0282592773 443.1091613770 559.1320800781 485.5105285645 
482.6407775879 542.9561157227 646.8132934570 486.4575500488 
634.0800170898 493.2310485840 491.2415466309 542.6974487305 
292.5263366699 500.9223937988 289.5763244629 480.9150085449 
758.0274658203 589.2561645508 663.0474243164 599.4423828125 
359.0589904785 529.2348022461 334.1259155273 535.5010375977 
613.0573730469 499.1458740234 544.1044921875 526.2657470703 
299.1742248535 545.2114257812 233.9618072510 598.9536743164 
307.8086547852 599.0314331055 302.6893310547 567.8867187500 
273.8690795898 419.8604431152 364.9308166504 409.3978881836 
363.1072082520 411.9062194824 272.9493103027 422.5715942383 
94.9077148438 406.7617187500 40.0088615417 428.0228881836 
95.6206970215 404.0126953125 225.6395568848 354.0617980957 
211.9755096436 361.9364318848 97.0768585205 406.1995239258 
450.0593261719 599.0964965820 573.9417724609 522.9053955078 
575.6134033203 524.9973754883 454.3537902832 599.5752563477 
290.8671264648 549.4133911133 799.2868652344 434.2666625977 
534.8430786133 557.6250610352 724.9912719727 535.9237060547 
0.5393092632 466.1089477539 65.6999893188 432.4197082520 
343.8676452637 527.0140380859 339.2854919434 158.0088653564 
342.5450439453 297.0088195801 346.9973754883 527.0000610352 
341.4680786133 228.0094604492 342.6421508789 294.0063781738 
272.0827941895 552.3076171875 220.0819091797 566.3043212891 
405.5215148926 508.6501464844 226.8716125488 377.1744384766 
228.0440673828 374.9400939941 405.4224548340 505.4257202148 
408.6554260254 508.1068115234 512.0275268555 583.9624633789 
146.7574768066 581.9340820312 285.8383178711 550.2894287109 
89.9815063477 598.9312133789 162.8262023926 579.3533325195 
179.9948425293 576.9801025391 149.0022125244 585.0085449219 
218.2693176270 367.6376037598 159.1968383789 323.7351379395 
799.2365722656 437.0451965332 605.9542236328 480.7979125977 
715.0523071289 539.4569702148 606.9804077148 551.8286132812 
604.9853515625 551.8678588867 552.0806274414 557.7279052734 
298.5901489258 315.1319274902 195.4671630859 368.8960571289 
134.1148223877 400.2205810547 73.0130004883 432.0249633789 
345.8663330078 599.0215454102 344.5744018555 531.0080566406 
346.8461608887 529.9810791016 348.3916625977 599.0136108398 
511.3497924805 586.5228271484 407.6356506348 510.4970703125 
584.9196777344 525.1981201172 656.8988037109 517.9895629883 
617.9802246094 523.7800292969 593.9941406250 525.9349975586 
414.0162353516 513.4105224609 534.9456176758 508.6260986328 
532.9993286133 510.9826965332 463.0285034180 513.7267456055 
454.9895935059 513.7803955078 413.0838012695 515.7673339844 
593.0177001953 478.4351196289 671.0108032227 475.2658996582 
580.8890380859 574.0655517578 626.0828857422 568.6981201172 
413.1004028320 562.0475463867 470.9523925781 556.5033569336 
457.9875488281 559.8744506836 430.0641784668 562.6466064453 
650.0133056641 478.2845153809 599.0314941406 480.6727600098 
475.9938659668 556.9122924805 503.9967041016 554.9528808594 
157.9661865234 524.2439575195 188.0402069092 522.8987426758 
322.9648742676 489.3192443848 350.9934692383 487.8735961914 
218.6796417236 594.0997314453 280.9757690430 571.9318847656 
674.9251098633 410.4603271484 799.1691894531 393.2190551758 
795.0162963867 396.1140136719 722.0780029297 406.5455627441 
644.6765747070 525.1863403320 736.1887817383 538.7239379883 
676.9569702148 383.5830078125 757.0329589844 375.3194885254 
738.0492553711 379.4712829590 691.0401611328 384.3842773438 
645.9681396484 598.6974487305 780.9470825195 584.4969482422 
625.9684448242 570.7238159180 602.9263916016 573.3557739258 
712.0927124023 537.3586425781 668.0023803711 530.9833374023 
714.9954223633 406.9676513672 674.9439086914 412.6011962891 
278.6185607910 442.2279968262 392.4895324707 385.9668273926 
223.8287963867 469.6585388184 275.7991943359 443.5995178223 
379.1292114258 395.2605895996 230.0805969238 469.1625671387 
71.9860305786 527.7371215820 101.0633468628 526.1921386719 
208.9466552734 594.5703735352 249.9355621338 589.4810791016 
371.4566040039 591.6163330078 453.7276306152 559.3064575195 
214.7873077393 572.1862182617 282.8428955078 554.3989257812 
294.8465270996 584.5600585938 369.9525756836 576.5549316406 
188.7622985840 573.1250000000 229.9804534912 561.9280395508 
234.2582702637 599.2829589844 259.3011169434 576.4255371094 
260.9778137207 577.9761962891 238.2106628418 599.2257080078 
300.2276611328 311.4980773926 389.7296142578 265.4741821289 
390.5233154297 268.0158996582 302.2510070801 313.4872436523 
39.5405197144 425.8373718262 91.6940765381 405.2259216309 
72.5704193115 429.1598510742 132.7007751465 398.4147644043 
62.4475822449 577.5678100586 127.3322830200 526.4215087891 
111.8558502197 527.7108764648 16.2006416321 575.4024047852 
12.6655368805 574.3258666992 110.4174728394 525.8259277344 
135.8107147217 513.9747314453 138.4620971680 599.0167846680 
167.1596527100 500.3219909668 125.0898056030 521.1811523438 
504.1862792969 499.4968872070 576.2972412109 526.1972656250 
584.0035400391 599.1956176758 547.8459472656 415.0302429199 
571.2346801758 521.9534301758 586.5369873047 599.0918579102 
551.9019775391 571.1328125000 589.8822021484 599.1596679688 
585.7821044922 599.2907104492 550.4138183594 572.7821044922 
590.5908203125 539.4828491211 642.8220825195 599.1557006836 
640.2630004883 599.6389160156 589.6738281250 541.2827758789 
417.4013671875 415.2571105957 354.1281433105 267.9449768066 
357.3948669434 269.8303222656 420.3858032227 416.4044494629 
422.8023376465 428.5137329102 442.4198608398 474.2488403320 
445.7849731445 474.6620788574 424.8624877930 426.0592041016 
181.0231475830 558.9422607422 264.7963867188 592.5081176758 
586.3694458008 530.0136108398 649.1741943359 553.5349731445 
424.1025390625 553.5369873047 457.9909362793 561.0409545898 
118.4933319092 521.9777221680 198.6323852539 482.2583007812 
199.9610137939 483.9220275879 171.9603729248 497.9207458496 
194.6632232666 366.3550415039 296.5565490723 313.1507568359 
467.8777465820 508.5393676758 438.1161804199 516.4378051758 
68.0300674438 434.0580749512 0.4956506193 469.0259399414 
451.0159606934 569.1475830078 414.0158691406 573.1467285156 
288.0370178223 587.3317260742 262.0262145996 590.2348632812 
300.0388488770 552.1467285156 218.2135620117 573.8067626953 
330.3016967773 414.1349487305 391.2161560059 435.3802490234 
749.0453491211 599.8149414062 683.2718505859 522.7678833008 
552.8435668945 429.0310668945 570.9157104492 520.0167236328 
471.8676757812 593.6981201172 412.9047546387 498.0587158203 
414.2052612305 496.2520141602 474.1778869629 592.8895874023 
628.4370117188 599.3056030273 583.8115234375 517.1022949219 
585.5910034180 516.6744995117 630.9464111328 599.0295410156 
548.1152343750 570.8460083008 496.7197265625 532.3744506836 
210.2859191895 127.7986831665 314.7557067871 276.1719970703 
310.5216979980 274.3359069824 207.8340148926 128.1165618896 
420.0309143066 555.8817749023 450.0689086914 563.7364501953 
176.7708282471 559.5642700195 100.7239837646 528.6796264648 
378.5057067871 599.2310791016 343.2732238770 523.8722534180 
358.8331604004 553.0798339844 380.6491699219 598.6895141602 
564.6701049805 323.7847290039 587.7892456055 180.9658813477 
589.9920654297 182.1601257324 567.4097900391 322.0661621094 
710.4392700195 551.6173706055 751.4049682617 598.6472167969 
496.9502258301 530.0673217773 550.3382568359 569.5425415039 
100.2887496948 526.2951660156 178.8104553223 558.4627075195 
132.9879760742 481.9363403320 134.9256896973 512.0047607422 
90.7430877686 599.3190917969 19.8245601654 542.2178955078 
23.5351352692 542.3318481445 94.7230682373 599.3457641602 
1.3021508455 560.5412597656 58.0537033081 597.9184570312 
55.7338447571 599.4006347656 0.9811609387 563.0283813477 
336.4833068848 91.9921722412 335.0577697754 4.0152673721 
337.7081909180 154.0081481934 336.0597839355 94.9983291626 
337.2349548340 4.9960699081 339.7269287109 153.9878387451 
504.1552124023 577.3989257812 570.1452026367 594.4376831055 
580.8290405273 599.6452026367 533.0065307617 586.9753417969 
519.5061645508 599.0874633789 561.1995239258 357.8616333008 
559.7217407227 353.9497375488 552.1201782227 396.0217285156 
162.3352966309 383.7700500488 189.9243774414 368.8600769043 
145.6919555664 317.4180908203 0.6131662726 210.5250244141 
1.0456508398 207.9379730225 81.5822830200 267.2088012695 
83.2658309937 268.6372375488 148.4402160645 316.3992919922 
516.1566772461 587.7839965820 532.5240478516 599.6561279297 
383.7848510742 374.4461059570 440.0903015137 454.2305603027 
337.5871887207 159.0125885010 338.2549743652 233.9977264404 
497.4575805664 598.8041381836 452.2941589355 493.3021545410 
456.2868957520 499.8752746582 493.6166076660 585.7318725586 
552.1824951172 415.0293884277 535.1117553711 521.0180053711 
153.1475067139 322.8014526367 217.0508422852 370.2775878906 
362.9467163086 526.8095092773 394.2913513184 518.0415649414 
373.0730285645 595.6273803711 403.9855041504 597.2722167969 
node_id_list 199 200 201 202 203 204 205 206 207 208 209 210 211 212 213 214 215 216 234 235 236 237 238 239 240 241 546 547 548 675 676 906 907 908 909 910 911 912 913 914 915 916 917 918 919 920 921 922 923 1680 1681 1820 1821 1827 1968 1969 2770 2771 2772 2773 2774 2775 2776 2777 2778 2779 2780 2781 2782 2783 2784 2785 2786 2787 2788 2871 2872 2873 2874 2875 2876 2877 2878 2879 2880 2881 2882 2883 2884 2885 2886 3112 3113 3114 3115 3177 3178 3642 3687 3688 3689 3690 4231 4232 4233 4234 4235 4236 4237 4238 4239 4240 4267 4268 4269 4270 4300 4301 4302 4303 4304 4305 4306 4307 4606 4607 4608 4609 4610 4611 4612 4613 4614 4718 4847 4851 4852 4853 5566 5567 5568 5569 5570 5571 6008 6009 6262 6263 6264 6265 6616 6617 6618 6619 6624 6625 6767 6768 6769 6770 6843 6844 7113 7114 7115 7116 7149 7999 8000 8001 8002 8003 8004 8005 8006 8007 8008 8009 8010 8021 8022 8918 8919 8920 8964 9111 9529 9544 9545 9713 11596 11597 11598 11599 11600 11601 11602 11603 11604 11605 11606 11607 11608 11609 11610 11615 11616 11617 12171 12370 12371 12372 12373 12374 12375 12376 12377 12378 12379 12380 12622 12702 12711 12981 13149 13190 13193 13194 13195 13196 13387 13425 13464 
score_list 10.7376464419 10.2952459184 10.9616496105 8.2463936319 8.6293918004 7.8110573452 13.4192961922 15.2658138554 12.0838784227 13.9486675299 8.3704041328 14.0047851813 12.4489410186 6.3642441173 13.1921111091 14.4167450278 14.8927697476 9.3124528041 11.4524101068 10.3346753192 11.5277192258 12.5989299419 10.1762678780 4.1404470582 8.7250207234 9.3670281767 7.1333679523 8.9271964940 4.9146705623 7.3450446200 8.6059466141 10.3249348457 11.0939881469 13.7179732483 12.7207910218 4.2326348930 6.8472661864 11.1175791799 11.0539441366 8.9439145576 8.5209455966 12.4555607219 10.4944006482 10.4340754134 5.1929153981 12.1192455983 13.2175001665 13.7766684496 13.1889712459 12.0247184717 9.5184896628 7.4238593535 12.1600709158 7.3512616597 11.7111120779 5.6854969417 5.1759827556 1.8004243820 6.3172812681 3.9100158116 4.6836249954 4.5980466881 3.9318568034 5.1996945692 0.9047264275 7.2012519225 9.1375698847 9.8116265632 5.6927994994 1.8976751978 0.9615890460 5.4961217071 6.0582538119 1.8792904788 5.8034257576 9.6940674694 11.3270285125 9.6754681591 10.2761319481 5.6578776193 8.8435789220 8.5244055896 9.3506837220 10.7384470456 11.4825355064 11.4847061379 12.2203959970 9.9786048406 10.7853658269 8.4847142860 10.5342955559 4.0542935997 1.6234370237 5.9822321534 5.8420533951 6.6261693924 6.0570614921 11.7221826164 13.2280496388 13.5396715999 10.2186477010 10.2772133779 7.7862905092 10.9249934249 3.5741993103 2.8175312276 1.9870292516 1.9949304707 1.8849029239 2.7365568159 2.9867532981 2.9240444716 3.9539481027 1.7560530128 1.8456730238 2.7942731852 7.4684989780 10.9602307603 4.8999748696 11.6286258182 6.4659925595 1.5640377948 1.7029223890 2.3405191703 12.6851626213 11.3979914921 13.1799272311 12.2993294140 8.4497612537 9.4886981060 9.8397769113 11.7857794916 12.5467912064 8.1492434655 10.6837443023 5.1317220501 3.4900353156 4.1830479087 8.5891543600 7.8558546244 7.3185041450 8.0980919164 7.2144318793 8.1586577521 7.8924451523 5.7692358270 2.8679985207 14.2560891223 9.0181114450 15.2315894760 2.8926901165 1.7505272354 1.5733095479 1.7372203754 3.1019823998 2.4248070308 5.9942841589 2.8967334783 10.2021205505 9.6103877934 6.0413238009 4.4492408673 5.9265811678 3.1574916413 5.6392148524 6.8768681838 1.9831109304 0.9910924356 12.1888595685 7.4718081387 6.9052456641 6.0302964987 11.4486615140 10.3964670557 13.2683196099 13.7224170770 6.4776533317 6.9428041776 2.5644655444 0.9646715203 1.8899963302 4.9863952371 3.4067779526 9.2890757775 2.0713955992 4.8261127040 2.2809026943 1.6731866415 0.9761439801 0.9879345549 9.3009214499 11.5896890796 8.6615141454 8.6484589858 7.5161920964 7.3869588268 8.6852879473 12.2909274723 11.6927422778 2.9701782295 1.5256635457 9.6139969916 9.5828283810 7.9019212876 9.6782445243 8.9079095820 8.6947404907 1.9464488115 4.6346158400 4.7042853848 4.7689535952 1.9292109589 1.9884583697 5.9670680412 3.8986097232 4.9724028643 0.9929931875 0.9816251267 2.4222103599 4.2559459034 3.2365222672 5.9799217151 5.9592492265 3.8885367095 0.9262020800 0.9959587297 2.4482250935 4.2562509101 4.8212095248 1.8298518099 2.4694914799 1.9162338642 0.9704112818 
line3d_list
0.4741215061 -1.1500656087 -0.0105907770 0.6861038195 -1.3601963505 -0.0084462141 
0.4628300790 -1.1359455812 -0.0092894273 0.6731552197 -1.3455034526 -0.0088725861 
0.4854307531 -1.1697219381 -0.0155084256 0.6397455969 -1.3221684943 -0.0141233524 
0.7646010116 -1.4357598343 -0.0087686779 0.5425866735 -1.2144512327 -0.0095414391 
1.0469962215 -1.7308566317 -0.0036399484 0.3082311412 -0.9699145278 0.0120672037 
0.3043386732 -0.9746059705 -0.0085789219 0.8049087932 -1.4608356791 0.0016775644 
1.4160023248 -2.0848102862 0.0040327994 0.0426488843 -0.7161888225 0.0051392551 
0.0989176544 -0.7693116604 -0.0114644264 0.8951644259 -1.5636318938 -0.0090774981 
0.8404262105 -1.5093014813 0.0064038697 0.2733961972 -0.9417379693 0.0093368751 
0.2726807584 -0.9355617584 -0.0038556237 0.6751485722 -1.3384922668 -0.0040846648 
0.5001839978 -1.1609150609 -0.0017963920 0.6745955252 -1.3476563453 -0.0091611556 
0.9644842735 -1.6340409145 0.0053327540 0.0986555070 -0.7743204464 0.0041497703 
0.2752877903 -0.9311245359 0.0002006415 0.8936904743 -1.5577404421 -0.0029619657 
0.4670923756 -1.1446738280 -0.0124695252 0.5503769430 -1.2255982538 -0.0107848376 
0.1220116966 -0.7711403453 0.0065432196 0.9138130722 -1.5902305815 -0.0124285453 
1.1640799248 -1.8339619099 0.0040306705 0.0457509093 -0.7184375678 0.0059755990 
0.1028506394 -0.7661393265 -0.0040795617 0.9232781598 -1.5925837484 -0.0072442175 
0.4682492941 -1.1414219808 -0.0091798492 0.6933994010 -1.3649888250 -0.0071017433 
0.7002703064 -1.3587982649 0.0003640920 0.4910188171 -1.1484782191 0.0008995986 
0.6877035969 -1.3456068769 0.0008048481 0.4845063472 -1.1422466957 0.0006872183 
0.6924609944 -1.3574828613 -0.0046007420 0.5138081330 -1.1724083526 -0.0004530117 
0.0312829096 -0.6968691418 0.0104992479 0.7783333668 -1.4423295878 0.0092736983 
1.4193846485 -2.0828299559 0.0074781933 0.2853910999 -0.9429607260 0.0133427832 
0.4863706002 -1.1388455194 0.0027892546 0.5569958717 -1.1961491139 0.0102486197 
0.6290670615 -1.2886785785 -0.0010067411 0.4823303571 -1.1422244668 -0.0005624346 
0.7036689280 -1.3624170740 0.0002075343 0.4860652406 -1.1442895486 0.0003362364 
0.7013887764 -1.3763897551 -0.0102017379 0.8953650935 -1.5691909200 -0.0089095191 
1.2508045478 -1.9224467472 0.0025435950 0.7327445047 -1.4052965995 0.0037076422 
0.6970100237 -1.3570041658 -0.0007085157 0.8444418737 -1.5017966431 0.0013870519 
0.9101314492 -1.5687053876 0.0008181904 0.7208307608 -1.3791299928 0.0009829603 
0.7710616761 -1.4230907935 0.0148293429 1.2633437202 -1.9160536114 0.0132114013 
0.4144758880 -1.0913609223 -0.0112957795 0.0420363970 -0.7197684090 -0.0117618424 
0.3388594355 -1.0082999324 -0.0055515640 0.1436055205 -0.8134810545 -0.0056162979 
0.4852426196 -1.1562090118 0.0050776879 0.0001971256 -0.6731050647 0.0047119563 
0.0353340386 -0.6988396378 -0.0040380933 0.4426613641 -1.1026998856 -0.0010367808 
0.2496674664 -0.9228947301 0.0022081501 0.1237873996 -0.7991079999 -0.0004427811 
0.2280034328 -0.9227723968 -0.0089927249 0.1052529186 -0.7957351301 -0.0063375524 
0.4679434421 -1.1392839553 0.0043047362 0.0390465140 -0.7108488410 0.0048401518 
0.1130817080 -0.7680084397 0.0015897923 0.4569963930 -1.1151574540 -0.0002186396 
0.4675232219 -1.1285761271 -0.0025544001 -0.0411363790 -0.6501835635 -0.0267865309 
0.3359131207 -1.0126320097 -0.0128286517 0.4524884182 -1.1310431491 -0.0142508109 
-0.0064386211 -0.6551258961 -0.0007886051 0.3277003420 -0.9882600162 0.0001827100 
0.4625330781 -1.1332087741 0.0052733961 0.0409248657 -0.7134368899 0.0038169845 
0.2605905009 -0.9208245852 -0.0005949582 0.4545618264 -1.1162163050 -0.0025172960 
0.1630656849 -0.8231206612 -0.0004023200 0.2546187221 -0.9138254173 0.0008869826 
0.0052082097 -0.6674472617 -0.0018242111 0.4951858858 -1.1578960579 -0.0015806406 
1.2087976626 -1.8785973264 0.0033668380 0.0205157316 -0.6917617542 0.0060208320 
0.3805332763 -1.0519679083 0.0044138551 0.0009618141 -0.6728051488 0.0048876950 
0.0205570321 -0.6810245533 -0.0010960819 0.3745352519 -1.0353463189 -0.0013518962 
0.4831157728 -1.1480414188 0.0092351091 0.0097739888 -0.6749984027 0.0091615864 
0.2755053141 -0.9461961302 0.0057740288 -0.0033046177 -0.6678592955 0.0058741070 
0.4711102143 -1.1286901129 0.0000502013 0.3774029336 -1.0366900545 -0.0007009283 
0.3387879924 -0.9760192152 0.0124702749 0.5010869170 -1.1510963266 0.0048128547 
0.3681604450 -1.0421842399 -0.0077756891 0.4526416326 -1.1248264593 -0.0069544307 
0.1587248006 -0.8193264175 -0.0011959335 0.3368941703 -0.9976687056 -0.0013246936 
0.3462736549 -1.0057432169 -0.0006900001 0.2645592471 -0.9231066707 0.0002952309 
1.4070709543 -2.0844261058 -0.0006706453 1.0703242424 -1.7381114520 0.0056686471 
1.1982497038 -1.8561553377 0.0009070851 1.3545800551 -2.0102990862 0.0022430110 
0.9129280751 -1.5710305939 0.0021319646 1.4160735898 -2.0772590107 -0.0009816862 
1.1786473438 -1.8451904677 0.0054599415 0.9507764155 -1.6168521438 0.0064270055 
0.7193118390 -1.3813464039 -0.0015136450 0.9438853678 -1.6063025999 -0.0029270491 
0.9383216933 -1.6061047798 0.0039493599 0.7178811956 -1.3861664134 0.0038870267 
0.9540013870 -1.6167566525 -0.0026403775 1.2770266831 -1.9388196905 -0.0014327009 
1.1779430925 -1.8462847391 0.0045147323 0.9538274001 -1.6280883744 0.0009332341 
0.7342544752 -1.3936733496 0.0015808374 0.7995236804 -1.4614747330 -0.0001117284 
0.9418786216 -1.5925716643 0.0064968958 1.2140791172 -1.8651631609 0.0060694026 
1.4202525439 -2.0830849275 0.0078365722 0.2438485484 -0.9127847788 0.0067507978 
0.2555296278 -0.9113968403 0.0007842668 0.8850516929 -1.5646342737 -0.0119978064 
1.4152669734 -2.0775989682 0.0081551413 0.9534798303 -1.6276309289 0.0009977527 
0.9398275254 -1.6152695378 0.0001012741 0.7184217743 -1.3872370569 0.0056123455 
0.7222723344 -1.3812263506 0.0018915592 0.8021785155 -1.4642325648 -0.0001805737 
0.9433253596 -1.6136263243 0.0031299656 0.7187052059 -1.3836422823 0.0079138270 
1.1811680603 -1.8483809086 0.0053347575 0.9543379515 -1.6265500994 0.0024055411 
0.9660578392 -1.6177632325 0.0057449169 1.0428804335 -1.7000074723 0.0017451542 
0.7095648429 -1.3813386462 -0.0071077940 0.8057202394 -1.4755210274 -0.0055447703 
0.7038521274 -1.3676092248 0.0093372985 0.0807174221 -0.7521873474 0.0056701940 
0.2626657975 -0.9248894739 -0.0031823239 0.6620000827 -1.3233772784 -0.0021682669 
0.5966343938 -1.2585515279 0.0094784568 0.0082462184 -0.6711418750 0.0097255606 
-0.0033465211 -0.6672860265 -0.0080908970 0.5807322962 -1.2455196960 -0.0030998317 
0.4700341517 -1.1267420419 0.0112899848 0.2448146027 -0.9142389580 0.0056132402 
0.2373177330 -0.8987731711 0.0108856187 0.0071949875 -0.6707938567 0.0104072511 
0.2432268183 -0.9077165392 -0.0031018219 0.4270004252 -1.0886985673 -0.0018961849 
0.0021429940 -0.6681018392 -0.0036296037 0.2366549048 -0.8985187708 -0.0018351305 
0.6852745597 -1.3557708302 0.0050626508 0.0670073729 -0.7308173100 0.0091931062 
0.2644879055 -0.9237202960 -0.0011562815 0.6652205406 -1.3264589987 -0.0020708324 
0.6892788177 -1.3598183928 0.0050358996 0.0171637004 -0.6804345964 0.0095260966 
0.1165956166 -0.7693833234 0.0027914238 0.6722148966 -1.3413336844 -0.0067523980 
0.6988861438 -1.3728084189 0.0033265654 0.0420141708 -0.7157388902 0.0042496778 
0.1154858789 -0.7725348137 0.0007619185 0.6745625528 -1.3410070074 -0.0054367629 
0.4673665785 -1.1263745076 -0.0007802062 0.3785846784 -1.0369784398 -0.0004627449 
0.1094701802 -0.7622014278 0.0028560313 0.4134546410 -1.0780425848 -0.0034691743 
0.9593344478 -1.6210056549 -0.0012999331 1.0462056802 -1.6872308616 0.0108190946 
0.9389269737 -1.6035859547 -0.0030472052 1.1865031033 -1.8188936040 0.0158010172 
0.9521525746 -1.5984098770 0.0091164784 1.1801292248 -1.8140751784 0.0162435281 
0.8179319199 -1.4756617510 0.0006611523 0.7188894789 -1.3782453492 -0.0006233856 
0.7049778136 -1.3690142501 0.0074421264 0.5148668244 -1.1854613324 0.0006578936 
0.5227241951 -1.1861282351 -0.0034135261 0.7100965989 -1.3702465223 -0.0011561264 
0.4792240619 -1.1407882577 -0.0015054379 0.6265334057 -1.2880582135 -0.0020913018 
0.4697150252 -1.1407954597 0.0046728205 0.0434912146 -0.7143657327 0.0061584990 
0.1015069902 -0.7638698279 -0.0031280594 0.4701150518 -1.1358595109 -0.0051643398 
0.3089114949 -0.9765276662 0.0067220021 0.0057973352 -0.6743720262 0.0058669230 
0.0055317109 -0.6697202850 -0.0027968802 0.3030506364 -0.9667947668 -0.0015512476 
1.4144398572 -2.0778038920 0.0077266038 0.3485939141 -1.0150739287 0.0075001590 
0.7000537109 -1.3679734532 0.0055283627 0.0704829014 -0.7311560990 0.0111290963 
0.8285192774 -1.4906060312 0.0084761376 0.7177426738 -1.3820334461 0.0073314239 
0.7139423547 -1.3726908739 0.0211521652 1.6373826766 -2.3050513692 0.0014736818 
1.2099450649 -1.8800638911 0.0015363924 0.7118658034 -1.3815088634 0.0033592667 
1.4064452073 -2.0779544522 -0.0003834914 1.2179188530 -1.8887197541 0.0008338677 
1.2083772582 -1.8613887696 0.0037954688 1.3380914832 -1.9963601419 0.0007349301 
0.9500030031 -1.6119659300 -0.0019032828 1.4172591379 -2.0772694204 0.0003679603 
1.4139411626 -2.0852717640 -0.0002254289 0.9496108912 -1.6187602324 0.0032087858 
0.9417444149 -1.6115900798 0.0002054244 0.7145665362 -1.3841983363 0.0014640423 
1.6505912161 -2.3149991540 0.0064824072 1.4226882760 -2.0867232953 0.0080610036 
1.6276322084 -2.3025640318 0.0003248667 1.4685920033 -2.1378849653 0.0039242759 
1.4306567598 -2.0966487813 -0.0030110315 1.5128550896 -2.1595152701 0.0077051368 
1.4420065019 -2.1106193079 0.0054340953 1.6242771943 -2.2952526508 0.0043995650 
0.3458625294 -1.0113726263 -0.0047201795 0.8037658070 -1.4668783574 -0.0024608531 
0.1111338235 -0.7640105349 0.0027909783 0.4707868072 -1.1324100655 -0.0026975266 
0.4826483418 -1.1375964981 0.0017779247 0.6350016199 -1.3160600750 -0.0115178665 
0.2454772961 -0.9055633492 0.0016014012 0.4745061863 -1.1356438886 -0.0017349417 
0.5978479644 -1.2564191526 0.0016286705 0.7102379281 -1.3689861086 0.0003799355 
0.5965646495 -1.2575505767 -0.0002579923 0.7101536483 -1.3708820165 -0.0000361583 
0.7093475259 -1.3781568872 -0.0081513453 0.5932721381 -1.2627105469 -0.0087454457 
0.7169891670 -1.3792165229 -0.0016832702 0.9452641875 -1.6060322181 -0.0013891479 
0.4591261755 -1.1268197929 0.0067835330 0.1698485640 -0.8320336704 0.0101167432 
0.3395717715 -0.9884190730 0.0032708493 0.4440444014 -1.0823925572 0.0078878145 
0.5914817403 -1.2632637321 0.0053456940 0.1299885065 -0.8056401338 0.0043721569 
0.1498333479 -0.8088090850 -0.0012401614 0.4191326721 -1.0802177614 -0.0019815230 
0.4558438593 -1.1081234476 0.0032659512 0.5981290700 -1.2634139904 -0.0041199537 
0.4681088805 -1.1373047054 0.0062757725 0.1882904458 -0.8494003471 0.0111791156 
0.4622417007 -1.1447413596 -0.0004293077 0.3253063184 -0.9968033235 0.0055264014 
0.4721272386 -1.1502718831 0.0006291757 0.2730871483 -0.9315787129 0.0122576538 
0.3247351542 -0.9787126800 0.0020241091 0.4192281301 -1.0847985648 -0.0046196287 
0.2687376043 -0.9249692434 0.0007869539 0.4434378416 -1.1151248996 -0.0083269738 
0.2417150101 -0.9156116091 0.0032019948 0.1287804216 -0.8071156622 0.0006256747 
1.3959848269 -2.0790571559 -0.0040604458 1.3130074163 -1.9905708629 -0.0008541828 
1.3855978957 -2.0827884528 -0.0099523987 1.3066659257 -1.9767568709 0.0034701354 
1.4085209686 -2.0834919653 0.0007132335 1.2307732667 -1.9048340868 0.0011715764 
0.5949793185 -1.2680540862 0.0035738277 0.2183971238 -0.8763996089 0.0125627765 
0.2314104151 -0.8884223880 0.0009795845 0.4523158555 -1.1177776403 -0.0057769567 
0.4786788764 -1.1514067238 0.0051077322 0.1763598510 -0.8516226531 0.0044699790 
0.4716143457 -1.1438815149 0.0051277587 0.1923597092 -0.8574929389 0.0089788203 
0.2635944448 -0.9229869302 -0.0012743463 0.4256454561 -1.0916588416 -0.0048682730 
0.4770498427 -1.1323793664 0.0126237520 0.0412292157 -0.6841198393 0.0186543354 
0.3473132980 -0.9887558381 0.0078367122 0.4182278842 -1.0630961643 0.0061260429 
0.2678464194 -0.9245342881 0.0003994567 0.4094491228 -1.0695806850 -0.0017614794 
0.4852813485 -1.1362356151 0.0041000920 0.6022527135 -1.2647643459 -0.0024810577 
0.4718054427 -1.1419129276 0.0060624882 0.0415931044 -0.7130418506 0.0053401822 
0.6517669172 -1.3131549671 0.0097432464 0.4815011966 -1.1512052144 0.0064093227 
0.1105132443 -0.7679346442 -0.0002802256 0.6331925891 -1.2957552849 -0.0027465292 
1.6288824037 -2.3135577430 -0.0054017155 1.5570617901 -2.2304588514 0.0013537005 
1.6469027987 -2.3216380113 0.0003931286 1.5475427812 -2.1972336956 0.0158053303 
1.6386046425 -2.3248067037 -0.0063161850 1.4354012564 -2.0896934777 0.0127970378 
1.6343844435 -2.3198801623 -0.0058999068 1.4728654368 -2.1382368752 0.0069711943 
1.3975995575 -2.0994877384 -0.0122950443 1.2056908278 -1.8649813412 0.0081622301 
1.3896897202 -2.0908955736 -0.0147360834 1.2940251897 -1.9843955443 -0.0084002411 
0.1071982705 -0.7696136696 0.0108602983 0.0208196522 -0.6800286015 0.0128450834 
0.0117089696 -0.6732198964 -0.0007381145 0.0946485840 -0.7562100258 -0.0011867299 
0.2387336991 -0.9015467411 0.0105861947 0.0089283163 -0.6731614642 0.0097691931 
0.0072567609 -0.6707734058 -0.0024598034 0.2337000026 -0.8978706148 -0.0029414351 
0.6248426530 -1.2894511533 0.0066158766 0.4924087010 -1.1472379221 0.0151979569 
0.7102721176 -1.3654080947 0.0143160662 0.6023104553 -1.2543904910 0.0164451011 
1.1699529759 -1.8455330700 -0.0007169092 0.9437111962 -1.6241134628 -0.0035191119 
0.9560244319 -1.6186540247 -0.0020660769 1.1775373310 -1.8323244108 0.0020504330 
1.1766660613 -1.8436962189 0.0051662619 0.9485399717 -1.6269539945 -0.0011559571 
0.1079728772 -0.7667917224 -0.0005370468 0.3323145581 -1.0044401955 -0.0099763933 
0.8185771167 -1.4734476755 0.0024074238 0.9281633793 -1.5826918120 0.0027600213 
1.8786319557 -2.5431217913 0.0068157691 1.6707395653 -2.3378243475 0.0059934677 
1.6661685644 -2.3262868621 -0.0010587946 2.3162473438 -2.9746088425 0.0005868569 
1.8785753394 -2.5471531548 0.0044295571 1.6590451990 -2.3266672109 0.0056510328 
1.8811676953 -2.5505622366 0.0026630878 1.7427891812 -2.4110952569 0.0044901791 
1.7568683845 -2.4157407378 -0.0010393211 1.8863889590 -2.5451200124 -0.0008045904 
2.1197756880 -2.7905710734 0.0034440486 1.7666388765 -2.4334021976 0.0059662309 
1.7751009924 -2.4279761802 0.0045180987 2.1190795677 -2.7769139234 0.0012891419 
1.8180056296 -2.4777064002 0.0004505080 2.3391212562 -2.9981753590 0.0010025510 
2.3221986698 -2.9936002973 0.0003858238 1.8065724044 -2.4758058250 0.0029600559 
1.7774969972 -2.4341077404 0.0112466310 1.6591492839 -2.3157415013 0.0118397652 
1.6525140873 -2.3225532597 0.0031897889 1.7786890310 -2.4491333667 0.0029421540 
1.8828894356 -2.5425946658 0.0086920730 1.6564163843 -2.3179768125 0.0085824253 
1.6360299725 -2.3192226496 -0.0017862559 1.4640575996 -2.1612220137 -0.0090270152 
1.6409681403 -2.3280648835 -0.0037618994 1.5291293971 -2.2198124933 -0.0056813270 
0.9444283390 -1.5969652839 0.0141265189 0.7325149250 -1.3837924262 0.0153025674 
0.7339788013 -1.3791925002 0.0088481710 0.8065171713 -1.4599352916 0.0033768772 
0.4796258961 -1.1324255347 0.0166662841 0.2446246539 -0.9111779587 0.0082929370 
0.9414736494 -1.6321823759 -0.0167239033 1.0481784969 -1.7123003825 -0.0019340733 
0.7236906650 -1.3716695607 0.0116280803 0.8367681936 -1.4852587939 0.0106176548 
0.9460431047 -1.6356132946 -0.0160905538 1.0779635949 -1.7346641525 0.0021942914 
1.4387543387 -2.0973336816 0.0013351176 1.5173389236 -2.1619034686 0.0089116184 
1.4320251363 -2.0918045672 0.0006863415 1.6583309475 -2.2777509335 0.0225049483 
1.6409209894 -2.3237163002 -0.0015803235 1.4302781844 -2.1301869761 -0.0104492705 
1.9463316486 -2.6058489789 -0.0012587314 2.2600127060 -2.9178718465 0.0015731747 
2.2420586474 -2.9126823967 0.0019222334 1.8862395102 -2.5563834033 0.0017256097 
1.8896579758 -2.5482286508 0.0007661214 2.3045246580 -2.9615166930 0.0018754886 
2.3054374128 -2.9752670281 0.0023801789 1.8841082870 -2.5543863624 0.0016585340 
1.6538281849 -2.3126693462 -0.0011038969 2.2402645807 -2.9012577925 -0.0024161173 
2.2286840520 -2.8991305575 0.0038487553 1.6421495846 -2.3103873054 0.0054034937 
1.8954423921 -2.5549410909 -0.0004783960 2.1193657544 -2.7782593138 0.0000884581 
2.2659232659 -2.9390642795 -0.0000980478 1.3085286306 -1.9772771391 0.0048692734 
1.3302796382 -1.9899943165 -0.0007942983 2.2723399298 -2.9285514587 0.0024042977 
2.1117533788 -2.7811419465 0.0023596218 2.0257030410 -2.6951381431 0.0022339001 
1.8949690317 -2.5543608940 0.0002234116 2.1244847801 -2.7841148242 0.0001014349 
1.9388052064 -2.5956869532 0.0018916439 2.3087738724 -2.9675276385 0.0007100778 
2.1419180147 -2.8091812600 0.0040217274 1.9324426728 -2.6013342488 0.0028610973 
1.8966734981 -2.5577458639 -0.0033329078 2.3340157277 -2.9938262396 -0.0007054243 
2.3245135988 -2.9956770519 0.0006897266 1.8955626806 -2.5663358645 0.0010326208 
2.1224656923 -2.7929241641 0.0019336718 1.9409034845 -2.6104435641 0.0036661763 
2.1199155630 -2.7901723650 0.0029645470 1.8871013279 -2.5562507946 0.0048112428 
2.1260257959 -2.7955301240 0.0022174258 1.8882562344 -2.5597814219 -0.0006286348 
-0.0017029301 -0.6601883847 -0.0001314568 0.0998776908 -0.7618447341 0.0000281565 
1.9619776951 -2.6210274290 0.0012323587 2.3388639847 -2.9976298893 0.0013866614 
2.3230929127 -2.9923671918 0.0026683940 1.9480632261 -2.6175403144 0.0021204665 
2.1314133204 -2.7987582226 0.0039635245 1.8862833211 -2.5555337110 0.0026053444 
1.8923032834 -2.5516923793 0.0002248284 2.1294541357 -2.7890893369 0.0000987939 
1.8951305058 -2.5545039601 0.0007057773 2.3046363171 -2.9647143868 -0.0009764104 
1.6583949446 -2.3184182618 -0.0024989555 1.8823449095 -2.5391604789 0.0026403393 
2.2944651963 -2.9677168183 -0.0022463304 1.6493639403 -2.3196737135 0.0028570297 
1.8791567452 -2.5447927435 0.0058457896 1.7087791076 -2.3758800294 0.0057299191 
1.6871868845 -2.3425785357 0.0018601220 1.8081118980 -2.4620475070 0.0032057128 
1.3190050209 -1.9769808473 0.0174801044 1.8028731781 -2.4713019982 0.0054912105 
1.8191284394 -2.4801159518 -0.0034106107 1.7177199943 -2.3754257215 0.0004763209 
0.5302903034 -1.2087651546 -0.0085695354 0.4678348249 -1.1559797067 -0.0141811694 
1.6681500370 -2.3281459387 -0.0002116497 2.1952445509 -2.8547328155 0.0002062753 
2.1963702955 -2.8679740636 0.0002396102 1.8884348564 -2.5591244812 0.0013691288 
1.8816957881 -2.5507710729 0.0029288393 1.6588043313 -2.3274581319 0.0047487725 
0.7057116101 -1.3745842982 -0.0014047809 0.6722891631 -1.3413477705 -0.0008325207 
0.9377942382 -1.6076393129 0.0006535004 0.7127015849 -1.3823294273 0.0011744078 
1.6376643393 -2.2966913436 0.0021998918 1.3930367452 -2.0491230457 0.0049652947 
1.3926676276 -2.0552745602 0.0084358485 1.6104768117 -2.2739463946 0.0081940256 
1.5932542067 -2.2615314747 0.0049012767 1.4138482041 -2.0831962124 0.0035809906 
1.6691951105 -2.3386413158 0.0035045871 1.4536140551 -2.1232010900 0.0025475130 
1.6433655453 -2.3024624907 0.0021992271 1.4456211581 -2.1023349892 0.0041624406 
0.9246676216 -1.6186649752 -0.0114409262 0.8351259649 -1.5199727025 -0.0049508228 
1.8830842668 -2.5430635403 0.0085107039 1.7824149782 -2.4554172691 0.0004313340 
END
