0.0022676666 -1.6190885534 1.3926398712 0.0003113018 -1.6187652444 1.4970625608 
40 40
image_id_list 0 3 4 8 17 39 45 46 58 79 85 90 1 37 43 49 50 76 81 84 86 95 96 98 9 10 19 20 31 99 14 15 33 38 97 57 16 82 41 18 
line_id_list 30 11 152 39 120 74 30 97 222 83 137 70 95 51 76 22 89 17 40 21 152 23 35 13 110 42 105 46 65 105 18 56 61 7 38 32 129 71 12 190 
line2d_list
78.4306869507 136.8372650146 85.6414184570 111.6116485596 
612.3107910156 112.1910781860 615.8613281250 87.8340148926 
26.0314979553 132.9815979004 -0.3707323372 87.8010177612 
368.7257690430 232.9408264160 372.7763366699 214.1675109863 
68.0377197266 167.9890747070 61.6953468323 146.0882263184 
336.3523864746 245.9050750732 339.1208801270 227.0177154541 
447.3690185547 187.8997039795 451.8329772949 159.8145141602 
30.8463649750 184.8651428223 26.3963565826 156.9368438721 
8.8359508514 208.0061798096 7.8549203873 181.9677886963 
415.5995788574 116.0294342041 416.8800659180 89.9450225830 
243.9914550781 145.0019226074 238.8453369141 122.0346527100 
228.7471313477 156.0106964111 227.3945922852 124.0256042480 
102.7100982666 168.9986419678 102.8594055176 136.9946746826 
411.5530395508 193.0019531250 411.6236267090 172.9951477051 
558.4157714844 212.9810180664 557.0928955078 183.9957580566 
692.5834960938 100.8548965454 705.4850463867 63.8205947876 
407.1605529785 46.0054359436 408.4488220215 7.9474916458 
436.8574523926 149.0664978027 437.6478881836 126.9873962402 
619.9023437500 111.0016098022 619.5231933594 88.0078582764 
545.3530883789 112.0280990601 545.8525390625 87.9761734009 
460.5024719238 194.0003662109 460.5174865723 172.9989471436 
637.7413940430 215.9603576660 642.8218383789 182.8193969727 
596.7697753906 231.0544128418 598.5479736328 205.8973693848 
595.3817749023 224.0536956787 598.6317138672 200.9481964111 
536.0944824219 260.0330200195 536.5784301758 243.9872894287 
440.9798278809 206.1636047363 444.0394592285 187.8396148682 
568.8879394531 179.0979614258 571.0069580078 159.8904418945 
562.3785400391 209.1110076904 564.0845336914 187.9262695312 
522.6608276367 251.0139923096 521.8354492188 231.0067901611 
389.8959045410 264.9882202148 392.0545349121 245.8931121826 
780.7556762695 45.0652961731 782.7579956055 21.8926811218 
340.7162170410 17.0243453979 339.3316955566 0.8857539296 
577.0515136719 233.9983673096 576.3552856445 211.9887542725 
722.0329589844 249.2144470215 727.2565917969 224.0532684326 
793.3983764648 268.0487060547 795.8662109375 247.8614044189 
665.0140991211 211.7698059082 669.4797363281 192.6450195312 
658.1765747070 68.0037536621 658.6665039062 44.9716339111 
635.5140380859 85.1054306030 636.9145507812 64.9940490723 
376.0440063477 185.9927673340 389.4079589844 267.2617797852 
149.1707611084 65.9732971191 144.8014678955 38.0310440063 
node_id_list 269 270 271 272 273 274 275 276 277 278 279 280 1741 2789 2790 2791 2792 2793 2794 2795 2796 2797 2798 2799 4600 4601 4602 4603 4604 4605 5620 5621 5622 5623 5624 6270 8167 8168 8585 8963 
score_list 9.4296425152 16.4870344096 6.2116529744 14.5991957378 12.4976070510 15.1191239915 14.0102993324 10.6708818859 7.4655764841 14.0548050837 12.0817526517 12.5934468714 7.8735755158 7.9465433233 15.0653371068 12.7135757430 10.4405755253 12.0539333391 14.9868515979 11.0782978655 12.8177629765 8.9120445891 11.9536103819 13.0009102280 9.1430914078 10.6333468918 9.5123076466 13.7139564918 12.5189696840 9.7886168795 4.8816948815 13.9153911445 15.0142009051 10.3529702964 11.7846117018 5.8257487470 7.3351288197 4.5630672423 13.0092265308 9.7950084867 
line3d_list
0.0020207667 -1.6189981136 1.3974555980 0.0017132618 -1.6190600873 1.4960930307 
0.0013676419 -1.6194204776 1.3990422933 0.0020673347 -1.6178894089 1.4968846234 
0.0016645226 -1.6186856656 1.3980327983 0.0001050318 -1.6189313323 1.4933094742 
0.0008575771 -1.6187182538 1.3955146232 -0.0059547482 -1.6192462814 1.4961051889 
-0.0011995944 -1.6201928601 1.3926551442 -0.0031454248 -1.6189250754 1.4962998613 
0.0018224583 -1.6192967485 1.3984776369 -0.0012259126 -1.6188368857 1.4971759491 
0.0022801707 -1.6192256178 1.3939788061 0.0027018188 -1.6177267178 1.4953668965 
-0.0001744810 -1.6199813709 1.3929688624 0.0061516631 -1.6170801973 1.4945747321 
-0.0007429798 -1.6185787530 1.3961758868 -0.0008675522 -1.6197016282 1.4950457842 
0.0029509017 -1.6191497042 1.3934547736 0.0008068749 -1.6179729703 1.4946196912 
0.0022998781 -1.6192877524 1.3952957369 -0.0027012507 -1.6189537172 1.4935187636 
0.0032415163 -1.6189326106 1.3951030793 -0.0033987226 -1.6194802535 1.4960249449 
-0.0001506543 -1.6194486131 1.3942510094 -0.0002943003 -1.6187851980 1.4961387877 
-0.0085377923 -1.6241796246 1.3924745965 0.0042842433 -1.6162826491 1.4938947114 
0.0033234199 -1.6188923661 1.3963239470 -0.0014544531 -1.6189532048 1.4934731355 
0.0037388566 -1.6188735630 1.3998858834 0.0012085531 -1.6184138214 1.4961127224 
0.0009220778 -1.6190034975 1.3939545065 0.0013616370 -1.6184137313 1.4952069241 
-0.0112794612 -1.6208741223 1.3965947799 -0.0093109758 -1.6192144570 1.4957715687 
-0.0022129952 -1.6214236350 1.3934337185 0.0037269841 -1.6176853701 1.4930750636 
-0.0003943092 -1.6202967251 1.3956598514 -0.0030510070 -1.6208414868 1.4954342353 
-0.0012449648 -1.6201632994 1.3950718023 -0.0030951005 -1.6189578636 1.4936193372 
0.0021709988 -1.6189549014 1.3949962101 0.0029735205 -1.6183587429 1.4951894556 
0.0023142132 -1.6189392758 1.3967454564 0.0047556213 -1.6172895160 1.4971412563 
-0.0028151987 -1.6209182115 1.3944002864 -0.0025846794 -1.6189260620 1.4962012358 
0.0030427774 -1.6187511491 1.3972255302 -0.0083709810 -1.6206202194 1.4941893883 
0.0031584049 -1.6189927292 1.3997011405 0.0029628408 -1.6174117216 1.4961827391 
0.0002915738 -1.6201091202 1.3955511411 -0.0004519495 -1.6183928779 1.4958205090 
-0.0021135957 -1.6213346949 1.3969213923 -0.0077490237 -1.6220705409 1.4963071433 
-0.0063692880 -1.6231985315 1.3962211948 0.0062572309 -1.6159380194 1.4985130188 
0.0046774384 -1.6190939149 1.3904900717 -0.0040168297 -1.6192817240 1.4965820142 
0.0113637799 -1.6166764340 1.3955468245 -0.0003003371 -1.6185823131 1.4950435219 
0.0030873693 -1.6193012900 1.3986323467 0.0010341040 -1.6190389467 1.4714399834 
0.0063591068 -1.6179639321 1.3927130425 -0.0014754799 -1.6189121211 1.4917138460 
0.0025250172 -1.6188771024 1.3976345096 0.0038038624 -1.6175316515 1.4968652904 
0.0037176570 -1.6185627879 1.3951261139 0.0008355826 -1.6178604375 1.4932842601 
-0.0002631587 -1.6202247417 1.3968642638 0.0047376571 -1.6170974889 1.4947879139 
-0.0005803465 -1.6199348052 1.3932486687 -0.0021941164 -1.6188162678 1.4926542842 
0.0131186012 -1.6155806176 1.3980794792 -0.0057838400 -1.6198896122 1.4955334991 
0.0102776879 -1.6152348076 1.4736020438 0.0017241445 -1.6236874658 1.1192171577 
0.0031125154 -1.6191188303 1.3942104487 0.0051205765 -1.6174462898 1.4939448161 
END
