0.0534566524 -1.0274747166 0.8407288231 0.0631793587 -1.0198031380 0.8290946939 
3 3
image_id_list 40 59 92 
line_id_list 76 193 206 
line2d_list
150.5727539062 407.8759765625 164.0294799805 438.6764221191 
136.4258728027 346.9660339355 124.9005813599 331.0720825195 
220.0527343750 493.5599365234 204.8408660889 474.5285949707 
node_id_list 12128 12129 13124 
score_list 3.7427008443 1.9219756100 2.1775895046 
line3d_list
0.0437647445 -1.0351219942 0.8523260992 0.1158543748 -0.9782405817 0.7660641008 
0.0574086001 -1.0176404758 0.8256981048 0.0235257138 -1.0458568237 0.8622282702 
0.0725082461 -1.0097914394 0.8015975601 0.0494341762 -1.0291433477 0.8362669172 
END
