-0.1915909571 -2.5304071601 1.0133590688 -0.1892072534 -2.5253489662 1.1792035801 
39 39
image_id_list 2 6 15 21 33 34 38 41 43 49 53 77 80 81 88 95 96 45 50 8 10 19 20 31 37 79 84 85 86 98 99 32 57 14 16 23 60 82 97 
line_id_list 66 101 139 43 97 12 76 45 147 59 46 109 52 114 65 108 60 48 108 100 54 39 130 135 111 156 70 242 104 94 47 123 63 89 179 31 15 105 58 
line2d_list
580.9140625000 6.9044713974 575.7973022461 65.0701370239 
206.4592132568 1.9238725901 216.2994384766 61.2819137573 
229.5165100098 59.0726432800 233.5718536377 86.0643234253 
711.3451538086 135.8335571289 703.1594238281 168.0405120850 
469.3148498535 278.9039306641 471.2206420898 304.9838867188 
703.9344482422 43.8618049622 699.8646850586 75.2418365479 
534.4836425781 257.2177124023 530.0687255859 287.3035888672 
277.9359741211 254.1906738281 282.9530334473 282.1876220703 
344.1770324707 270.8587036133 348.4944152832 306.8205871582 
401.9577026367 109.7738037109 392.2985229492 154.2817993164 
682.0789794922 268.8675842285 675.9011230469 311.8420410156 
623.3020019531 192.9816741943 623.8936157227 235.0014953613 
742.7428588867 222.1702880859 734.0175170898 260.2332458496 
450.7845153809 170.0942993164 453.0269775391 198.9979095459 
605.4083862305 261.6695861816 596.6777954102 303.7255249023 
420.2473754883 230.9485778809 417.5762023926 270.0393676758 
445.4349975586 254.9753112793 444.1205444336 285.0489807129 
254.1929779053 213.1388244629 250.1208801270 248.1304473877 
197.6867828369 98.0846633911 200.4557342529 141.0350952148 
209.6275634766 235.1314239502 204.1593933105 261.2427978516 
314.6758117676 218.9545593262 311.2997436523 243.0420074463 
446.4407653809 201.8787841797 444.6394348145 225.0497131348 
422.7972106934 232.9434204102 421.5679931641 259.0737609863 
409.2674560547 290.9557495117 410.1065673828 314.9962768555 
270.0300292969 231.9458465576 271.3987731934 257.9790344238 
223.1376190186 153.0336303711 224.4614715576 186.9820098877 
385.4693298340 151.9809570312 386.6471862793 181.0143127441 
71.5800170898 216.8161163330 81.6203460693 248.4862976074 
309.1609802246 231.9405670166 310.5449523926 258.9721069336 
430.5580139160 248.1551208496 427.7682189941 276.1760559082 
271.9935607910 290.8962097168 269.6045532227 314.0623474121 
314.8980102539 258.9728393555 315.6544494629 283.9801940918 
535.1485595703 224.2333374023 530.4629516602 247.2972106934 
629.9931640625 99.0288848877 629.2078247070 126.0351257324 
519.2756347656 111.9697265625 519.9166870117 138.9782409668 
757.5425415039 33.8706512451 749.4706420898 62.4158668518 
729.4215087891 264.9552917480 727.2525634766 293.0195312500 
511.4354248047 122.9972763062 511.3194580078 147.0111999512 
637.4263916016 289.0426940918 634.9086303711 314.1911010742 
node_id_list 2501 2502 2503 2504 2505 2506 2507 2508 2509 2510 2511 2512 2513 2514 2515 2516 2517 4091 4092 4770 4771 4772 4773 4774 4775 4776 4777 4778 4779 4780 4781 6315 6316 8348 8349 8350 8351 8352 8353 
score_list 15.4542002893 10.1977122925 16.3439990684 13.3801508840 17.1566291852 12.8352826516 12.0177521398 17.2494378389 13.0808639301 14.8088776215 15.7340596248 12.3269601196 9.4668661653 16.4665516130 16.5903118008 15.6209856616 15.4219175632 11.7872490968 9.6114084306 13.0801231157 11.2715013310 11.9274837243 11.5751087950 15.8814519279 11.5721690593 11.4163049808 13.2777673576 7.2084096675 12.9684144602 12.2587892920 13.8464085903 12.6206461209 8.6990559480 8.9224264761 5.1265174880 9.3245453404 13.3416312405 9.7071308479 12.6561860418 
line3d_list
-0.1888620660 -2.5250137260 1.1860245345 -0.1879080774 -2.5274000701 1.0165454024 
-0.1888165849 -2.5245270854 1.1791728979 -0.1909476725 -2.5290656050 1.0147740665 
-0.1894677717 -2.5255989935 1.1711744446 -0.1910180584 -2.5320081188 1.0176265230 
-0.1848580161 -2.5213557485 1.1738227217 -0.1920452236 -2.5315626129 1.0198817403 
-0.1850003098 -2.5228412655 1.1725895511 -0.1906355382 -2.5317000917 1.0202099507 
-0.1849834407 -2.5211601857 1.1812590905 -0.1906984187 -2.5307967516 1.0176628212 
-0.1970210895 -2.5295168667 1.1714759069 -0.1868616632 -2.5279029635 1.0179168849 
-0.1883071584 -2.5241895218 1.1750515996 -0.1887160777 -2.5293473238 1.0208988060 
-0.1905313214 -2.5265600075 1.1705228993 -0.1826907659 -2.5260281446 1.0160172403 
-0.1894757776 -2.5255463709 1.1731912707 -0.1855647829 -2.5259363661 1.0177890224 
-0.1881704956 -2.5241625952 1.1736452873 -0.1925104984 -2.5314905853 1.0164140296 
-0.1889083078 -2.5252275965 1.1750967971 -0.1908514756 -2.5290948398 1.0133084149 
-0.1874183661 -2.5244000099 1.1731108328 -0.1952918373 -2.5323081031 1.0200339453 
-0.1818511962 -2.5215618727 1.1756490578 -0.1932104010 -2.5327464679 1.0177019879 
-0.1881375035 -2.5242235498 1.1712018398 -0.1929170134 -2.5317349998 1.0154720499 
-0.1891834789 -2.5250023917 1.1783644311 -0.1905144397 -2.5285277121 1.0136306597 
-0.1860787984 -2.5230568595 1.1737548755 -0.1839793594 -2.5269949393 1.0164187944 
-0.1915664541 -2.5270100529 1.1752767462 -0.1994704534 -2.5344176611 1.0193517085 
-0.1917340178 -2.5269137686 1.1739425226 -0.1931186054 -2.5307436432 1.0165092323 
-0.1888690594 -2.5255156442 1.1711947509 -0.1934980048 -2.5319088962 1.0172382531 
-0.1902177781 -2.5260044865 1.1704897779 -0.1891866630 -2.5303420754 1.0196260319 
-0.1860840856 -2.5232645639 1.1690251769 -0.1864115087 -2.5292491733 1.0196223247 
-0.1790395648 -2.5177517583 1.1722367007 -0.1810588467 -2.5247082108 1.0182241989 
-0.1824872759 -2.5214533564 1.1702663527 -0.1870625671 -2.5295565501 1.0199227594 
-0.1899140730 -2.5250470375 1.1714527005 -0.1938528047 -2.5329559868 1.0180888440 
-0.1871065312 -2.5250060012 1.1742600415 -0.1834558879 -2.5267329836 1.0184769238 
-0.1901094839 -2.5261394801 1.1733480377 -0.1829687062 -2.5260504309 1.0213967746 
-0.1917327382 -2.5271658939 1.1719964005 -0.1998626147 -2.5347851936 1.0116154023 
-0.1888557286 -2.5265409343 1.1693896772 -0.1848105533 -2.5278091089 1.0184950429 
-0.1887695193 -2.5251625684 1.1721226466 -0.1811819992 -2.5247006887 1.0211022255 
-0.1917943447 -2.5270243224 1.1698018427 -0.1830325992 -2.5264778414 1.0223987399 
-0.1852063188 -2.5235299711 1.1705587629 -0.1982157653 -2.5345607417 1.0143030829 
-0.1819404660 -2.5216543706 1.1741793620 -0.1865875755 -2.5279146209 1.0259182563 
-0.1897941301 -2.5255731824 1.1727207301 -0.1984003053 -2.5374876678 1.0170634664 
-0.1774042878 -2.5153040912 1.1722316395 -0.2004568456 -2.5401922234 1.0129052519 
-0.1841124470 -2.5220315182 1.1734170921 -0.1914556953 -2.5308564070 1.0188577513 
-0.1893833069 -2.5253371017 1.1728670338 -0.1957225287 -2.5354403855 1.0215972743 
-0.1950334618 -2.5265875939 1.1702179451 -0.1951635958 -2.5333898998 1.0191607702 
-0.1860781922 -2.5230579966 1.1737094439 -0.1840153222 -2.5269274812 1.0191139160 
END
