0.0014476268 -2.6311749047 0.7265143804 0.0020350404 -2.6302435374 0.8325739447 
38 38
image_id_list 2 3 6 7 15 21 33 34 38 41 49 51 53 56 77 80 88 95 96 8 32 50 79 84 85 91 20 10 19 31 98 99 16 57 23 60 97 76 
line_id_list 65 105 112 52 170 24 119 81 99 72 25 47 59 26 72 43 50 34 146 76 152 104 94 153 223 24 164 75 141 148 117 112 117 25 27 50 65 82 
line2d_list
530.2266235352 172.0637969971 531.7390747070 142.9864349365 
369.4837036133 261.0029296875 369.6113891602 239.9915618896 
162.0570220947 165.9861907959 154.4045715332 134.3863677979 
387.4411926270 65.0043334961 387.7261352539 35.9874916077 
208.7845458984 142.0440521240 205.2874755859 124.9412155151 
644.0262451172 220.7803039551 648.2991333008 201.8418731689 
439.8117980957 359.1144409180 438.1621398926 341.9843750000 
655.4205322266 131.0352172852 656.9315185547 112.9942703247 
486.6091613770 343.9552612305 488.7954101562 324.8620605469 
254.6487274170 343.0724792480 251.1211853027 325.9750061035 
326.4828796387 230.9038391113 331.7159423828 202.7612304688 
674.1121215820 342.0843811035 676.3286132812 312.8731689453 
603.9070434570 379.9893188477 606.9093627930 353.8746032715 
737.2849731445 345.9082946777 740.6303710938 319.8243408203 
576.0610351562 317.0373840332 575.1035156250 292.9958801270 
663.6340332031 322.9279479980 668.3323974609 299.0654602051 
522.1480102539 367.2114257812 526.6527099609 342.7518615723 
367.3815612793 341.0074157715 367.8293151855 317.9772338867 
405.3734741211 342.0028076172 405.5093994141 323.9887390137 
165.0814056396 310.8408203125 168.0288391113 293.8317260742 
293.1562194824 336.9912414551 292.2038879395 319.9885864258 
151.9530181885 224.0054168701 148.8379669189 197.0187072754 
190.8620605469 256.0104980469 189.2538146973 234.9044647217 
356.0759887695 241.9957275391 355.0086975098 222.9995117188 
65.4108963013 321.2110595703 58.5817604065 302.1498413086 
686.1872558594 43.6555557251 699.3038330078 12.7049636841 
388.3288879395 310.0203552246 388.5745239258 293.9781799316 
274.6632995605 288.9565124512 276.7447814941 272.8378906250 
412.8995971680 271.0472106934 413.6930541992 255.9313964844 
380.6316528320 365.0121154785 380.1054077148 348.9965515137 
390.1404113770 331.0073852539 391.0901489258 312.9521484375 
234.5092010498 360.0464782715 235.9743041992 343.9976501465 
491.1320800781 194.0629425049 489.9621276855 177.9302215576 
491.0200805664 289.2000122070 493.8483886719 274.7742309570 
699.0305175781 112.2535095215 703.2591552734 95.0637588501 
682.1246337891 346.0615234375 683.1151123047 327.9515991211 
600.1585083008 361.1294250488 601.8627319336 345.8729553223 
249.8872070312 273.0077819824 248.5708770752 253.9605407715 
node_id_list 2482 2483 2484 2485 2486 2487 2488 2489 2490 2491 2492 2493 2494 2495 2496 2497 2498 2499 2500 3183 3184 3185 3186 3187 3188 4108 4356 4713 4714 4715 4716 4717 6377 6378 8653 8802 8803 9487 
score_list 16.7748257154 9.8596554011 7.8678051107 8.1561103710 9.7912305956 11.3844332299 10.7639871539 10.0076660069 9.8384245800 13.8941924701 11.9712496123 11.6877089347 14.7195518353 9.3681064558 12.1736831590 12.4590559861 14.6289067990 10.1667794426 9.2988402397 8.1790507422 7.7433491433 8.3489316750 7.4604530097 7.9485454513 3.9277268390 10.3861318205 6.5230625934 5.6873616777 6.5895239909 8.8443420748 6.9927324219 6.5872449567 7.5258354728 7.5954864315 9.9225113348 10.2148346888 9.3450652916 4.0899246395 
line3d_list
0.0012984300 -2.6317567732 0.7349070997 0.0012834242 -2.6308253327 0.8307852374 
0.0010477592 -2.6308629469 0.7301952333 0.0004511614 -2.6309366572 0.8278989254 
0.0009769596 -2.6317673714 0.7298441086 0.0021261485 -2.6309157993 0.8315763191 
-0.0019388304 -2.6328436705 0.7286517749 0.0028311360 -2.6307930710 0.8311475514 
-0.0046301651 -2.6366886838 0.7253043474 0.0067182776 -2.6267960043 0.8305573254 
0.0020042001 -2.6305992875 0.7327032347 0.0022777478 -2.6289789577 0.8296991317 
0.0019838171 -2.6306410671 0.7308396607 0.0065879970 -2.6259082450 0.8321904695 
-0.0044125520 -2.6366589432 0.7270193541 0.0023378610 -2.6301343119 0.8298655892 
0.0079877419 -2.6264103879 0.7311412000 -0.0006886015 -2.6310775614 0.8289822862 
0.0044839934 -2.6285065552 0.7345389472 0.0038338478 -2.6283406920 0.8299341808 
0.0021436098 -2.6308450861 0.7309620193 0.0005244960 -2.6309380955 0.8319885955 
0.0023085780 -2.6307731864 0.7317068415 0.0008469378 -2.6314685675 0.8310757901 
0.0002777061 -2.6323721596 0.7293476335 0.0035298127 -2.6283439341 0.8314971607 
0.0011743247 -2.6316397699 0.7302683506 0.0017327930 -2.6296374954 0.8299615328 
0.0003311951 -2.6323059054 0.7310277382 0.0035353234 -2.6283371083 0.8316702526 
0.0017639983 -2.6301563646 0.7333278730 0.0047490970 -2.6277569477 0.8352268361 
0.0017535855 -2.6310229807 0.7342060096 0.0015279660 -2.6304289127 0.8306266909 
0.0006496669 -2.6308689006 0.7290968749 0.0026615878 -2.6309008196 0.8297357614 
-0.0087804710 -2.6391742584 0.7271856435 -0.0005516596 -2.6313417405 0.8270123134 
0.0029711169 -2.6299478052 0.7307234103 -0.0007682662 -2.6311659640 0.8267862512 
-0.0001717031 -2.6322107480 0.7272810728 0.0026009547 -2.6287203806 0.8318097090 
0.0007223197 -2.6310262851 0.7265170925 0.0030188591 -2.6297054372 0.8303088765 
0.0029142646 -2.6299715253 0.7302931732 0.0036371389 -2.6294113497 0.8297879974 
-0.0015995363 -2.6347982385 0.7266202107 -0.0009373080 -2.6314631991 0.8310914777 
-0.0034761478 -2.6339620211 0.7275803181 -0.0130495202 -2.6378154798 0.8229588694 
0.0015858207 -2.6311096084 0.7342302133 0.0026258259 -2.6298555738 0.8313424188 
0.0097837507 -2.6250492420 0.7377249112 -0.0035476152 -2.6330852803 0.8293068726 
0.0036991112 -2.6287058139 0.7287181649 0.0133892888 -2.6182725383 0.8325276619 
-0.0123744369 -2.6413991032 0.7262312906 -0.0081172459 -2.6359697459 0.8269811768 
0.0093510759 -2.6255702135 0.7340106725 -0.0026644284 -2.6322604615 0.8307559666 
0.0241352849 -2.6151320738 0.7356348140 0.0023501850 -2.6296865284 0.8273551159 
-0.0015754860 -2.6346771193 0.7304143113 -0.0009389384 -2.6314714101 0.8308342664 
0.0033359975 -2.6289883468 0.7321795773 0.0050877136 -2.6255638151 0.8298150612 
0.0010348729 -2.6329907043 0.7336201970 0.0031838803 -2.6290189444 0.8283718696 
-0.0043066178 -2.6365565522 0.7286333196 0.0023608091 -2.6301121313 0.8302152162 
0.0032858429 -2.6297251868 0.7307966882 0.0048352800 -2.6271586251 0.8310614018 
-0.0036653342 -2.6357013859 0.7335351161 0.0094380995 -2.6229516170 0.8324689083 
0.0185466266 -2.6191648518 0.7311429339 -0.0133904441 -2.6411916722 0.8258973114 
END
