2.3539007520 -0.1968857219 -0.0008076417 2.1266061558 0.0300193755 -0.0007759000 
15 8
image_id_list 26 29 29 68 68 75 75 26 67 67 28 69 69 66 66 
line_id_list 233 39 77 78 80 119 120 261 174 198 209 87 219 98 103 
line2d_list
168.9383850098 561.8593750000 134.8993682861 576.7702636719 
164.7820281982 576.3358764648 258.8256530762 545.4688720703 
261.1364135742 547.4197998047 167.0029754639 578.0091552734 
564.0056762695 446.7516174316 442.9773864746 443.9907531738 
442.0089416504 441.5639038086 562.0200195312 444.0228271484 
298.3203430176 424.7980651855 222.6774444580 360.3787536621 
224.3357696533 358.6042785645 299.6017761230 422.4693298340 
94.4854431152 592.8519287109 167.5904693604 560.0863037109 
347.4295959473 568.3729858398 392.7234802246 599.4036254883 
388.4973754883 599.7151489258 354.9181518555 576.1164550781 
266.1830444336 508.3750305176 238.0520629883 522.1066894531 
101.9041900635 558.1856689453 188.8768615723 547.9533691406 
190.1535491943 550.3841552734 111.0181198120 559.1633300781 
668.6876831055 458.8038330078 702.1077270508 575.9692993164 
699.3291015625 576.1900024414 666.1326904297 458.9624328613 
node_id_list 11046 11047 11048 11049 11050 11051 11052 11076 11077 11078 11345 11406 11407 13271 13272 
score_list 1.9808178371 3.9474141828 4.9320611716 5.8086226565 5.3140368618 5.9626650912 5.8070707602 1.9720372283 4.8733236497 4.5918301779 1.9916877396 1.9804129822 1.9912603143 0.9095688090 0.9763374203 
line3d_list
2.3475583840 -0.1903903113 -0.0011605720 2.2462651428 -0.0899404476 -0.0000177005 
2.1328840172 0.0319931709 0.0034058315 2.3525014670 -0.1877550918 0.0052203065 
2.3530291609 -0.1957450274 -0.0013679211 2.1323859334 0.0239643959 -0.0007439893 
2.3541537619 -0.1977022276 0.0003582692 2.1282602360 0.0278746276 -0.0003233894 
2.1311004014 0.0345209649 0.0018754964 2.3553301238 -0.1898836672 0.0038124112 
2.3540372804 -0.1967488803 -0.0013707718 2.1276112651 0.0287188569 -0.0007304876 
2.1303971687 0.0407450210 -0.0093892848 2.3570446613 -0.1847495846 -0.0101433984 
2.1371945692 0.0273031524 0.0042101377 2.3490456331 -0.1849419879 0.0065068131 
2.1340520212 0.0272966387 0.0046746446 2.2766587687 -0.1134177058 0.0054395658 
2.2640926354 -0.1079127672 -0.0006909805 2.1590342576 -0.0027609445 -0.0007084067 
2.3464119814 -0.1893624258 -0.0009225810 2.2536153233 -0.0967541448 -0.0010822221 
2.1356099648 0.0268382892 0.0041710361 2.3459299771 -0.1866511519 0.0081274638 
2.3514492210 -0.1902185741 -0.0036741407 2.1546643502 0.0033340510 -0.0017151920 
2.1305145019 0.0446260626 -0.0158397160 2.3596858642 -0.1848911089 -0.0156877261 
2.3551922020 -0.1979185836 -0.0016190020 2.1277263603 0.0292931909 -0.0012903361 
END
