-0.1720525907 -0.8071630442 1.8462966843 -0.1663012284 -0.5052307928 1.8473545018 
8 8
image_id_list 0 8 17 32 39 99 37 58 
line_id_list 270 244 228 218 280 215 171 333 
line2d_list
249.2541046143 87.4325180054 294.1983032227 107.5571517944 
536.8889160156 182.5142669678 593.2819824219 194.6945495605 
217.8725585938 44.1145706177 278.0649719238 35.4513969421 
608.8713989258 127.0278167725 667.0153808594 123.2355651855 
499.0961914062 183.3881988525 555.9486083984 192.3270416260 
550.9747924805 190.2255706787 610.0321044922 191.4410247803 
581.0260009766 92.4001159668 643.9548950195 88.3063735962 
229.0225372314 111.6332473755 280.0144042969 114.7657470703 
node_id_list 1412 1413 1414 1415 1416 5110 9007 9008 
score_list 2.9276699346 2.5194441228 6.8306396650 2.4542827108 6.8479408921 5.8184957079 0.8469113220 5.7421444365 
line3d_list
-0.1744598358 -0.8033311199 1.8466852577 -0.1691385424 -0.5019778718 1.8477647532 
-0.1478049360 -0.8112535653 1.8455621178 -0.1504940102 -0.5066159018 1.8468629606 
-0.1830525283 -0.8069523984 1.8459789253 -0.1566084104 -0.5059265542 1.8469350275 
-0.1539640867 -0.8068881505 1.8456500211 -0.1517306910 -0.5111602119 1.8468580044 
-0.1996221856 -0.8083418883 1.8479143753 -0.1520327025 -0.5051151746 1.8468999884 
-0.1620711778 -0.8028080940 1.8450916597 -0.1712213610 -0.5051378572 1.8475787567 
-0.1821387642 -0.7965505924 1.8460119630 -0.1568027196 -0.5081384668 1.8469280021 
-0.1995152221 -0.7999089011 1.8473964861 -0.1412299936 -0.5860776778 1.8455720803 
END
