1.3350093617 -0.4862968543 0.8460186091 1.2830567345 -0.3914383091 0.8449898541 
10 10
image_id_list 12 47 66 85 87 90 46 58 86 59 
line_id_list 34 179 134 64 63 271 144 71 54 223 
line2d_list
632.7258300781 202.6285247803 620.0103759766 212.0140228271 
627.1831665039 259.8545837402 637.0830688477 280.9016723633 
313.8991699219 143.9321289062 297.3298034668 168.5488891602 
636.8858642578 334.7657470703 612.3721923828 346.7116699219 
526.3439941406 488.2794494629 516.8934936523 499.9134826660 
799.0108642578 466.0044860840 796.1113891602 473.0458679199 
382.2896728516 428.0482788086 340.6040954590 439.5672302246 
390.1813049316 450.6490173340 361.6168212891 458.6282653809 
790.0795288086 449.6409912109 756.8467407227 453.7653198242 
600.2462768555 578.2511596680 578.0208740234 600.0412597656 
node_id_list 7074 7075 7076 7077 7078 7079 12565 12566 12567 13132 
score_list 5.5324655767 4.4108115472 5.9346837923 3.7207218547 4.8387548302 0.6597649031 4.6141504001 4.0072596821 1.2556761071 1.9499351345 
line3d_list
1.2783360002 -0.3940966895 0.8382676076 1.3357580197 -0.4823165187 0.8492975005 
1.2859919557 -0.4058588513 0.8397381997 1.3560404545 -0.5134772641 0.8531934465 
1.2794616771 -0.3952898309 0.8379386556 1.3383144316 -0.4865910633 0.8501413268 
1.2823257394 -0.3915538003 0.8444263661 1.3309036227 -0.4820657307 0.8453281772 
1.2896854301 -0.4045073973 0.8441207489 1.3298368829 -0.4775723418 0.8453886403 
1.3044802202 -0.4374032860 0.8413728538 1.3364680871 -0.4836116067 0.8493092666 
1.2791189449 -0.3960421365 0.8422075196 1.3364743599 -0.4845851063 0.8470537007 
1.2804666122 -0.3963813969 0.8429923535 1.3353603174 -0.4852042751 0.8460582608 
1.2750849125 -0.3943927266 0.8404525288 1.3380826441 -0.4845944692 0.8477883921 
1.2876502106 -0.3988501858 0.8457507401 1.3185609960 -0.4564258353 0.8455766684 
END
