3.7368579465 -0.8661612087 0.4675772894 3.7372705579 -0.6345288348 0.4672944828 
4 4
image_id_list 22 24 26 25 
line_id_list 48 73 153 83 
line2d_list
325.3163452148 217.0080718994 252.6293640137 239.8189849854 
638.9672851562 436.2284545898 508.9151611328 417.5921325684 
349.9877624512 334.7733459473 394.0212402344 332.3928833008 
437.1083374023 479.9757690430 361.8921813965 472.0193481445 
node_id_list 9920 9921 9922 10493 
score_list 6.1889646425 5.7020527764 3.7085237161 6.3273481347 
line3d_list
3.7472777137 -0.8543027291 0.4622337156 3.7475811402 -0.5816132803 0.4622047273 
3.7368687688 -0.8661612718 0.4675414061 3.7379096050 -0.5889919111 0.4666406655 
3.7404859125 -0.6361309507 0.4651235666 3.7388364576 -0.9016676244 0.4663822192 
3.7388038132 -0.9069228647 0.4664071292 3.7404958122 -0.6345372398 0.4651160124 
END
