0.0728975695 -1.5886600746 0.5271038632 0.0371482398 -1.5265691369 0.5240935295 
9 9
image_id_list 7 62 12 65 40 43 58 50 46 
line_id_list 109 137 172 155 61 158 193 159 221 
line2d_list
664.0128173828 192.8109436035 685.9797973633 194.2985382080 
345.9784545898 140.3760528564 366.0272216797 141.5253906250 
188.1493988037 193.4452972412 202.2407836914 188.7177124023 
40.7149887085 100.1219177246 66.0422439575 96.2783432007 
24.1320953369 504.4386291504 42.2920036316 498.9696044922 
578.0874633789 453.5668945312 595.1442871094 450.9350280762 
19.7538375854 431.1648254395 37.1121978760 428.8364562988 
402.9817810059 330.3456115723 419.9871826172 331.2427062988 
67.1333236694 411.6886596680 85.0428695679 408.2214660645 
node_id_list 4406 4407 7202 7203 12123 12124 12125 12329 12585 
score_list 0.8790687973 3.9559737782 0.5049282915 2.3982604213 2.6038346307 2.3232819043 0.0000000000 0.9908723895 0.0000000000 
line3d_list
0.0622588183 -1.5903958500 0.5221533745 0.0276360255 -1.5288953743 0.5185950425 
0.0713729306 -1.5808762228 0.5283774938 0.0374459156 -1.5314172268 0.5227279553 
0.0756187137 -1.5879663937 0.5289381415 0.0234682662 -1.5270504131 0.5177986628 
0.0721791736 -1.5799205398 0.5281868943 0.0359351886 -1.5306892591 0.5230377504 
0.0707075286 -1.5854652431 0.5265889054 0.0395536830 -1.5336769871 0.5242794821 
0.0811683382 -1.5835705557 0.5338601129 0.0386008210 -1.5272670095 0.5248205429 
0.0668161823 -1.5827936622 0.5262275889 0.0418913356 -1.5262533487 0.5253605189 
0.0692323093 -1.5757271824 0.5294062114 0.0285676560 -1.5317858851 0.5183922792 
0.0841145661 -1.5824758012 0.5307227450 0.0335969743 -1.5349386939 0.5224510890 
END
