1.2619820662 -0.3117493730 -0.0275571102 1.3452034324 -0.2393036716 -0.0188834937 
4 4
image_id_list 12 47 66 74 
line_id_list 212 30 75 73 
line2d_list
596.9121093750 408.3242492676 619.1737060547 414.3593139648 
585.9451293945 507.0202636719 622.9968872070 504.9443054199 
400.9962768555 361.0748596191 354.9930114746 361.2594299316 
520.1022338867 534.3146972656 570.0315551758 518.0971069336 
node_id_list 7231 7232 7233 7234 
score_list 1.6956343788 0.9883098777 1.5897455210 1.7028173011 
line3d_list
1.2454186091 -0.3278374769 -0.0281773235 1.3057728759 -0.2735211800 -0.0231254152 
1.2625114991 -0.3124545962 -0.0267465760 1.3446421037 -0.2385405129 -0.0198718959 
1.3515521212 -0.2325463138 -0.0191605900 1.2410183977 -0.3299770960 -0.0296232186 
1.2711581038 -0.3223301067 -0.0187267661 1.4014071408 -0.1877407363 -0.0228150973 
END
