1.6131360282 -2.9985814676 0.7267244532 1.6122215680 -2.9989921272 0.8323622118 
31 31
image_id_list 2 3 21 34 38 51 53 56 77 80 88 84 96 98 9 13 19 23 31 60 83 14 44 48 52 54 55 73 78 89 71 
line_id_list 89 87 27 118 114 59 62 107 100 47 85 120 45 42 89 31 63 21 87 32 58 130 13 42 20 32 23 55 44 15 53 
line2d_list
129.7040710449 599.1356201172 109.1896438599 554.3713989258 
204.6685943604 550.2537231445 192.2538757324 436.1900634766 
309.3530578613 205.0262145996 310.9206237793 183.9198303223 
371.0271911621 170.0504455566 370.0419616699 151.0496826172 
156.4682312012 409.0007324219 156.4325408936 383.0007934570 
191.4213867188 344.9468688965 188.0225830078 317.9971618652 
165.5434875488 348.0107727051 166.0401763916 322.9809570312 
278.2715454102 402.9218444824 276.3729553223 372.0385437012 
139.4004821777 497.1842651367 130.1982269287 467.2464599609 
249.9669952393 304.0519409180 251.4243011475 276.9153747559 
53.6569633484 330.9996643066 53.6844825745 301.9987487793 
44.7742385864 353.5616455078 38.4900321960 328.1260070801 
54.3523178101 416.0762939453 51.4070053101 391.0698547363 
69.0875244141 384.9993286133 68.8763275146 358.0009765625 
178.5249786377 396.0248413086 177.5308380127 377.0245361328 
538.6809692383 292.9386596680 543.0878906250 270.0169067383 
157.5814361572 310.9731445312 156.6595458984 291.0157165527 
429.0951538086 123.0751876831 430.3439025879 104.8862991333 
96.5157241821 422.0350341797 94.9936981201 401.0004577637 
379.3866577148 357.0052490234 379.2241516113 337.9980773926 
522.7599487305 368.2017211914 524.9742431641 348.8824157715 
345.1371459961 234.8882904053 343.1814880371 214.9821624756 
778.3544311523 321.7795104980 788.6793823242 291.5489501953 
609.9782104492 355.9976196289 613.1765136719 326.9094543457 
723.9949951172 392.0734558105 725.6320800781 369.8990173340 
617.3640136719 343.0268554688 616.3070068359 317.9870300293 
711.3159790039 386.9881591797 710.4555053711 364.0203857422 
541.4910888672 127.0061492920 541.9046630859 93.9862823486 
513.2573852539 349.1148071289 515.3814086914 325.8522033691 
507.5798339844 407.0631713867 510.2105102539 382.9140014648 
690.1269531250 232.2695007324 698.1326293945 198.7925720215 
node_id_list 2608 2609 2610 2611 2612 2613 2614 2615 2616 2617 2618 3141 3142 3143 5531 5532 5533 5534 5535 5536 5537 7498 7499 7500 7501 7502 7503 7504 7505 7506 12369 
score_list 9.4139043529 1.9641724290 11.0205863542 10.4289885941 7.4977784946 14.3865092243 12.7719950319 11.6001653638 9.3529253122 14.6512974236 10.8283467938 3.3517695110 5.7105360112 5.3297275496 6.1691918371 10.6505160669 4.7673455930 9.9827817887 7.5125860931 11.2459700095 12.8814690170 7.5092242421 13.0383124999 13.7421166121 12.9953243616 16.5335701638 14.4079322392 13.0133281789 11.6270203624 14.7837259789 5.9546043565 
line3d_list
1.6130348009 -2.9986978366 0.7268339698 1.6115191956 -2.9999913356 0.8284335383 
1.6158032791 -2.9970619218 0.5122397771 1.6100886217 -3.0014983533 0.8279815229 
1.6143895403 -2.9991578964 0.7267330634 1.6090822847 -3.0027053366 0.8265492995 
1.6166307173 -2.9952288058 0.7309394853 1.6085235240 -3.0035544648 0.8279882087 
1.6146705861 -2.9971415161 0.7304245640 1.6090019379 -3.0027660247 0.8280261375 
1.6135311719 -2.9978769699 0.7280804844 1.6125431805 -2.9978480220 0.8288578767 
1.6134093719 -2.9992198040 0.7304530995 1.6125135359 -2.9969964891 0.8274997727 
1.6134185128 -2.9992346783 0.7293324072 1.6125979350 -2.9979232206 0.8303338932 
1.6134830445 -2.9978755598 0.7329895919 1.6125319236 -2.9978476922 0.8300061125 
1.6130549753 -2.9986404290 0.7260745541 1.6120051462 -2.9973068374 0.8293469030 
1.6131693398 -2.9997391569 0.7272112150 1.6119810699 -2.9977337987 0.8311865286 
1.6170630120 -2.9925205812 0.7339797279 1.6096390074 -3.0019225211 0.8301705422 
1.6127862343 -3.0002409437 0.7306165740 1.6151916720 -2.9923239970 0.8342406721 
1.6171962663 -2.9923600289 0.7321106115 1.6094593369 -3.0024112191 0.8279599049 
1.6160458580 -2.9948918013 0.7283364331 1.6089275137 -3.0032305084 0.8323172202 
1.6129834345 -2.9987230512 0.7272666161 1.6116859257 -2.9977391101 0.8325230242 
1.6187896767 -2.9903297902 0.7313246646 1.6090350644 -3.0022646375 0.8293417345 
1.6147847897 -2.9965720426 0.7306977748 1.6092145323 -3.0023905031 0.8251737617 
1.6120043158 -3.0029935681 0.7288532094 1.6105730122 -3.0001041134 0.8291140723 
1.6089676746 -3.0066244928 0.7283124742 1.6109416627 -2.9995281830 0.8290699327 
1.6127709606 -2.9979717479 0.7292727310 1.6111838812 -2.9957150235 0.8308408617 
1.6098427713 -3.0040220803 0.7268513276 1.6137185539 -2.9911921282 0.8310517596 
1.6129371392 -2.9989203041 0.7313281666 1.6120404881 -2.9969800687 0.8313540300 
1.6124975821 -2.9998554718 0.7268391629 1.6122969759 -2.9976599138 0.8295910938 
1.6133100167 -2.9970846471 0.7287210133 1.6116254028 -2.9994791473 0.8275335913 
1.6128872092 -2.9999048685 0.7271948484 1.6122645658 -2.9970062713 0.8305844738 
1.6127125579 -2.9991472979 0.7280265463 1.6122338810 -2.9968720843 0.8312828838 
1.6137067137 -3.0018686680 0.7301507888 1.6124061822 -2.9961895783 0.8301044518 
1.6148464647 -2.9962680935 0.7308276861 1.6089562140 -3.0026206323 0.8297499511 
1.6132170928 -2.9996466273 0.7275731100 1.6118043947 -2.9980868233 0.8295673292 
1.6130235994 -2.9992235506 0.7325615147 1.6122914785 -2.9978238661 0.8315147606 
END
