-0.1548568572 -0.8887925976 1.9706924298 -0.1900796281 -0.3792532110 1.9739712898 
5 5
image_id_list 8 99 10 20 19 
line_id_list 257 222 226 152 200 
line2d_list
525.9134521484 155.3989562988 621.2022705078 176.0674285889 
537.0045166016 165.7001037598 638.9966430664 167.2259674072 
608.9301147461 112.6682281494 722.9379272461 124.5932388306 
753.9903564453 80.5618667603 799.0125732422 79.5726165771 
742.0015869141 65.0612564087 799.0410156250 63.5952033997 
node_id_list 5122 5123 6668 6669 9312 
score_list 3.8078034600 6.5870018046 1.5770549475 3.6910677298 1.5411976137 
line3d_list
-0.1936989974 -0.8984543702 1.9751793904 -0.2113988270 -0.3773523401 1.9772911351 
-0.1728724201 -0.8908399125 1.9734933260 -0.1993506457 -0.3799035439 1.9754410893 
-0.1598017705 -0.8874078945 1.9713392117 -0.1879992311 -0.3764780874 1.9735682390 
-0.1469461270 -0.8879343777 1.9702860573 -0.1525177223 -0.7251834232 1.9707166823 
-0.1717245897 -0.8899538702 1.9699561459 -0.1900309483 -0.6575679530 1.9737894982 
END
