3.1132240235 -2.5878083930 0.7987496215 3.1200818359 -1.9970493151 0.7955078682 
13 13
image_id_list 26 28 30 44 48 52 54 69 73 89 70 71 55 
line_id_list 174 193 52 26 54 192 27 329 25 52 102 93 38 
line2d_list
745.9473876953 292.1442871094 591.9149169922 301.6161193848 
799.1923828125 216.6680145264 688.8153076172 229.3984375000 
475.3019409180 297.9931030273 380.6281127930 326.7768249512 
360.0651245117 188.3595581055 227.6975097656 212.3296203613 
181.1040496826 299.3236083984 37.5158042908 345.4941711426 
421.0628051758 346.5190734863 338.0681152344 356.5628051758 
222.9744567871 370.9639892578 129.4909973145 437.2825012207 
799.3264160156 438.7294006348 726.9643554688 420.1387329102 
29.9737472534 109.9613342285 0.3645769954 130.0640869141 
138.1244812012 348.3403625488 9.7421436310 395.2949829102 
799.0088500977 223.3391265869 605.9835205078 228.3665924072 
473.9569396973 18.3413066864 333.9668273926 27.4923057556 
379.1940307617 372.4494628906 298.6604309082 407.2133178711 
node_id_list 10950 10951 10952 10953 10954 10955 10956 10957 10958 10959 11338 11339 11516 
score_list 8.9530659350 3.8740476320 5.9377824520 4.6884873834 3.6495645148 7.8588759378 5.5157850317 7.5950657190 3.6316099426 3.7007123453 6.5284337593 9.4615907638 3.3268643706 
line3d_list
3.1203441200 -2.5890890379 0.7957638240 3.1277531942 -1.9971568458 0.7921405564 
3.1219745500 -2.3760691097 0.7951274146 3.1126831314 -2.0013277087 0.7977519315 
3.1091739165 -2.5827295863 0.7995947763 3.1239248189 -2.0132782884 0.7940565074 
3.1176750454 -2.5870926674 0.7976333997 3.1161578795 -2.0020072845 0.7968966857 
3.1095963433 -2.5877545883 0.8008804738 3.1174431633 -2.0005172023 0.7970495621 
3.1120287605 -2.5785605015 0.7987311116 3.1191474401 -2.0051015569 0.7963129564 
3.1064706373 -2.5730660006 0.8019033362 3.1220690448 -2.0089157833 0.7946428656 
3.1135625515 -2.2589930044 0.7984433436 3.1156822997 -1.9980335543 0.7982235692 
3.1152068216 -2.5873191536 0.7985815033 3.1134341899 -2.4694368667 0.7989962599 
3.1096500213 -2.5837374550 0.8008542675 3.1174253122 -2.0018531361 0.7970582773 
3.1153015038 -2.5906511143 0.7980758112 3.1094150102 -1.9949598566 0.7989508580 
3.1193193333 -2.5863332197 0.7962512641 3.1233804947 -2.0022812631 0.7942231677 
3.1133784674 -2.5853017879 0.7979454645 3.1086485183 -1.9938284747 0.8023076097 
END
