0.5659352911 -1.6141724066 0.4206075166 0.3043967430 -1.5157787440 0.4594054626 
3 3
image_id_list 17 46 76 
line_id_list 140 85 71 
line2d_list
100.5179519653 416.0567932129 137.4492645264 363.0089721680 
1.1399440765 498.1871643066 64.2444381714 451.0016479492 
383.9061889648 398.3804016113 436.7825317383 363.6687316895 
node_id_list 8978 8979 8980 
score_list 1.8737427942 5.2309705695 4.4676328383 
line3d_list
0.6788853552 -1.6555329169 0.4045907867 0.3024686011 -1.5166196457 0.4586696690 
0.5659352911 -1.6141724066 0.4206075166 0.3043967430 -1.5157787440 0.4594054626 
0.6477901626 -1.6350223594 0.4165798042 0.2871635611 -1.5116600803 0.4600323339 
END
