2.1046188351 0.0879574983 0.7448977699 2.7321401540 0.0897292060 0.7439419301 
8 8
image_id_list 26 29 67 68 69 75 28 66 
line_id_list 107 68 41 35 128 22 142 166 
line2d_list
121.4636306763 368.6848449707 20.3960323334 437.1078796387 
225.9787292480 297.9656066895 114.1191711426 367.1925659180 
552.0385131836 357.8796081543 347.9702148438 350.8663635254 
594.5317993164 111.3499679565 415.5500183105 181.8577575684 
205.3796081543 324.2371826172 103.8159408569 355.4001464844 
453.9965515137 148.9593200684 166.9996948242 149.9065856934 
206.3268280029 324.1741943359 116.9946594238 396.9934387207 
799.3077392578 260.3690795898 763.5476074219 242.9274749756 
node_id_list 10847 10848 10849 10850 10851 10852 11307 13291 
score_list 2.9791134820 4.8956223945 6.9446144504 4.8346214279 4.7684160262 2.9754042158 3.9443733122 1.6015965459 
line3d_list
2.7263733994 0.0897896849 0.7437086501 2.1060808331 0.0873275586 0.7453877472 
2.7242738761 0.0869819102 0.7450819782 2.1078835487 0.0888615272 0.7446369549 
2.7378922712 0.0878227105 0.7451006905 2.1081963409 0.0870792969 0.7449771910 
2.7321513718 0.0866362661 0.7455736121 2.1046113093 0.0900258158 0.7437907322 
2.7170765067 0.0855559469 0.7459976287 2.1109309633 0.0883326042 0.7444753847 
2.7432647447 0.0912920066 0.7428131524 2.1042034722 0.0870453146 0.7455555235 
2.7277588338 0.0907102475 0.7431631242 2.1080057938 0.0862426043 0.7460294220 
2.1770578401 0.0879790700 0.7447467189 2.1037708127 0.0885156961 0.7446196176 
END
