1.0822882195 -2.9900114799 1.0776679592 1.2009269326 -3.0966144734 1.0684130936 
20 20
image_id_list 10 33 37 86 99 14 16 20 23 80 82 83 84 97 31 57 98 19 21 53 
line_id_list 117 95 68 72 164 79 94 83 50 128 160 102 114 70 139 159 106 167 134 151 
line2d_list
79.9494857788 229.2313537598 47.9213409424 227.9174804688 
232.2064208984 327.3102111816 203.9621734619 331.7599487305 
35.5293579102 298.7171325684 0.8956815004 305.4645385742 
65.4485168457 303.3927307129 27.2897033691 310.5455322266 
38.9986686707 300.6279296875 6.9966969490 300.5601501465 
414.3464355469 149.1636047363 387.9035644531 153.3977050781 
299.3648376465 180.5624694824 270.5356140137 187.2938842773 
190.2051849365 277.7449035645 158.1776885986 281.5110778809 
515.9970092773 49.7611045837 490.9934387207 49.6626358032 
394.0318603516 214.6027374268 357.8635253906 211.7015686035 
310.2542419434 172.5129241943 284.9602661133 176.7636260986 
624.9178466797 301.1372985840 595.9246215820 299.0433044434 
135.4675598145 225.4577178955 98.4747314453 232.4953765869 
431.0728149414 316.9864196777 404.0724182129 317.9759826660 
187.1919097900 332.5359802246 158.0225677490 336.1806335449 
324.0792541504 220.2081451416 298.8317565918 217.6808776855 
181.0642089844 275.8132324219 145.0373382568 276.6355895996 
238.0850830078 229.5326690674 211.9435882568 230.9839782715 
423.0356750488 132.5056152344 393.8987731934 130.4023742676 
319.0101013184 262.7484436035 281.9493713379 261.2617797852 
node_id_list 6469 6470 6471 6472 6473 8332 8333 8334 8335 8336 8337 8338 8339 8340 8785 8786 8787 9291 9292 12956 
score_list 2.8569378912 7.3480030905 3.9829083233 5.0984787391 7.7992100447 7.1703210721 7.5823543988 6.6463962112 5.6389300668 4.0860648027 4.9290321802 5.7671311471 6.9417194021 4.4092289397 8.1227860286 6.5930242668 4.2942311021 5.1293656767 4.6042741624 2.8226418132 
line3d_list
1.0910417939 -3.0079623250 1.0748511923 1.1847145624 -3.1134802882 1.0663213299 
1.0821498044 -2.9901902372 1.0779526389 1.1903723010 -3.0969592659 1.0675548353 
1.0966684095 -3.0085445003 1.0748581605 1.1962310794 -3.0935416152 1.0682420674 
1.0958588736 -3.0043842564 1.0752249580 1.1975308779 -3.1000432079 1.0676692060 
1.0911570885 -3.0038394599 1.0752243963 1.1963147840 -3.0936130743 1.0682365051 
1.0811730394 -3.0182063447 1.0732339940 1.2111846659 -3.0848772287 1.0703310508 
1.0723571872 -3.0167272275 1.0733467490 1.2075731956 -3.0837620631 1.0705438401 
1.0788790413 -3.0142861168 1.0738700144 1.2117390586 -3.0760811230 1.0722539868 
1.0847147828 -3.0138718552 1.0744658216 1.1996709947 -3.0842205588 1.0694697012 
1.0778455211 -2.9981418153 1.0774089981 1.1983967813 -3.0754212973 1.0714771810 
1.0838505521 -3.0165984343 1.0738095440 1.2162877211 -3.0781967680 1.0721986597 
1.0812763331 -3.0089780514 1.0760695976 1.2023729800 -3.0862747605 1.0701559946 
1.0906916160 -3.0071070367 1.0750924444 1.2037419449 -3.0942490449 1.0692159478 
1.0976944602 -3.0027368054 1.0755334790 1.2073407175 -3.0955166655 1.0690113909 
1.0867007956 -3.0040308130 1.0752998922 1.2019015205 -3.0928303999 1.0693116153 
1.0754393556 -3.0284542546 1.0712487825 1.2069563309 -3.0837250952 1.0713927985 
1.0864911809 -3.0156317814 1.0732686740 1.2034836009 -3.0939112930 1.0700503638 
1.0978247600 -2.9982443776 1.0776543891 1.2020484367 -3.0867688518 1.0705649597 
1.0857857990 -2.9741308777 1.0808632042 1.2017619436 -3.0623243775 1.0730757644 
1.0573930690 -2.9536812790 1.0849182159 1.1900154044 -3.0908400865 1.0672191600 
END
