0.0022136051 -2.6953419551 1.5447244808 0.0034669625 -2.6954788106 1.5962587845 
4 4
image_id_list 51 77 80 95 
line_id_list 28 27 35 121 
line2d_list
680.9155273438 63.9617996216 680.2785644531 82.0450363159 
546.4326171875 84.0483093262 547.7993164062 100.1022186279 
694.6618041992 103.9345092773 692.0908813477 117.2112426758 
360.5142211914 121.9954223633 360.3727722168 137.0129241943 
node_id_list 12804 12805 12806 13434 
score_list 0.9465105727 2.8706079450 1.7295496242 0.9450335584 
line3d_list
0.0032944880 -2.6959827900 1.5962616409 0.0020533046 -2.6955636450 1.5441697781 
0.0003269157 -2.6981096771 1.5987747815 0.0033186330 -2.6946962015 1.5446993205 
0.0005020157 -2.6979098924 1.5956098393 0.0032533592 -2.6947706773 1.5458791481 
0.0008585313 -2.6972301661 1.5982478175 0.0049090236 -2.6927714196 1.5432353220 
END
