1.6123939819 -2.9991912150 0.8752276774 1.6125198330 -2.9983600584 0.9328435322 
15 15
image_id_list 2 38 51 53 56 77 80 88 89 44 48 54 71 52 73 
line_id_list 75 110 55 92 98 93 69 102 34 59 25 102 21 55 60 
line2d_list
98.8383789062 532.5336914062 86.7095184326 506.1334533691 
155.8655548096 371.0158386230 155.6559600830 356.0047912598 
186.3763427734 305.0888061523 184.2234191895 289.9682006836 
166.4812774658 310.0014343262 166.5232696533 295.9955749512 
274.9299926758 357.0512390137 274.1132812500 339.9945678711 
125.2171325684 452.2491149902 119.7531051636 435.0785827637 
251.6363372803 263.9729309082 252.6833190918 249.9020233154 
53.5445632935 288.0162048340 53.3771858215 272.9957885742 
511.2406921387 371.0267028809 512.7023315430 357.8559875488 
793.9591674805 276.9878540039 799.0164794922 260.0049133301 
614.9012451172 312.9892272949 616.6488647461 296.9617004395 
615.5894775391 306.9954833984 615.4819335938 292.9963073730 
702.6939697266 182.9313964844 707.7947387695 160.1781616211 
725.9433593750 358.9971008301 726.5620117188 346.9263000488 
542.4600219727 77.0088882446 542.8664550781 55.9780960083 
node_id_list 2556 2557 2558 2559 2560 2561 2562 2563 11978 12425 12426 12427 12428 12685 12686 
score_list 6.7292593197 3.7098918920 8.6202948894 6.4031717180 6.7130220119 5.2153779444 5.5236300022 5.8980707282 6.9586041937 4.5268011877 7.4198040601 6.5026188964 4.8780160449 6.6535654458 6.4001364694 
line3d_list
1.6122055377 -2.9993562087 0.8762366627 1.6122326453 -2.9989729548 0.9296017104 
1.6143458769 -2.9956300780 0.8774833022 1.6120721065 -2.9984685306 0.9328460750 
1.6125279563 -2.9995763079 0.8758764945 1.6122215314 -2.9968676153 0.9316251229 
1.6118467430 -2.9998140680 0.8765120246 1.6121674988 -2.9983596801 0.9299290221 
1.6129218028 -3.0002860759 0.8776116576 1.6119418535 -2.9989876015 0.9317390844 
1.6124746751 -2.9995907936 0.8769708981 1.6138344991 -2.9944818102 0.9329866854 
1.6128105696 -2.9990943346 0.8772477794 1.6112296012 -2.9984101138 0.9294541027 
1.6122608836 -2.9997500684 0.8795705304 1.6120016860 -2.9971444090 0.9322966435 
1.6125048681 -2.9986867599 0.8782486010 1.6118866292 -2.9987901273 0.9321306163 
1.6122080267 -3.0006109025 0.8766737177 1.6106519273 -2.9897801826 0.9324868933 
1.6124255292 -3.0020144256 0.8763866989 1.6120333515 -2.9986766347 0.9318726407 
1.6129397903 -3.0014667134 0.8736604939 1.6108111703 -2.9905533942 0.9325816530 
1.6128627536 -2.9994548047 0.8752304560 1.6122629519 -2.9976824717 0.9365019811 
1.6128857993 -3.0005636946 0.8756956724 1.6119764658 -2.9990651366 0.9294471366 
1.6130616506 -3.0000618678 0.8748022498 1.6123036127 -2.9978020273 0.9317401507 
END
