-0.2056449016 -0.8985615414 1.7468806505 -0.1971761140 -0.3836311497 1.7456226474 
36 24
image_id_list 0 8 59 1 32 46 59 64 93 8 17 39 10 31 31 39 45 46 58 76 87 17 99 19 99 37 79 86 32 84 90 87 45 58 85 87 
line_id_list 264 194 202 260 92 126 196 176 241 228 151 267 170 84 115 234 131 206 286 93 300 94 219 187 170 64 100 31 167 156 170 272 149 230 90 186 
line2d_list
296.5499877930 130.7653808594 257.7797546387 113.4944305420 
609.1782836914 218.2359008789 550.6318969727 204.5778045654 
346.0708312988 20.3722782135 309.0903930664 16.1990985870 
338.0586242676 84.6051635742 292.7218933105 77.8726806641 
688.9828491211 141.6736755371 607.9442138672 145.9399414062 
356.9183654785 75.4242935181 278.0265502930 79.5122528076 
307.0525512695 16.5055904388 166.9348297119 1.6131345034 
497.3235168457 54.9268302917 389.2013549805 22.3320465088 
205.0049896240 5.0534110069 156.1502532959 9.6107196808 
528.0363159180 199.8193359375 516.8839721680 197.5771636963 
217.0717163086 65.4119262695 203.7782592773 67.7264022827 
493.0832214355 201.3565521240 480.8990478516 199.7805175781 
711.2960205078 174.8637084961 616.8914794922 161.7834167480 
799.1408691406 155.3566589355 723.2326660156 163.2401733398 
720.0883178711 163.8612060547 679.8956298828 167.9819183350 
572.1422119141 214.1251831055 494.9071655273 201.5710906982 
735.0092773438 121.8961639404 674.0493164062 116.4483718872 
274.0386657715 79.8463211060 227.9521026611 81.9513015747 
248.9747467041 137.2970733643 223.9853363037 135.1724395752 
734.9943847656 70.1310806274 626.9924316406 70.8262710571 
212.0102386475 151.8061676025 185.9245605469 150.4273529053 
303.9033203125 53.3066978455 222.8070373535 64.6163406372 
565.0193481445 210.5558166504 536.0309448242 209.2912597656 
799.0429077148 116.2311935425 753.9966430664 115.1388626099 
633.0395507812 213.0805053711 568.8572387695 210.3209228516 
669.0151977539 109.3136901855 578.9841918945 113.6730957031 
737.0220947266 32.1833152771 655.9461669922 29.9918060303 
746.9909667969 106.7555007935 643.9837036133 110.5589523315 
605.0125732422 146.2413940430 591.9438476562 146.9225006104 
799.1267700195 10.2180280685 741.9135742188 13.4874486923 
540.0623779297 60.9097328186 452.9470214844 55.9259948730 
183.0049438477 149.9354400635 162.9692230225 148.4021453857 
798.9735107422 128.2419891357 738.6025390625 121.6276321411 
323.1072998047 142.7560424805 251.6898498535 136.5955963135 
505.0686950684 13.4184246063 413.8990173340 28.3847942352 
284.0812988281 155.7338256836 216.8448181152 151.4172821045 
node_id_list 1401 1402 1403 2049 2050 2051 2052 2053 2054 5067 5068 5069 6558 6559 6560 6561 6562 6563 6564 6565 6566 8953 8954 9306 9307 11673 11674 11675 11677 11678 12079 12529 12534 12535 13073 13074 
score_list 4.3817931626 3.6273428270 10.3359266504 4.4437860116 8.0810144925 12.4977195576 9.3220125558 12.8243610684 3.8598933861 3.0449424262 2.7979131678 4.5402137216 2.8137817415 4.6063497085 5.3472731615 10.8872421281 8.8959956485 12.4822636991 8.5219533313 10.7124027498 6.1514292679 9.5727222550 8.6481766939 1.9510902106 8.5588684513 4.7090914940 5.2634417940 6.4246849328 3.6084410721 2.9071421180 7.0824760675 2.8100878245 8.2323604054 11.3959894101 10.9328416674 9.5027545869 
line3d_list
-0.1979483670 -0.4109738587 1.7452271049 -0.1581231237 -0.7206459100 1.7475066285 
-0.1994205375 -0.3840864501 1.7459655226 -0.1386501798 -0.7133814735 1.7478419509 
-0.1964283303 -0.3857014148 1.7451095522 -0.1938576898 -0.5004396211 1.7457792214 
-0.1853598493 -0.4247224008 1.7439452370 -0.1998330683 -0.6813729106 1.7482047459 
-0.1709472809 -0.3956957314 1.7455304713 -0.1969216326 -0.8073992798 1.7474280763 
-0.1920014169 -0.3825750264 1.7451558627 -0.2071233135 -0.6963801011 1.7466693671 
-0.1883419059 -0.5077816863 1.7436052054 -0.2091999328 -0.9014148425 1.7476361113 
-0.1919382808 -0.3956038309 1.7445562917 -0.2104751075 -0.7088530247 1.7481906380 
-0.1992210565 -0.4117134884 1.7461362810 -0.1954268977 -0.6678198574 1.7449369640 
-0.2221720542 -0.8280291379 1.7488820646 -0.1998342470 -0.8914580041 1.7470724407 
-0.2121339790 -0.8326013072 1.7473687715 -0.1958452439 -0.8996611227 1.7458160488 
-0.2177278947 -0.8210441083 1.7479605038 -0.1997146717 -0.8908161437 1.7462210255 
-0.1904717807 -0.3762630169 1.7456796594 -0.2171800649 -0.8144350763 1.7481974468 
-0.1960111406 -0.4072325507 1.7457295386 -0.1932540163 -0.7033988819 1.7461761719 
-0.2132250779 -0.7216388624 1.7463367075 -0.2106401156 -0.8959866701 1.7467309733 
-0.1999996308 -0.3836964807 1.7459630002 -0.2202729835 -0.8105808036 1.7483368747 
-0.1997527384 -0.7009868045 1.7460931905 -0.2079124188 -0.8978565149 1.7466938514 
-0.2031389736 -0.7117930120 1.7457065840 -0.1982205979 -0.8922220260 1.7460544102 
-0.2213823428 -0.7119819662 1.7465507089 -0.2153859585 -0.8192237385 1.7472282157 
-0.1969089890 -0.3850452450 1.7457284288 -0.2075872727 -0.8175996651 1.7466244121 
-0.2120207881 -0.7011897078 1.7455066737 -0.2167709261 -0.8029387023 1.7455456808 
-0.1706025208 -0.3902311500 1.7455052842 -0.1967091825 -0.8040318627 1.7474125554 
-0.2028549789 -0.7291364229 1.7462922109 -0.1812363547 -0.8776845252 1.7451219158 
-0.2075371315 -0.6241580194 1.7470231738 -0.2009544584 -0.8114021232 1.7469602331 
-0.1978535736 -0.3875165426 1.7457263170 -0.1805191569 -0.7047246455 1.7459748500 
-0.1902107832 -0.3896673724 1.7456077395 -0.2049431682 -0.8051668153 1.7465315903 
-0.2044119739 -0.3881648146 1.7462875386 -0.1944362485 -0.6965990837 1.7462457560 
-0.1942653558 -0.3912326317 1.7455702159 -0.1948678733 -0.8117064772 1.7465266009 
-0.2094423613 -0.8217226113 1.7470002318 -0.2082203902 -0.8911039210 1.7472118348 
-0.1987312547 -0.7023912105 1.7452486698 -0.1988337509 -0.8986759432 1.7459054645 
-0.1929333454 -0.4002660067 1.7454965518 -0.2053032042 -0.7649686433 1.7457336171 
-0.1972343073 -0.8203574366 1.7457736056 -0.2139516283 -0.8911182671 1.7482436913 
-0.2148502181 -0.5022650080 1.7466830901 -0.1846436928 -0.6913155688 1.7459566301 
-0.2133587186 -0.3833637999 1.7461150593 -0.1781629483 -0.7024135878 1.7469880847 
-0.1980272212 -0.3913384448 1.7453780331 -0.1783236492 -0.8028992081 1.7463486411 
-0.2044165334 -0.3946366112 1.7452490656 -0.1775217236 -0.6940655663 1.7462175471 
END
