1.1686106477 -2.0063852146 0.4445375596 1.1959310316 -2.0084151742 0.4947489359 
3 3
image_id_list 7 50 49 
line_id_list 138 164 155 
line2d_list
370.6236572266 369.2550659180 360.9742431641 355.0174560547 
20.5318679810 520.6458740234 4.3401312828 508.9104309082 
277.4137878418 574.2210693359 269.8154296875 554.0695800781 
node_id_list 4455 4456 12762 
score_list 0.8939437053 1.9410600343 0.8603030802 
line3d_list
1.1591909745 -2.0056853139 0.4272254035 1.1962860504 -2.0084415528 0.4954014150 
1.1686106477 -2.0063852146 0.4445375596 1.1959310316 -2.0084151742 0.4947489359 
1.1568926568 -2.0054566854 0.4229800561 1.1976702352 -2.0073036682 0.4974879040 
END
