0.1509249904 -1.5614681744 0.4309648175 0.1711622014 -1.4597749177 0.4560673738 
7 7
image_id_list 12 79 90 38 86 41 95 
line_id_list 194 179 212 165 181 92 150 
line2d_list
204.0410003662 221.1488647461 225.0964202881 215.3501129150 
420.0133666992 349.2132568359 439.1262817383 348.0157470703 
261.1250305176 436.5761413574 285.0819091797 431.3775024414 
680.6267700195 489.5335693359 707.0109252930 495.9550476074 
469.9985961914 395.9837036133 489.2009277344 394.3225097656 
404.0116882324 429.3168640137 416.0321960449 428.8737792969 
597.8936767578 519.3886108398 625.0493164062 526.8198852539 
node_id_list 7214 7215 7216 12000 12001 12156 12157 
score_list 1.6792756723 3.4093805849 4.3287003830 3.1729383239 0.9290414634 0.8661563819 6.4333169908 
line3d_list
0.1388774258 -1.5481677172 0.4275148591 0.1758547576 -1.4653180110 0.4570890195 
0.1475791429 -1.5459719038 0.4316421998 0.1772230200 -1.4615324451 0.4583011949 
0.1444024470 -1.5496624170 0.4293705252 0.1747180880 -1.4695132644 0.4559561401 
0.1351695978 -1.5636278804 0.4240022284 0.1704158895 -1.4549571502 0.4573827314 
0.1302430885 -1.5553634517 0.4229072670 0.1680910186 -1.4518629145 0.4567433220 
0.1523871631 -1.5698974491 0.4304002776 0.1606934088 -1.4960608798 0.4450883499 
0.1599728617 -1.5571381794 0.4368377819 0.1741330921 -1.4672978581 0.4572794553 
END
