0.3116305222 -1.4638989190 -0.0205274352 0.3183660973 -1.4598317962 0.1653727479 
8 8
image_id_list 6 42 50 62 91 11 65 63 
line_id_list 168 187 154 150 120 234 169 122 
line2d_list
412.8335266113 543.9772338867 413.9785461426 585.9460449219 
273.2241821289 538.9125976562 287.5976562500 575.7669067383 
403.2084350586 474.9650573730 401.2617187500 519.0557250977 
336.5415344238 291.8601684570 346.0616455078 328.7258300781 
670.8171997070 510.8235473633 646.7654418945 535.7388916016 
22.0754718781 340.9898681641 26.8998279572 376.8790283203 
86.6436691284 272.1641235352 105.0238418579 312.0677795410 
618.4563598633 419.0786743164 608.8498535156 474.8017272949 
node_id_list 4194 4195 4196 4197 4198 7013 7015 13215 
score_list 7.4286294357 7.3379115443 7.3442848816 10.8048399114 6.6460887969 7.3959086723 7.4127018119 1.9951681859 
line3d_list
0.3166277284 -1.4600852676 0.1654412783 0.3080951523 -1.4661315835 -0.0203504947 
0.3179419854 -1.4603584747 0.1648772751 0.3099200625 -1.4653345529 -0.0139466696 
0.3180518071 -1.4602447889 0.1660463451 0.3108270606 -1.4642436337 -0.0085588035 
0.3181279426 -1.4600843690 0.1645659257 0.3095869064 -1.4658558274 -0.0125412435 
0.3168882614 -1.4601706495 0.1625881257 0.3100409022 -1.4661360183 -0.0216626547 
0.3131932851 -1.4621307959 0.1655976464 0.3071401495 -1.4667404948 -0.0109907337 
0.3193797834 -1.4600781922 0.1640068694 0.3080580710 -1.4658319123 -0.0108650797 
0.3185046063 -1.4593022319 0.1679040831 0.3110436218 -1.4655666284 -0.0380778150 
END
