2.5115892077 -3.1149031592 0.9699273626 2.5109715298 -3.1151240155 1.3234688467 
4 4
image_id_list 21 23 34 57 
line_id_list 152 175 71 195 
line2d_list
95.4983215332 95.9586868286 98.2357711792 128.9804534912 
249.1645812988 5.0548191071 254.5479736328 87.0952835083 
184.7669982910 150.8389434814 167.7172546387 69.6394195557 
41.0648269653 142.9718017578 38.4418716431 229.9831695557 
node_id_list 9708 9709 9710 9711 
score_list 4.7207725050 2.3075827986 2.5959920562 1.6075340629 
line3d_list
2.5119166036 -3.1209303955 1.1709928947 2.5122321341 -3.1211235722 1.0343882298 
2.5116003398 -3.1212092026 1.3234661439 2.5128766389 -3.1276745711 0.9580091748 
2.5081563603 -3.1268137662 0.9638355562 2.5092181790 -3.1211635349 1.3337214974 
2.5111068328 -3.1147302993 1.3338028749 2.5118671383 -3.1141412927 0.9699283242 
END
