3.7897266549 -0.5965054964 0.2077712301 3.7899604092 -0.5972995931 0.9217464112 
11 11
image_id_list 22 24 25 26 27 28 29 69 70 71 35 
line_id_list 99 17 69 145 88 139 32 45 122 73 23 
line2d_list
241.9090270996 80.9576568604 252.2048950195 301.9904479980 
570.8719482422 219.9578247070 486.7578125000 475.2496948242 
346.3793334961 343.9653625488 363.0804138184 526.9013671875 
332.2476196289 256.7687377930 353.7656555176 372.8580932617 
558.4624023438 261.8769531250 568.8156127930 384.9313659668 
406.3456420898 196.6615753174 435.6280822754 313.0935363770 
469.8757934570 204.9947967529 464.0010986328 345.0419921875 
432.7602233887 288.9521484375 407.7780761719 414.1552429199 
216.9776306152 139.8338623047 243.3363189697 294.9428405762 
62.9401550293 0.6633681655 102.0791015625 109.9716796875 
794.2943115234 87.5161285400 660.9625854492 281.9743652344 
node_id_list 10158 10159 10160 10161 10162 10163 10164 10165 10166 10167 10415 
score_list 7.9329553197 8.8887076639 5.8641415708 5.9048792462 8.9520257772 6.9443504870 8.8081867392 8.8677539089 8.8091248830 7.5272297701 6.9678033577 
line3d_list
3.7913867400 -0.5972152282 0.9200243226 3.7910144743 -0.5964771542 0.2109346599 
3.7884569600 -0.5975032024 0.9219657091 3.7885773809 -0.5969600165 0.2125610019 
3.7908884187 -0.5978464840 0.9193080163 3.7914358364 -0.5974964311 0.2071993980 
3.7878838538 -0.5973371859 0.9207096818 3.7870828569 -0.5965236452 0.2050625689 
3.7899858635 -0.5972977707 0.9171829729 3.7898627317 -0.5965442844 0.2079156473 
3.7891384749 -0.5967871059 0.9198992337 3.7891969122 -0.5961408587 0.2077718091 
3.7890220572 -0.5967174765 0.9208238881 3.7894506488 -0.5962948818 0.2081212207 
3.7898337435 -0.5972099995 0.9217465523 3.7900319001 -0.5966479640 0.2091838892 
3.7903293968 -0.5975080927 0.9195265743 3.7892820619 -0.5961926631 0.2080111855 
3.7881431052 -0.5973055198 0.7902067104 3.7884272466 -0.5969145271 0.2097781553 
3.7898334879 -0.5972107244 0.9226655741 3.7900306433 -0.5966515287 0.2137032841 
END
