1.8852467364 -3.0107353876 0.9110499229 1.7575931127 -2.8798055783 0.8453884025 
13 11
image_id_list 13 48 48 51 51 55 89 16 21 80 33 56 78 
line_id_list 146 115 133 141 168 167 121 80 141 149 50 137 154 
line2d_list
509.3310241699 263.3578796387 491.0376281738 253.9270324707 
564.8532104492 322.2123718262 534.2179565430 290.8560791016 
544.1081542969 302.1870117188 559.8492431641 323.6433715820 
141.4782409668 324.9222717285 110.1213684082 302.6127929688 
117.3245010376 310.6191406250 136.7253265381 327.1486816406 
655.0870361328 351.0812072754 667.8995971680 366.2396240234 
452.7818908691 359.7775878906 465.6589660645 378.5479431152 
194.4403991699 268.6849670410 171.3257293701 264.2877197266 
275.5540161133 181.1204986572 253.2250213623 167.0552368164 
205.6556243896 275.0254821777 175.5153198242 254.7476806641 
97.5326995850 400.9503479004 71.9605407715 394.3041687012 
220.6764831543 378.6506347656 183.5844573975 367.9702148438 
481.0944519043 321.7701110840 463.2331237793 314.4325256348 
node_id_list 8013 8015 8016 8017 8018 8019 8020 8780 9704 9705 11795 12502 12503 
score_list 2.8227938330 2.9445282357 4.2265309727 4.9076707872 5.2747556174 3.9504043813 5.5186011361 1.6723216207 2.4289150556 4.1216187920 0.8797585724 3.1887423725 2.0869347092 
line3d_list
1.8065127181 -2.9468402954 0.8734242829 1.8689816710 -3.0023668508 0.8973436650 
1.7487430435 -2.8954907707 0.8513042559 1.8932030469 -3.0238964189 0.9066180376 
1.8404492924 -2.9666022912 0.8876735715 1.7625735295 -2.8871906973 0.8464225833 
1.7438734893 -2.8923000228 0.8471468816 1.8725142535 -3.0126909192 0.9011185469 
1.8346022005 -2.9559380507 0.8856889364 1.7480822793 -2.8509282566 0.8528778889 
1.8332481601 -2.9644367675 0.8847833469 1.7472534456 -2.8474912841 0.8526575524 
1.8414762273 -2.9656858953 0.8880612043 1.7553006425 -2.8847262894 0.8549957180 
1.8042374222 -2.9258573246 0.8705820376 1.8733785398 -2.9895979020 0.9070999831 
1.7973926983 -2.8515652389 0.8742590788 1.8700411844 -3.0329690679 0.8962770742 
1.7893060143 -2.8627251069 0.8692218993 1.8742850565 -3.0265125671 0.9013529993 
1.7992003549 -2.9034136538 0.8699723609 1.8729336902 -3.0159754915 0.9029946993 
1.7932904114 -2.9316356849 0.8690233203 1.8835374905 -2.9706606420 0.9059736857 
1.8134662819 -2.9391262691 0.8773317437 1.8713655691 -2.9832264877 0.9003007872 
END
