2.1066824796 0.0868148685 0.7916022186 2.7356243042 0.0866243319 0.7915881876 
7 7
image_id_list 26 29 67 68 69 75 28 
line_id_list 94 73 107 42 79 24 118 
line2d_list
119.8057022095 358.7027893066 16.9603652954 425.9393615723 
226.1322937012 285.2249450684 112.4567108154 352.0761718750 
554.0363769531 343.9926452637 347.9800415039 336.5531311035 
597.5341186523 93.4347534180 415.6770935059 161.1325988770 
208.3043670654 313.0833740234 105.6938934326 341.9104003906 
456.0000000000 132.9950561523 164.0000000000 132.9972534180 
203.6980133057 314.6184082031 112.2188720703 387.0129394531 
node_id_list 10826 10827 10828 10829 10830 10831 11289 
score_list 2.9904335807 4.9798913118 6.9778157468 3.9691980896 2.9641386213 3.9914580984 3.9509188797 
line3d_list
2.7314224940 0.0872204599 0.7912504590 2.1066821143 0.0855518015 0.7923801778 
2.7325119723 0.0870656482 0.7913221749 2.1078615159 0.0870403798 0.7916840677 
2.7379226301 0.0865925225 0.7916097484 2.1065671135 0.0880472071 0.7908793411 
2.7356243223 0.0866876494 0.7915402843 2.1026167104 0.0860890320 0.7920878886 
2.7300341130 0.0866123731 0.7915997558 2.1111290319 0.0868282775 0.7915097381 
2.7411627627 0.0866928869 0.7915354931 2.1071537281 0.0860933225 0.7920839637 
2.7299573809 0.0864271798 0.7917443313 2.1069691921 0.0855976578 0.7924709134 
END
