0.0005729999 -1.1129986660 0.7268090915 0.0018480375 -1.1123301978 0.8336071358 
42 42
image_id_list 0 4 12 17 32 39 45 46 47 58 59 64 79 85 87 90 92 1 11 42 50 93 6 15 33 40 43 62 65 81 95 96 18 37 84 16 19 20 31 57 98 86 
line_id_list 7 68 82 141 106 41 14 148 110 48 78 81 16 129 40 17 151 21 93 94 57 83 24 99 23 30 69 74 97 12 24 54 148 60 11 43 65 26 128 26 22 98 
line2d_list
144.7676696777 310.2580566406 151.2167663574 291.0728759766 
291.8584594727 273.6618041992 280.2843933105 244.2819061279 
294.8740539551 125.0062026978 293.7416381836 102.0127258301 
207.6910705566 276.0707702637 203.5742034912 258.0975341797 
553.3964233398 335.0037536621 553.4421386719 317.9985046387 
412.6049499512 382.1179504395 415.9443054199 364.9891357422 
555.4373168945 392.8914794922 560.6737670898 365.7441711426 
189.4491577148 347.0571289062 186.9545745850 323.0046997070 
64.0762176514 244.7330474854 55.4922142029 210.1259460449 
148.0331726074 375.0163879395 148.3985748291 351.9904479980 
101.6376495361 374.9596862793 99.4930801392 341.0320434570 
168.7588500977 407.1243591309 175.1929473877 367.8677368164 
527.0712890625 280.1256713867 529.6712646484 257.9614257812 
383.2821044922 267.9580383301 380.3073730469 247.9542846680 
125.5512847900 432.9789123535 124.5204544067 406.0183410645 
370.2556457520 334.0161132812 371.8342895508 308.9895324707 
156.3057556152 506.1015319824 151.1899108887 471.1184692383 
224.0392608643 333.0863342285 226.0398559570 309.0032958984 
128.9380493164 188.0488739014 127.8775787354 165.0056304932 
394.2279357910 310.9605407715 388.5367736816 278.0801696777 
556.7354125977 289.9682312012 560.5928955078 257.8311157227 
164.5672760010 307.8677368164 158.5594482422 282.1027221680 
646.4412841797 342.8742675781 656.1336669922 299.8050537109 
441.6575317383 157.0176239014 440.6281127930 137.0191497803 
692.8098144531 389.9516601562 691.3747558594 365.9179077148 
142.3650054932 435.1630859375 135.9084930420 410.0234985352 
719.8088989258 398.0249023438 720.6109619141 371.9572753906 
487.5541992188 109.0041122437 487.2223510742 72.9979476929 
211.1211547852 26.9795951843 206.7253112793 0.8778495193 
745.5054321289 249.9926147461 745.8338012695 227.9826049805 
777.5637207031 464.6541748047 784.7748413086 434.7050170898 
711.2122192383 420.0237731934 714.0273437500 394.8910522461 
294.9196777344 232.0054626465 293.3536376953 208.9759521484 
512.9586791992 321.0045776367 513.0449218750 302.9954223633 
656.8476562500 269.9855041504 658.9492797852 247.9000091553 
768.6683959961 217.0384826660 769.8835449219 195.9357147217 
648.8056640625 317.9713134766 651.4914550781 299.7773132324 
658.2189941406 362.1102294922 660.0371704102 342.0033569336 
623.7222900391 388.0135192871 622.6990966797 367.0146484375 
733.1400756836 365.7615051270 738.1329345703 347.7595214844 
695.7246093750 392.9585266113 699.1995849609 369.8794860840 
566.3084106445 333.0328979492 566.7877197266 313.9695129395 
node_id_list 45 46 47 48 49 50 51 52 53 54 55 56 57 58 59 60 61 1615 3710 3711 3712 3713 3963 3964 3965 3966 3967 3968 3969 3970 3971 3972 6853 6854 6855 8605 8606 8607 8608 8609 8610 9125 
score_list 13.7774485843 14.0161362733 12.5283159745 11.8127945996 11.8315991490 11.2396578326 10.0869665098 13.8750231373 15.0547285671 10.3650253248 12.4971438512 12.9130803572 12.0665054932 10.9863879834 13.0253687966 16.1871373956 14.4224126135 11.8487786472 15.3962173400 17.7135243395 13.4584083509 11.8719552351 12.6851982735 8.7848897455 8.5462541943 16.8106465105 12.4754963507 15.8794041047 15.6636435851 10.7056296665 9.3256719869 8.7368742010 14.1404382035 10.3184671171 9.2651574513 5.5820991557 5.0304915976 6.8256386349 6.8149803219 3.4763431831 7.5200348907 7.3378732220 
line3d_list
0.0006304583 -1.1132689847 0.7360512254 0.0020459980 -1.1119952509 0.8293333700 
0.0025258122 -1.1144602118 0.7309161419 0.0008460172 -1.1112982883 0.8313522565 
0.0013686781 -1.1144193528 0.7325627214 0.0023735657 -1.1118436131 0.8292787565 
-0.0018027816 -1.1137911469 0.7298081990 0.0026367608 -1.1118608613 0.8307123319 
-0.0020229597 -1.1125885353 0.7337914214 0.0051940502 -1.1114937618 0.8316489049 
-0.0044524346 -1.1133635888 0.7332810652 0.0117245416 -1.1117168690 0.8338972450 
-0.0026459259 -1.1136059102 0.7300220857 0.0035803161 -1.1118339399 0.8324405235 
0.0012048178 -1.1135933801 0.7311412673 0.0014018808 -1.1119673942 0.8286352290 
0.0008702293 -1.1130494705 0.7295659363 0.0013478723 -1.1121686996 0.8307540198 
-0.0011293829 -1.1121684890 0.7293331002 0.0003362772 -1.1108033620 0.8278024831 
0.0000608535 -1.1124188258 0.7310236272 0.0009776851 -1.1126626865 0.8304982112 
0.0022396800 -1.1129046602 0.7323054166 0.0011065660 -1.1126906968 0.8287482046 
-0.0005893052 -1.1134225960 0.7315418524 0.0043146059 -1.1117794467 0.8321024710 
0.0028017383 -1.1125932041 0.7310284499 0.0111360967 -1.1103197606 0.8334836641 
0.0007536909 -1.1125720572 0.7282758247 -0.0025894884 -1.1118669360 0.8275397970 
-0.0034166334 -1.1126284642 0.7284501844 0.0012101887 -1.1114222777 0.8310545653 
0.0002634117 -1.1129003360 0.7324223582 0.0011210761 -1.1126162130 0.8300065358 
0.0012146075 -1.1135997634 0.7307212629 0.0034676613 -1.1117507289 0.8344318721 
0.0003730994 -1.1137215829 0.7328937052 0.0031124910 -1.1120612825 0.8298312046 
0.0008148918 -1.1130579062 0.7302955550 0.0018592062 -1.1121694165 0.8294161112 
-0.0016136209 -1.1128489264 0.7268342598 0.0004663194 -1.1126600271 0.8288543307 
-0.0001613172 -1.1134284119 0.7283244813 0.0025884679 -1.1119237829 0.8315921676 
-0.0003363522 -1.1130504264 0.7258561449 0.0008669361 -1.1126780561 0.8294517291 
-0.0012896197 -1.1127191117 0.7292987266 -0.0001043987 -1.1129357381 0.8308059868 
0.0022781877 -1.1122289188 0.7292491085 0.0035313095 -1.1118486575 0.8290517809 
0.0016554142 -1.1130383080 0.7291380987 0.0011649672 -1.1126207275 0.8298586973 
-0.0002108463 -1.1135866195 0.7309655650 0.0023477247 -1.1124873406 0.8275676322 
0.0008872828 -1.1130180240 0.7331786952 0.0013350482 -1.1121923472 0.8280372539 
0.0014149691 -1.1132663363 0.7290749610 0.0011084793 -1.1124895461 0.7914817981 
-0.0031429693 -1.1137455021 0.7280979506 -0.0002534489 -1.1129070950 0.8294509534 
-0.0038095465 -1.1131816592 0.7305352063 0.0001918837 -1.1127030553 0.8305244460 
-0.0020184340 -1.1134307161 0.7289875148 0.0016530003 -1.1123735275 0.8306373195 
0.0031111220 -1.1127221255 0.7312793142 0.0024297288 -1.1114378787 0.8317330828 
-0.0050772711 -1.1131948080 0.7301127229 -0.0002873615 -1.1116238575 0.8265565802 
-0.0034139806 -1.1133805959 0.7253384721 0.0002897684 -1.1116522043 0.8267898323 
0.0002226153 -1.1125907705 0.7324308483 0.0029376046 -1.1126534209 0.8295664895 
0.0027353903 -1.1125883969 0.7319965984 -0.0000148414 -1.1116678545 0.8282972059 
-0.0067806886 -1.1135791332 0.7321880261 0.0025730780 -1.1129827563 0.8320505543 
-0.0015556781 -1.1123308284 0.7299698292 0.0000122880 -1.1135649537 0.8312617291 
0.0004298309 -1.1132555645 0.7366368359 0.0081148909 -1.1093598844 0.8296902233 
0.0001003009 -1.1125879481 0.7280547401 0.0029598285 -1.1126539338 0.8303616048 
-0.0038007974 -1.1133024334 0.7338370345 0.0024005046 -1.1125857587 0.8301023617 
END
