2.6341916150 -3.0211285195 0.8260163101 2.6800790642 -2.9847120916 0.8370468476 
3 3
image_id_list 21 54 78 
line_id_list 126 115 39 
line2d_list
70.9773406982 182.4831237793 54.9656600952 181.7322387695 
370.0542907715 326.3572082520 357.0351257324 326.8780212402 
275.1105957031 344.7241516113 258.0524902344 345.8183288574 
node_id_list 9689 9690 9691 
score_list 1.5090684489 1.6151956037 0.0000000000 
line3d_list
2.6286623695 -3.0211468956 0.8257398794 2.6852966717 -2.9901380059 0.8359963509 
2.6341916150 -3.0211285195 0.8260163101 2.6800790642 -2.9847120916 0.8370468476 
2.6185705613 -3.0266724473 0.8239122531 2.6888429664 -2.9881963087 0.8366385848 
END
