2.6250587453 -2.9980657636 1.3927284714 2.6246894223 -2.9989384031 1.4966316497 
12 12
image_id_list 13 21 30 34 44 48 54 55 60 78 83 89 
line_id_list 50 112 4 70 14 3 55 120 84 24 67 67 
line2d_list
322.5759277344 116.9707336426 324.5821838379 87.9021453857 
56.4444465637 38.9591102600 53.8647346497 10.9204397202 
654.6935424805 156.9513244629 658.9992675781 129.8410644531 
142.1296539307 60.9715003967 136.4475708008 35.1214294434 
544.1181640625 43.0181579590 548.7366333008 12.9595336914 
349.6274414062 138.0019073486 349.7125244141 109.9960861206 
351.8551635742 196.0197296143 348.4574890137 171.0738830566 
491.9100952148 244.0054016113 490.6483459473 223.0211486816 
163.8959808350 231.0566864014 162.7127532959 208.0147552490 
274.8032531738 186.9996948242 274.8521423340 155.9981842041 
326.2858276367 230.0287933350 326.7793273926 207.9950561523 
291.4015502930 209.9930877686 291.6789245605 185.9847412109 
node_id_list 7629 7630 7631 7632 7633 7634 7635 7636 7637 7638 7639 7640 
score_list 6.7469377841 3.9606032612 9.7751033935 2.9717680936 9.7215322171 8.8308812526 9.7613306455 7.6350902952 3.8391754475 5.7828634534 4.5828034626 9.2311594193 
line3d_list
2.6247704793 -2.9978566859 1.3951249512 2.6246548401 -2.9981459120 1.4966381826 
2.6250826024 -2.9957727879 1.3946539582 2.6246751677 -3.0013858979 1.4951129770 
2.6245653414 -2.9980400916 1.3946328409 2.6250911902 -3.0003187837 1.4957223003 
2.6246355283 -3.0015652281 1.3926975765 2.6242392255 -3.0017171058 1.4962552382 
2.6245740621 -2.9975219817 1.3980994257 2.6248763105 -2.9995592376 1.4962971742 
2.6249654497 -2.9969059194 1.3951471136 2.6248972141 -2.9969678608 1.4952325290 
2.6245655335 -2.9974644960 1.3953285578 2.6248779743 -2.9995704518 1.4968377103 
2.6250901534 -2.9958707764 1.3907246996 2.6246969662 -3.0004511036 1.4962315282 
2.6250677533 -2.9964104917 1.3938825266 2.6247721922 -2.9975740004 1.4965214890 
2.6249720224 -3.0001577475 1.3926342283 2.6247158678 -2.9997202069 1.4963860825 
2.6246305303 -2.9976588568 1.3974678997 2.6252452610 -2.9990257145 1.4966951645 
2.6254358212 -2.9988405359 1.3935186206 2.6242495834 -2.9975338155 1.4947926397 
END
