3.7949132012 -0.9504383301 0.9714894597 3.7942392250 -0.5504281558 0.9720063938 
10 10
image_id_list 22 24 25 26 27 28 29 52 69 70 
line_id_list 20 129 146 8 52 7 173 51 162 75 
line2d_list
225.1309814453 62.9897308350 344.1636657715 47.2367706299 
551.6620483398 189.2193298340 777.8978271484 223.6707458496 
332.9462890625 328.3682861328 445.9684448242 332.8039855957 
323.1123046875 248.2650451660 391.1090393066 242.2281646729 
549.1181640625 252.4329986572 627.0827636719 246.0033721924 
396.2192687988 188.3782958984 466.1981811523 177.2458648682 
460.9143676758 193.3298034668 546.9439086914 198.8704986572 
0.9009217024 328.4525146484 74.1130142212 323.7651062012 
426.6153564453 277.6437377930 499.5969543457 294.7223510742 
204.0263214111 126.8824920654 303.0277404785 123.9300842285 
node_id_list 9852 9853 9854 9855 9856 9857 9858 9859 9860 9861 
score_list 7.3800139579 6.9527552767 7.8731570149 5.8424779378 6.8247990513 6.5878923868 7.7559029730 1.9224700455 7.6481898771 7.6458602432 
line3d_list
3.7916534195 -0.5500201776 0.9724943490 3.7989832606 -0.9529759248 0.9702980382 
3.7940753925 -0.5504285302 0.9720824316 3.7945700088 -0.9484453577 0.9716548433 
3.7966166254 -0.5508947972 0.9715205638 3.7976301594 -0.9477072090 0.9705730131 
3.7916840116 -0.5508033679 0.9732757462 3.7938516614 -0.9512801215 0.9720120672 
3.7945729162 -0.5526087812 0.9718331386 3.7957884165 -0.9499080109 0.9710460990 
3.7909254340 -0.5499790940 0.9736547097 3.7931320094 -0.9504424713 0.9723716099 
3.7942866794 -0.5510028293 0.9719767222 3.7961611642 -0.9474799489 0.9708611715 
3.8082697709 -0.6436791293 0.9692358708 3.7944469333 -0.9491455289 0.9718774327 
3.7919718804 -0.5520908402 0.9731314927 3.7945500927 -0.9486521396 0.9716646891 
3.7877672829 -0.5554820858 0.9737918782 3.7945242132 -0.9495246146 0.9716664854 
END
