2.0950177671 0.0842362183 0.8211750699 2.7449446723 0.0869432589 0.8198383044 
8 8
image_id_list 26 27 29 67 68 69 75 28 
line_id_list 29 47 54 137 26 49 74 27 
line2d_list
119.7925567627 351.6761474609 12.7835464478 420.2232055664 
384.9253845215 353.7107849121 341.8043212891 409.8497009277 
226.5613250732 276.9851379395 108.6629028320 344.1633911133 
557.9409179688 335.5904235840 345.9364013672 327.7113952637 
600.3005371094 81.8375473022 413.3348999023 148.9332275391 
211.2300567627 305.8678283691 103.3863906860 334.4575195312 
459.9992675781 122.5471496582 157.9993286133 122.4032669067 
202.8966217041 307.8672485352 107.7461166382 381.9581909180 
node_id_list 10766 10767 10768 10769 10770 10771 10772 11171 
score_list 3.8659190688 5.9431022692 5.7584562540 7.7640623628 3.4145557815 3.7512210625 6.8056764650 4.6191810669 
line3d_list
2.7398501625 0.0834720135 0.8223405454 2.0951026297 0.0821033070 0.8226809738 
2.7449240762 0.0908505323 0.8177371177 2.1754204345 0.0841216963 0.8213017898 
2.7367748171 0.0851423927 0.8215797844 2.0950158742 0.0848235833 0.8214441967 
2.7469305151 0.0878438543 0.8190343869 2.0994679366 0.0861596470 0.8196110267 
2.7415050012 0.0867151342 0.8198840803 2.0944738689 0.0834451448 0.8216631940 
2.7432992499 0.0853738287 0.8209027167 2.0911783878 0.0831570607 0.8218779962 
2.7467697508 0.0878434362 0.8190345301 2.1002883812 0.0861617811 0.8196102960 
2.7375773155 0.0830110575 0.8226874884 2.0958110051 0.0826124312 0.8222958284 
END
