0.0148713999 -0.2519814512 0.6790158206 0.0134030345 -0.0851364755 0.6785780777 
13 7
image_id_list 11 42 42 65 92 47 59 64 65 47 65 64 92 
line_id_list 51 23 81 69 37 34 200 139 113 116 114 146 55 
line2d_list
341.9638671875 224.3260345459 375.0012512207 227.9888153076 
768.9892578125 348.1671447754 799.0579833984 350.0968322754 
799.0301513672 352.4837036133 768.9575805664 350.7261962891 
569.9088745117 80.9019927979 602.9754028320 84.2435684204 
526.5948486328 410.7779235840 574.0181884766 395.0548095703 
330.8512268066 172.5788879395 304.9092407227 181.7430572510 
393.8759765625 373.8994445801 440.8428955078 368.6061401367 
488.8593444824 453.3116455078 536.9497680664 458.4682922363 
602.9468383789 85.7004547119 569.9094238281 83.1936340332 
304.1515197754 183.4842376709 331.3085327148 174.9859466553 
666.1232910156 88.6123046875 609.1289672852 83.5484237671 
539.1017456055 455.6448059082 490.0031433105 451.9579467773 
575.4386596680 397.3464050293 527.0377807617 413.1160278320 
node_id_list 6811 6812 6813 6814 6815 12176 12217 12218 12219 12623 13125 13231 13232 
score_list 1.5741864911 4.2640868072 4.1769941158 3.3187335369 7.3083140393 3.4256681305 1.3640949678 0.9850697204 2.5788070864 0.9766147117 3.8699455064 2.1554648058 7.2673531040 
line3d_list
-0.0001495714 -0.2499364709 0.6715642198 0.0042910812 -0.1107983794 0.6722663590 
-0.0072296368 -0.2513012710 0.6662581998 -0.0061368274 -0.1923559096 0.6659618781 
0.0044946033 -0.1943492565 0.6675184824 0.0021095062 -0.2525956358 0.6662665405 
0.0017455541 -0.2526106772 0.6711255727 -0.0015760027 -0.1747490762 0.6681604539 
0.0042973971 -0.2428690864 0.6746054198 0.0004036972 -0.0895257200 0.6722019862 
0.0009914119 -0.1057933852 0.6726835962 0.0029887906 -0.2372951098 0.6730035432 
0.0062093150 -0.2475436582 0.6677847861 0.0109184580 -0.0852492189 0.6751829996 
0.0110578528 -0.2477103227 0.6740775414 0.0027059147 -0.0825234799 0.6645435620 
0.0066775670 -0.1755455749 0.6689627430 0.0062065768 -0.2520872784 0.6677452539 
0.0077738155 -0.2455632702 0.6698314062 0.0018713992 -0.1048828359 0.6632831974 
0.0138104845 -0.0341493699 0.6793418740 0.0155096654 -0.1646316443 0.6805144519 
0.0130312213 -0.0851414572 0.6779265128 0.0158527062 -0.2481080681 0.6802987769 
0.0132399828 -0.0971993506 0.6781020365 0.0159097874 -0.2514050320 0.6803467700 
END
