2.1080360862 0.0894922021 0.6522338516 2.7393168376 0.0872050143 0.6535758782 
8 8
image_id_list 26 29 67 68 69 75 28 66 
line_id_list 87 75 59 20 121 67 103 169 
line2d_list
128.4792633057 385.6630249023 40.2936592102 449.4062500000 
229.2816619873 320.4125976562 127.1106109619 390.1620178223 
549.0302124023 385.0353698730 346.9780273438 378.7008972168 
591.2625732422 144.6039428711 416.7676696777 220.4655609131 
204.2508239746 344.7026977539 138.1112060547 368.3115539551 
448.9980468750 179.6724700928 176.9957885742 181.2935638428 
213.7977447510 340.7662658691 131.7738647461 411.7386474609 
799.6605224609 301.7254943848 748.3994140625 275.1588134766 
node_id_list 10818 10819 10820 10821 10822 10823 11287 13292 
score_list 2.9909899178 4.9885978405 7.8481245442 5.7388870329 3.9567522088 1.9993290161 3.9818536669 1.5032188313 
line3d_list
2.7393321332 0.0902074660 0.6514979477 2.1706846942 0.0868655369 0.6540937288 
2.7357919961 0.0879050127 0.6530005493 2.1471903148 0.0887083538 0.6528963676 
2.7394844299 0.0864885649 0.6540102996 2.1084202678 0.0906431433 0.6514915010 
2.7361787010 0.0864913440 0.6540346985 2.1057458990 0.0898717681 0.6520790830 
2.7365896824 0.0893129696 0.6522793563 2.3003585829 0.0862253205 0.6541907985 
2.7417408463 0.0873747250 0.6534670761 2.1080368970 0.0896408598 0.6521058144 
2.7306167588 0.0877858575 0.6531121476 2.1438715502 0.0886334402 0.6529665977 
2.2140169412 0.0881666201 0.6527123677 2.1038114265 0.0896344591 0.6519393803 
END
