2.1169593981 -2.9975122295 0.8324445300 2.1835153939 -2.9975690698 0.8330630194 
10 10
image_id_list 30 44 54 73 51 53 80 56 57 83 
line_id_list 141 90 129 95 32 33 96 14 164 178 
line2d_list
769.7584838867 328.0415649414 750.6277465820 323.6054382324 
636.3856811523 237.6556854248 620.6911621094 231.8324432373 
487.0224914551 322.1557312012 472.0086975098 322.4477844238 
370.8111572266 71.3971481323 351.0372619629 68.7243194580 
39.0678062439 328.0005187988 20.0197525024 329.2914733887 
18.0011119843 317.9562683105 0.9612745047 317.5229797363 
99.9918060303 275.5964050293 78.9923553467 275.4885864258 
95.1617202759 406.8626708984 69.1389007568 411.7409362793 
138.9687652588 266.3064270020 124.9767684937 265.9719238281 
426.9962768555 349.2142944336 414.9825134277 349.0051269531 
node_id_list 11575 11576 11577 11578 12447 12448 12449 12807 12987 13025 
score_list 1.9724603750 5.6543034650 5.1715999660 8.6745249666 2.7292953497 2.9101141288 3.3221428520 4.0762679351 0.8244819711 2.7712037607 
line3d_list
2.1170750332 -2.9998889936 0.8317759237 2.1816303671 -3.0006361455 0.8326397889 
2.1175916946 -2.9976452816 0.8326465096 2.1835265237 -3.0043693737 0.8312403762 
2.1168225981 -2.9964982727 0.8331303511 2.1786203412 -2.9946283826 0.8348257388 
2.1156143107 -2.9979762779 0.8322358028 2.1801092962 -2.9966747404 0.8336167715 
2.1169547950 -2.9954134956 0.8331327492 2.1825086914 -3.0004321247 0.8320982825 
2.1185910813 -2.9955387652 0.8331069279 2.1755792202 -2.9999016231 0.8322076324 
2.1180342713 -2.9961250800 0.8326451476 2.1823370560 -2.9991100044 0.8320222363 
2.1184569599 -2.9933319430 0.8337456814 2.1820743356 -2.9946516593 0.8337708766 
2.1211911973 -2.9919121379 0.8336380235 2.1910121749 -2.9778126555 0.8394494226 
2.1209843521 -2.9882496945 0.8357751762 2.1848697953 -2.9728989635 0.8417081764 
END
