-0.1645657483 -0.5095079634 1.7623116102 -0.1724019718 -0.5053453967 1.8383340310 
8 8
image_id_list 10 32 76 79 86 87 90 64 
line_id_list 191 224 175 145 223 264 247 194 
line2d_list
686.3740844727 150.8022155762 681.8068237305 165.2549591064 
667.7863159180 124.9856185913 666.9065551758 138.0609893799 
707.0391235352 46.8440055847 704.0892333984 65.0144882202 
712.1051635742 6.0205049515 708.2019042969 26.0393714905 
720.1766357422 85.9005966187 718.1106567383 103.0133590698 
262.1533508301 130.9898223877 261.9247131348 149.9990997314 
521.0285034180 33.8918838501 518.6710815430 55.0746879578 
472.7175292969 5.9359288216 465.1583862305 39.2627410889 
node_id_list 6610 6611 6612 6613 6614 6615 11754 13235 
score_list 1.9190583609 2.1276673046 2.2023754168 3.6363552146 2.2493552631 6.7267858914 6.7345958277 3.6517570869 
line3d_list
-0.1795937387 -0.5049647456 1.8388158454 -0.1650857372 -0.5092588987 1.7707341686 
-0.1702326783 -0.5040195093 1.8384850387 -0.1607941680 -0.5088338712 1.7704849521 
-0.1699810890 -0.5061125268 1.8375010699 -0.1638233248 -0.5095440965 1.7651029669 
-0.1713797436 -0.5057920994 1.8366055105 -0.1632760823 -0.5096944718 1.7645088058 
-0.1714142105 -0.5057755017 1.8369121553 -0.1634376170 -0.5096166837 1.7659459487 
-0.1728030968 -0.5059575835 1.8368702743 -0.1682445776 -0.5094196950 1.7612922659 
-0.1725902862 -0.5054652552 1.8377008287 -0.1702754039 -0.5080481716 1.7616431413 
-0.1701794297 -0.5060038877 1.8397878984 -0.1624308678 -0.5101695580 1.7523212373 
END
