0.1337526498 -2.4023570031 0.3566322009 0.2326939992 -2.3236775528 0.2787253161 
39 28
image_id_list 6 62 95 6 15 18 45 50 62 16 20 23 41 91 96 21 21 33 60 60 80 42 34 38 84 97 51 53 56 77 80 88 33 34 99 41 42 88 91 
line_id_list 170 151 172 178 196 325 205 199 157 208 224 135 98 125 188 158 183 163 110 140 169 196 170 200 255 187 179 178 186 159 175 175 151 137 221 75 190 169 116 
line2d_list
193.0825958252 341.0386962891 194.2301635742 308.9367370605 
179.3154907227 152.0246887207 178.3431091309 125.0597457886 
390.5178833008 455.0003662109 390.5367431641 479.0003662109 
199.9795074463 311.9258117676 197.9391937256 339.9955749512 
235.8667755127 214.8748474121 238.1707000732 230.8309631348 
4.6922249794 324.1018371582 10.6524457932 342.1149902344 
217.4539489746 423.0019531250 217.5078430176 438.0053710938 
187.4037475586 342.0321655273 188.6972351074 366.0163269043 
184.6711883545 126.8920516968 182.7081146240 151.0575256348 
515.6539306641 269.0404968262 517.2968750000 283.0822753906 
408.0524597168 389.9961242676 409.1677246094 405.0616149902 
697.0772705078 191.7939910889 693.6499633789 207.1451110840 
278.6776733398 424.9679260254 279.5299682617 442.9749145508 
631.7825927734 192.8221435547 611.9128417969 217.1106262207 
422.6162109375 431.9963684082 422.4364624023 451.0041198730 
622.5252685547 327.4675292969 628.7628784180 310.1922302246 
632.2257080078 311.6880187988 625.5621948242 328.2265319824 
455.5288391113 436.9971618652 455.6253051758 454.9966430664 
682.7003784180 448.9585571289 685.3729248047 429.6366271973 
689.0435180664 430.0071716309 685.8825073242 449.1457519531 
648.0213623047 458.2458190918 652.8997192383 437.9758605957 
22.3998241425 415.1194458008 27.6051635742 441.2775573730 
662.0961914062 211.0155181885 659.3461914062 228.0558624268 
503.2319641113 438.9916076660 503.8482055664 456.0416259766 
387.2312622070 325.1817016602 390.7479858398 340.0595703125 
618.1577148438 439.9647216797 621.2830200195 453.9367065430 
661.4681396484 485.7108459473 647.7839965820 510.8825683594 
586.0700683594 503.5166015625 574.5139770508 525.7473144531 
759.5757446289 479.9931945801 759.1594238281 506.0025634766 
617.5141601562 438.0721435547 621.0873413086 462.1355285645 
657.8552856445 437.9573364258 651.6773071289 458.9048156738 
501.2696533203 493.5954895020 488.4696655273 516.7062988281 
452.6083068848 457.0068664551 452.2586975098 437.0304870605 
656.6563110352 228.0542602539 657.9971313477 211.8344268799 
246.4302062988 432.9831237793 247.0191192627 447.9992370605 
276.5025634766 444.0967407227 275.2758483887 425.1113891602 
23.7228641510 444.0730590820 16.1192302704 415.2322082520 
484.4662170410 515.7513427734 496.1744995117 490.6154785156 
608.3413085938 215.5207824707 628.1076660156 188.3508300781 
node_id_list 4199 4200 4201 4213 4214 4215 4216 4217 4218 8665 8666 8667 8668 8669 8670 8859 8860 8861 8862 8863 8864 9221 9532 9533 9534 9535 9728 9729 9730 9731 9732 9733 11826 11827 11828 12154 12265 12853 12854 
score_list 5.2363059048 7.0618137812 4.0058377555 5.4021781151 5.7051889942 3.8299146471 2.6592735033 6.4921807012 7.5210331944 5.1835125071 4.6152846057 7.0172262883 8.1633434596 4.4438197215 5.4211927473 7.3609368971 7.8306811783 5.4174568747 4.0536890163 8.5647900297 4.9726881596 4.8420680877 6.0539969050 7.7952146930 4.2336890804 7.1604398670 8.7738941589 11.4355726016 6.0236629229 7.2174221292 7.8731295070 9.2436874027 6.7705315511 3.0011171651 3.5606569635 7.4674300773 4.3741417204 7.4385785961 4.4115266610 
line3d_list
0.2261037354 -2.3292048984 0.3290168697 0.1692757942 -2.3738980366 0.3945227720 
0.2295000361 -2.3262267008 0.3190968897 0.1752559505 -2.3692510375 0.3887278408 
0.1848697297 -2.3619518061 0.3827620318 0.2362204101 -2.3213067366 0.3184940425 
0.1350894884 -2.4010198218 0.3523090840 0.1956388634 -2.3515332372 0.3035076042 
0.1505006798 -2.3924959401 0.3440553909 0.2214669101 -2.3334862059 0.2769315854 
0.1471443199 -2.3911663958 0.3418808179 0.2125973963 -2.3396538241 0.2906495508 
0.1460197621 -2.3920923003 0.3401444005 0.1854881282 -2.3598552075 0.2965174718 
0.1435321789 -2.3942581227 0.3472718453 0.2095913672 -2.3418711524 0.2914733184 
0.1401409554 -2.3967320529 0.3547251531 0.2075226853 -2.3429349946 0.3055054335 
0.1711865951 -2.3741931614 0.3567289169 0.2281382700 -2.3292406574 0.2991945622 
0.1354543197 -2.3991530778 0.3385319483 0.1965140682 -2.3502015635 0.2815052231 
0.1645073846 -2.3805524706 0.3470661173 0.2256013127 -2.3294723413 0.2807048375 
0.1467040976 -2.3984403639 0.3503178093 0.2142691358 -2.3375939071 0.2895005382 
0.1226206473 -2.4115456012 0.3499386720 0.1975014665 -2.3512120732 0.3069415441 
0.1628837092 -2.3782513605 0.3606893299 0.2159595736 -2.3349150709 0.2931117261 
0.2354112039 -2.3350052497 0.2990152575 0.1752281625 -2.3906236624 0.3607218790 
0.1552992465 -2.3881196066 0.3527445972 0.2130443635 -2.3398769875 0.2912549966 
0.1546971599 -2.3910953135 0.3514971425 0.2135933171 -2.3388707870 0.2780284918 
0.2642029925 -2.3098598870 0.2928062281 0.1960492622 -2.3709050669 0.3647167052 
0.1647574766 -2.3789797955 0.3564279175 0.2233311227 -2.3319706625 0.2789301941 
0.2331657851 -2.3370803631 0.3013175208 0.1803666392 -2.3858749174 0.3554533177 
0.1385975251 -2.3981093872 0.3527622126 0.2014072218 -2.3480740159 0.3045088796 
0.1446109293 -2.3966191609 0.3453967892 0.2199863265 -2.3349923941 0.2798346018 
0.1538252441 -2.3884688872 0.3452732814 0.2062200201 -2.3454864022 0.2905611273 
0.1158777378 -2.4117087522 0.3244866671 0.1897894800 -2.3547612599 0.2792226015 
0.1364272784 -2.4058002263 0.3309992455 0.2146619396 -2.3381417307 0.2861926614 
0.1337522290 -2.4021131266 0.3531685668 0.2002935832 -2.3477165248 0.3070597826 
0.1454549756 -2.3952986542 0.3544046083 0.2078128099 -2.3429936453 0.3014777040 
0.1539642069 -2.3850791654 0.3530338369 0.2139359746 -2.3365979628 0.2986721450 
0.1516544753 -2.3862648360 0.3564214238 0.2080829025 -2.3425284109 0.3017016220 
0.1504526101 -2.3911066979 0.3501628105 0.2140398757 -2.3377704566 0.2961924127 
0.1310303620 -2.4089805517 0.3498614398 0.2017250616 -2.3484310071 0.3031338186 
0.2378673027 -2.3371857427 0.2743509624 0.1445815057 -2.4284903583 0.3420929984 
0.2410029794 -2.3342493131 0.2848439996 0.1538265374 -2.4167226261 0.3373709578 
0.1399851715 -2.4022491778 0.3396478731 0.2424562713 -2.3152566690 0.2868490508 
0.2477397379 -2.3206224245 0.3009187527 0.1748243239 -2.3902174719 0.3625306731 
0.2319506336 -2.3247985532 0.3260317351 0.1763734833 -2.3685481892 0.3908818415 
0.2296970149 -2.3280383931 0.3224489272 0.1741902972 -2.3743218233 0.3856139005 
0.2153746609 -2.3463316078 0.3197435062 0.1642320485 -2.3799266821 0.3990837335 
END
