1.2289392837 -2.0355230913 0.4404955795 1.2197708981 -1.9516349042 0.4615593700 
3 3
image_id_list 13 54 80 
line_id_list 138 147 151 
line2d_list
756.7144775391 460.8521423340 799.5962524414 475.2205810547 
783.4201049805 567.5869140625 799.5100097656 583.4838256836 
445.9175109863 499.1542968750 464.4896850586 509.0841369629 
node_id_list 7995 7996 7997 
score_list 3.4069668718 4.6276067726 7.1577373116 
line3d_list
1.2303262790 -2.0355444975 0.4411845456 1.2026628756 -1.8915625278 0.4733719128 
1.2308982261 -2.0385213573 0.4405190645 1.2142407463 -1.9518228148 0.4599006428 
1.2291331710 -2.0372971059 0.4400501357 1.2193800354 -1.9480586191 0.4624573525 
END
