-0.2041088959 -0.3801847491 0.4333863800 -0.1976220020 -0.3803302605 1.3169676051 
147 32
image_id_list 0 1 4 8 12 17 32 46 47 58 59 64 87 93 0 4 12 47 64 74 87 87 92 0 1 4 12 12 17 17 39 39 45 45 45 45 46 46 46 58 58 59 59 64 66 79 79 85 87 87 87 87 90 93 0 4 4 32 39 59 79 85 93 0 64 87 90 0 1 8 32 39 58 59 79 85 92 0 1 32 39 64 85 90 0 1 4 12 17 47 66 74 87 92 93 8 1 74 74 79 1 47 74 92 11 42 92 11 11 42 42 4 74 93 10 37 37 76 86 99 10 76 10 37 37 76 86 86 99 99 9 9 86 18 18 18 18 11 92 65 74 65 90 45 76 92 92 
line_id_list 5 30 162 20 126 149 24 152 149 84 69 145 110 121 10 142 0 145 85 219 10 98 133 13 28 86 19 62 112 128 44 59 15 20 21 27 6 72 74 95 152 30 83 102 145 1 7 140 178 196 207 213 35 158 15 81 87 65 66 60 18 134 38 26 10 24 39 33 16 47 134 90 44 135 112 199 12 48 8 40 89 31 141 85 55 40 130 3 145 128 129 197 67 168 92 46 15 148 223 19 37 43 96 23 22 44 25 18 30 96 10 129 113 127 16 34 39 21 42 1 15 38 7 1 37 1 3 9 5 6 16 36 66 55 68 80 106 2 62 12 95 15 43 4 31 43 126 
line2d_list
265.5684814453 226.5160217285 252.6027984619 264.8657226562 
328.0085754395 200.8985443115 323.4801025391 245.1514587402 
329.0502014160 45.2969627380 348.0267639160 105.9916381836 
590.2911376953 296.0747985840 553.0742797852 445.2680053711 
438.8547668457 0.9700460434 437.9124450684 36.9977111816 
329.0090942383 195.1660766602 323.4657287598 162.0895385742 
690.4712524414 222.9514465332 688.3516845703 377.0048522949 
369.7324218750 263.0778198242 368.8075256348 248.0118103027 
215.3951263428 22.0712051392 223.6457519531 92.1594161987 
317.8021545410 307.9046325684 319.0743103027 291.9263000488 
339.9126586914 198.9692840576 338.6410217285 243.9898529053 
455.3586120605 246.6291351318 438.6248168945 320.6892700195 
285.6687622070 284.0000610352 285.6777343750 334.0004272461 
232.9313354492 138.2109985352 242.6184997559 187.2727813721 
250.3832244873 271.7938842773 238.3551940918 307.7845153809 
351.0763244629 115.2947692871 368.1954650879 168.9376220703 
435.9164733887 92.8911056519 438.6897888184 39.8269958496 
224.9215393066 103.1336059570 232.4701995850 164.0656280518 
436.4947509766 331.8904724121 421.4438171387 401.3130187988 
82.8118209839 186.2954101562 97.9679183960 247.2565917969 
284.1537475586 389.0082702637 283.7134704590 343.9930114746 
286.2192687988 341.9981689453 286.6228332520 390.0031738281 
447.4998168945 283.7381896973 435.7088317871 351.2982482910 
277.9169006348 209.6382598877 228.5657958984 357.8554382324 
337.1264038086 178.9161682129 320.8164978027 348.8864440918 
355.6188659668 112.1195144653 373.2187500000 168.2449798584 
440.3777770996 37.9768371582 441.7547302246 0.9908686280 
444.6593627930 0.9469153285 438.6771545410 152.0268096924 
322.1071472168 137.1534423828 347.6958312988 286.0522766113 
336.1808776855 238.1245422363 330.2722473145 199.2626953125 
560.4859619141 291.8997192383 549.1470947266 350.0286865234 
548.6518554688 352.9328613281 531.8671264648 439.9743652344 
755.2873535156 500.5984191895 771.7312011719 430.4680175781 
772.5574951172 425.4051513672 788.6268920898 359.4220581055 
789.5474243164 355.8886718750 799.8031616211 314.1975708008 
799.6660156250 329.1561584473 758.4670410156 504.8750305176 
367.3746337891 185.0419158936 380.9698486328 387.8679504395 
377.6914367676 383.0894165039 374.0630493164 329.9956970215 
373.4689636230 322.0341491699 370.0664367676 269.1243286133 
322.9565124512 238.9359893799 317.2226867676 421.9756469727 
314.0209655762 419.9626159668 316.1222839355 364.9283142090 
347.4530029297 163.9831237793 339.6194458008 417.9882507324 
335.5897216797 415.9350280762 337.5854187012 341.9079589844 
404.5857849121 489.9067077637 467.7584533691 209.3960113525 
50.2840003967 0.8860014677 80.1675643921 75.3341369629 
722.4871215820 144.9048309326 686.3125610352 339.8724365234 
683.2039184570 336.6730346680 693.2477416992 281.4989929199 
518.0792846680 112.1817550659 534.3438110352 284.0621032715 
291.4535827637 257.9999389648 291.4310607910 452.0000610352 
288.2754516602 390.0033874512 288.9418029785 335.9869384766 
287.8784179688 449.9981384277 288.7620849609 391.9811401367 
288.3782043457 333.9958801270 288.7480468750 277.9917297363 
511.5382080078 363.8385925293 521.7908935547 270.9768981934 
235.5806121826 111.2806625366 272.1396789551 296.1701049805 
255.5311889648 265.1824645996 269.2027893066 225.3826446533 
333.9757080078 43.0075950623 353.1319274902 104.2714385986 
392.0009765625 230.9178314209 324.6370849609 10.8050260544 
687.0856933594 281.9533386230 688.8677368164 247.0442962646 
546.4487304688 347.6636352539 554.4251708984 310.8753662109 
339.6217041016 264.8714599609 343.2384643555 197.9588317871 
704.0579223633 221.7991638184 715.9984741211 165.7864990234 
521.5737915039 180.1152801514 518.0143432617 136.0796661377 
267.9462585449 294.6111755371 236.5953216553 137.6812896729 
221.0675201416 353.0225524902 233.8943176270 314.6305847168 
399.7357788086 483.9394531250 415.7753906250 413.9485168457 
283.8487854004 447.9978637695 284.5532226562 397.9937133789 
507.1045837402 359.8994445801 512.3788452148 312.9302368164 
241.2240447998 308.0780944824 255.0770568848 268.3298034668 
322.0833435059 294.1172485352 327.0964050293 247.7939910889 
562.5604248047 394.6073303223 572.9691772461 356.4460754395 
686.2059936523 327.0054626465 687.3183593750 284.9555053711 
538.1910400391 389.8419799805 545.2221069336 353.8480529785 
315.9042053223 360.9555053711 317.7318115234 315.9485168457 
337.3760681152 337.9351806641 340.1723632812 267.8871154785 
693.5805664062 277.9185180664 703.7505493164 225.5630493164 
525.8085327148 230.0946197510 522.1593627930 184.1461791992 
426.0055236816 434.2529907227 474.9693908691 172.4332275391 
225.6177520752 355.2103576660 240.5049133301 311.4909057617 
316.9667663574 346.7770385742 322.3474426270 297.7091369629 
685.2152099609 374.9887695312 685.8158569336 332.9830627441 
529.3974609375 436.7025756836 537.0199584961 395.6325073242 
418.9527893066 413.7539978027 402.0348815918 485.7732849121 
530.6436157227 283.1199951172 526.3116455078 234.1493530273 
514.9623413086 311.9957580566 509.4232788086 361.0477905273 
236.8410186768 313.9469909668 223.4405975342 354.1468811035 
318.8036804199 301.9805908203 314.5456848145 345.0539550781 
371.1961975098 178.2526397705 387.7948303223 231.0644836426 
434.0572509766 149.9282684326 436.0170593262 96.8529281616 
344.2997436523 284.2801818848 337.3765869141 242.2675170898 
233.8036041260 173.9054260254 240.8772277832 234.0144500732 
75.0315475464 73.8029251099 45.8581657410 2.2815458775 
101.0763549805 258.9813232422 115.3094406128 317.1689147949 
286.7515563965 397.9960937500 285.9467468262 448.9991455078 
433.3451843262 366.8853454590 422.8547058105 426.7994689941 
255.2213745117 247.1532745361 264.6537780762 295.0681457520 
550.4046020508 441.5899658203 560.6672973633 401.6575012207 
322.8919372559 252.9092712402 319.5240478516 294.0429077148 
82.9677352905 174.0079803467 65.6046447754 103.8503570557 
62.4593429565 104.3760223389 79.6570587158 174.8396301270 
711.8317260742 170.7839202881 706.0891723633 201.8315429688 
327.0548095703 245.0952758789 331.0371704102 201.0033569336 
244.6753692627 235.2724761963 217.1854248047 0.7438383698 
67.7885208130 103.0516128540 85.3835525513 175.1504364014 
470.3645324707 183.8888092041 454.8097839355 272.7917480469 
319.2695312500 132.9461669922 323.1029357910 80.9338836670 
701.9808959961 289.7869567871 723.9271850586 81.7813034058 
453.3811950684 268.0658874512 467.9168090820 183.9856109619 
314.8740844727 189.9105834961 318.9303588867 138.8356323242 
328.0816040039 53.8542823792 313.0306701660 252.0023345947 
693.5659179688 365.8764038086 700.2761840820 288.0238037109 
736.5029296875 27.9424991608 696.8178100586 370.9789123535 
350.7548828125 104.0771484375 331.7698364258 43.7577018738 
87.7299499512 184.0657806396 103.3442153931 248.1597595215 
244.2556152344 195.1570587158 253.7716369629 240.2591705322 
662.8550415039 378.7290344238 673.2993164062 334.5975036621 
658.9317016602 366.9472961426 661.3497924805 317.9186096191 
663.5050659180 264.9220581055 665.1199340820 233.9541015625 
705.6247558594 301.9504089355 711.7191162109 255.8307342529 
725.5899658203 386.9645690918 730.0941772461 334.8353271484 
611.5872802734 454.0586547852 615.2957763672 416.9296569824 
651.1744384766 429.8131713867 660.9190673828 386.7553710938 
697.9732055664 360.8643188477 705.1240844727 306.7521057129 
691.7072753906 265.9324645996 652.6610107422 435.1525268555 
669.5983886719 200.9364929199 661.9830322266 368.9992370605 
661.4592285156 313.9777832031 663.1433105469 272.9648132324 
725.5595703125 174.6817779541 700.8759765625 363.9838256836 
744.2380981445 206.8491821289 728.6409912109 389.0548706055 
730.2221069336 329.9276123047 734.7022094727 281.7861633301 
615.9140014648 411.9053955078 619.7483520508 367.8909606934 
628.2902832031 298.7658081055 616.9414062500 430.0813598633 
769.5958862305 359.0289916992 766.5835571289 317.0298767090 
770.3415527344 293.9926147461 769.8815917969 335.0098876953 
734.7839965820 276.8897705078 738.6822509766 233.8805541992 
467.6527709961 275.9446105957 469.8747253418 221.9125976562 
469.6838684082 215.9851684570 472.1258239746 163.9121093750 
478.0653991699 79.9280624390 470.6623840332 279.0246276855 
472.0594482422 158.9678649902 473.8363647461 106.9602432251 
310.7210998535 246.9806671143 314.0506591797 198.9342193604 
438.1940002441 368.0310668945 434.8409423828 388.9745483398 
527.2217407227 0.7218247056 509.0314331055 117.0049209595 
120.0009231567 319.6958312988 61.3007736206 66.6981964111 
505.4361572266 113.6005935669 523.0017089844 0.8444851637 
533.4353637695 171.6484680176 514.2763671875 365.9286499023 
799.1546020508 304.0357055664 790.2025756836 342.8159179688 
712.6382446289 247.8162078857 716.0058593750 222.8658142090 
453.0944213867 283.0166320801 439.9131469727 357.8084411621 
464.6804199219 183.7693176270 450.2372131348 266.3910827637 
node_id_list 25 26 27 28 29 30 31 32 33 34 35 36 37 38 76 77 78 79 80 81 82 83 84 91 92 93 95 96 97 98 99 100 101 102 103 104 105 106 107 109 110 111 112 114 115 117 118 119 120 121 122 123 124 126 152 153 154 155 156 157 158 159 160 260 264 266 267 284 285 286 287 288 289 290 291 292 293 414 415 416 417 418 419 420 487 488 489 490 491 492 493 494 495 496 497 1588 1608 1633 1634 1635 1648 1649 1650 1651 3722 3723 3724 3729 3730 3731 3777 3791 3799 3800 4545 4546 4547 4548 4549 4550 4629 4630 4631 4632 4633 4634 4635 4636 4637 4638 5263 5329 5330 6223 6224 6225 6226 6233 6743 6774 7025 7026 7055 11856 12509 13409 13414 
score_list 14.5624000112 13.0901938472 14.0090614575 4.8629753952 11.5117740767 10.5407536545 7.1740223473 12.3205548487 11.1169642305 5.1773192897 10.7677876454 13.4045080389 13.9040944466 13.2165631557 13.7638515007 13.9061544596 11.3703414574 11.3364517339 14.7449549918 12.8561619685 13.8138857947 14.7674230155 8.5970746252 17.1652619716 15.2101335626 14.3435283466 11.5247045278 14.6470898794 11.2179858684 9.4689023348 13.0000546815 13.4469462019 6.6684822452 6.3473206345 4.2430175770 6.6555249135 16.7129868964 16.8657839822 16.0811062252 12.3751216391 15.3677100831 14.4121463658 14.5723114930 14.4137252246 13.8805713876 8.1364227428 10.5484133796 9.6204444872 16.3813553699 13.7881839469 13.6858253792 13.4430150817 15.9023650360 15.3419797414 11.1758886543 12.7741053309 14.4624214917 7.9964182033 11.4699595206 8.5184334915 7.6179636730 9.0596896071 13.9445627434 16.3677071442 14.0362180198 15.2275621583 15.9219353516 14.4925509348 14.2286038035 8.0960043759 8.9365522822 13.8919427378 15.4917758456 14.1188998287 10.3853035835 11.9842724123 9.1785365816 15.4978081113 13.7141862832 8.8677322249 13.9058982822 15.5811436157 12.3204883641 17.1612900781 17.2860882814 15.4547483594 16.1422334972 14.4848256892 11.5304101633 14.1397407319 12.4089165565 16.1705245657 15.4480555014 12.9078084379 15.4191111403 7.9860499467 13.0626651169 10.1454738895 12.8114175760 7.0079334082 12.2016030428 12.9895052207 13.1776872161 9.3731294436 10.3565476195 5.1816290180 7.1467995207 11.1839858148 12.4063959267 5.2977516061 9.9477200749 10.6335047086 13.0767870052 13.2315612895 5.6433162215 7.3174326000 6.0931086198 7.4684400922 7.2354077719 6.5567455453 5.3902232282 7.6632618563 5.4777000192 7.3714560121 6.3021751629 7.3184747522 6.0366228560 6.8141463598 6.7410348094 6.6332871650 3.7671302792 4.3052345775 5.5441031633 13.3024767112 13.1604762047 14.9066471021 11.0284207845 12.4470753364 6.3907919798 10.4464575852 11.9577972824 8.9570276574 13.4223890150 5.2902729129 7.2042492533 10.1123490387 7.7784909107 
line3d_list
-0.2285360079 -0.3781176399 1.2057951027 -0.2295706267 -0.3789578014 0.9820032084 
-0.2380173923 -0.3682982291 1.1988044761 -0.2412834841 -0.3677706519 0.9762201485 
-0.2299266785 -0.3758633415 1.1989081263 -0.2315580207 -0.3752744251 0.9756386745 
-0.2430857280 -0.3655889664 1.3095494381 -0.1770207539 -0.3662683175 0.4461523605 
-0.2264104709 -0.3799425241 1.1329350105 -0.2227111310 -0.3797635926 0.9811249409 
-0.2235104545 -0.3797431347 0.9857657627 -0.2105862070 -0.3806281085 1.1747101577 
-0.2374523855 -0.3649713693 1.3087504877 -0.1830280586 -0.3669516000 0.4443430515 
-0.2186786311 -0.3803083632 0.9858756895 -0.2168621310 -0.3800585052 1.0503263098 
-0.2254867849 -0.3771284945 1.2052132326 -0.2288520288 -0.3756073631 0.9785964263 
-0.2231650345 -0.3787038401 0.9859714896 -0.2330310980 -0.3739733964 1.0605563053 
-0.2226349180 -0.3816044009 1.2015898683 -0.2253818240 -0.3807345195 1.0521002166 
-0.2252764419 -0.3772737421 1.2058384753 -0.2268465960 -0.3770064905 0.9806927921 
-0.2258730496 -0.3777802468 1.1998536584 -0.2241516322 -0.3787758379 0.9785463236 
-0.2380927995 -0.3683062925 1.1994253322 -0.2403030712 -0.3675833145 0.9760761640 
-0.2349403302 -0.3735391157 0.9401518871 -0.2355865477 -0.3736728388 0.7260851404 
-0.2334144685 -0.3726117510 0.9386128701 -0.2335431130 -0.3717200377 0.7196402232 
-0.2305002355 -0.3760648341 0.7245390928 -0.2202296922 -0.3764928849 0.9690971450 
-0.2334137262 -0.3726168963 0.9398763772 -0.2335427356 -0.3717226537 0.7202826120 
-0.2271732192 -0.3756444686 0.9460523510 -0.2255791188 -0.3747479707 0.7271926150 
-0.2292270123 -0.3750595181 0.9384053375 -0.2289777126 -0.3754334617 0.7227264704 
-0.2559678903 -0.3714598450 0.7198961290 -0.2583576583 -0.3721873400 0.9262969141 
-0.2241076591 -0.3762302133 0.9423874972 -0.2160588790 -0.3782791564 0.7263597292 
-0.2347996240 -0.3695629869 0.9240156200 -0.2366354723 -0.3693163808 0.7122822690 
-0.1861061816 -0.3708880353 1.3168846156 -0.1881464957 -0.3692474954 0.4439899272 
-0.1863458357 -0.3720217462 1.3149659740 -0.1913627515 -0.3663370005 0.4385016797 
-0.2010735873 -0.3798148730 0.9517748261 -0.2000715152 -0.3806104366 0.7262586651 
-0.1923131358 -0.3809172938 0.9835935637 -0.1920738925 -0.3812523608 1.1388928387 
-0.1879720463 -0.3692075917 1.1390930409 -0.1902046561 -0.3673372222 0.4429415162 
-0.1962307638 -0.3667673958 1.3101991079 -0.2019718548 -0.3648064591 0.4398412536 
-0.1853391784 -0.3860066609 0.7437019494 -0.1935565228 -0.3805840536 0.9681144513 
-0.1859860578 -0.3686126872 1.3153204370 -0.1883162620 -0.3681274609 0.9801550807 
-0.1876850253 -0.3679072156 0.9633690087 -0.1893982345 -0.3665528403 0.4428992973 
-0.1932252825 -0.3810674274 0.4538215647 -0.1971592727 -0.3801790203 0.7163524313 
-0.1976458007 -0.3811661271 0.7346611976 -0.1892591112 -0.3809391390 0.9759403061 
-0.1751075576 -0.3834773164 0.9906474989 -0.1831209926 -0.3804279046 1.1361526702 
-0.2005532095 -0.3670170010 1.0840252475 -0.2025500804 -0.3663244086 0.4379595307 
-0.1887923142 -0.3693694815 1.3130211111 -0.1941082417 -0.3674234296 0.4386055765 
-0.1968746448 -0.3802726822 0.4605193995 -0.1944641638 -0.3809060771 0.6995769766 
-0.1983244157 -0.3811584707 0.7337791178 -0.1990964936 -0.3808284171 0.9629615473 
-0.1933561900 -0.3709364131 1.3120923973 -0.2002862693 -0.3649670815 0.4369118379 
-0.1957119635 -0.3813800378 0.4488957615 -0.1991744786 -0.3804083359 0.7170564071 
-0.1874498798 -0.3697510285 1.3169397320 -0.1897689457 -0.3686515591 0.4410360288 
-0.2028047140 -0.3798567010 0.4443024695 -0.2002040751 -0.3813127517 0.7183219045 
-0.1937040332 -0.3797493050 0.4522689817 -0.1889542820 -0.3817479189 1.3188011193 
-0.1884352518 -0.3695869932 0.7184019401 -0.1894193992 -0.3687919067 0.4415001028 
-0.1887134265 -0.3689554988 1.3141676223 -0.1948386685 -0.3668814510 0.4397331224 
-0.2004657263 -0.3811889405 0.4518805165 -0.2007347152 -0.3815482100 0.7169727269 
-0.1969188376 -0.3713352854 1.3110472792 -0.1929376110 -0.3641569060 0.4406956061 
-0.1859945805 -0.3694913841 1.3165453576 -0.1891128675 -0.3677637448 0.4448046297 
-0.1899590536 -0.3827121416 0.7336022477 -0.1851314207 -0.3817551887 0.9771630718 
-0.1979953271 -0.3809272861 0.4538702465 -0.1869601395 -0.3818030801 0.7252332290 
-0.1955772134 -0.3794425002 0.9838552779 -0.1977501001 -0.3765718568 1.2293248907 
-0.1952861619 -0.3812152547 0.4507918538 -0.1933337615 -0.3809624547 0.8883309102 
-0.1884722933 -0.3694614267 1.3159068837 -0.1890638997 -0.3688500923 0.4394325526 
-0.2049977068 -0.3804836845 0.9883685610 -0.2025979819 -0.3795295492 1.2200112759 
-0.2011299353 -0.3800054190 1.2048123023 -0.2021325522 -0.3787799141 0.9814979250 
-0.2021089775 -0.3829605142 0.4503614840 -0.1948380102 -0.3836595517 1.3143870421 
-0.2107325455 -0.3804231953 0.9842711277 -0.1888923970 -0.3798804843 1.1813569473 
-0.2083085391 -0.3804433581 0.9872718340 -0.1933963870 -0.3797226923 1.2040287557 
-0.2014514257 -0.3818333944 0.9862507172 -0.2090529008 -0.3742484761 1.2065430091 
-0.2054753915 -0.3808726702 0.9861380401 -0.1875018365 -0.3795384626 1.2284371013 
-0.2075301226 -0.3803475931 0.9860887904 -0.1975922823 -0.3811747546 1.2012423578 
-0.1987611618 -0.3847057478 0.4530526535 -0.2052656090 -0.3779833611 1.2037415211 
-0.2598833548 -0.3678309764 0.4425880900 -0.2587719131 -0.3679564717 0.6764674463 
-0.2599073695 -0.3695321158 0.4390002244 -0.2556716364 -0.3701390478 0.6748767607 
-0.2610081145 -0.3709888683 0.4406622719 -0.2526107373 -0.3711366569 0.6789443579 
-0.2598631539 -0.3695384514 0.4414624722 -0.2557026112 -0.3701346095 0.6731518578 
-0.2048821161 -0.3810702406 0.7354580328 -0.2002107993 -0.3808017945 0.9715778793 
-0.2038826594 -0.3820853858 0.7334600429 -0.1984503881 -0.3831849161 0.9743734583 
-0.2077133539 -0.3812599220 0.7365528415 -0.2048544905 -0.3803865468 0.9628312821 
-0.1961871663 -0.3822036610 0.7310433958 -0.2084287183 -0.3792810670 0.9677210502 
-0.2071219476 -0.3812188841 0.7375882161 -0.2081726792 -0.3806353238 0.9509489441 
-0.2057826481 -0.3811418931 0.7347063744 -0.2046852650 -0.3804125543 0.9507525408 
-0.2011941396 -0.3821919000 0.7322722380 -0.2045526076 -0.3787805923 0.9753030795 
-0.2066908755 -0.3812090573 0.7317585639 -0.2023445787 -0.3802028153 0.9703617269 
-0.2061006967 -0.3811727125 0.7312812284 -0.2026122424 -0.3802299257 0.9670945545 
-0.2079098747 -0.3754061514 0.4386637703 -0.1874003701 -0.3817930406 1.2380624290 
-0.2072142887 -0.3786639626 0.4514990414 -0.2020322055 -0.3808046657 0.7162778008 
-0.2071145802 -0.3797947252 0.4475563584 -0.1999754716 -0.3817044393 0.7155657504 
-0.1948559663 -0.3815668261 0.4525159834 -0.2156661596 -0.3796610163 0.6920879168 
-0.2048617627 -0.3801606728 0.4549326907 -0.2100388803 -0.3807213969 0.7020386811 
-0.2169713065 -0.3777841576 0.6902439618 -0.2237580905 -0.3771701399 0.4507711845 
-0.2052833054 -0.3801714862 0.4441246675 -0.2119387985 -0.3791959079 0.7078423831 
-0.2211631242 -0.3771554086 0.6902462904 -0.2241711565 -0.3771065621 0.4517319828 
-0.2301493228 -0.3749432238 0.6911704337 -0.2312646558 -0.3744734434 0.4477622348 
-0.2285705974 -0.3756872433 0.6835606251 -0.2311213606 -0.3747856133 0.4478537839 
-0.2315641916 -0.3736747169 0.6807147811 -0.2322559428 -0.3735788049 0.4430518308 
-0.2274696667 -0.3761529456 0.4411572156 -0.2241894329 -0.3775782140 0.7076410612 
-0.2167432638 -0.3808973411 0.4498714588 -0.2223238709 -0.3784035002 0.7078223651 
-0.2244484908 -0.3774656528 0.6865953828 -0.2274087812 -0.3761794005 0.4461035119 
-0.2348367506 -0.3706747617 0.4315085488 -0.2329692230 -0.3720152033 0.7014137007 
-0.2275528113 -0.3758928646 0.6792443246 -0.2299014292 -0.3750385366 0.4468046069 
-0.2153217274 -0.3780323489 0.6897902788 -0.2268462014 -0.3767112171 0.4482378254 
-0.2347598262 -0.3697988639 0.6610174443 -0.2360487930 -0.3700362098 0.4390344683 
-0.2288824492 -0.3756317460 0.6896728509 -0.2315033169 -0.3746972694 0.4423402415 
-0.2040444467 -0.3802902299 0.4550784764 -0.2243709151 -0.3779075460 0.6903477378 
-0.2341641030 -0.3737473289 0.9387600660 -0.2290142928 -0.3754195385 0.7256735311 
-0.2309680406 -0.3616032654 0.9746928006 -0.2307696905 -0.3619317077 1.1965918623 
-0.2473066816 -0.3596851123 1.1927480078 -0.2496982991 -0.3590559261 0.9682915809 
-0.2562971355 -0.3728190099 1.1969247585 -0.2581112300 -0.3725546716 1.0626340783 
-0.2157767665 -0.3682136571 0.9826146451 -0.2167209686 -0.3686645230 1.2024544200 
-0.2157104773 -0.3678550981 0.4415150894 -0.2148043569 -0.3678975108 1.2698460246 
-0.2188425376 -0.3635537360 1.2006093544 -0.2196947923 -0.3631289974 0.9730677353 
-0.2157394152 -0.3676606354 1.1965961289 -0.2159591489 -0.3675389204 0.9667114161 
-0.1930976963 -0.3799053289 0.9931013845 -0.1973758872 -0.3804542961 1.2058530420 
-0.1983769716 -0.3777851727 0.6912814570 -0.1928904582 -0.3809880638 1.2065797704 
-0.1955099698 -0.3888382565 0.9966615747 -0.1949994931 -0.3891486716 1.2088678860 
-0.2029178977 -0.3806721296 0.7377059149 -0.2070855886 -0.3799886732 0.9641658878 
-0.1931330930 -0.3687125806 1.3136751880 -0.1923169268 -0.3674155280 0.4443586050 
-0.2062690578 -0.3765737946 0.4436064532 -0.1944179590 -0.3825640259 0.6988692546 
-0.1875304523 -0.3696931286 1.3134340527 -0.1887769637 -0.3693959664 0.4410552794 
-0.2430780833 -0.3441831688 0.9714924014 -0.2429149252 -0.3445352235 1.1957063263 
-0.2189009673 -0.3631961896 0.9433395282 -0.2198590510 -0.3627566612 0.7154696964 
-0.2335562703 -0.3739055049 0.9410819632 -0.2296335983 -0.3752576612 0.7238095689 
-0.2037787815 -0.3810038160 0.7378958321 -0.1995225836 -0.3800280366 0.9684047196 
-0.1944233777 -0.3824501286 0.4520784968 -0.2066673153 -0.3803037153 0.7128128609 
-0.2375202282 -0.3785440870 0.9831987542 -0.2414193054 -0.3771441991 1.1408200547 
-0.2115844127 -0.3797651515 0.7353584373 -0.2016489514 -0.3805718612 0.9525453078 
-0.1941579693 -0.3811817233 0.4525517874 -0.1988792736 -0.3803981594 0.7123762850 
-0.1960630544 -0.3810622610 0.5189424083 -0.1995865650 -0.3804918930 0.7100336259 
-0.2036497515 -0.3799556447 0.4641066361 -0.2064870403 -0.3814741520 0.6946018152 
-0.2033430288 -0.3803677109 0.4514878933 -0.2072606603 -0.3796815521 0.7136224988 
-0.1908511975 -0.3690908675 1.3151484157 -0.1986398093 -0.3671201356 0.4407598705 
-0.2021521162 -0.3670356307 1.3098686962 -0.1956583604 -0.3669974014 0.4411665356 
-0.2096078543 -0.3803575695 0.7329316615 -0.1950050664 -0.3825084065 0.9501749372 
-0.1901062644 -0.3690413155 1.3139582168 -0.1963208009 -0.3669745721 0.4401526199 
-0.1988266374 -0.3674694299 1.3128992885 -0.2055696842 -0.3657112768 0.4388313589 
-0.2068611748 -0.3806362768 0.7340511041 -0.1938877786 -0.3807401252 0.9693290906 
-0.2068224650 -0.3806365866 0.7347531240 -0.1942743126 -0.3807370311 0.9623191348 
-0.1858660961 -0.3701036893 1.3150486432 -0.2012530127 -0.3666795627 0.6442927356 
-0.2649314055 -0.3726400150 0.8594188002 -0.1837275213 -0.3829780966 1.0992659286 
-0.1844865743 -0.3692355166 1.2226977849 -0.2015797764 -0.3667973986 1.0012800814 
-0.2049085058 -0.3807585343 0.9899310148 -0.1965370516 -0.3808990489 1.1910712825 
-0.1968116325 -0.3814866433 0.4529016639 -0.1978863249 -0.3802852368 0.7120161946 
-0.1944099519 -0.3821804511 0.7405463057 -0.2040020720 -0.3794559116 0.9685865110 
-0.1941112218 -0.3684270435 1.3118676099 -0.1976787688 -0.3673138988 0.4373824561 
-0.2084343205 -0.3803186059 0.9885542231 -0.1920581358 -0.3813950487 1.2065768788 
-0.2045474742 -0.3800314615 0.4627131130 -0.1953930510 -0.3810068327 0.6984966295 
-0.1998241162 -0.3792676354 0.6882149090 -0.1979875355 -0.3796307038 0.6177286342 
-0.1872997898 -0.3695162942 0.7698703714 -0.1865462334 -0.3695646684 0.4448167616 
-0.2263962763 -0.3609405635 0.4290234326 -0.2018389911 -0.3696251401 1.3089755285 
-0.2209549634 -0.3790710649 0.4335102404 -0.2189233784 -0.3779794781 0.7552884014 
-0.1843733558 -0.3816182747 1.3158829227 -0.1594007117 -0.3868132945 0.4567161411 
-0.2496539607 -0.3762269461 1.1645073695 -0.2521259448 -0.3754336838 1.0252708977 
-0.2555118149 -0.3754709344 0.9800288370 -0.2495333363 -0.3756766162 1.0950524635 
-0.2152125908 -0.3678778652 0.9382423592 -0.2156845239 -0.3678531956 0.7064654511 
-0.2539598753 -0.3551336740 1.1773081850 -0.2566095928 -0.3544691325 0.9572995410 
END
