1.9481068237 -0.7238887435 0.0018253519 1.2250282615 0.0005213599 0.0013016007 
20 9
image_id_list 0 12 12 47 47 66 66 67 1 67 74 93 1 74 93 17 17 17 17 66 
line_id_list 281 14 111 126 159 1 96 210 191 184 178 187 221 158 192 40 47 150 266 58 
line2d_list
434.7503967285 568.7867431641 443.3859863281 599.1744995117 
620.5776367188 599.3192749023 664.5765380859 381.9143066406 
666.9503173828 382.1908874512 623.3468017578 599.2705078125 
701.0450439453 599.4936523438 620.9432983398 444.5462646484 
622.8401489258 443.0830078125 703.8478393555 599.0790405273 
425.7347106934 599.0036621094 421.6122741699 299.9915466309 
423.8487854004 300.9862060547 426.3820800781 456.9938049316 
57.9952735901 572.0042724609 82.6763610840 599.2927246094 
624.0578002930 599.5010375977 587.7140502930 531.1520385742 
79.5049591064 599.4451293945 56.7927894592 574.1863403320 
637.2561035156 599.5722045898 530.6781005859 461.0168151855 
788.1569824219 599.8345336914 589.6630249023 399.3336181641 
587.5491943359 526.7042236328 626.6031494141 599.2137451172 
534.1965332031 461.8480529785 640.5232543945 599.3685913086 
591.8063964844 398.1997985840 791.5274658203 599.4688720703 
443.2705078125 556.1862182617 479.5970764160 503.4109802246 
478.4862976074 501.6550903320 451.7378540039 541.4953613281 
414.4643859863 599.3103637695 438.0432128906 564.0288696289 
441.0544433594 562.0361938477 419.0960083008 595.0638427734 
426.4842834473 458.9829711914 428.0914916992 599.0104370117 
node_id_list 1452 1453 1454 1455 1456 1457 1458 1459 1938 1939 1940 1941 1977 1978 1979 7035 7036 7037 7038 7164 
score_list 2.8761842308 5.6881978663 5.8352205193 5.2998200523 6.0012233009 6.9568932279 7.5344601545 4.2968782320 4.7217436319 3.4963469343 5.6371539716 2.5046539993 4.2758695655 6.0317811252 1.8802098859 0.6785628225 0.9462606701 0.0000000000 0.0000000000 2.3904919986 
line3d_list
1.3000084870 -0.0741627117 0.0011786249 1.4690546161 -0.2434079089 -0.0003728352 
1.9435128191 -0.7284766762 -0.0014558277 1.2328683461 -0.0187439514 -0.0010894169 
1.2402369980 -0.0143560735 0.0021301741 1.9467309440 -0.7220596753 -0.0000344856 
1.6424039076 -0.4178692047 -0.0127807620 1.2253657291 -0.0065658975 -0.0069281937 
1.2297388398 -0.0043787425 0.0004445066 1.6488783313 -0.4237874762 0.0003769110 
1.9263346829 -0.7115023517 0.0135410998 1.2341379278 -0.0194078796 0.0122647655 
1.2356324057 -0.0102845099 0.0014504334 1.6556024422 -0.4305253385 0.0015042966 
1.2249494582 0.0004398238 -0.0026783910 1.3461123622 -0.1208217316 -0.0002069360 
1.5496806072 -0.3252484916 -0.0125573062 1.2473406636 -0.0260626987 -0.0092431110 
1.3292101791 -0.1037782530 -0.0158102286 1.2163501449 0.0091744206 -0.0182018229 
1.6439657415 -0.4185499996 -0.0135908426 1.2176365272 0.0033315504 -0.0089174996 
2.0875542888 -0.8722851132 -0.0021087081 1.2612745203 -0.0469685075 -0.0028457251 
1.2367103477 -0.0107321032 0.0010970640 1.5613281573 -0.3361157116 0.0025039366 
1.2320849960 -0.0067348129 0.0014499784 1.6515817836 -0.4265020874 0.0015037809 
1.2698241520 -0.0440926935 0.0031694987 2.0954792175 -0.8712759171 0.0019488959 
1.6518093206 -0.4370940586 -0.0019457243 1.4211728778 -0.2062111070 -0.0083342003 
1.4251249776 -0.2112555348 0.0048293927 1.5994055558 -0.3853523773 0.0052177875 
1.8187503423 -0.5946276970 0.0091378017 1.6940215320 -0.4696756465 0.0094092606 
1.6796469496 -0.4545183808 0.0007838455 1.7980234530 -0.5730975680 0.0004211462 
1.6604698132 -0.4351278523 0.0022792118 1.9278714138 -0.7050140519 0.0037498046 
END
