3.7966836836 -0.9006557882 1.8217788704 3.7986794656 -0.5954345384 1.8216979108 
6 6
image_id_list 25 26 27 28 52 69 
line_id_list 23 6 8 6 137 69 
line2d_list
416.1259460449 56.3627853394 321.1057434082 65.1442565918 
356.2109375000 82.2844696045 301.2161560059 91.3162078857 
606.1817626953 77.1999740601 544.0917968750 86.6061477661 
419.3464050293 8.2707509995 363.1599121094 23.5866470337 
58.8728218079 141.2470245361 0.8642654419 135.3309020996 
526.6717529297 126.9396514893 467.6692199707 116.9546051025 
node_id_list 10583 10584 10585 10586 10587 10757 
score_list 2.6990444190 1.9359699085 1.9435096928 1.9608289183 1.9818578651 2.9355392964 
line3d_list
3.8063225076 -0.8972640319 1.8217890083 3.8085118692 -0.5907997115 1.8218492065 
3.7968842984 -0.9006569683 1.8222753069 3.7979011717 -0.5926204238 1.8217486128 
3.7945804122 -0.8993265775 1.8219560188 3.7981561311 -0.5996062201 1.8217987401 
3.7931161521 -0.9004367333 1.8217573223 3.7984099642 -0.5954327426 1.8218245728 
3.7945504428 -0.9018386354 1.8219573370 3.7973746308 -0.6651123626 1.8218331145 
3.7919339205 -0.9029435281 1.8217540866 3.7899613119 -0.6008274907 1.8218036976 
END
