3.7915879971 -0.8852858007 1.1501154012 3.7903754272 -0.6090985950 1.1507449522 
5 5
image_id_list 24 25 26 29 70 
line_id_list 53 55 17 155 70 
line2d_list
799.1703491211 122.9127731323 614.8385009766 94.0305557251 
425.9959716797 279.2542419434 342.9851379395 277.9375000000 
373.0598754883 211.5643463135 327.9313354492 216.3527832031 
533.9821166992 158.3503875732 475.9799499512 155.3932800293 
281.0396118164 78.1464004517 209.9517211914 80.6031570435 
node_id_list 10461 10462 10463 10464 10465 
score_list 2.7886664673 3.7965777130 1.8296156581 2.9617492330 3.7756183536 
line3d_list
3.7887841262 -0.8954043359 1.1510452353 3.7927258049 -0.6026577147 1.1499569344 
3.7933728494 -0.8921332955 1.1494580942 3.7917537170 -0.6069551065 1.1506910875 
3.7882072009 -0.8794550565 1.1512503488 3.7917224666 -0.6146980232 1.1502826488 
3.7934512724 -0.8768946500 1.1495009123 3.7897448169 -0.6152640023 1.1509427096 
3.7889201818 -0.8852995473 1.1510076702 3.7926392391 -0.6090869142 1.1499808352 
END
