0.6275195834 -3.1379401804 0.3766784528 0.7904233925 -2.7037635643 0.5093758517 
7 7
image_id_list 9 38 84 86 14 19 33 
line_id_list 212 193 248 218 178 215 144 
line2d_list
291.3314819336 411.5600891113 323.1858825684 407.4357299805 
328.8388061523 412.4893798828 350.4685058594 419.6136169434 
213.0102996826 334.0499267578 242.0042114258 334.2031555176 
140.9035949707 412.8685607910 177.2362670898 409.7729492188 
469.3781127930 250.3500671387 502.4864196777 245.0232696533 
286.1221313477 329.1470642090 319.1857910156 327.2662658691 
303.1047668457 433.4906616211 338.4165039062 425.9505310059 
node_id_list 6036 6037 6038 6039 8506 9322 11822 
score_list 2.0058255564 4.2527100448 3.2745321400 2.1257452152 1.9852344143 1.7516765592 0.9521102284 
line3d_list
0.6585603208 -3.1028422233 0.3951149278 0.7615574281 -2.7152732147 0.5023422997 
0.6549193992 -3.0732661144 0.3979232958 0.7424712010 -2.8481513582 0.4679251750 
0.6293935260 -3.1388986954 0.3775141316 0.7453113398 -2.8408487425 0.4701960027 
0.6288640828 -3.1175145101 0.3816673560 0.7319516970 -2.8143308310 0.4737423270 
0.6649654800 -3.0881265663 0.3999671043 0.7870460176 -2.7021330261 0.5081870242 
0.6068718925 -3.1677759804 0.3622839208 0.8448394330 -2.6392245555 0.5445809768 
0.5606916144 -3.3069678645 0.3238461330 0.9315844853 -2.3274155926 0.6242054080 
END
