0.6635831058 -2.6349171235 0.3264390667 0.7127999537 -2.5735241718 0.2663315398 
4 4
image_id_list 23 31 99 81 
line_id_list 151 224 223 184 
line2d_list
598.1958618164 213.0962677002 599.9748535156 190.9979705811 
307.4936523438 474.9398193359 305.7969970703 461.0247497559 
151.6610412598 466.0874328613 150.3522033691 446.0422973633 
396.2167968750 390.8779907227 385.4510803223 371.7461547852 
node_id_list 10380 10381 11716 13482 
score_list 6.2437116531 8.2167874764 4.4249430066 8.1420607728 
line3d_list
0.7486138761 -2.5325559258 0.2513046440 0.6611033664 -2.6388831949 0.3342616334 
0.7163124400 -2.5710836973 0.2717002756 0.6733544420 -2.6242838128 0.3267134479 
0.7153003922 -2.5654840860 0.2418112493 0.6614784851 -2.6348081707 0.3248270579 
0.6883199367 -2.6011636618 0.2888339638 0.6298869451 -2.6727655355 0.3576266237 
END
