0.2470572874 -2.4707594169 0.3563701384 0.5741985165 -2.7134630820 0.3816528245 
7 7
image_id_list 2 41 31 83 33 38 43 
line_id_list 68 61 202 212 149 175 159 
line2d_list
545.1712036133 328.8219909668 467.4407043457 373.5525817871 
174.5685882568 445.7990417480 255.7806243896 429.8807678223 
342.0244750977 441.4226074219 371.0429992676 439.7427062988 
766.6519165039 456.3452148438 799.3115234375 464.7961120605 
368.9394226074 442.3198242188 406.0016479492 439.0185241699 
393.0178222656 435.7270507812 482.0423889160 436.9745483398 
239.0577239990 541.4767456055 346.3994445801 501.3918151855 
node_id_list 2533 2534 11707 11708 11823 11824 11825 
score_list 7.3867800256 3.7934539076 2.9148005186 1.6179747689 2.3708203027 4.8380018272 9.5613095354 
line3d_list
0.3062586151 -2.5307189072 0.3554077015 0.6159383183 -2.7078233508 0.3980699291 
0.5712882458 -2.6801864570 0.3890749000 0.2294732177 -2.4817008199 0.3489263244 
0.4204773789 -2.5908252315 0.3719269661 0.2684534430 -2.5069586103 0.3526748739 
0.4309211982 -2.6228833633 0.3683560733 0.3177058615 -2.5329784740 0.3591263314 
0.5077756946 -2.7021156527 0.3628454328 0.3711090654 -2.5488018759 0.3712204979 
0.5677939341 -2.7351643637 0.3715753470 0.2430931425 -2.4532555697 0.3616688103 
0.5536569255 -2.7431504607 0.3624604696 0.2704410515 -2.4370800097 0.3771085294 
END
