1.1075487768 -2.0156938307 0.4401288272 1.1333773499 -2.0352700380 0.4418882407 
3 3
image_id_list 31 38 45 
line_id_list 233 195 143 
line2d_list
326.9354858398 486.2725830078 316.9255371094 487.1603698730 
455.0114440918 537.4502563477 441.0204467773 537.8056030273 
133.9199981689 522.3369750977 108.9219894409 525.3535156250 
node_id_list 11719 11720 11721 
score_list 2.7188807439 1.8591723432 1.8380168101 
line3d_list
1.1075487768 -2.0156938307 0.4401288272 1.1423984803 -2.0421074084 0.4425027500 
1.0870516109 -2.0137928715 0.4316736461 1.1270643397 -2.0442798619 0.4343163233 
1.0856507338 -2.0091117265 0.4361309538 1.1401999046 -2.0404796150 0.4423433338 
END
