3.0106080356 -1.7694940287 1.2536581948 3.0109910445 -1.7697912732 1.5011993524 
5 5
image_id_list 30 52 55 54 69 
line_id_list 173 324 193 150 300 
line2d_list
368.1185607910 116.9591903687 363.0701904297 226.0032501221 
311.8498840332 232.0022277832 311.9776000977 298.0019836426 
252.3394775391 242.8297576904 262.1295776367 319.8564453125 
42.0494117737 210.2313232422 62.4658164978 294.1300048828 
718.3121948242 233.0871734619 709.6310424805 264.1762084961 
node_id_list 11623 11624 11625 12917 12997 
score_list 3.9353251085 4.0334795915 4.1156117644 2.9413557860 2.4725466318 
line3d_list
3.0011571622 -1.7585113838 1.4858372479 3.0010370841 -1.7588940146 1.1822857223 
3.0010807563 -1.7623530855 1.4170475185 3.0009494515 -1.7634961570 1.1101608191 
3.0011195094 -1.7636104144 1.5627367107 3.0010626548 -1.7590080755 1.2536855553 
3.0011583476 -1.7605002434 1.5577026238 3.0011069898 -1.7579812901 1.3351575991 
3.0112465095 -1.7699374566 1.5011987816 3.0106905220 -1.7695062264 1.3842856060 
END
