1.7731316471 -2.9923232407 0.8429769753 1.7736632663 -2.9924358581 0.9807685964 
20 12
image_id_list 23 80 80 38 51 51 53 56 56 77 96 98 38 53 96 98 44 48 55 44 
line_id_list 129 4 150 17 72 171 160 35 54 127 114 26 18 14 151 61 58 75 122 187 
line2d_list
404.8843994141 92.9975128174 405.1644592285 79.9820175171 
207.3849182129 238.9781646729 206.3894195557 267.0138244629 
207.9362640381 269.9991149902 208.3351135254 240.9908599854 
112.0443954468 355.9621582031 113.0963134766 384.9965209961 
140.2001037598 316.1314697266 134.2288513184 279.7980346680 
135.9895019531 279.8515014648 139.3063812256 301.9540100098 
121.4527206421 282.0001831055 121.4407272339 310.0001831055 
224.9732208252 379.1770629883 221.2787933350 336.8882751465 
219.6189727783 337.9465332031 222.6497192383 373.0302734375 
52.1997184753 446.2951049805 67.6286697388 488.1369323730 
7.6138272285 399.2415161133 1.6290205717 364.8904113770 
23.6066303253 324.0160827637 24.8338394165 354.0068054199 
115.2126998901 388.0885314941 113.6219711304 355.9692077637 
119.4370422363 311.0078125000 119.0213165283 281.0135498047 
1.4021003246 369.9413146973 5.3439712524 396.9497985840 
27.0724296570 355.9967956543 25.6613521576 323.9708557129 
734.1081542969 272.7378540039 747.5878906250 226.8788604736 
565.1226196289 304.9260559082 567.5631713867 275.9631958008 
671.3240966797 359.0378112793 669.6974487305 329.9609985352 
749.6008911133 228.1833953857 739.2556762695 262.0780334473 
node_id_list 10372 10373 10374 11900 11901 11902 11903 11904 11905 11906 11907 11908 11909 11910 11911 11912 12422 12423 12424 12508 
score_list 0.9534667079 6.3294858649 5.4607882868 4.3994449696 6.2491867081 5.8979479584 6.6741964056 3.5800944999 4.7720157240 4.0146368788 1.5177309738 1.2384594056 4.6699919167 6.3518799991 1.6566459711 1.6800843016 4.4682183080 3.6468503233 3.9878568024 2.9676122347 
line3d_list
1.7677835739 -2.9935747695 0.9010960783 1.7665079947 -2.9972870828 0.9652810042 
1.7696772746 -3.0049341498 0.9643681418 1.7714334798 -2.9998713737 0.8643782961 
1.7664177152 -2.9952847545 0.8546461290 1.7674059509 -2.9954415757 0.9591402374 
1.7703511811 -3.0022524723 0.9687265793 1.7715350457 -3.0010203082 0.8646276804 
1.7738612098 -2.9967157533 0.8487890284 1.7742422682 -2.9946693450 0.9805737622 
1.7708922756 -3.0032351536 0.9780244170 1.7708376539 -3.0016012988 0.8988658258 
1.7706701410 -3.0015673387 0.9760626993 1.7707257535 -3.0025070294 0.8712271214 
1.7684836560 -2.9923499496 0.8413934337 1.7676592325 -2.9918344121 0.9706703160 
1.7703934706 -3.0022084574 0.9650079995 1.7716080800 -3.0009442943 0.8582056690 
1.7716847418 -3.0074378584 0.9790778181 1.7712839020 -3.0058468950 0.8541263447 
1.7637163782 -3.0024048347 0.8430050610 1.7715339969 -2.9895175376 0.9782362965 
1.7637578562 -3.0148554831 0.9733344240 1.7749477141 -2.9943567590 0.8762992347 
1.7765406060 -2.9779721733 0.8621112180 1.7741593543 -2.9843951831 0.9747247648 
1.7742085152 -2.9826207738 0.8712927375 1.7755868561 -2.9817690977 0.9826147401 
1.7792606980 -2.9743928312 0.9648789047 1.7794317634 -2.9724275042 0.8641739728 
1.7716810569 -2.9874788825 0.8701633557 1.7674518779 -2.9973745287 0.9770661730 
1.7735602341 -2.9929904004 0.8318371403 1.7728162640 -2.9903604165 0.9807735606 
1.7740875358 -2.9884785378 0.8826964607 1.7739317391 -2.9850799681 0.9837513328 
1.7732924021 -2.9937195457 0.8443386314 1.7731635166 -2.9888873441 0.9775113985 
1.7704250248 -3.0016417237 0.9753314040 1.7713097283 -3.0020104252 0.8659028005 
END
