2.0934285021 0.0881173237 0.1042361222 2.7535587707 0.0899740972 0.1027314051 
8 8
image_id_list 26 29 67 68 69 75 28 66 
line_id_list 61 40 129 17 18 84 66 175 
line2d_list
68.6009521484 578.6065063477 159.4621734619 486.4557189941 
207.3344116211 483.3758239746 241.7369384766 446.6911010742 
338.0235595703 530.7236328125 531.0316162109 534.2863159180 
480.2472229004 369.8193054199 573.0514526367 310.6491699219 
82.4885940552 532.1965942383 190.0852050781 463.7048034668 
208.9649963379 323.7016296387 428.9668579102 317.7709655762 
174.5673675537 526.6303710938 252.9167633057 434.9288635254 
678.3395996094 418.4851684570 799.8845214844 498.6590881348 
node_id_list 10776 10777 10778 10779 10780 10781 11280 13293 
score_list 2.8907299109 3.6903312771 6.3233074011 4.4640496651 4.3895580794 3.9456023396 3.8279149880 0.9492373439 
line3d_list
2.0934531848 0.0828818486 0.1086042015 2.7466786205 0.0894409805 0.1042724097 
2.4893915370 0.0835933133 0.1085538776 2.7577428203 0.0914576880 0.1026956083 
2.0982184975 0.0883004595 0.1041014854 2.7478221501 0.0904489313 0.1018949320 
2.3332338731 0.0891402395 0.1031685456 2.7535712869 0.0879769178 0.1057579277 
2.0908321766 0.0825081054 0.1089685439 2.7583960711 0.0923363870 0.1014206654 
2.0980674695 0.0878690207 0.1046767839 2.7457679583 0.0885075709 0.1044822286 
2.0920298178 0.0825257378 0.1089550026 2.7507220711 0.0922234057 0.1015074323 
2.0994442021 0.0886911025 0.1038156453 2.4311994782 0.0887710711 0.1034299490 
END
