1.1062721294 -2.9995312354 1.5414686164 1.1064371892 -2.9974254057 1.5994294973 
16 16
image_id_list 3 86 95 96 10 13 38 51 54 56 80 89 53 77 88 78 
line_id_list 128 60 88 57 110 9 2 44 46 56 9 8 3 91 34 21 
line2d_list
219.7947845459 90.0063171387 219.0557098389 65.9982833862 
45.2945480347 187.9610595703 43.4241371155 173.8117370605 
28.2529830933 142.9741210938 26.1064853668 121.9891052246 
158.7780303955 193.0085449219 158.2003479004 177.9922943115 
82.2528457642 130.0537261963 82.7291412354 118.9455108643 
676.0220336914 111.2487106323 679.0585327148 98.7708892822 
270.9266357422 178.0479431152 271.6545104980 163.9821166992 
315.8673400879 101.0840530396 314.5224304199 82.9612274170 
761.9436035156 112.0543823242 762.8725585938 95.9350280762 
419.2344665527 123.0164871216 418.8464965820 105.0033035278 
398.3965759277 87.0354766846 399.7515869141 71.8883209229 
678.1592407227 212.0260772705 680.7901611328 195.9656219482 
310.9389343262 138.9971618652 311.6390380859 123.9367370605 
231.8841552734 166.2407531738 227.7446289062 147.0550994873 
219.6369018555 102.9894561768 220.1311492920 85.9747619629 
629.6168212891 155.0724334717 631.1633911133 141.9017639160 
node_id_list 3254 3255 3256 3257 6462 7328 7329 7330 7331 7332 7333 7334 11895 11896 11897 12811 
score_list 3.9088765887 1.9728662039 5.6065733875 3.4760870990 1.5391756160 3.4117044266 7.0698247049 10.0730427322 3.0563570348 7.9250582728 8.2721848154 7.8879823914 8.5232606979 6.9032790204 6.6441590460 4.6222011778 
line3d_list
1.1068329290 -2.9993585143 1.5413234465 1.1073607251 -2.9969693844 1.5998364711 
1.1086287026 -2.9973043910 1.5428015130 1.1057391930 -2.9980206977 1.5968068140 
1.1068324497 -2.9993606835 1.5412703191 1.1073462669 -2.9970348310 1.5982335931 
1.1102411815 -2.9945964340 1.5414294476 1.1066683872 -2.9960361801 1.6013007447 
1.1042583913 -3.0012075630 1.5448167095 1.0995557185 -3.0067137713 1.5953544627 
1.1070938071 -2.9984068482 1.5454519792 1.1085087721 -2.9948807450 1.5968499127 
1.1076362048 -2.9977335216 1.5442087319 1.1093477532 -2.9931561589 1.5981282901 
1.1063720951 -2.9994228477 1.5421090680 1.1062052641 -2.9989575372 1.5994858230 
1.1075574450 -2.9967490988 1.5432670808 1.1044363904 -2.9995944325 1.5958528600 
1.1048540283 -3.0011705536 1.5440289492 1.1061625953 -2.9996443956 1.5973137512 
1.1074382063 -2.9975154960 1.5450570104 1.1084359048 -2.9950713816 1.5977310420 
1.1062289129 -2.9987331382 1.5450391778 1.1059107663 -3.0001010692 1.5978029468 
1.1059875751 -2.9993046339 1.5418380676 1.1059672488 -2.9997537636 1.5965843453 
1.1047317013 -3.0022941316 1.5423818520 1.1061953856 -2.9990125449 1.5966313364 
1.1047099379 -3.0023429254 1.5415752192 1.1061888795 -2.9990271317 1.5963901947 
1.1063537420 -2.9981180554 1.5429332245 1.1061944588 -2.9975821884 1.5973131211 
END
