0.0430973429 -1.0952251744 0.9085982428 0.1216823018 -1.0146723483 0.8601069729 
6 6
image_id_list 20 98 31 37 86 96 
line_id_list 193 158 225 143 159 200 
line2d_list
680.1792602539 350.4880065918 666.4443969727 330.6916809082 
722.3364257812 374.9929199219 699.4403076172 348.3398742676 
626.0966186523 358.1106872559 635.4452514648 369.6389160156 
529.7294311523 302.1574707031 516.3638305664 289.6123657227 
585.8162231445 315.0700378418 567.8170776367 298.1317443848 
726.1428833008 392.5266113281 732.4196777344 402.7421569824 
node_id_list 9515 9516 11717 11718 13508 13509 
score_list 1.6857457959 2.3848677647 2.3395728529 2.7360308880 1.4709790002 1.7847450994 
line3d_list
0.1144628626 -1.0005965472 0.8449230267 0.0258892880 -1.0855169261 0.8968380345 
0.1077190972 -1.0160476461 0.8516534786 0.0059210076 -1.1241141697 0.9224324021 
0.0710029215 -1.0680663231 0.8893173542 0.1129426495 -1.0102013697 0.8477414525 
0.1256040256 -1.0166318393 0.8640059707 0.0747932566 -1.0864002596 0.9139707667 
0.1211971480 -1.0175678239 0.8631407445 0.0233813144 -1.1076453374 0.9130158799 
0.0869059356 -1.0491462201 0.8806254277 0.1235548882 -1.0153966072 0.8619385607 
END
