2.3675816835 -1.6043739353 -0.0048769540 3.0811934090 -0.9146794907 -0.0206466146 
27 9
image_id_list 22 94 22 44 70 22 26 26 29 70 71 71 94 22 28 29 35 70 94 22 94 22 26 44 44 94 94 
line_id_list 149 55 150 77 140 155 207 227 377 124 114 134 54 160 202 338 119 133 71 175 62 183 173 60 104 80 87 
line2d_list
624.0191040039 443.7715454102 691.1355590820 449.3771057129 
82.9821777344 316.0760498047 26.7874965668 302.9067687988 
741.0307006836 455.6322021484 696.0104370117 451.8750305176 
180.9715118408 560.2608642578 136.9504852295 555.4534301758 
491.6848754883 599.3946533203 422.7321472168 544.3354492188 
496.9913940430 433.1015625000 578.0873413086 439.9683227539 
406.1493530273 498.8224792480 373.0333862305 470.9602966309 
375.4499816895 470.4680480957 446.4210205078 530.5022583008 
505.2784423828 471.6644287109 537.0061035156 497.9926147461 
343.6947326660 481.3829650879 290.3285217285 438.8423461914 
225.5004425049 278.7073059082 129.8783416748 211.1722412109 
132.4007568359 210.4316253662 226.2694854736 276.6177978516 
0.7739956975 294.9989929199 23.9454402924 300.2411804199 
574.9371337891 441.7612304688 480.0062561035 433.9241638184 
463.3652343750 413.5489196777 538.4987182617 474.3840942383 
537.0711669922 499.9142456055 503.7700195312 472.2770996094 
776.2150268555 572.7770996094 799.6188964844 595.3585205078 
292.5585632324 437.3099975586 369.3965148926 499.5101928711 
22.1622943878 301.2745971680 0.8849524260 296.5142211914 
632.9674072266 446.4245300293 588.9199218750 443.0433349609 
27.1696033478 300.3119201660 89.1040115356 315.5780334473 
587.9747924805 441.3144531250 621.0032348633 443.9594726562 
444.4436340332 531.6569824219 407.6084289551 500.4623718262 
86.9649276733 548.3199462891 130.8757476807 553.1334838867 
238.9555969238 566.4199218750 185.9141693115 560.8118286133 
214.8292236328 346.7263793945 166.8926849365 335.4564819336 
166.7437744141 333.0923156738 216.0785522461 344.6651306152 
node_id_list 10305 10306 10307 10308 10309 10315 10316 10317 10318 10319 10320 10321 10322 10326 10327 10328 10329 10330 10331 10348 10349 10356 10948 10949 12451 12452 12453 
score_list 0.8964964359 2.1858670375 1.9451323900 0.0000000000 2.9417406121 3.7654035844 4.1273699280 3.7985612186 3.8576593811 2.5818702154 3.3717296232 2.8317140159 1.4343640537 3.4733722665 1.7084327154 3.8270310719 0.0000000000 1.9725670951 1.7467723496 0.5811445093 2.4465303638 1.5833753885 1.9668251768 0.0000000000 1.9950235972 0.9749441622 0.9611088476 
line3d_list
2.7342230542 -1.2208146676 0.0149778841 2.5890483579 -1.3655805316 0.0151433408 
2.6771991604 -1.2857906078 0.0023810112 2.8223443953 -1.1432006449 -0.0010493530 
2.4804797738 -1.4844655699 -0.0003056270 2.5785764223 -1.3861304717 -0.0000836129 
2.4854791776 -1.4777457301 0.0017329698 2.5788319111 -1.3842335075 0.0018642265 
2.3698122676 -1.5954020829 -0.0005560917 2.5635875597 -1.4011557686 -0.0001175360 
3.0126160082 -0.9539652075 0.0078101846 2.8384872128 -1.1331689387 0.0039545182 
2.8228468617 -1.1333967952 0.0087343802 3.0547535768 -0.9041158351 0.0042781194 
3.0659101043 -0.9126446396 0.0000567990 2.6203619257 -1.3580564545 -0.0011428369 
3.0547888845 -0.9250928525 -0.0027085312 2.9104319617 -1.0670136662 0.0001599416 
2.8319218903 -1.1305206003 0.0016388194 3.0524084096 -0.9093216413 0.0018796700 
2.4721552014 -1.4886711003 0.0021825597 3.0513502298 -0.9068515367 0.0035193888 
3.0602191117 -0.9161340661 0.0014943014 2.4919273792 -1.4872878180 -0.0020408467 
2.8909304614 -1.0791972461 0.0051157487 2.8329404225 -1.1388773887 0.0038316977 
2.8508725739 -1.1426319341 -0.0189754349 3.0595604937 -0.9344477272 -0.0195285148 
3.0936872675 -0.9039117299 -0.0219450591 2.6383954666 -1.3538902151 -0.0179442508 
2.9279118769 -1.0669237154 -0.0205431730 3.0824748133 -0.9161040910 -0.0249659077 
3.0674363123 -0.9199869458 -0.0151709031 3.0190901353 -0.9736536093 -0.0186476650 
3.0974032183 -0.9065687988 -0.0297150694 2.7622833975 -1.2226041205 -0.0130932517 
2.8490215117 -1.1284279835 -0.0142461006 2.9007292376 -1.0735925688 -0.0112481002 
2.7156667611 -1.2480002266 0.0014718675 2.8116421928 -1.1537144358 -0.0007964170 
2.8352172407 -1.1457202025 -0.0044154967 2.6693169723 -1.3029251128 0.0022675882 
2.8191853350 -1.1609118253 -0.0037696714 2.7460934578 -1.2301727259 -0.0008252565 
2.6079259089 -1.3525025981 0.0022603552 2.8161458526 -1.1413609049 0.0048842584 
2.6987489807 -1.2810205754 -0.0043681170 2.6030850320 -1.3751544698 -0.0032748827 
2.3639308699 -1.6004503554 0.0015155662 2.4771623962 -1.4890267538 -0.0006343665 
2.3621312592 -1.6022212324 0.0015497355 2.4764687030 -1.4897093711 -0.0006211953 
2.4901647351 -1.4917538728 -0.0075248229 2.3659561338 -1.6081125845 0.0031289865 
END
