0.5958786916 -0.4694714196 -0.0016938204 1.3302796672 -0.4748257860 0.0028314532 
20 20
image_id_list 0 1 12 17 32 39 79 85 90 8 9 37 76 86 19 11 15 18 65 93 
line_id_list 311 207 239 269 297 292 230 300 278 265 220 221 237 240 240 252 169 336 176 206 
line2d_list
282.3057861328 505.8584289551 390.0241699219 592.9700927734 
416.2141723633 498.6395263672 556.1347656250 581.7731933594 
485.9580078125 317.8721313477 576.6834716797 426.2649230957 
371.6824951172 421.1420288086 409.3316345215 505.2990112305 
697.7380981445 518.1182861328 734.7314453125 600.0245971680 
527.6994018555 588.0975341797 531.4050292969 599.5175170898 
688.5945434570 532.4260864258 712.7208862305 599.4603881836 
563.8052978516 448.5834960938 622.8928833008 569.5639038086 
580.5528564453 568.3807983398 607.6246948242 600.1711425781 
529.9386596680 589.1774902344 531.6201171875 599.2307739258 
708.9985961914 572.9992675781 694.9620971680 599.5093994141 
649.9224243164 527.8994140625 657.6926879883 599.1425781250 
674.8490600586 538.9651489258 677.3140258789 599.0691528320 
714.5511474609 567.9334106445 718.3283691406 599.2019042969 
726.3552856445 555.0881347656 701.7717895508 599.4279174805 
244.6967620850 537.1559448242 230.7188415527 599.6085205078 
509.7780761719 393.2164611816 464.8930969238 463.2139282227 
445.0228881836 534.9706420898 443.0989379883 599.0330200195 
436.9737548828 445.8286743164 430.0971374512 487.0162048340 
412.0314331055 415.8737792969 573.2444458008 456.0184326172 
node_id_list 1535 1536 1537 1538 1539 1540 1541 1542 1543 5125 5126 5127 5128 5129 6070 7019 7020 7021 7246 7247 
score_list 5.5139115674 6.3634928170 7.2729940776 6.2445634956 5.1114278976 8.8263775144 5.2286997050 6.9449148611 8.4188331240 5.3905455840 4.6498804378 3.3215501356 3.1527270077 3.2344219644 3.3376300709 2.8405711034 1.9688081101 3.9202083322 3.5563945761 4.9986803643 
line3d_list
0.6090421815 -0.4704201083 -0.0005671564 1.3302859726 -0.4744766052 0.0022213228 
0.6134982794 -0.4731244128 0.0115355533 1.3296012785 -0.4767906405 0.0126741596 
0.6112024451 -0.4714839850 -0.0019059524 1.3295529095 -0.4754491652 0.0062932350 
0.6126428868 -0.4707850284 0.0010014903 1.3227561605 -0.4739074579 -0.0001840576 
0.6034133383 -0.4686027940 -0.0086436273 1.2657532465 -0.4747084428 0.0046547928 
0.6142804611 -0.4686804978 -0.0016634556 0.7068650110 -0.4700374635 -0.0007777097 
0.5960728813 -0.4626631629 -0.0161438087 0.9516067268 -0.4710628197 -0.0021516927 
0.5980313272 -0.4669067473 -0.0126086293 1.3428466958 -0.4806786366 0.0185236509 
0.6138443235 -0.4702066997 -0.0016330613 0.7830201734 -0.4719441913 0.0025664597 
0.6119446936 -0.4676952263 -0.0035552946 0.6931225977 -0.4679422059 -0.0046319845 
0.6220931169 -0.4695923165 0.0007643662 0.8843342653 -0.4700197738 -0.0035978888 
0.5906789276 -0.4628679400 -0.0156472981 1.0892634376 -0.4706439384 -0.0045666315 
0.5866317200 -0.4624401109 -0.0165153678 0.9737195922 -0.4715852467 -0.0012814358 
0.5959755639 -0.4647083061 -0.0117793163 0.8023295720 -0.4702876643 -0.0021558751 
0.6942075073 -0.4669681642 0.0056191378 1.0299331061 -0.4699769745 -0.0039138444 
1.0857499098 -0.4723674884 -0.0032292426 1.3289986868 -0.4761689509 0.0047838723 
0.8369519381 -0.4681442368 0.0007783001 1.3161846445 -0.4747870880 0.0050855995 
0.9218536853 -0.4689979576 -0.0082009549 1.1930788556 -0.4734381786 0.0017893058 
0.6138917978 -0.4670514447 -0.0054964077 0.7324471436 -0.4724951117 0.0026217821 
0.6120660797 -0.4762590915 0.0161117021 1.3317780921 -0.4778644532 0.0099870076 
END
