-0.0414038898 -2.1463100461 1.0292347478 -0.0403370544 -2.1455321758 1.1383177189 
42 39
image_id_list 2 6 21 33 38 41 43 49 51 53 77 77 80 88 95 96 50 18 45 50 90 10 15 20 76 81 84 85 99 14 23 31 34 82 19 49 16 60 98 42 79 57 
line_id_list 6 90 32 126 42 69 112 12 128 69 13 17 57 91 31 68 64 230 16 110 216 76 132 107 100 47 155 233 137 62 32 136 42 137 90 18 118 87 145 149 124 82 
line2d_list
712.0552978516 79.0100555420 719.9127807617 35.8022842407 
270.6753234863 93.0430221558 264.8240661621 48.8907928467 
738.4877319336 183.8667602539 744.5341796875 160.6187591553 
503.0786132812 307.9937438965 501.6570129395 290.1067504883 
588.2039794922 305.0358276367 591.5617065430 285.9230041504 
313.8336486816 285.2063598633 310.4525451660 266.0968627930 
423.9872131348 312.0009155273 422.1773681641 286.9871826172 
480.9893798828 181.7412719727 489.4718322754 148.6087646484 
792.6830444336 290.8539123535 797.4555664062 247.8286895752 
706.9568481445 329.9939880371 711.5794067383 296.8021545410 
710.9327392578 227.0009918213 711.2890014648 250.9957122803 
709.0019531250 252.0736389160 711.2108764648 222.0155029297 
791.8780517578 281.7414855957 798.7442016602 251.9410705566 
628.5207519531 334.9002075195 635.5568847656 301.1159667969 
482.2226867676 292.0269775391 485.4899597168 265.0593566895 
490.4584350586 298.0216369629 491.4547119141 276.9270324707 
266.4101257324 126.9938888550 266.7082824707 147.0043487549 
43.2647590637 156.1682434082 37.6980552673 131.8402709961 
313.0292663574 262.0033569336 315.9194641113 236.8757171631 
264.5807800293 153.0180206299 263.2471008301 121.9893798828 
64.6939010620 262.0270690918 61.5995178223 227.0354156494 
351.3821716309 253.9098663330 353.7303466797 237.8147583008 
269.9139709473 89.1336746216 267.7016601562 71.1598052979 
466.5219421387 268.0330810547 467.6075744629 250.9117126465 
336.0990905762 220.0006408691 336.2295227051 199.9949798584 
517.3487548828 195.7947998047 515.3773193359 173.2291259766 
441.2067260742 187.0018157959 441.3730773926 167.9945068359 
150.6380767822 240.1003570557 144.8733367920 219.3124389648 
308.3576965332 317.9412231445 309.7355651855 302.8842773438 
677.6669921875 126.0189361572 678.1792602539 107.9766998291 
792.7049560547 74.6124038696 798.6097412109 54.8831939697 
447.0521545410 317.9957885742 445.6731872559 300.9455566406 
740.7936401367 81.9701385498 743.7104492188 61.8133926392 
551.4643554688 151.0046844482 551.6260986328 134.9861297607 
483.4347229004 232.9527587891 484.7763061523 216.8977508545 
492.3883972168 153.0906066895 486.9904174805 176.2310333252 
564.8218383789 143.0097656250 563.7830200195 124.0667343140 
766.2500610352 301.9486389160 767.6907348633 280.9103393555 
482.0380249023 285.9110717773 483.7966613770 266.8887634277 
32.4154396057 199.2850952148 15.5609350204 164.7264251709 
294.4664001465 194.0010833740 294.4195251465 171.0032196045 
568.8058471680 258.7782897949 571.7775878906 242.7730407715 
node_id_list 2125 2126 2127 2128 2129 2130 2131 2132 2133 2134 2135 2136 2137 2138 2139 2140 3948 4076 4077 4078 4079 6379 6380 6381 6382 6383 6384 6385 6386 8280 8281 8282 8283 8284 8628 8629 8804 8805 8806 9178 9179 11820 
score_list 15.0216904832 10.5175405834 12.7546602486 12.2158280948 10.4181003546 11.8574769731 9.6945922420 12.0884496795 9.1819793717 14.1107610852 7.8411798085 9.7160612839 8.9540506982 15.3038537772 10.1560531075 7.8257102370 8.4689944357 5.6043858605 7.1168215758 10.8397330011 4.7900509626 5.5659322324 9.9833157221 5.8943157246 8.1958578176 11.2883855077 7.6340329231 6.0912271558 9.1072296298 6.9436148220 6.0934895500 8.1886431444 9.0927215503 7.9814836374 6.4642485852 7.1675911918 4.3869281981 9.9667116577 7.8968044313 6.6384369269 9.6304807458 3.5349272453 
line3d_list
-0.0409558926 -2.1457405006 1.0228420094 -0.0408953487 -2.1456920275 1.1383243189 
-0.0424519794 -2.1474056894 1.0280715874 -0.0401887916 -2.1449057520 1.1367312522 
-0.0423178671 -2.1473570806 1.0337021281 -0.0398863652 -2.1453945387 1.1325263239 
-0.0394296333 -2.1470983370 1.0342585244 -0.0406452206 -2.1477143920 1.1281123069 
-0.0417953564 -2.1468652941 1.0392659208 -0.0365672437 -2.1421049331 1.1308074723 
-0.0363555167 -2.1440252935 1.0367169549 -0.0363523423 -2.1421181411 1.1322743420 
-0.0398155772 -2.1474461008 1.0357416735 -0.0346517752 -2.1421428951 1.1368920767 
-0.0394930721 -2.1459048380 1.0328294151 -0.0406511921 -2.1457203109 1.1382131019 
-0.0422187892 -2.1471447731 1.0292486700 -0.0432403092 -2.1487082365 1.1376553025 
-0.0422183920 -2.1472159463 1.0330996801 -0.0376335833 -2.1424190588 1.1357365872 
-0.0344607615 -2.1386414275 1.1201848686 -0.0331016445 -2.1358795841 1.0409846892 
-0.0422942120 -2.1470245404 1.0333225733 -0.0333526328 -2.1375174078 1.1369334490 
-0.0403051542 -2.1446443618 1.0324228030 -0.0412523404 -2.1472478294 1.1343290762 
-0.0427119711 -2.1474968723 1.0305115837 -0.0371559278 -2.1421761482 1.1372008888 
-0.0400163069 -2.1446969763 1.0333956485 -0.0332506615 -2.1371875152 1.1375992597 
-0.0519989807 -2.1514588353 1.0293824399 -0.0481326592 -2.1469927899 1.1310579261 
-0.0727501395 -2.1559393825 1.1130242484 -0.0706797394 -2.1568500004 1.0458704487 
-0.0375947142 -2.1459465064 1.0342116191 -0.0338788791 -2.1422744149 1.1349609821 
-0.0423020325 -2.1438447306 1.0308777748 -0.0365454686 -2.1411890463 1.1333537817 
-0.0417282152 -2.1474290422 1.0306518099 -0.0345417543 -2.1424980586 1.1349782918 
-0.0331792849 -2.1423753092 1.0492890037 -0.0335121157 -2.1402281870 1.1643009525 
-0.0162560041 -2.1350792480 1.0413015446 -0.0188317039 -2.1343537672 1.1345735958 
-0.0097360938 -2.1267884755 1.0423134674 -0.0192056849 -2.1305862733 1.1353509063 
-0.0398547669 -2.1489110232 1.0372362259 -0.0256424785 -2.1378999225 1.1335098763 
-0.0277934335 -2.1403055895 1.0340983269 -0.0281742448 -2.1384781525 1.1341406327 
-0.0039609549 -2.1252048135 1.0437646977 -0.0086685303 -2.1258576454 1.1547060836 
-0.0208360448 -2.1358213751 1.0405945105 -0.0070835780 -2.1252539693 1.1359470432 
-0.0358699041 -2.1452882870 1.0373480409 -0.0347131005 -2.1425076873 1.1369918658 
-0.0278237900 -2.1401599151 1.0420732156 -0.0281641805 -2.1385264494 1.1314966370 
-0.0365274130 -2.1417348714 1.0326037532 -0.0217797418 -2.1321193224 1.1281152610 
-0.0347081560 -2.1439549258 1.0360627977 -0.0251463672 -2.1371583953 1.1348635599 
-0.0400555770 -2.1447872672 1.0308936030 -0.0108492929 -2.1271118853 1.1318910645 
-0.0246501742 -2.1350564140 1.0403094244 -0.0244969301 -2.1335154595 1.1349080767 
-0.0393408134 -2.1463475974 1.0332948795 -0.0327528810 -2.1400179468 1.1274797748 
-0.0235534194 -2.1391962777 1.0374149908 -0.0227811117 -2.1362051283 1.1331467761 
-0.0226381983 -2.1281434885 1.1293798221 -0.0188087742 -2.1256567368 1.0575316032 
-0.0420001532 -2.1470355484 1.0320511948 -0.0431024958 -2.1485693066 1.1313364647 
-0.0359973718 -2.1433753285 1.0326914542 -0.0408560333 -2.1472052063 1.1322324344 
-0.0561122287 -2.1540914377 1.0341923810 -0.0638364464 -2.1574363407 1.1284831075 
-0.0397700880 -2.1435058190 1.0323651073 -0.0360086249 -2.1410483081 1.1372898509 
-0.0385286239 -2.1464841809 1.0361236552 -0.0357685785 -2.1433854869 1.1371949910 
-0.0335773947 -2.1421278414 1.0372580365 -0.0507945861 -2.1543010134 1.1289389568 
END
