1.7632669614 -2.9517088342 0.1185446339 1.7675228493 -2.9553445983 0.8534354501 
43 31
image_id_list 9 19 20 23 31 34 57 60 82 97 98 13 33 51 54 55 55 80 83 89 14 51 80 21 38 96 44 53 54 63 88 88 94 78 84 53 48 63 89 51 55 78 94 
line_id_list 186 211 210 149 199 161 144 114 215 142 150 107 164 49 33 53 90 135 136 26 185 167 63 173 128 156 183 10 18 70 125 170 26 117 215 75 23 100 40 140 195 105 14 
line2d_list
163.8717041016 457.9257812500 157.3977355957 381.8810119629 
139.5539398193 378.9510192871 132.0354461670 293.9084472656 
75.5665359497 459.0556335449 64.0060272217 368.9992370605 
405.7124633789 185.9915466309 408.0944213867 105.0322036743 
76.2759323120 507.9715881348 65.7689895630 405.9208374023 
354.6991271973 244.0313873291 345.6123962402 156.9361114502 
207.2314605713 349.0183105469 213.8637390137 265.1473693848 
353.4072570801 433.0062866211 352.4402465820 341.9953308105 
235.7777404785 321.0436096191 220.8641510010 245.0266571045 
337.9536437988 459.9700012207 335.4371337891 379.9548034668 
38.9782791138 495.9660949707 34.6493835449 371.0121459961 
501.8876037598 360.1322326660 515.7462768555 267.1111755371 
116.8996124268 504.8522644043 104.5375747681 429.5685424805 
159.5638732910 446.2338867188 140.3003692627 327.9510803223 
575.7202148438 361.8559570312 586.2189941406 487.2328796387 
675.4019165039 464.0297851562 670.5209960938 365.9740600586 
666.1309204102 367.9894104004 678.1274414062 516.2324829102 
204.8430786133 378.0001831055 204.7835388184 324.0002441406 
491.1774291992 439.0147705078 498.4938659668 351.0410766602 
458.3104248047 516.9472656250 468.8505249023 379.0650024414 
334.2343750000 296.7781372070 319.7741394043 216.3216857910 
146.1666870117 335.9761047363 146.5355834961 353.9890441895 
207.0691986084 319.1306762695 211.8394622803 280.1026000977 
276.8883056641 270.0286254883 279.7199707031 182.1198272705 
125.7549133301 502.0492858887 121.6766433716 399.0523986816 
27.9105148315 520.0109252930 13.5765962601 402.6852111816 
731.6464233398 286.1994934082 725.1210937500 307.3459472656 
118.1987609863 426.9455566406 121.1598739624 329.0048217773 
576.3070678711 357.0462951660 577.4075317383 325.9790039062 
284.9627075195 0.8155140877 302.5705261230 92.6990356445 
2.2893378735 345.9825439453 3.5074551105 435.9795837402 
2.5708100796 429.0121459961 0.8161588907 367.0051879883 
754.2260131836 190.1299591064 796.9538574219 115.8234100342 
483.6383972168 419.0306091309 488.1907043457 324.0570678711 
37.1726150513 448.9491271973 6.3662757874 344.4184875488 
116.5626678467 350.9054260254 122.3256301880 507.0617980957 
562.1243286133 363.0116577148 556.0244750977 428.0022888184 
304.1547241211 88.8374557495 291.7553710938 0.7529033422 
469.1579895020 411.0135192871 464.1085510254 470.0092773438 
149.2926483154 363.9542236328 159.4581298828 428.9283142090 
674.4355468750 397.9767761230 676.8357543945 443.0087585449 
480.0449829102 397.9933776855 479.7124328613 495.9922485352 
793.3499755859 126.2003555298 757.4855957031 188.8504333496 
node_id_list 5926 5927 5928 5929 5930 5931 5932 5933 5934 5935 5936 7905 7906 7910 7913 7914 7915 7916 7917 7918 8508 8509 8510 9317 9318 9319 9716 9717 9718 9719 9720 9721 9722 10379 11706 11829 12361 12362 12364 12412 12414 12682 12684 
score_list 8.2407236843 6.3688991983 5.5911276562 10.2621660966 10.1228224601 13.4622470460 8.9760845010 13.5705518102 8.8872506184 13.1489236715 5.0048822923 10.0536258870 9.3280925433 9.1034174071 9.7420347478 8.5728627627 11.4069323307 11.0745420383 12.4924261787 6.3598573666 8.5230643818 8.9620248119 8.9398887371 13.4121400883 3.9675394758 7.5953972533 5.1322634686 9.1539718556 7.6740380408 8.5979272508 7.5729315227 8.6034664401 3.7920696200 8.7498501498 1.4112502296 7.6031512110 8.4397783749 9.2103786504 8.1634088113 7.7418901250 8.7805407617 3.3460379812 4.3152738595 
line3d_list
1.7872200952 -2.9145165340 0.4431110197 1.7673577450 -2.9573312460 0.8428814073 
1.7783015483 -2.9296562973 0.4350629489 1.7572903653 -2.9747264166 0.8478095573 
1.7868137881 -2.9169544176 0.4644420517 1.7691843622 -2.9527276518 0.8389962114 
1.7809149175 -2.9260123181 0.4246721977 1.7630835040 -2.9629543029 0.8465435700 
1.7786420189 -2.9291080231 0.3869873211 1.7611851916 -2.9660516269 0.8440869878 
1.7779301800 -2.9301000485 0.3764603714 1.7620725653 -2.9643679819 0.8318669865 
1.7786908546 -2.9288426902 0.4225331146 1.7632859611 -2.9613783791 0.8407806923 
1.7766785779 -2.9309841737 0.3680684713 1.7642097833 -2.9623878928 0.8268537719 
1.7802239005 -2.9274439230 0.4410208894 1.7632878805 -2.9625308888 0.8417082508 
1.7784010704 -2.9264841919 0.4780392212 1.7609801882 -2.9697653910 0.8539814440 
1.7850247657 -2.9197023846 0.3958929363 1.7728790517 -2.9457830123 0.8272331597 
1.7681099886 -2.9461077921 0.4335255945 1.7752645069 -2.9444109369 0.8584069265 
1.7704485000 -2.9426753853 0.3720340344 1.7792915768 -2.9340111672 0.7294262511 
1.7643643348 -2.9523368048 0.3667861997 1.7674014597 -2.9544170302 0.8183342382 
1.7720461391 -2.9436938214 0.6732658618 1.7632049481 -2.9531308749 0.1185379577 
1.7662820046 -2.9576003643 0.3677110167 1.7669694401 -2.9546178031 0.8235580294 
1.7801913250 -2.9343000438 0.8190377089 1.7622711636 -2.9484366716 0.1218239793 
1.7752161328 -2.9365205350 0.4682311730 1.7804132597 -2.9313705477 0.6745022126 
1.7676410591 -2.9541282389 0.3736953453 1.7743273810 -2.9358677572 0.8381987769 
1.7641435222 -2.9597422926 0.2148421196 1.7662877922 -2.9571241432 0.8259744812 
1.7882008111 -2.9100765144 0.4659945298 1.7431541387 -3.0032032532 0.8512426702 
1.7577575155 -2.9744998727 0.7815421020 1.7628128637 -2.9635262357 0.7189110412 
1.7710182910 -2.9479086830 0.6871014593 1.7539566287 -2.9802988854 0.8215442844 
1.7732504553 -2.9387805228 0.4296487962 1.7599692745 -2.9680381563 0.8426617545 
1.7716899105 -2.9460761307 0.4407554279 1.7640869040 -2.9612580362 0.8241562677 
1.7724273317 -2.9393944026 0.3872437897 1.7535759240 -2.9784461326 0.8330535448 
1.7607453956 -2.9705163091 0.7971644263 1.7611448458 -2.9696952406 0.7252744624 
1.7711322593 -2.9426279424 0.4401504313 1.7641786046 -2.9594374009 0.8092202491 
1.7690924423 -2.9512247212 0.6904681490 1.7586823512 -2.9735941222 0.8109843777 
1.7755978708 -2.9290915573 0.5942855225 1.7692673437 -2.9604528210 0.2042622595 
1.7617516780 -2.9614292902 0.6860365878 1.7644645069 -2.9521186045 0.3630271326 
1.7661795162 -2.9497931687 0.3903852407 1.7663114871 -2.9530348169 0.6149425744 
1.7691419829 -2.9540608810 0.4799058548 1.7676685343 -2.9531592669 0.7204989944 
1.7878538484 -2.9117520040 0.4735260221 1.7549850226 -2.9802146318 0.8533850182 
1.7749309037 -2.9295748445 0.4404381725 1.7570992712 -2.9676299984 0.8350595070 
1.7762634454 -2.9388991378 0.7319789596 1.7587145174 -2.9574839672 0.1131915188 
1.7616258879 -2.9675245728 0.6835296895 1.7624115806 -2.9688354821 0.4396805179 
1.7655251217 -2.9729703720 0.2170023396 1.7647796313 -2.9664256484 0.5847450605 
1.7596438384 -2.9736187656 0.6858981340 1.7601669320 -2.9729939046 0.4254578013 
1.7599465160 -2.9677357924 0.6797182455 1.7585491016 -2.9635686349 0.4297362633 
1.7609674226 -2.9702876224 0.6731294819 1.7601863164 -2.9728448760 0.4622862693 
1.7797602467 -2.9640386934 0.5443324659 1.7606093931 -2.9450753763 0.1082606363 
1.7676463433 -2.9633228291 0.6858206565 1.7641722301 -2.9557583249 0.4880536612 
END
