3.1110163336 -2.6094138469 0.9732960565 3.1107451943 -2.6069948011 1.0732716414 
8 8
image_id_list 26 30 44 48 52 54 55 89 
line_id_list 305 102 115 96 291 98 128 125 
line2d_list
751.3895874023 225.0175628662 752.0802612305 249.0264587402 
484.4631958008 229.9578247070 482.4985961914 254.9606018066 
367.9110412598 119.9782714844 367.4314880371 144.0086059570 
180.1128692627 226.0677337646 182.1740722656 253.0630645752 
425.4961242676 296.9944458008 425.4296264648 315.0052795410 
213.6636199951 304.0720825195 218.5962982178 327.0865173340 
376.1577758789 318.3363647461 378.4920349121 338.0601196289 
139.2399139404 285.0963134766 140.4400024414 307.0306396484 
node_id_list 11138 11139 11140 11141 11142 11143 11144 11145 
score_list 5.9615331180 5.8746710395 4.7760091363 3.2955553528 4.5891442969 4.9029147008 4.7083468421 3.0257810245 
line3d_list
3.1111712348 -2.6068564187 1.0700882123 3.1110313240 -2.6093076629 0.9743282810 
3.1115717484 -2.6075028782 1.0732861767 3.1090877341 -2.6064624941 0.9732194140 
3.1118307765 -2.6080940744 1.0685507035 3.1160873297 -2.6140751836 0.9739389520 
3.1138084735 -2.6111660985 1.0731739215 3.1113814602 -2.6102260079 0.9728746723 
3.1106878015 -2.6066109633 1.0760989542 3.1122901869 -2.6095387104 0.9744522570 
3.1116706279 -2.6076697913 1.0680265730 3.1092208907 -2.6065848401 0.9736802927 
3.1171918830 -2.6145399082 1.0757530891 3.1160037830 -2.6139867457 0.9724306132 
3.1146144142 -2.6120849690 1.0695176459 3.1108496468 -2.6089850453 0.9760389687 
END
