0.5878322910 -2.9958773533 0.5225560331 0.8247382179 -2.9412184184 0.5202175159 
57 42
image_id_list 2 7 33 34 43 53 56 88 3 37 43 49 76 76 79 79 81 84 84 86 95 95 96 98 7 72 77 91 21 41 77 10 31 57 99 13 23 51 56 60 80 83 13 14 23 38 51 80 83 16 19 78 82 88 49 63 89 
line_id_list 82 141 169 192 73 171 174 164 185 191 177 157 145 203 77 212 178 199 240 224 78 159 174 209 45 61 89 58 190 79 142 250 229 186 225 124 192 83 82 146 99 173 157 219 183 189 151 162 197 219 251 184 239 115 45 46 118 
line2d_list
364.9024353027 366.9923095703 367.9109497070 328.8352966309 
200.5943298340 157.2261962891 184.4382324219 170.0292205811 
321.6283264160 410.1370849609 303.9017944336 417.7720031738 
527.8845825195 173.6804656982 512.6984863281 179.1651763916 
151.7463836670 528.5368041992 167.4965209961 506.6378784180 
422.9285278320 402.6259155273 394.0586547852 404.1277160645 
537.9846801758 399.9658508301 517.1389770508 409.3099975586 
336.8803405762 384.5749816895 308.0833740234 386.9928588867 
275.0768127441 389.9830627441 269.3270568848 363.9278259277 
127.5881500244 381.5905761719 111.6018524170 397.6042480469 
162.4615173340 506.8532714844 142.8605041504 533.1506958008 
105.2522430420 295.3870544434 86.1191864014 304.2570800781 
107.1728210449 346.2533569336 120.4514465332 337.1958007812 
119.0616531372 334.5234985352 101.0008697510 346.0013732910 
30.4459400177 359.4461059570 43.9486045837 345.9485778809 
41.2543525696 343.2760009766 20.8861961365 363.9000244141 
321.9680786133 337.7162170410 309.6796569824 357.1658020020 
225.3686981201 321.4262695312 237.1811676025 311.2094726562 
233.6067047119 309.5014648438 216.5100555420 325.3975219727 
160.6346130371 386.6485595703 142.7275695801 404.7405700684 
173.4827575684 428.7466125488 195.1734771729 414.7217102051 
191.9018402100 412.3036193848 170.0121612549 426.4740295410 
270.3219299316 394.6995849609 250.4974975586 405.0362548828 
258.1363220215 379.5257263184 241.5546112061 389.2397155762 
187.6295318604 172.7944946289 206.7303314209 157.6596527100 
715.8027954102 75.5697784424 756.1596069336 89.5388488770 
392.6882324219 426.7298278809 409.7027282715 410.6847534180 
424.0671997070 55.4587287903 456.1119384766 50.7641372681 
497.8288879395 241.7235870361 477.0679321289 244.5066528320 
127.5512008667 416.1700744629 106.3448562622 427.6377258301 
407.1430969238 407.9793090820 384.1668701172 429.0933837891 
150.8731536865 323.6938171387 134.7418518066 330.3769226074 
267.5489501953 414.9968261719 251.9955596924 421.9901123047 
376.9040527344 311.6620483398 361.9719238281 315.9010925293 
111.5907363892 397.8247680664 93.6740646362 404.0640563965 
698.1203002930 339.7158508301 715.1436767578 336.8547973633 
561.1246337891 147.4426269531 575.1397705078 143.4962921143 
443.2091369629 385.1189270020 473.7044982910 379.4190063477 
521.3113403320 411.6870117188 542.1168823242 402.2578735352 
548.8685913086 378.3854370117 529.8814086914 382.4453125000 
465.1628723145 354.0002136230 487.0704956055 350.4330139160 
678.9705200195 407.8118896484 696.9978027344 404.9858093262 
710.8391113281 334.1890563965 691.7951660156 337.9677734375 
485.3238830566 229.8141174316 471.7464294434 237.5552520752 
571.6431274414 141.0137176514 555.5757446289 146.8274841309 
347.6378784180 391.1040039062 327.8125000000 405.3471069336 
471.8067932129 376.6413269043 442.1226806641 380.8626403809 
484.8165588379 347.6750183105 460.9962463379 350.9729003906 
692.9053344727 402.4533081055 673.9539794922 405.7340393066 
381.9976501465 252.5522460938 367.1778869629 262.8125610352 
305.4000549316 309.7388916016 290.8406982422 316.6651306152 
689.5654907227 373.5455932617 668.6406860352 379.7973937988 
380.7583007812 244.6284637451 367.5098876953 253.2465362549 
310.0902404785 390.7604370117 337.9355163574 387.4564819336 
86.3625640869 309.7034912109 111.7925720215 296.5975036621 
553.0079345703 36.2387199402 586.0046997070 35.1403465271 
751.8994140625 527.6214599609 790.3488159180 533.8452758789 
node_id_list 2599 2600 2601 2602 2603 2604 2605 2606 3466 3467 3468 3469 3470 3471 3472 3473 3474 3475 3476 3477 3478 3479 3480 3481 4347 4348 4349 4350 4468 4469 4470 6703 6704 6705 6706 7969 7970 7971 7972 7973 7974 7975 8023 8024 8025 8026 8027 8028 8029 8534 8535 8536 8537 12010 12299 12824 12825 
score_list 14.5885794429 4.9538298508 10.6920972153 7.4781858944 7.2198135242 7.8061607352 9.9667328417 7.8778930852 9.2316744689 4.1244605858 7.7122125044 4.4478793150 3.8062577835 3.1104210897 4.2380777085 5.6641998292 11.3839217790 4.2642376602 10.0578571960 7.3683253625 6.0077565305 7.7943453968 7.9234529626 8.6335546468 5.4869209689 5.5927105469 11.3367962615 9.2058223946 9.5227095901 7.6925278054 11.6461958943 6.9377960900 11.1225936368 4.5712972819 9.0623502862 4.8365709775 5.2530535830 6.5400190475 9.6041113469 11.4006620505 5.7148272396 4.3538468266 5.2506763469 4.6422732442 3.7479722976 10.9844139179 6.0491224575 7.2763338470 6.9085392988 6.2638761039 6.2142764630 5.2621907220 7.5790078099 7.7772077743 6.9584619229 8.1846877285 5.7555688262 
line3d_list
0.8018543651 -2.9302197656 0.5313761256 0.6354187800 -2.9792816872 0.5248496701 
0.6289480336 -2.9819932855 0.5241705331 0.7287354024 -2.9596263185 0.5225912387 
0.6013409616 -2.9981771735 0.5230714769 0.7427313340 -2.9595743856 0.5199872148 
0.6138382886 -2.9981618464 0.5208709806 0.7555778010 -2.9507908315 0.5252966885 
0.7307977466 -2.9505092379 0.5143036001 0.6034293233 -2.9805082924 0.5152559625 
0.5947219891 -3.0035136864 0.5150313846 0.7260565456 -2.9606876896 0.5229981271 
0.6238189264 -2.9808731159 0.5256626981 0.7411323669 -2.9531419800 0.5255113516 
0.5968965080 -3.0050382504 0.5134426747 0.7233846390 -2.9590812615 0.5247446652 
0.8216993084 -2.9427679403 0.5186615012 0.6243505339 -2.9927207718 0.5211997185 
0.6031131361 -3.0028555909 0.5201692111 0.8309940700 -2.9226904254 0.5272074503 
0.6151518350 -2.9922150966 0.5207652646 0.7651003425 -2.9592266576 0.5187150446 
0.6206247607 -2.9928069312 0.5156352137 0.7120273853 -2.9702930496 0.5185329071 
0.7170803333 -2.9626439833 0.5048928137 0.6001937936 -2.9860595981 0.5101630910 
0.5959548899 -2.9964383948 0.5210277411 0.7564142588 -2.9611375825 0.5188338079 
0.7187839779 -2.9625234554 0.5058458102 0.6039277231 -2.9846648651 0.5095406560 
0.6054440606 -2.9933034051 0.5208537079 0.7780601311 -2.9577568188 0.5153476693 
0.6140610330 -3.0010094921 0.5204909880 0.8413521690 -2.9382900044 0.5157753748 
0.7103695049 -2.9651968090 0.5039042176 0.5930146255 -2.9890363557 0.5088429054 
0.6041281853 -3.0002908973 0.5207043208 0.8022800839 -2.9361361182 0.5244487898 
0.5995964373 -3.0013022426 0.5208033030 0.8220907673 -2.9295435439 0.5248954615 
0.7122175124 -2.9677880815 0.5024390390 0.5892336958 -2.9985089309 0.5013435902 
0.6047888040 -2.9971478869 0.5180170718 0.7273913331 -2.9664048197 0.5183397925 
0.5936238944 -3.0009262771 0.5199767250 0.7428444204 -2.9616080220 0.5212897232 
0.6106193471 -2.9953070345 0.5219942148 0.7718591795 -2.9527420147 0.5211376692 
0.7139240828 -2.9631881013 0.5062591709 0.5948262107 -2.9887381127 0.5083531095 
0.7170171137 -2.9613335535 0.5074679542 0.6008973566 -2.9889161018 0.5076228355 
0.7220760294 -2.9525723404 0.5129290638 0.6020758987 -2.9848774322 0.5102166769 
0.7144352866 -2.9624777260 0.5072777328 0.5994152555 -2.9847381303 0.5092773112 
0.5951430175 -3.0097977308 0.5168327018 0.7394419144 -2.9591732092 0.5216640878 
0.5912761901 -3.0110680027 0.5163877615 0.7397059211 -2.9553726732 0.5239083495 
0.6012293148 -2.9981219384 0.5174317220 0.7550164527 -2.9621827687 0.5169463068 
0.6185650553 -2.9944842188 0.5223269847 0.7623302989 -2.9605135513 0.5172621712 
0.5999446168 -3.0062842627 0.5187466498 0.7581109401 -2.9512494101 0.5232849493 
0.5899429570 -3.0207928293 0.5152291556 0.7365778452 -2.9888620710 0.5066986877 
0.6068547583 -2.9944051357 0.5233312537 0.7475461322 -2.9728942628 0.5117251266 
0.7173459123 -2.9634129114 0.5052147565 0.5936734794 -2.9886091964 0.5081240216 
0.7171483324 -2.9625449854 0.5058587997 0.5892186559 -2.9894106476 0.5083035491 
0.7172798898 -2.9577923855 0.5091828576 0.5965376351 -2.9851900563 0.5100530325 
0.7172674559 -2.9591106645 0.5082568118 0.5989636645 -2.9866514865 0.5086190742 
0.5977776657 -3.0044085464 0.5195638556 0.7505600827 -2.9550880638 0.5227385701 
0.7167840138 -2.9559229018 0.5094391492 0.5995356882 -2.9801671357 0.5119997301 
0.7153685056 -2.9641581732 0.5055556831 0.5957782363 -2.9803629576 0.5122090182 
0.6242737378 -2.9887174658 0.5226613670 0.7834430241 -2.9362877470 0.5263425576 
0.5934587693 -3.0110754598 0.5193182644 0.7649480508 -2.9582686071 0.5177639989 
0.5967995663 -3.0153186979 0.5173623591 0.7770120895 -2.9425987132 0.5220213107 
0.6044741438 -3.0039405912 0.5181506748 0.7979966152 -2.9408086407 0.5227767891 
0.5965786463 -3.0205104387 0.5071338006 0.7203697552 -2.9608560464 0.5252173570 
0.5923145590 -3.0140662595 0.5122154074 0.7359231147 -2.9601308713 0.5221431877 
0.6061170930 -3.0028201632 0.5187255996 0.7535209856 -2.9555668245 0.5214853075 
0.6007587119 -2.9981898099 0.5223382740 0.7595625822 -2.9608956917 0.5204821993 
0.5971866859 -3.0022021913 0.5217485320 0.7763126904 -2.9406043514 0.5289288057 
0.6069160097 -2.9849155468 0.5256567355 0.7700471520 -2.9524145953 0.5218527642 
0.5897907705 -3.0162313534 0.5178808355 0.7607279525 -2.9658389681 0.5155117688 
0.7141022764 -2.9591107801 0.5088177096 0.5962693623 -2.9875068277 0.5085729239 
0.7212459398 -2.9586641046 0.5082371412 0.5986591807 -2.9889314562 0.5076435483 
0.7158082068 -2.9626735725 0.5069556830 0.5995024394 -2.9805658107 0.5119603738 
0.7147918356 -2.9643715935 0.5062845010 0.5985954077 -2.9773423798 0.5130632005 
END
