-0.1492116108 -2.1554358570 1.0257756890 -0.1506269612 -2.1555623470 1.1389541410 
16 10
image_id_list 6 18 45 49 50 95 95 6 43 42 42 45 50 77 77 88 
line_id_list 62 258 44 13 93 46 58 79 95 103 139 77 119 73 101 52 
line2d_list
298.0835266113 82.1978302002 293.4345703125 37.1615943909 
55.2076301575 150.4038848877 49.5081405640 125.1108322144 
322.3234252930 261.0373535156 325.3262939453 235.0376892090 
487.4226989746 181.1107635498 496.4668579102 146.5982360840 
279.6384582520 149.0141296387 278.4274291992 118.0223770142 
493.6088562012 286.0610046387 496.3374633789 258.8334045410 
492.4356384277 263.9529724121 490.6076660156 285.8839416504 
289.5828552246 47.0491333008 293.2391357422 78.0896224976 
430.3528747559 305.0712585449 427.4764099121 278.9475402832 
55.7640495300 184.9535064697 39.9514465332 147.8735961914 
38.1781616211 156.3800048828 50.1960601807 182.3717193604 
322.1567993164 240.0157623291 320.3458557129 258.0347595215 
274.8510437012 123.0070419312 275.9879455566 147.0478668213 
720.1673583984 244.0034027100 720.8176269531 211.9759979248 
717.1947021484 217.9960937500 717.0686035156 244.0003356934 
658.1012573242 306.7976684570 652.7174682617 330.7112426758 
node_id_list 4032 4033 4034 4035 4036 4037 4038 4060 4061 9187 12241 12242 12243 12307 12308 12309 
score_list 7.1491581618 3.5303352834 5.2488705523 8.4974851387 8.2046126830 8.5997065614 6.1254572709 7.8067413658 7.2077566033 5.8911634757 6.0565174611 4.8932696531 5.9692637458 6.1032699669 7.1131284473 9.8469976828 
line3d_list
-0.1497550807 -2.1558676859 1.0257684100 -0.1489078016 -2.1540994540 1.1398344046 
-0.1475235283 -2.1538345961 1.0301894434 -0.1520741639 -2.1555564200 1.1362406875 
-0.1562068088 -2.1577939004 1.0262170149 -0.1501916644 -2.1553193764 1.1363668693 
-0.1499967308 -2.1561363476 1.0230431039 -0.1500320704 -2.1552624193 1.1381562129 
-0.1481531423 -2.1542127854 1.0278844447 -0.1511575679 -2.1564435994 1.1343329922 
-0.1432703919 -2.1525777529 1.0323535642 -0.1512870202 -2.1553219694 1.1361118419 
-0.1419994154 -2.1649058985 1.1163119396 -0.1418030585 -2.1644167370 1.0309242658 
-0.1382885679 -2.1609037635 1.1170433268 -0.1396395546 -2.1617024312 1.0381419385 
-0.1343229347 -2.1496030727 1.0339050766 -0.1422110526 -2.1526546940 1.1390626356 
-0.1485902355 -2.1552938400 1.0255027882 -0.1509734248 -2.1551310808 1.1391191937 
-0.1303204258 -2.1529086213 1.1220343690 -0.1330913065 -2.1547928630 1.0408560670 
-0.1240017497 -2.1544328099 1.1163503966 -0.1198488143 -2.1509902136 1.0419227865 
-0.1284495157 -2.1573112526 1.1198522143 -0.1263583925 -2.1551053061 1.0378407169 
-0.1509634930 -2.1563920020 1.0275233139 -0.1545262316 -2.1576754845 1.1366086828 
-0.1447298013 -2.1650574517 1.1182377874 -0.1401537893 -2.1621363062 1.0301457495 
-0.1268958018 -2.1475926650 1.1204015283 -0.1267526540 -2.1471953404 1.0449786510 
END
