0.7314528778 -3.0284571698 0.4438057772 0.7019913108 -2.8675672404 0.4463080633 
11 11
image_id_list 2 56 80 7 77 81 98 43 79 78 95 
line_id_list 109 168 180 121 139 175 218 180 176 173 163 
line2d_list
364.9961547852 371.5427856445 394.9959716797 371.6174316406 
512.6094970703 423.8494873047 536.2173461914 434.7024536133 
456.8613281250 365.2406005859 472.0145568848 373.9747314453 
183.7572631836 189.2090759277 210.4830780029 194.5747375488 
388.6860351562 440.1140441895 410.6337890625 446.2994689941 
308.8072814941 362.0014648438 339.1041564941 359.0800476074 
235.2812805176 400.1890869141 263.0766601562 404.5064697266 
151.9967651367 543.9219360352 177.0779876709 542.8832397461 
21.0000095367 373.9765319824 55.9995613098 373.9920654297 
661.5280761719 389.4545288086 689.6381225586 399.0591735840 
168.8123931885 442.6340637207 190.4016723633 449.0221252441 
node_id_list 2696 2697 2698 4427 4428 4429 4430 12338 12339 13397 13439 
score_list 6.2563388758 3.3427669699 2.3334474260 2.5348903394 5.2311581288 1.4928050336 0.0000000000 4.0836106185 1.8536922350 1.9514838933 3.4884872984 
line3d_list
0.7149832377 -2.9687007694 0.4401771098 0.6948583109 -2.8899237774 0.4372184692 
0.7133322911 -3.0146191432 0.4358705007 0.6979712748 -2.8939675886 0.4389075016 
0.7160804566 -3.0174124566 0.4356657814 0.7049753732 -2.8980700504 0.4420149775 
0.7100999601 -2.9975021571 0.4371857247 0.7130933131 -2.8773822779 0.4507976763 
0.7143054190 -2.9983367548 0.4366806375 0.7043254850 -2.8910859309 0.4423865432 
0.7229827580 -3.0299012568 0.4369304898 0.7088098608 -2.8663950298 0.4512945203 
0.7073468381 -3.0490872197 0.4292599312 0.7210515304 -2.8642049034 0.4545316580 
0.7070815073 -2.9890755427 0.4315936187 0.7264848284 -2.8614001695 0.4648039252 
0.6864310237 -3.0393039097 0.4215097973 0.7148316597 -2.8688093165 0.4525062713 
0.7278897499 -3.0288986603 0.4425636072 0.7155602008 -2.8658889280 0.4513305749 
0.7263216833 -2.9809390478 0.4467053755 0.7063546824 -2.8840912175 0.4468605076 
END
