-0.1296512869 -0.2607653234 0.3138787175 -0.2252295751 -0.2490566953 1.8180571925 
4 4
image_id_list 58 59 79 85 
line_id_list 214 226 163 258 
line2d_list
340.2439880371 450.8957824707 357.2598266602 0.8963857889 
372.4756164551 460.6767272949 386.5965576172 0.9568917155 
709.7941284180 372.0265197754 779.2358398438 0.6701082587 
559.5234985352 309.3661499023 534.2916870117 0.8943467736 
node_id_list 13066 13067 13068 13069 
score_list 3.9658960153 4.9835336527 5.3441945000 6.0012879892 
line3d_list
-0.1304906202 -0.2606598094 0.3138245633 -0.2638184365 -0.2440710739 2.3893931670 
-0.1291799249 -0.2608228870 0.2934204345 -0.2271097771 -0.2486383896 1.8179344649 
-0.1357568721 -0.2584329494 0.3169437271 -0.2398240045 -0.2442782855 1.8648886899 
-0.1329094700 -0.2587202566 0.3038123645 -0.2321675311 -0.2489210705 1.7762662567 
END
