3.2547091766 -1.5599638244 0.3549746519 3.2542518431 -1.5610825403 0.6605978031 
10 7
image_id_list 13 30 54 55 55 13 14 54 52 94 
line_id_list 115 74 114 33 72 141 134 82 10 108 
line2d_list
111.1078567505 572.9721069336 111.7380218506 598.0065917969 
250.7466888428 383.9907226562 250.0955200195 472.0007019043 
11.4251232147 599.1774902344 0.3200226426 563.2099609375 
203.6390380859 468.0551757812 214.4968261719 539.0769042969 
216.6984252930 536.8933105469 206.3200225830 468.9511108398 
110.2634506226 599.0221557617 109.5097045898 573.9846801758 
146.6361236572 598.1007690430 122.5432434082 511.1265258789 
0.2694522142 571.2186889648 8.7019338608 599.3885498047 
246.5549316406 389.9989318848 246.5081176758 453.9996337891 
70.7220764160 79.1385421753 54.5617294312 46.7199821472 
node_id_list 7944 7945 7946 7947 7948 7998 8439 8440 11526 11527 
score_list 0.9927722141 3.4339096969 1.6983841098 3.5538554486 1.9264853891 0.9970195976 0.0000000000 1.6350590408 1.9638494015 1.9819973639 
line3d_list
3.2496272796 -1.5654260013 0.6583863054 3.2498065736 -1.5657160773 0.6021486185 
3.2517708790 -1.5589695743 0.6735784784 3.2515445948 -1.5576267235 0.3732165512 
3.2528669283 -1.5682742875 0.5178976968 3.2528677407 -1.5679588781 0.6335373527 
3.2512331911 -1.5578312863 0.6660125765 3.2515491928 -1.5565195049 0.3517596184 
3.2526868396 -1.5695837666 0.3549364124 3.2523013997 -1.5706338431 0.6568071632 
3.2525572319 -1.5678185644 0.5984512850 3.2525628136 -1.5676690003 0.6547328777 
3.2526559716 -1.5695480150 0.4236058361 3.2526712769 -1.5688531551 0.6541095307 
3.2541057139 -1.5620316417 0.6123685671 3.2542508038 -1.5615728283 0.5223247949 
3.2545549913 -1.5612206341 0.6605977512 3.2507837076 -1.5569061994 0.3493954947 
3.2562911442 -1.5616538338 0.4002908044 3.2554381534 -1.5614063964 0.5191906260 
END
