0.0025475500 -1.6896591264 1.4991143982 0.0008804934 -1.6148253238 1.4980293474 
21 21
image_id_list 0 3 90 45 49 76 14 20 16 84 98 18 50 79 86 38 42 43 46 96 95 
line_id_list 166 157 144 120 76 159 51 166 96 191 120 189 54 109 128 133 18 35 109 95 70 
line2d_list
86.5838317871 111.1919326782 69.5638046265 105.2492980957 
615.9773559570 87.2952575684 600.9819335938 87.0332794189 
227.9647674561 123.4650344849 207.9763336182 122.9843902588 
451.8519287109 159.0363311768 434.9119873047 156.6161041260 
705.7609863281 63.1030235291 680.8474731445 57.7039451599 
436.9902954102 126.2913818359 423.9714355469 125.8576812744 
783.1005249023 20.9129333496 768.1715087891 22.5572834015 
563.9323730469 187.7920227051 551.8496704102 186.7601013184 
658.0250244141 44.1073875427 645.0090942383 44.4013710022 
545.9422607422 87.5358200073 531.9620361328 87.0102233887 
598.7499389648 200.9795379639 584.8455200195 199.2232360840 
143.9977111816 37.1151504517 127.9841766357 36.7974014282 
408.0060119629 6.8369464874 387.9595031738 6.0967082977 
416.9554443359 89.0128021240 400.9424438477 88.3081436157 
460.0004272461 171.8634490967 448.0004272461 171.8693847656 
727.7359008789 223.6643066406 709.8684692383 220.8288116455 
119.1491470337 9.3650941849 95.1083602905 11.9917821884 
557.0810546875 182.8284149170 538.0297851562 183.6726989746 
26.0396518707 156.0868225098 9.0258150101 156.7075653076 
598.8425292969 205.4222869873 583.9147949219 203.7695312500 
642.8955078125 181.7693786621 621.8757324219 178.9151153564 
node_id_list 1099 1100 1101 3378 3379 3380 8254 8255 8789 8790 8791 9152 9153 9154 9488 11983 12174 12283 12525 12526 12744 
score_list 3.0095456329 3.2581418169 3.8441053099 7.8348924150 6.7963992023 4.1604997740 0.9330299407 2.6147733416 1.8126370497 1.4393360562 2.7148756869 3.3408581414 7.5564131611 2.8397583465 1.8777697296 0.9263173794 3.9430481980 5.9994152267 3.6309657905 1.3454564061 4.5042754347 
line3d_list
0.0104051255 -1.6205917481 1.4989808554 0.0231204418 -1.6933700202 1.5002480888 
-0.0067880574 -1.6148181841 1.4984615985 0.0076667776 -1.6819040331 1.4991232521 
0.0009654655 -1.6180409714 1.4981867802 0.0090639527 -1.6807570734 1.4990405214 
-0.0073751670 -1.6209846847 1.4986056274 -0.0038282224 -1.6849999470 1.4996820309 
0.0006570321 -1.6183601858 1.4979896102 -0.0008107259 -1.6829811963 1.4990703638 
-0.0034786193 -1.6207801963 1.4989101001 -0.0013835424 -1.6824059017 1.4998423596 
0.0139782213 -1.6114542835 1.4989949533 0.0090476708 -1.6789708455 1.4998117287 
0.0137540480 -1.6145240031 1.4990320890 0.0092297041 -1.6764781695 1.4997815737 
-0.0058328780 -1.6234541421 1.4962301660 -0.0122467178 -1.6877195932 1.4988411221 
-0.0199240927 -1.6253179574 1.4958861939 -0.0302469806 -1.6903998271 1.4984147934 
-0.0254306673 -1.6241880800 1.4956706835 -0.0214285616 -1.6856094621 1.4984719045 
0.0126124864 -1.6167791458 1.4978904974 0.0069159188 -1.6800780381 1.4986978339 
0.0011169665 -1.6199675208 1.4980783451 -0.0025659986 -1.6835162130 1.4988621315 
0.0107916034 -1.6165538567 1.4987542339 -0.0086231153 -1.6839586583 1.4980123318 
-0.0034551149 -1.6214715662 1.4989205590 -0.0014814254 -1.6795267171 1.4997988040 
0.0076312823 -1.6151293175 1.4990456711 0.0078722844 -1.6816665758 1.4998453476 
0.0006293674 -1.6193240162 1.4980773008 0.0043027335 -1.6796042598 1.4987266653 
0.0030029496 -1.6182724867 1.4979515539 -0.0134605071 -1.6836355167 1.4974860675 
-0.0120745478 -1.6260049706 1.4982978499 -0.0082124841 -1.6853985101 1.4993415462 
-0.0250306716 -1.6303269207 1.4959506552 -0.0209282609 -1.6932877112 1.4988220834 
0.0100581054 -1.6166054750 1.4991266033 0.0068910497 -1.6810064678 1.4999913345 
END
