0.0013970151 -1.6839544315 1.5435843071 0.0011884622 -1.6840619890 1.5982816029 
8 8
image_id_list 18 45 90 43 88 95 49 96 
line_id_list 175 37 90 26 61 22 34 69 
line2d_list
122.3549728394 8.1187191010 125.2688674927 23.9505138397 
438.5577392578 128.9385528564 436.4375610352 144.1997222900 
205.2909393311 91.0511627197 206.5163726807 108.0348968506 
535.3807373047 154.0505523682 536.6850585938 170.0257110596 
799.2506103516 153.0671844482 791.7111206055 181.1906280518 
626.1713867188 146.0252380371 623.5137939453 164.0756530762 
693.6329956055 17.8751754761 685.9931640625 40.3377914429 
584.6166381836 179.9584960938 584.2243041992 193.0367279053 
node_id_list 9143 9144 9145 12277 12278 12279 12512 12513 
score_list 1.7739052292 3.0962310259 2.9663297386 3.5799750680 3.8024339051 2.2107564552 3.8890173471 2.6981574951 
line3d_list
0.0054379557 -1.6831341101 1.5972105573 0.0022493742 -1.6839737330 1.5429129730 
0.0042945915 -1.6834974565 1.5982945562 0.0014248922 -1.6842366671 1.5439997517 
0.0009115279 -1.6845400150 1.5958604480 0.0031938792 -1.6830246552 1.5444912578 
0.0007214049 -1.6846225191 1.5982331193 0.0069510693 -1.6825021748 1.5459080767 
0.0002527545 -1.6848281699 1.6041810981 0.0022095878 -1.6831613783 1.5441133743 
0.0016424533 -1.6835870165 1.5971875914 0.0011325690 -1.6841326719 1.5436977204 
0.0012702259 -1.6836880337 1.5992641414 0.0006092835 -1.6843008772 1.5429940001 
0.0066943874 -1.6827344421 1.5958905656 -0.0018912278 -1.6852796573 1.5435691635 
END
