1.5653310186 -2.8830068641 0.0010096748 2.5924829900 -1.8554923821 0.0002297843 
85 29
image_id_list 7 20 81 84 91 91 7 9 16 9 13 16 16 19 23 23 34 57 60 82 83 83 84 97 97 13 16 21 21 34 44 44 44 44 44 48 54 54 54 54 57 60 60 73 73 73 73 73 73 78 78 80 80 14 21 80 14 19 82 20 21 91 21 60 21 94 94 72 94 94 94 94 91 71 72 72 22 44 70 94 94 22 73 70 72 
line_id_list 19 149 17 94 56 68 57 145 127 162 83 126 155 146 125 150 167 126 136 145 159 164 95 109 121 59 134 147 179 132 93 106 112 132 150 114 96 111 132 135 141 121 151 17 20 40 54 71 86 47 86 44 112 109 153 108 110 153 183 157 120 31 121 111 137 98 103 78 78 89 102 114 47 187 67 113 165 174 165 119 122 186 53 187 95 
line2d_list
0.4674715698 550.8914794922 10.2565202713 502.8485107422 
119.5615844727 599.1751098633 133.0232696533 556.0072631836 
266.3710327148 598.8873901367 258.4695434570 572.8574829102 
110.1615219116 599.0158081055 118.2812728882 515.9297485352 
84.1299514771 265.1944580078 153.7711639404 218.6575469971 
153.9486083984 220.9241180420 86.4407806396 266.6507568359 
12.7905368805 503.1672058105 0.7787918448 559.9531860352 
186.1679840088 599.3237915039 207.2302856445 523.3410034180 
279.5244445801 429.8888854980 271.5768737793 463.9011230469 
206.0138397217 533.7312011719 188.2077331543 599.0566406250 
525.1088256836 467.0770874023 435.1096801758 594.0776977539 
270.7307739258 470.1726684570 246.4118194580 573.0972900391 
269.7688903809 466.1812133789 278.5567626953 428.8955383301 
184.5597686768 462.2073364258 136.0995941162 593.0368652344 
417.0727233887 292.0474243164 361.0229187012 378.0149536133 
357.8351135254 378.8923339844 438.8115844727 254.8769683838 
288.6367492676 455.7404479980 373.9965515137 336.2829895020 
217.2852172852 465.1881713867 146.8753509521 571.9177856445 
316.1992492676 573.0998535156 342.5701599121 549.6409301758 
277.7359008789 426.1732788086 257.9443054199 510.2223510742 
483.1258850098 560.1243286133 444.3735656738 599.3688964844 
443.3118286133 597.3245239258 487.4065246582 552.3989868164 
120.5479202271 515.0512084961 112.6991806030 599.0653076172 
369.9572753906 596.1354370117 375.0690917969 560.0097656250 
376.4762573242 560.0646362305 371.5879821777 596.0798339844 
436.6336975098 587.7402954102 533.7178344727 450.7999572754 
245.3920745850 567.8577270508 268.5504760742 468.8948059082 
209.3358764648 430.4932861328 154.0790863037 468.1161499023 
151.3118591309 467.5333251953 210.8526916504 426.7847595215 
346.0520019531 379.0371704102 320.2284851074 415.1633300781 
461.0022277832 509.9783020020 374.9788208008 501.2077636719 
372.9991149902 499.0090026855 438.0567932129 505.4239807129 
549.9821777344 519.1764526367 473.9508361816 511.4860229492 
630.0386962891 527.6295776367 574.9094238281 521.8665161133 
485.0543212891 510.4750366211 561.0684204102 518.3388061523 
475.8696289062 591.3759765625 534.0465698242 579.2228393555 
583.0031127930 555.0061035156 555.9245605469 568.8524169922 
493.0726013184 599.1398925781 544.6691894531 572.3625488281 
545.2009277344 574.3867187500 497.1774902344 599.3415527344 
551.1856079102 569.3677978516 594.6998291016 547.4053344727 
143.0150756836 573.3484497070 241.5643768311 424.3733520508 
314.1370849609 578.1516723633 290.4833679199 599.5347290039 
288.5740661621 598.5259399414 313.8418579102 575.8239746094 
309.8944396973 422.6794128418 354.0462341309 408.1403808594 
207.5745849609 457.7680664062 303.8363952637 424.5262145996 
306.1071472168 426.3108215332 208.0393981934 460.1142883301 
353.3628234863 410.0561828613 309.9854431152 424.9576110840 
410.6087036133 387.8503723145 474.9797973633 365.9406738281 
498.0152282715 360.0440063477 411.9456787109 389.8430480957 
490.3442993164 599.1461181641 525.3327636719 516.7167968750 
520.8105468750 533.3423461914 493.0673828125 599.0284423828 
126.6590042114 598.5603637695 176.2806396484 560.0725708008 
175.4586791992 563.5872802734 130.0443725586 599.0568237305 
382.7242126465 382.1800842285 347.9577331543 521.9895019531 
146.0303497314 473.0441894531 114.0189895630 495.0276489258 
220.8175811768 527.7655639648 183.0921325684 557.1184082031 
345.5063171387 522.8776855469 383.8916931152 367.9731445312 
131.2641143799 599.0983276367 187.5664062500 447.8385925293 
255.7630462646 508.9435119629 283.8814392090 390.9717407227 
135.0107421875 555.3076171875 121.6516265869 599.1983642578 
213.1683654785 424.7471923828 247.1331939697 402.2006530762 
0.7232142091 321.5871276855 75.5948104858 271.3955688477 
245.8581237793 405.7889404297 214.7833099365 426.6776428223 
343.5679321289 550.6206054688 318.5533142090 573.5119018555 
106.9845046997 497.9774475098 149.0506744385 469.0737609863 
362.1969604492 282.0577697754 456.2668762207 301.7233581543 
454.8286437988 303.8143920898 361.9430847168 284.2704467773 
308.9998168945 93.8881530762 255.9999542236 93.9756011963 
460.2085571289 302.0794067383 534.4747924805 318.9042053223 
512.0523071289 315.7508239746 460.7913208008 304.9945373535 
653.9362182617 345.3060302734 569.8380737305 327.7767639160 
568.1837768555 325.1315002441 672.1817626953 347.1411132812 
76.2416915894 273.3557434082 0.7551291585 324.6395568848 
434.8027648926 330.3320617676 471.0729675293 351.8771362305 
255.0065917969 91.4529266357 309.9985961914 92.1154785156 
369.0099792480 94.4364395142 344.0001220703 93.9934616089 
777.0720825195 391.1349792480 758.0375366211 389.5494384766 
315.0488586426 494.5081787109 278.0169067383 490.8298034668 
612.0474853516 565.9277343750 569.8629760742 538.2085571289 
350.0487976074 281.7649841309 262.8621520996 263.6640014648 
262.8823242188 261.5717468262 353.1742553711 280.1532287598 
756.0499267578 388.1906738281 785.0014038086 389.9773864746 
143.1789093018 482.5238342285 97.0902862549 498.2643737793 
571.4868774414 537.2583618164 665.8597412109 599.2136840820 
101.9990615845 93.2884597778 77.9993133545 93.2103729248 
node_id_list 4271 4272 4273 4274 4275 4276 4361 5787 5788 5830 5831 5832 5833 5834 5835 5836 5837 5838 5839 5840 5841 5842 5843 5844 5845 7695 7696 7697 7698 7699 7700 7701 7702 7703 7704 7705 7706 7707 7708 7709 7710 7711 7712 7713 7714 7715 7716 7717 7718 7719 7720 7721 7722 8400 8401 8402 8403 8819 8820 8833 9684 9685 9686 9687 9697 9706 9707 12456 12457 12458 12477 12478 12988 13383 13384 13402 10334 10335 10336 10337 10338 10359 12500 13365 13401 
score_list 1.6320710936 3.0733554642 4.9368324179 4.2947257943 3.7120306540 3.5248132447 0.6030952202 3.2802142559 4.0167825049 4.2696521850 10.1241680960 7.0709094718 3.8752254346 3.8822636611 9.6049343208 11.7500943481 11.0468292237 7.7047512761 9.5894309663 5.7719235707 11.7238962301 12.5823984923 3.2708584726 9.3445235308 7.4419627660 9.4429256214 7.4560667752 8.6628196044 7.9791202858 8.6111847297 5.6329137043 4.6583070510 7.4152603057 3.9588631353 7.0161222334 4.8952689234 3.9759619074 7.6227108677 8.0242319923 4.9688297211 9.7722711394 8.6908209763 7.9139841005 5.3734600798 5.5321600439 5.5790089138 7.8788224069 5.5634480847 6.5851567530 10.6009844077 7.3113363709 8.0258856174 7.5375478216 9.3455614117 2.4981535621 5.6851862334 9.0324509026 3.4738417925 7.5329367263 1.8233251352 9.2816041571 1.5116705650 9.3381812747 9.5007710108 1.9944422364 2.9599864995 2.9683582550 4.7393469490 4.1986387241 3.9719881244 2.7004437268 2.6394172637 2.5361930564 0.9936766774 3.8378050596 2.5024852044 2.9509918479 1.9791616877 1.8455384113 2.4688105591 2.1856019484 1.9447584777 0.8440254586 1.8474248717 1.6426729262 
line3d_list
1.7631436694 -2.6816158431 0.0010956796 1.6603468726 -2.7839162157 0.0027748779 
1.8641677108 -2.5812720486 0.0023410220 1.6663484583 -2.7778363101 0.0010618214 
1.7764301491 -2.6687970679 0.0069523820 1.6665014027 -2.7781534972 0.0081241944 
1.8799129354 -2.5714746072 -0.0088250256 1.5459918596 -2.9047284185 -0.0080617638 
1.8804495929 -2.5649334123 0.0041462573 1.6731016272 -2.7724865546 0.0021238396 
1.6739140936 -2.7696849329 -0.0062259338 1.8748757950 -2.5641347262 -0.0026754391 
1.6526805773 -2.7906123823 -0.0111441583 1.7755318558 -2.6685713832 -0.0098847372 
2.1453972579 -2.2911334133 0.0233895498 1.6182250939 -2.8071796117 0.0450681253 
1.6964157027 -2.7251585724 0.0264675606 1.8886657700 -2.5344171365 0.0244592665 
1.6302631917 -2.8069975093 -0.0092977352 2.1157118628 -2.3181299964 0.0018920213 
1.6703188110 -2.7634822075 0.0009851078 2.3368507230 -2.0996864728 0.0009065167 
1.9001985814 -2.5347851118 -0.0024441670 2.3402164880 -2.0949723925 0.0021486781 
1.8867136161 -2.5587736465 0.0010489708 1.6732809936 -2.7710566769 0.0027460319 
1.6598071249 -2.7759371876 -0.0040376843 2.3531962180 -2.0835902548 -0.0016006381 
1.9026661716 -2.5321945999 -0.0019355781 2.4747679903 -1.9612256966 -0.0003610413 
2.4935556224 -1.9517491074 0.0070230326 1.5911881251 -2.8530452069 0.0097578029 
2.5468587604 -1.9015669843 0.0005743777 1.8645040686 -2.5814715824 0.0066124162 
1.8966834679 -2.5375459943 -0.0004322133 2.4759523295 -1.9613427718 -0.0016495945 
2.1210908726 -2.3264446778 0.0031652045 1.9644494411 -2.4859114064 -0.0016912668 
1.8874789790 -2.5477207387 -0.0027281869 2.3579871978 -2.0751363786 0.0037472391 
1.9390802130 -2.4949481359 -0.0004032208 2.1896869318 -2.2452441365 0.0008926055 
2.1907583412 -2.2573983889 0.0018650377 1.9008523681 -2.5472301031 0.0026490520 
1.5319917217 -2.9094035844 -0.0153453433 1.8746862523 -2.5657801365 -0.0114574726 
1.8867943214 -2.5592904511 0.0000498627 1.6757381006 -2.7702016448 0.0000695369 
1.6674032855 -2.7695680040 -0.0030356851 1.8810256596 -2.5551903463 -0.0001441457 
2.3229149492 -2.1238824841 0.0030045889 1.5654394449 -2.8822812197 0.0038525821 
2.3277260785 -2.1186931575 0.0037093330 1.9060697024 -2.5402902279 0.0060141621 
2.1384918194 -2.2989645351 -0.0022689760 2.3469843744 -2.0915382506 -0.0026818091 
2.3562456849 -2.0923358791 0.0007127701 2.1312360426 -2.3163081117 0.0031267022 
2.1384365370 -2.2977271026 -0.0017978574 2.3423395470 -2.0950142140 -0.0027233299 
2.1393491017 -2.2960702913 0.0004371483 2.3442319037 -2.0943916236 -0.0023383074 
2.3544487116 -2.0939145410 0.0000316261 2.1996843145 -2.2478991465 0.0019782309 
1.9315930591 -2.5039062892 0.0006002678 2.1094053031 -2.3271402416 -0.0009704901 
1.7464783965 -2.6887221848 0.0002328079 1.8737648560 -2.5617706743 0.0001573097 
2.0888023619 -2.3585575555 0.0013835122 1.9112676663 -2.5364565943 0.0012686341 
1.8775199897 -2.5509274977 0.0124097059 1.7285681934 -2.6986847785 0.0135032334 
1.7736579005 -2.6612405289 0.0011635123 1.8678416318 -2.5672109662 0.0013449970 
2.0729244302 -2.3758908216 0.0001474330 1.9067010306 -2.5413812990 0.0020466154 
1.9064792623 -2.5496208919 -0.0126346411 2.0623123819 -2.3942802369 -0.0140586833 
1.8849629565 -2.5643752458 -0.0001802483 1.7320732062 -2.7188905265 -0.0026444797 
2.4918869880 -1.9561674415 0.0016689512 1.5819994030 -2.8617294413 0.0102939032 
2.1360613665 -2.3002197380 -0.0020311283 2.2577179916 -2.1778645190 0.0000344722 
2.2639363338 -2.1834713756 0.0023884064 2.1334661864 -2.3163436575 -0.0009500425 
2.1187472599 -2.3265814373 0.0026510306 2.0115436234 -2.4225819022 0.0098199563 
2.3503994645 -2.0975655272 0.0007744800 2.1339518749 -2.3141619351 0.0012273660 
2.1241732660 -2.3117221420 0.0001892798 2.3458521973 -2.0925494287 -0.0022030950 
2.0148456175 -2.4206479588 0.0004310180 2.1153783686 -2.3207001785 0.0001012503 
1.8844348284 -2.5649381766 -0.0002079471 1.7285414282 -2.7217744825 -0.0022508735 
1.6669193374 -2.7671526116 0.0026092865 1.8765232191 -2.5587894066 0.0007388678 
1.9927057665 -2.4528451594 0.0063457686 1.5656909611 -2.8796258350 0.0088505623 
1.6494240479 -2.7852710240 0.0009241234 1.9795900443 -2.4556454739 0.0015603274 
2.0472237205 -2.4039731419 -0.0006893379 1.8962553102 -2.5568763451 -0.0032158700 
1.9006275785 -2.5322290391 0.0018943740 2.0380465658 -2.3948741356 0.0027732225 
1.6637617203 -2.7718948060 -0.0054457059 2.4774607199 -1.9560834976 0.0047456020 
2.3739579791 -2.0603214502 0.0025154935 2.4757726355 -1.9595936737 0.0010862343 
1.7338987232 -2.7210778432 -0.0149809878 1.8731092354 -2.5806231198 -0.0127533513 
2.4857002498 -1.9596464653 0.0039192098 1.5647782573 -2.8824497652 0.0069814821 
2.3846651706 -2.0630428447 0.0022590088 1.5793137304 -2.8629780206 0.0140373615 
2.3561846199 -2.0930657954 0.0007817492 1.6439337248 -2.8020108159 0.0078181683 
1.6459979102 -2.7951179807 -0.0141305813 1.8529463382 -2.5858145976 -0.0070187352 
2.1230631205 -2.3001766489 0.0217186705 1.9720809070 -2.4522044068 0.0189042043 
2.0843269900 -2.3297953846 0.0273341461 1.9000188533 -2.5304617142 0.0137145732 
1.9729193178 -2.4922632533 -0.0222413893 2.1139305255 -2.3488880721 -0.0191137666 
1.9533100371 -2.5107492131 -0.0205399710 2.1038170791 -2.3591330039 -0.0192820851 
2.4979880932 -1.9549160957 -0.0037099617 2.3640402831 -2.0871167290 -0.0010622804 
2.3480304704 -2.0981429805 0.0024068882 2.1277698494 -2.3131319726 0.0076536570 
2.1273138685 -2.3079173071 0.0006001843 2.3439316793 -2.0946871527 -0.0023342404 
1.9653017337 -2.4751766652 -0.0031725434 2.1086584824 -2.3330017366 -0.0044647997 
2.1270859960 -2.3279158820 -0.0043659012 1.9506749334 -2.4816073001 0.0120167433 
2.0008964875 -2.4357987345 -0.0007128458 2.1143270910 -2.3216363797 0.0002057426 
1.7004520561 -2.7368567111 -0.0006469074 1.8752294021 -2.5597643171 0.0014060585 
1.8851747203 -2.5610895331 0.0018423497 1.6684367074 -2.7789177707 -0.0008528500 
1.9032648536 -2.5367021188 -0.0026133262 2.0978491191 -2.3437219885 -0.0043673612 
2.0816698512 -2.3555781520 0.0077955840 1.9611599349 -2.4809878758 0.0047695543 
2.1076009787 -2.3293465845 0.0102036796 1.9660856861 -2.4816291730 0.0011040604 
1.8064614468 -2.6440154928 -0.0114082454 1.8695106130 -2.5696211255 -0.0027692527 
2.5377122620 -1.8948032909 0.0034496787 2.5846304198 -1.8476400817 0.0035243285 
2.4838559098 -1.9488588880 0.0034489991 2.5732276405 -1.8604676151 0.0020916507 
2.4817156111 -1.9561948815 0.0005741585 2.5836149606 -1.8521329093 0.0016266414 
2.3567425401 -2.0605230126 0.0199422236 2.5720246919 -1.8519712384 0.0121460986 
2.5918624215 -1.8576698327 -0.0024139413 2.3726988783 -2.0780784952 -0.0022220091 
2.5928416371 -1.8516509717 0.0020377737 2.5209488084 -1.9165511714 0.0086468716 
2.4811362829 -1.9492165599 0.0049639858 2.5825677125 -1.8528119597 0.0009501513 
2.5988220802 -1.8609500391 -0.0115120198 2.3797519851 -2.0830237178 -0.0128759752 
2.5060572317 -1.9253154333 0.0041782544 2.5679320969 -1.8638228341 0.0042294285 
END
