1.5939032554 -0.0925526273 0.9467200409 1.7340888318 -0.0931523721 0.9454803701 
24 19
image_id_list 0 1 8 67 74 93 17 39 46 58 58 66 87 10 11 18 46 10 18 11 27 29 28 68 
line_id_list 143 224 106 179 179 159 96 125 220 178 234 122 192 21 103 62 178 150 241 146 74 58 19 100 
line2d_list
563.6567993164 418.6575012207 587.8508300781 431.2857666016 
721.8823852539 363.3490600586 755.4518432617 374.6587829590 
764.3928833008 514.6118774414 785.7594604492 536.2376098633 
160.9607391357 298.7800598145 205.0503692627 300.9995117188 
703.2792358398 251.4512023926 753.1021118164 260.4337463379 
683.0234985352 193.4937744141 719.0850830078 195.1687164307 
506.9075012207 292.2457275391 520.1348876953 303.8461914062 
784.0846557617 530.9968872070 764.2214965820 512.7587280273 
564.7717285156 428.4023742676 587.5424804688 457.8054809570 
578.9245605469 475.3459472656 554.4003906250 455.7504272461 
554.8374633789 453.2436523438 587.6009521484 475.0974426270 
523.6339721680 99.6917495728 569.1268920898 121.7381286621 
710.5047607422 467.6373291016 758.4789428711 485.4067687988 
705.2742309570 523.2202148438 708.9437255859 501.9902648926 
410.3383789062 447.9698181152 407.2183532715 412.9805297852 
667.9329833984 481.6073303223 641.4951171875 418.7916259766 
583.1031494141 462.8339538574 562.9641723633 431.0226745605 
713.2818603516 497.8328552246 707.6747436523 521.9243164062 
655.9658813477 442.6003723145 670.8154296875 478.4901123047 
411.1858520508 412.9234924316 413.3228149414 446.0437011719 
325.3361511230 457.1023559570 340.9710998535 438.1511535645 
11.7466459274 390.3672485352 55.6637229919 366.3842163086 
22.5483856201 431.7579650879 52.8699874878 409.8203125000 
238.4626007080 189.4137420654 307.8995666504 166.6930694580 
node_id_list 1043 1044 1045 1046 1047 1048 1980 1981 1982 1983 1984 1985 1986 6238 6239 6240 6241 6522 6523 6924 11182 11183 11270 13277 
score_list 5.8870908244 7.4406931826 0.9173099359 10.1129453128 5.4616234022 7.6341509556 3.8881183700 4.4243621230 4.3053094791 3.9807722661 2.9653454051 6.9334372851 4.1961066561 0.0000000000 3.6600841310 2.8740807545 3.4346079322 0.0000000000 3.8463013303 3.6817011824 3.4874300317 3.2307982904 1.7541226446 2.8921088963 
line3d_list
1.6163746398 -0.1038472258 0.9496819509 1.7340648346 -0.1071439506 0.9495357292 
1.6107319343 -0.0962125905 0.9480424878 1.7276553270 -0.0968556294 0.9467960985 
1.5984893269 -0.0908985961 0.9457125715 1.7418501521 -0.0943910250 0.9481954018 
1.6109978134 -0.0948256275 0.9474162196 1.7260191297 -0.0960934993 0.9464753672 
1.6053171630 -0.0929733333 0.9466590813 1.7222750602 -0.0957493339 0.9463699865 
1.6090377884 -0.0930616425 0.9466498847 1.7263034987 -0.0958449491 0.9463600290 
1.6100124989 -0.0912078704 0.9472386995 1.7210431197 -0.0938337387 0.9454936324 
1.7218128043 -0.0977697964 0.9381633920 1.6116689375 -0.0979089675 0.9402861849 
1.5975678645 -0.0908241807 0.9432825594 1.7244644271 -0.0939397488 0.9466056632 
1.7238274358 -0.0967545232 0.9388970240 1.6152125466 -0.0985242261 0.9415985377 
1.6016560998 -0.0904538065 0.9421355409 1.7570914030 -0.0966176445 0.9529895653 
1.6075886657 -0.0917331652 0.9466933012 1.7229880081 -0.0941838714 0.9460259016 
1.6081273814 -0.0921710036 0.9468223145 1.7274411619 -0.0887728755 0.9442941243 
1.7170773152 -0.0977764467 0.9382643176 1.5988494749 -0.0979858695 0.9414124977 
1.7193680421 -0.0977298543 0.9381822157 1.6171412492 -0.0982712911 0.9404235003 
1.7213862607 -0.0967942982 0.9389577419 1.5457685966 -0.0996557023 0.9433257758 
1.7288437753 -0.1022932368 0.9410978896 1.5970898941 -0.0938586240 0.9385949074 
1.5538144765 -0.0896342964 0.9367644768 1.6997659138 -0.0931074700 0.9354660421 
1.6202054932 -0.0914601603 0.9439916159 1.7186631260 -0.0919185059 0.9437301094 
1.6235784069 -0.0915097562 0.9461453296 1.7259869537 -0.0940207501 0.9486718244 
1.6045451606 -0.0952819757 0.9476443538 1.7095698144 -0.1017214650 0.9485411459 
1.6005230775 -0.0939644440 0.9472539949 1.7230005768 -0.0913332767 0.9449286415 
1.5939059859 -0.0982401009 0.9497803791 1.7240069423 -0.0868615975 0.9423249252 
1.6092941813 -0.0865310607 0.9428028573 1.7258142016 -0.0911862765 0.9437444587 
END
