4.0022437068 -1.3128899669 0.0173603313 3.9997952631 -1.3122521467 1.9508520159 
32 10
image_id_list 22 25 25 25 27 27 27 29 29 29 29 30 70 70 70 70 70 22 24 71 24 27 29 70 27 27 29 29 52 70 30 69 
line_id_list 0 0 58 111 0 3 155 5 31 91 118 0 0 3 71 100 128 15 6 119 1 127 160 117 1 146 10 250 0 197 1 192 
line2d_list
373.1678161621 262.0108032227 389.9904479980 0.9349484444 
567.6402587891 566.0007324219 566.5164794922 0.9989727139 
568.2790527344 0.9993980527 569.4827270508 558.9989624023 
564.4726562500 0.9989575744 565.7142944336 564.0006103516 
697.6579589844 251.0142822266 694.2335815430 169.0320129395 
701.3493652344 373.9878845215 697.1574707031 252.9945526123 
695.0977783203 165.0414276123 700.3743896484 279.9368896484 
618.5692749023 293.9473876953 648.4766845703 49.0582160950 
609.5945434570 370.0698242188 615.0060424805 324.0007019043 
625.3339843750 257.9013061523 616.2949218750 318.8955078125 
642.4234008789 112.0509567261 625.0969848633 256.0116882324 
65.0773696899 508.0702514648 26.4605369568 0.9649294615 
401.4983825684 230.0198974609 392.4164123535 0.9834882021 
404.5328063965 294.9680480957 401.7773132324 249.0133514404 
390.3086547852 0.9439216256 399.3968505859 213.0258483887 
395.9839782715 55.0007400513 399.7662048340 136.9646453857 
403.7973632812 249.9601898193 405.6476135254 287.0176086426 
392.1712036133 0.9461994767 375.0906066895 264.0708007812 
799.0968017578 381.0649719238 721.5283813477 496.6835937500 
219.3056182861 21.1522579193 240.9811096191 120.0041427612 
719.4747314453 495.6481933594 798.9545898438 376.9695739746 
700.6815185547 283.9860229492 702.8944702148 392.0021667480 
616.9118041992 325.9851379395 609.3181762695 371.0536193848 
399.9321594238 145.9678039551 403.2490234375 241.9913940430 
694.5905761719 149.9738006592 690.0677490234 47.9969940186 
691.5501098633 31.0167369843 695.6776123047 141.9747924805 
648.3359375000 47.0401535034 653.8416748047 0.9810711145 
638.5222778320 115.9443283081 630.8264770508 181.9797821045 
136.4053955078 468.9927978516 130.2510070801 122.9955368042 
394.3561401367 0.9872422218 396.1117248535 49.9959983826 
28.6528835297 0.9504112601 67.0886077881 506.9932556152 
602.7899780273 176.2031402588 571.7441406250 296.9342041016 
node_id_list 9748 9749 9750 9751 9752 9753 9754 9755 9756 9757 9758 9759 9760 9761 9762 9763 9764 9842 9843 9844 10384 10385 10386 10387 10566 10567 10568 10670 11404 11425 11453 12856 
score_list 6.1739193023 5.4223652364 4.2871542612 4.5368469747 3.4532983946 6.3777178214 2.8677509292 4.5976762270 4.8308586643 1.6223127858 4.2602130599 2.8460368947 4.7815679383 3.8144937118 4.5018054258 4.2440581488 2.5578090544 6.5491881358 3.7419867805 3.4269797602 3.5424402902 3.4250749449 0.9393459142 4.6268636379 2.5471791945 1.8975020242 2.7204734121 3.4018906452 1.3924263479 1.8347177202 1.4391706887 1.6654468955 
line3d_list
3.9961706506 -1.3065822493 0.0261192784 3.9950551947 -1.3067018369 1.0429297665 
4.0024626584 -1.3129884557 0.0048379071 3.9995293764 -1.3122277131 1.9507493669 
4.0049199553 -1.3168604788 1.9508600256 4.0096614516 -1.3190735699 0.0308138469 
3.9931968430 -1.3068842523 1.9506076556 3.9928689192 -1.3068717112 0.0193928606 
4.0026796336 -1.3135590475 0.8669615658 3.9978813033 -1.3096137940 1.3045000015 
3.9876035757 -1.3096086170 0.1661930592 3.9882604848 -1.3089599805 0.8596975467 
3.9918889748 -1.3136442276 1.3251806375 4.0006169866 -1.3220689884 0.7064239545 
4.0006972916 -1.3112924479 0.4857312593 4.0018175978 -1.3136053621 1.6120682739 
3.9890429268 -1.3116042852 0.0807743667 3.9885788877 -1.3110494992 0.3322057086 
4.0009774488 -1.3224222775 0.6699277496 3.9921357172 -1.3143466366 0.3583806889 
4.0023172897 -1.3200413938 1.3472576364 4.0025502798 -1.3203659334 0.6787301923 
3.9793334925 -1.3025907378 0.0359475639 3.9821098566 -1.3043337681 1.7548956700 
4.0016729216 -1.3121142631 0.4141025551 4.0016318571 -1.3131754410 1.3843252387 
4.0043183099 -1.3138424431 0.0711884857 3.9957692827 -1.3100676235 0.3207577368 
3.9854558314 -1.3057334190 1.3865433396 3.9875049995 -1.3064018235 0.5038543939 
3.9974414776 -1.3188806057 1.1834844107 3.9995838565 -1.3210385639 0.8475352813 
3.9973338873 -1.3192052370 0.3149208803 3.9991081493 -1.3209528163 0.1176428207 
3.9852093499 -1.3075654837 1.0445732459 3.9846964432 -1.3075885871 0.0213074244 
3.9878945068 -1.3093213497 0.4733315189 3.9874656408 -1.3097448149 0.0205740068 
3.9765957351 -1.3017919517 0.5841693877 3.9728433102 -1.3004674904 0.0173190027 
4.0083481981 -1.3192250057 -0.0007620232 4.0076920658 -1.3186407899 0.4698009948 
4.0154987777 -1.3248426029 0.6795141708 4.0052325646 -1.3167326148 0.0494102219 
4.0125122286 -1.3220326433 0.3138200739 4.0011826840 -1.3112703478 0.0696906518 
4.0020786497 -1.3201266340 0.8074914323 3.9985704851 -1.3180807918 0.3550873103 
4.0072230493 -1.3155313651 1.4007473449 3.9906399212 -1.3082143368 1.9031112132 
3.9926659016 -1.3178321373 1.9815411238 3.9852515169 -1.3191766597 1.4424682878 
4.0042228256 -1.3121135038 1.6203177341 4.0040967342 -1.3120320738 1.8044113815 
3.9850700656 -1.3048799571 1.3312606920 3.9871465225 -1.3057235598 1.0359523996 
3.9403848992 -1.2880936504 0.1604665205 4.0181541463 -1.3173468239 1.9857803224 
4.0173338724 -1.3200752956 1.3823073588 4.0160054916 -1.3194250842 1.1994822048 
3.9742776274 -1.3072111763 1.7550491119 3.9637628084 -1.3030095752 0.0470965678 
3.9996067506 -1.3121789910 1.6599822712 3.9770308501 -1.3018368551 1.0180791860 
END
