0.1731249079 -0.0497083578 0.0154357549 0.0460357738 -0.1799912289 0.0174204273 
3 3
image_id_list 59 92 74 
line_id_list 215 137 168 
line2d_list
407.2070922852 554.3591918945 469.1967163086 574.3912963867 
580.9527587891 599.1411743164 494.8826293945 570.3508911133 
225.8298950195 401.2401123047 273.8842468262 390.4828491211 
node_id_list 13127 13128 13412 
score_list 0.9921672399 2.6515555348 0.9922694695 
line3d_list
0.0450774859 -0.1790667365 0.0167440150 0.2064835381 -0.0202717308 0.0188639169 
0.2017331596 -0.0203811837 0.0149889975 0.0211848617 -0.2054666419 0.0178085086 
0.0381413346 -0.1852299071 0.0159972390 0.1735402960 -0.0501068579 0.0158759154 
END
