3.8208381134 -0.8820674396 0.8267855947 3.8157085718 -0.6009585292 0.8288505854 
4 4
image_id_list 25 27 70 26 
line_id_list 261 311 204 195 
line2d_list
351.9868164062 366.2370605469 431.1312561035 370.6418457031 
563.0267944336 276.3815917969 615.0511474609 272.7280273438 
222.9711761475 159.9189910889 291.9754333496 158.0791015625 
336.9899902344 270.8745422363 383.0159606934 267.1998291016 
node_id_list 10745 10746 10747 10982 
score_list 6.5586249904 4.3924132085 3.9271070487 3.4341465696 
line3d_list
3.8141387137 -0.6009926370 0.8295941101 3.8151433760 -0.8852350134 0.8292135919 
3.8144469943 -0.6132748471 0.8294421968 3.8152980170 -0.8822343288 0.8282454618 
3.8262718746 -0.5968117541 0.8246220160 3.8323307345 -0.8818238265 0.8221705942 
3.8253645317 -0.5945992797 0.8265518224 3.8249623156 -0.8716175643 0.8265556299 
END
