-0.1043492125 -0.9441241749 1.2247680421 -0.0897021844 -0.9433406773 1.3253365686 
9 8
image_id_list 1 46 58 59 64 4 11 40 59 
line_id_list 158 245 243 208 129 182 197 94 212 
line2d_list
250.1432952881 200.0928955078 251.7707977295 180.0626373291 
221.9815521240 200.0025177002 224.0305328369 214.9958343506 
190.1401824951 238.0151824951 190.4050292969 253.0105133057 
153.8582763672 164.9396362305 155.8377838135 193.0817565918 
276.5426330566 179.1172485352 270.2887878418 208.0623931885 
242.5086669922 83.7975387573 231.7273864746 56.7104835510 
174.4071502686 35.9778404236 175.6640167236 59.0727081299 
163.2474975586 263.9445495605 168.0134277344 285.2209777832 
161.0419464111 164.0001525879 160.9342346191 193.0034637451 
node_id_list 1865 1866 1867 1868 1869 3831 3832 12140 12141 
score_list 7.8507355440 8.1986438828 3.8338813481 5.5080871243 9.2812891246 6.6984402688 7.5513806189 11.2039898910 5.8331895261 
line3d_list
-0.1008344052 -0.9439048179 1.2495001560 -0.0971334148 -0.9447372285 1.3325956248 
-0.0840518808 -0.9427370656 1.2920401580 -0.0994899633 -0.9438950018 1.2324257212 
-0.0898632144 -0.9525191187 1.3006448142 -0.0933252917 -0.9509092347 1.2367277585 
-0.1024901497 -0.9533603945 1.3038434623 -0.1091601487 -0.9507486171 1.2250090621 
-0.1052355026 -0.9414731011 1.2976841191 -0.1155192758 -0.9423485305 1.2248268812 
-0.0868720191 -0.9445099529 1.2583917320 -0.0869854984 -0.9451512971 1.3359648186 
-0.0836049448 -0.9419392214 1.3244376345 -0.1030653706 -0.9436943172 1.2374341476 
-0.1138972204 -0.9406642150 1.3220626174 -0.1148421108 -0.9418962020 1.2439108087 
-0.1126478981 -0.9340411472 1.3062506506 -0.1092050911 -0.9370842487 1.2254204174 
END
