3.1118450959 -2.6871811644 -0.0011918385 3.1114742834 -2.6877932405 1.9990880719 
42 14
image_id_list 22 26 26 30 30 44 44 48 48 48 52 54 55 63 63 70 70 70 71 71 73 73 94 94 22 54 30 30 44 44 48 48 54 54 55 55 89 89 89 89 52 55 
line_id_list 75 163 199 42 201 30 116 48 100 107 151 79 129 52 81 82 217 235 38 58 73 94 28 127 169 133 53 205 18 102 55 92 84 126 110 153 39 49 93 110 204 87 
line2d_list
799.8941650391 53.3371238708 724.0043334961 254.6246185303 
777.1022338867 0.9899308681 771.9206542969 462.9878845215 
774.5718994141 471.9946594238 780.4597167969 0.9932461977 
494.7738647461 229.9776916504 471.7778320312 463.0767211914 
478.8739318848 420.0858459473 496.6555175781 239.0643920898 
383.8779296875 117.9415435791 371.8402099609 348.9916687012 
374.3128662109 352.0165405273 385.8849792480 133.0467681885 
195.5382385254 225.0270843506 210.1478271484 474.0499877930 
210.3079986572 427.9816284180 198.8543548584 236.0086975098 
212.7182769775 477.0178527832 211.0701751709 450.9955444336 
435.2609558105 295.9893493652 432.6395263672 477.9948120117 
224.2182006836 300.3454284668 268.4138488770 528.3074951172 
409.2218017578 507.9754943848 389.2292785645 326.9746704102 
0.3150290847 65.2809906006 26.5327548981 129.1916809082 
29.8617324829 131.0561981201 0.6337181926 59.1488800049 
799.7905273438 333.2312927246 774.7188720703 418.9177551270 
776.1136474609 422.0324401855 784.1026000977 394.0292663574 
785.1469116211 392.0444335938 799.6205444336 344.1876525879 
498.6466979980 0.9594424367 493.2815856934 179.9784698486 
495.5857543945 185.9871368408 501.3307800293 0.9792189002 
5.8825402260 0.5361534357 148.6543121338 272.1817016602 
152.0211944580 272.9888916016 9.2333240509 0.8775655627 
400.8558044434 0.9786102772 402.9564819336 85.0260848999 
405.5314331055 90.0101623535 403.6009521484 0.9869683385 
742.6718750000 213.2536468506 795.8714599609 72.3289794922 
262.9503784180 485.8159790039 228.9083557129 310.0177612305 
517.5527343750 0.8566858172 495.6477355957 222.0641479492 
500.1109619141 205.1098937988 515.0474243164 54.1036033630 
389.9488525391 0.9459788203 384.1922912598 112.9584884644 
387.3710632324 103.0191574097 392.6374816895 1.0329189301 
182.4490203857 0.9736877680 195.2277374268 219.0452575684 
196.9300231934 201.9461822510 185.2965545654 0.9249658585 
177.1623229980 55.1612129211 222.9729309082 293.1976623535 
222.7800292969 277.8495788574 193.4776458740 125.9078826904 
365.4617309570 134.1687622070 384.9831848145 312.1115417480 
385.8586120605 295.9047546387 371.2242736816 163.9751281738 
143.0206604004 49.9990959167 153.0136718750 278.0432128906 
153.2468109131 283.0333251953 162.9362335205 502.0470581055 
155.1122741699 264.9950561523 147.2925415039 86.9871520996 
165.6894226074 502.9695129395 156.3138732910 290.9861145020 
437.5717163086 131.9814453125 435.5064392090 291.0065917969 
385.4689941406 316.9479980469 406.5653381348 507.1591186523 
node_id_list 10034 10035 10036 10037 10038 10039 10040 10041 10042 10043 10044 10045 10046 10047 10048 10049 10050 10051 10052 10053 10054 10055 10056 10057 10339 10340 10920 10921 10922 10923 10924 10925 10926 10927 10928 10929 10930 10931 10932 10933 10985 10986 
score_list 10.8774929234 9.8134118508 9.7017164581 12.4018039803 12.0538306958 8.2325676387 7.6909538596 6.2631784951 6.5359643355 1.4883968075 5.2307838198 6.3420695659 5.7045780300 7.8185596383 7.7176081704 10.2202846861 7.2684120129 8.4592656132 11.7706301802 11.3417286504 7.3349072933 7.7375268526 11.7623367194 10.4180069900 10.0752610159 5.9974294053 6.5799339377 6.3280987213 5.4493785044 4.9596640538 4.5473359423 4.7750126699 5.6595064090 5.3208225632 5.5673884966 4.7850306340 4.6880341708 5.5080997035 4.8791120470 5.7088395560 3.8318964633 6.2278112283 
line3d_list
3.1121133867 -2.6873027525 0.9252572763 3.1117021018 -2.6868439171 0.0225972401 
3.1113328255 -2.6875111196 1.8592386557 3.1115991067 -2.6868213080 0.0229379862 
3.1191794628 -2.6991021775 -0.0259280519 3.1210911118 -2.7001851258 1.8576262518 
3.1119267045 -2.6873187323 1.0655912788 3.1116210695 -2.6868252522 0.0207139989 
3.1016124895 -2.6940017693 0.2298872254 3.1035884965 -2.6950461680 1.0289557032 
3.1124046201 -2.6881318034 1.0698639332 3.1111020937 -2.6859420822 0.0256650869 
3.1047487089 -2.6963243337 0.0093253355 3.1050958670 -2.6963752719 1.0114449616 
3.1027747608 -2.6785188931 1.0685524457 3.1022934258 -2.6775455334 0.0273719608 
3.1030667490 -2.6947683657 0.2293201568 3.1031064953 -2.6929016559 1.0246959564 
3.1070707222 -2.6965454688 0.0025763380 3.1080314964 -2.6967572052 0.1228254474 
3.1113838052 -2.6842528920 1.0788026486 3.1098324344 -2.6828929686 0.0231478669 
3.1089085151 -2.6817935764 1.0621111519 3.1073894781 -2.6804627441 0.0241517440 
3.0990273701 -2.6915158017 0.0092518305 3.1003323400 -2.6923711624 1.0137798890 
3.1118183366 -2.6871343686 0.3274340434 3.1126849099 -2.6888157302 0.0200481864 
3.1046787070 -2.6957932746 0.0081664744 3.1047258511 -2.6952600918 0.3526157550 
3.1126744435 -2.6896150446 0.3923004727 3.1125130893 -2.6894515051 0.0209404844 
3.1212191014 -2.7031569825 -0.0010862347 3.1203826718 -2.7017304936 0.1284562107 
3.1006285722 -2.6910790837 0.1525629607 3.1024195532 -2.6934358752 0.3545111879 
3.1097468754 -2.6852856798 0.8621693104 3.1098499436 -2.6849578036 0.0294995366 
3.1039756126 -2.6962865454 -0.0011960836 3.1053150350 -2.6956350640 0.8627774369 
3.1132894739 -2.6896216321 1.0941378338 3.1131480528 -2.6889905055 0.0164637644 
3.1021580484 -2.6938534983 0.0110826763 3.1027761226 -2.6922113084 1.0927867221 
3.1118924389 -2.6871176205 0.3761391033 3.1120992112 -2.6881267279 0.0155347061 
3.1008460040 -2.6930784543 -0.0030048525 3.1014179879 -2.6923611517 0.3799295335 
3.0970510449 -2.6791068429 0.2418635741 3.0987414808 -2.6804663921 0.8561373692 
3.0894205160 -2.6730590992 0.2368794539 3.0925883624 -2.6761881055 1.0225508196 
3.1113234940 -2.6875352932 1.9235894811 3.1114432352 -2.6872250991 1.0978428328 
3.1038781610 -2.6960803147 1.1665130962 3.1046577653 -2.6964536435 1.7378172682 
3.1116611949 -2.6878422156 1.4931924456 3.1119147454 -2.6880223533 1.0892337301 
3.1050608729 -2.6958061917 1.1279903633 3.1051051526 -2.6951965106 1.4935207207 
3.1031737535 -2.6795521658 1.8442659087 3.1028171171 -2.6787838297 1.0910090380 
3.1049832839 -2.6951501133 1.1527308421 3.1052623926 -2.6954810785 1.8465350026 
3.1051868407 -2.6780915062 1.9997796572 3.1052242883 -2.6769510897 1.0929963355 
3.1041843366 -2.6950281310 1.1516591374 3.1036710006 -2.6935468851 1.7450512123 
3.1051869287 -2.6780888258 1.9976483526 3.1052241766 -2.6769544913 1.0957010318 
3.1055368330 -2.6993110955 1.1767243505 3.1056474553 -2.6984076174 1.8508591299 
3.1032568717 -2.6797849748 1.9990889990 3.1027534388 -2.6783043434 1.0885662436 
3.1027537621 -2.6783631719 1.0668225841 3.1022634622 -2.6773293002 0.0226010982 
3.1050584477 -2.6957524124 1.1415994034 3.1052947952 -2.6956873661 1.8623214612 
3.1048025176 -2.6967418121 0.0066413815 3.1050729547 -2.6961578705 1.0278781897 
3.1300408666 -2.7022442844 2.0005508324 3.1270938239 -2.7012720181 1.1057703518 
3.1325756202 -2.7107710556 1.0624134043 3.1312326494 -2.7096758939 -0.0006424357 
END
