-0.1960835383 -0.8970837382 1.4895057166 -0.2049776807 -0.3793777765 1.4908903996 
41 29
image_id_list 0 45 58 90 0 1 1 3 17 32 39 46 59 64 87 92 93 50 85 10 20 31 45 46 58 76 99 37 59 18 79 18 79 86 19 84 39 64 74 87 93 
line_id_list 241 138 257 153 243 197 196 165 70 116 232 192 201 171 185 82 145 139 115 162 146 73 142 118 144 106 92 61 139 118 102 208 117 88 164 143 208 168 192 148 120 
line2d_list
237.3917083740 161.7658233643 215.3867034912 154.7816162109 
712.0530395508 195.5013732910 659.8987426758 189.9512634277 
243.0272216797 195.1161804199 205.9699707031 193.9747924805 
459.0142211914 125.9978027344 418.9797058105 125.4291915894 
281.2705688477 176.1466827393 240.2705688477 163.1466522217 
331.9961242676 141.1059570312 285.9844665527 139.4256134033 
283.0336914062 138.8094635010 258.9680786133 138.1286010742 
799.0258789062 90.4976654053 765.0187377930 89.9125518799 
311.9521789551 103.7055892944 216.8622589111 119.1520309448 
686.9510498047 189.9433441162 593.9190063477 194.2509002686 
502.0588378906 250.5781402588 473.9089965820 246.6525115967 
273.0536193848 145.6454772949 234.9015655518 148.8150787354 
231.0157470703 100.6996994019 171.9160461426 97.6016387939 
366.0707397461 120.6985168457 299.9567871094 105.1841659546 
208.0083923340 216.7447814941 165.9911956787 217.2181549072 
485.1754455566 46.6676864624 223.0099639893 59.2081642151 
216.9977264404 70.9888153076 166.6389312744 81.2234039307 
750.0084228516 19.6163673401 682.0191650391 18.1254062653 
510.0065612793 73.0387496948 402.8624877930 91.1882858276 
698.1823730469 228.8716125488 624.1760253906 216.9109039307 
799.1237182617 199.9784698486 739.0427246094 196.3016510010 
799.0967407227 216.6513671875 680.9165649414 223.5759887695 
799.1629638672 206.6447753906 715.0564575195 196.5307464600 
361.9358825684 140.9247894287 276.9994201660 145.9900207520 
321.0727233887 199.5953521729 247.9580688477 195.8100433350 
727.0206909180 132.7598114014 643.9770507812 131.3745269775 
629.0787963867 263.8460083008 531.0576782227 257.1553344727 
665.9901733398 163.7055358887 560.9736938477 167.2131652832 
342.1064758301 107.0637207031 238.0910797119 101.3437042236 
476.9940185547 31.6386127472 390.9679260254 33.0633773804 
724.0382080078 99.7253646851 641.9920654297 97.2650680542 
384.0068664551 32.4048805237 344.9841613770 33.0669937134 
638.0112304688 96.6557693481 596.9896850586 95.3164443970 
743.9901733398 166.4561920166 623.9751586914 168.6214141846 
799.0544433594 174.1969299316 727.1137084961 169.3220520020 
781.0134887695 80.7057266235 735.9725952148 81.5655517578 
562.1697998047 259.8652648926 503.8302307129 251.1343841553 
476.2875671387 147.8159027100 371.1727600098 122.2886428833 
26.0965518951 1.4651875496 0.7361758351 6.7289061546 
284.9828796387 216.6832427979 212.0212249756 217.6321105957 
161.9574737549 81.7522201538 141.2250366211 85.3109893799 
node_id_list 1315 1316 1317 1318 1319 1320 1954 1955 1956 1957 1958 1959 1960 1961 1962 1963 1964 3395 3396 6536 6537 6538 6539 6540 6541 6542 6543 8939 8940 9094 9095 9168 9169 9170 9290 9472 11669 12072 12073 12559 12582 
score_list 7.8657544817 8.2412480022 10.5379309528 9.0058652001 4.1908931333 10.0752264964 10.5316428365 3.6282900450 8.9447821960 11.8151323744 8.6047541670 11.7469219667 10.2011386456 13.7627284842 7.3620779170 7.3928431963 5.9045090256 4.7746146030 11.4865966951 4.3987723154 8.1446933399 5.8048577851 9.3583216998 14.3194106947 14.1781725261 10.1810649595 10.5736836276 7.3290165131 12.0023006360 9.7478818900 5.2549966879 8.0309299028 6.6294908860 9.0307355002 2.9136253620 3.7322028333 9.2276146297 15.3013047716 8.1604626150 5.5651075329 3.8864256952 
line3d_list
-0.1719865271 -0.7375498898 1.4925545642 -0.1871835332 -0.8622235036 1.4903779731 
-0.1834322944 -0.7259512726 1.4914325083 -0.2061202032 -0.8972553562 1.4892025056 
-0.1678857617 -0.7345169730 1.4922449663 -0.2161131533 -0.8917375482 1.4886803446 
-0.1856431207 -0.7280089304 1.4914866096 -0.2000153557 -0.8878771862 1.4891216601 
-0.1565640082 -0.4502805851 1.4944812910 -0.1908441182 -0.7029414209 1.4899765127 
-0.1749117038 -0.4399021541 1.4924168030 -0.2014044172 -0.6920414174 1.4887999916 
-0.2038735460 -0.7067700951 1.4906576220 -0.2007886606 -0.8397772684 1.4898012908 
-0.1938891573 -0.7341191557 1.4899290515 -0.1987713933 -0.8847355355 1.4889561651 
-0.1843967309 -0.3918053667 1.4916157961 -0.2081510414 -0.8919059131 1.4886725413 
-0.1975759929 -0.3950121215 1.4910855609 -0.1940065235 -0.8816422974 1.4892690411 
-0.1924534533 -0.7291557806 1.4917495435 -0.1985643953 -0.8851530644 1.4891116282 
-0.1932135342 -0.7379784832 1.4913950776 -0.2231657231 -0.8956375250 1.4881798112 
-0.1975810189 -0.7298035207 1.4904151700 -0.1965375212 -0.8962575620 1.4893895646 
-0.1961484192 -0.7227550406 1.4909173368 -0.1966870643 -0.9007987815 1.4893062877 
-0.1900162645 -0.7296953722 1.4916378306 -0.2025052498 -0.8900971185 1.4891843977 
-0.1984626671 -0.4013979781 1.4928042901 -0.1966998342 -0.8993655674 1.4893139427 
-0.1796249045 -0.4384649109 1.4921312291 -0.2030952701 -0.6899351553 1.4878332252 
-0.2026924247 -0.7280015635 1.4900663959 -0.1962854620 -0.8963110525 1.4893707718 
-0.1821934365 -0.3959762913 1.4921862128 -0.1942355334 -0.8900998675 1.4893892329 
-0.2025174353 -0.3792175738 1.4914776608 -0.2006870248 -0.7234141807 1.4899125361 
-0.1973694747 -0.6640972216 1.4900301841 -0.2027615132 -0.8954611197 1.4892553444 
-0.2160640178 -0.4122410325 1.4905997047 -0.1898331391 -0.8905866738 1.4896808854 
-0.1934752335 -0.4531370743 1.4907794841 -0.1965946123 -0.7148925694 1.4897780802 
-0.2107208011 -0.3794764741 1.4909020978 -0.1912192000 -0.7221644212 1.4891220404 
-0.2065530053 -0.3842544314 1.4906177559 -0.1910668674 -0.7122456224 1.4903380873 
-0.2087798105 -0.3830168642 1.4901694589 -0.1959270658 -0.7216699749 1.4897928719 
-0.2041308712 -0.3842691097 1.4906451402 -0.1747774237 -0.8801285081 1.4907023084 
-0.1927487014 -0.3921718044 1.4910127203 -0.1986716020 -0.8891783834 1.4891113110 
-0.1961257786 -0.3903657686 1.4908207917 -0.1965844609 -0.7093769412 1.4897415564 
-0.2096703819 -0.3790633850 1.4906749316 -0.1665900165 -0.7114840440 1.4910294247 
-0.2008666196 -0.3915762549 1.4913570052 -0.1779097920 -0.7160181514 1.4899255634 
-0.1893945162 -0.7404098214 1.4914131876 -0.1977416550 -0.8947882925 1.4888986115 
-0.1738205621 -0.7326699933 1.4919267303 -0.1828040803 -0.8942668476 1.4905109717 
-0.1802730924 -0.3847759155 1.4924132117 -0.2010247818 -0.8873147372 1.4887240270 
-0.2013098650 -0.5820684555 1.4897428870 -0.1957212430 -0.8922038067 1.4899350812 
-0.1809267635 -0.7315760362 1.4912236402 -0.2088471829 -0.8930601496 1.4893941043 
-0.1975806290 -0.3904037309 1.4912226309 -0.1980302958 -0.7179817933 1.4898248183 
-0.1998536949 -0.3926972290 1.4909264572 -0.1947344193 -0.7086688681 1.4899548587 
-0.2109490209 -0.4242676616 1.4905777766 -0.1879804246 -0.5231324688 1.4905105433 
-0.2066928953 -0.3897416987 1.4914728521 -0.1784013986 -0.7176201491 1.4886465925 
-0.1786749516 -0.7334607723 1.4910488389 -0.2086659368 -0.8083331856 1.4900271335 
END
