0.0360464482 -3.0894328064 2.0460800409 -0.0112877504 -1.0257260344 2.0503497873 
31 22
image_id_list 0 17 32 39 0 8 32 17 45 58 9 31 33 57 98 9 10 58 87 37 86 86 19 20 96 31 38 85 40 33 40 
line_id_list 147 57 19 121 226 176 176 160 152 275 13 140 27 28 152 90 86 151 183 121 151 154 2 137 118 21 84 79 31 121 4 
line2d_list
192.2590637207 0.5217052102 250.0852050781 31.8427028656 
0.9520739317 23.6212539673 159.0774841309 3.6122846603 
244.9901885986 110.8643875122 566.8958740234 87.5615234375 
190.9620208740 92.2376327515 469.2055053711 136.7144012451 
248.0535888672 33.9012756348 186.3299713135 0.3921847641 
508.1227111816 135.4190826416 460.9060974121 125.4445190430 
567.0259399414 90.3619384766 247.0225219727 113.3139190674 
159.0511016846 6.4031271935 0.8053522110 26.4646110535 
651.0010986328 10.9751338959 574.9736328125 7.5918521881 
170.0862884521 51.1888732910 105.8557510376 44.3559989929 
452.0110778809 158.1283111572 633.9492797852 142.4128112793 
632.0342407227 104.2004470825 581.9586181641 112.7579879761 
354.4473266602 143.3646697998 694.1903076172 51.7054557800 
488.0331115723 72.0841903687 799.0242309570 83.3290710449 
769.0053710938 71.6972427368 701.0016479492 72.2183914185 
417.9971923828 160.9665679932 447.9551391602 158.4631652832 
233.8673706055 57.4407615662 575.0142211914 88.8452377319 
0.9196110964 30.7737064362 171.1598205566 48.4618453979 
0.8850952387 34.8816261292 139.1432037354 52.9012107849 
528.0660400391 50.8536338806 477.0619201660 54.8001213074 
533.0062255859 46.0893592834 424.9752807617 53.6465492249 
592.0618286133 41.9018096924 536.0507812500 45.7409744263 
403.0026550293 54.0842628479 702.0208740234 44.6624031067 
711.0050048828 62.1379013062 539.9755249023 68.3223571777 
780.0516357422 49.6942367554 703.0312500000 55.4203376770 
283.2813415527 159.7416687012 632.1651000977 101.9973907471 
712.9972534180 73.1144256592 799.0197753906 75.1741561890 
0.7906367183 15.7295236588 93.8988342285 0.3861192465 
67.1341247559 49.9437294006 0.9084488153 59.3558235168 
694.1059570312 54.3907814026 637.2211914062 69.8156433105 
0.8514708877 55.9261474609 67.1054382324 46.7622909546 
node_id_list 1049 1050 1051 1052 1287 1288 1289 4950 4951 4952 5220 5221 5222 5223 5224 5538 6399 6400 6401 8933 8934 8987 9228 9458 9459 11647 11648 11727 11781 11817 11818 
score_list 2.9764505939 4.6968062595 4.3877455109 7.1519996874 3.4034761818 3.3851082177 4.0020158339 3.2103571836 5.8710552217 5.4977782106 2.7652302076 3.6597307992 4.7093910682 4.3816594649 4.7540444796 0.9565572661 2.7844221688 3.9481184750 2.8567779584 4.7389979952 2.8081303961 4.4673041074 2.4108055696 6.0738165711 3.5624518592 3.5199494734 1.9077720775 1.8554570229 3.6430252063 4.3080204654 2.9387223574 
line3d_list
-0.0041955767 -1.3279970818 2.0499528674 -0.0043419892 -1.0208865806 2.0500597079 
0.0122558031 -1.7075290048 2.0480945977 0.0089979472 -1.0316859124 2.0486390439 
0.0457319770 -2.7944828112 2.0453972435 0.0076426382 -1.0313476537 2.0490716165 
0.0116873604 -2.4389589073 2.0483046862 0.0061547904 -1.0309432700 2.0491940083 
0.0129706450 -1.0405554318 2.0350871813 0.0253834054 -1.3711146533 2.0341438594 
0.0151736528 -1.0250872088 2.0349344832 0.0194631491 -1.2698435041 2.0331980288 
0.0176369412 -1.0311694301 2.0340468413 0.0113602035 -2.7981989833 2.0348205006 
0.0062314549 -1.0348049634 2.0373132298 -0.0017862254 -1.7148983513 2.0378433776 
0.0074897545 -1.0291648769 2.0369887042 0.0073214883 -1.2709168119 2.0364568113 
0.0182729222 -1.0316021687 2.0346704529 0.0257609327 -1.2642470860 2.0341044421 
0.0098496744 -2.2021911131 2.0493107732 -0.0210749746 -1.0436426951 2.0526003841 
-0.0106190951 -1.0374731684 2.0389462678 -0.0117952014 -1.2782784928 2.0388089362 
0.0415810964 -3.1863018006 2.0453531748 -0.0121310758 -1.0379212846 2.0506795856 
0.0075367025 -2.9442664241 2.0490027244 -0.0070902164 -1.1469967003 2.0501570972 
-0.0055383216 -1.0301468108 2.0385876157 -0.0031565336 -1.2741369960 2.0381914692 
-0.0241797757 -2.4922528679 2.0534435171 -0.0152841769 -2.2487270558 2.0519897216 
0.0087232741 -3.0900653574 2.0489090788 -0.0080188409 -1.0328927804 2.0502303853 
-0.0078225595 -1.6317570312 2.0501571480 -0.0090353848 -1.0292499561 2.0504428157 
-0.0143906820 -1.4274925650 2.0510209021 -0.0174833604 -1.0183931351 2.0512578739 
-0.0086378466 -1.0354230692 2.0386139462 -0.0055405386 -1.2746225782 2.0377558872 
-0.0101710178 -1.2854489358 2.0383821800 0.0035375148 -1.7762363701 2.0374983830 
0.0083735374 -1.0338387256 2.0367401562 0.0023527009 -1.2704411643 2.0377926017 
0.0205774100 -2.7456980584 2.0485724155 -0.0097304273 -1.0350344925 2.0501601773 
-0.0106087482 -1.0353546670 2.0389474760 -0.0142484406 -1.7805741114 2.0385224762 
-0.0041176379 -1.0306577145 2.0392646211 -0.0004068982 -1.2713251180 2.0381719505 
0.1138536343 -3.2514870837 2.0401244938 -0.0326930269 -1.0447932444 2.0523403568 
0.0089243574 -1.7695744481 2.0482772229 0.0065961095 -1.4781901722 2.0479441531 
0.0308638890 -2.4341386554 2.0463369328 0.0329163503 -2.0605669939 2.0460220903 
-0.0027955872 -1.0329657407 2.0389822363 -0.0027784525 -1.2473304911 2.0387039450 
0.0120711999 -1.0264305780 2.0358483787 0.0069666203 -1.2684777207 2.0366171385 
0.0054411781 -1.2395005286 2.0475111272 0.0045665768 -1.0268218029 2.0470923961 
END
