2.1476079077 -3.0197430796 1.1103204714 2.4079923725 -3.0278500457 1.1105629709 
12 12
image_id_list 13 56 14 19 55 16 78 89 30 44 54 48 
line_id_list 130 182 143 206 143 186 152 138 197 179 125 118 
line2d_list
431.8836669922 200.2982788086 372.6424865723 194.9900665283 
61.8346214294 307.7340393066 0.7021563649 315.7200012207 
232.3042297363 178.9466400146 173.1853637695 188.1860504150 
35.0768432617 249.6377563477 0.7320210934 253.7758636475 
587.0037841797 298.5458679199 542.9819335938 298.1819152832 
93.4447097778 240.5489654541 30.9984054565 258.4775085449 
395.0006408691 263.8648071289 331.9832458496 263.5689086914 
391.7154846191 290.5810546875 342.8579406738 281.7894287109 
774.0467529297 249.7069244385 709.1036987305 239.3498840332 
650.7558593750 153.9218597412 591.4158935547 138.2054901123 
471.0773315430 255.1590423584 417.9136962891 258.7068176270 
466.9253845215 225.6808319092 409.7355957031 219.4120635986 
node_id_list 7982 7983 8453 8454 8455 8841 8842 8843 11637 11638 12504 12722 
score_list 2.6878727930 3.5043863990 4.5400801544 0.9732796329 3.9700809649 2.2812972966 1.5653119684 10.4980960832 3.3820196329 6.5610838017 5.0815074581 5.3926016508 
line3d_list
2.1461810622 -3.0439057435 1.1034056161 2.4111217711 -2.9912602218 1.1216512670 
2.1603321770 -3.0394718380 1.1057529527 2.2979312324 -3.0030084846 1.1151138125 
2.1565567994 -3.0171050396 1.1080782934 2.4388289050 -2.9929230653 1.1216876116 
2.1489665501 -3.0407925487 1.1051666283 2.3062588715 -2.9928598577 1.1165579464 
2.1480811603 -3.0044806421 1.1124005632 2.3685047434 -2.9966928043 1.1140697370 
2.1539735830 -3.0243194533 1.1069333028 2.4018908429 -3.0270604156 1.1153833259 
2.1549908265 -3.0294827359 1.1057967550 2.4080914576 -3.0244991756 1.1161925026 
2.1488946361 -3.0234824486 1.1093680659 2.3807865383 -3.0257662026 1.1112903458 
2.1566117092 -3.0059313095 1.1127927358 2.3792590170 -3.0107416632 1.1131097517 
2.1437931788 -3.0181483688 1.1108605320 2.3833527745 -3.0283291923 1.1105745083 
2.1615033583 -3.0291824489 1.1090754282 2.3826052845 -3.0189237903 1.1110827865 
2.1559428914 -3.0274115506 1.1088660674 2.3710832894 -3.0024145180 1.1145866910 
END
