1.3262031031 -0.3331847625 0.6293026631 1.2844367193 -0.4613674306 0.8396091852 
4 3
image_id_list 1 12 93 93 
line_id_list 144 195 45 150 
line2d_list
591.2614746094 382.9228820801 605.2131958008 430.2320251465 
624.5548706055 225.7208251953 616.7167358398 210.1425170898 
585.9324340820 301.2130432129 552.2561645508 239.3165588379 
558.9252929688 249.0422515869 584.0889282227 293.5155029297 
node_id_list 1849 1850 7217 7218 
score_list 0.5752523303 2.9722401554 1.3272977599 0.5682303213 
line3d_list
1.2897666985 -0.4634553550 0.8393951083 1.3313515307 -0.3335168632 0.6266642424 
1.2932364475 -0.4191754482 0.7733820369 1.2844147141 -0.4520865549 0.8262268599 
1.3277510101 -0.3023646646 0.5838807710 1.2722471563 -0.4868845543 0.8838212991 
1.2866261547 -0.4641226782 0.8422601328 1.3315322441 -0.3352723586 0.6290886198 
END
