0.0143522628 -1.0206324847 0.2977200565 -0.0089841348 -1.0193381942 1.9954154936 
14 14
image_id_list 1 64 4 11 12 47 92 6 58 87 15 31 57 82 
line_id_list 114 120 116 115 37 134 10 80 25 29 26 79 90 73 
line2d_list
251.9213562012 178.0578918457 262.1033630371 16.0064945221 
280.0892028809 5.0153565407 272.6990661621 47.9481964111 
276.2081604004 168.5145721436 245.2613067627 91.4932098389 
154.9749755859 286.9392395020 146.1768493652 0.9330358505 
315.1094665527 95.1143646240 309.4109497070 0.9146462083 
86.3028259277 192.3948822021 42.2239761353 2.9478871822 
204.6820831299 465.2975769043 163.0236511230 0.8185024261 
700.7246093750 339.0798339844 795.8696289062 0.4015127420 
167.0249633789 525.1566162109 175.2145690918 1.0033525229 
150.8802490234 396.0707397461 139.9981384277 70.0000610352 
459.6979980469 236.9578094482 453.8330688477 0.9544466138 
644.2950439453 474.9704895020 634.2277221680 32.9492607117 
729.2059326172 456.6043395996 800.4906616211 196.4083862305 
739.4918823242 302.2356567383 767.9890747070 0.9043984413 
node_id_list 1774 1775 3769 3770 3771 3772 3773 4062 6882 13042 8566 8567 8568 8569 
score_list 7.8533013164 1.6738220303 7.4726859643 4.2320814483 7.5929869779 9.6711997220 6.2685215547 3.9578923967 2.6000557733 8.4904700230 6.0280087233 6.3908207212 3.0008271433 2.7887935788 
line3d_list
-0.0081238636 -1.0140160228 1.3569364691 -0.0060729920 -1.0143337734 1.9508435425 
-0.0027890162 -1.0175008320 1.6709071535 -0.0031695789 -1.0174012339 1.5795177915 
-0.0011966054 -1.0173503597 1.0285879698 -0.0054480366 -1.0167737877 1.2566307771 
0.0122116227 -1.0233257447 0.2992152010 -0.0049870063 -1.0192952538 1.4437673332 
0.0068286818 -1.0218978960 0.8496704300 -0.0010376349 -1.0199711136 1.2090753100 
0.0033843600 -1.0214961111 0.8553798374 -0.0013833890 -1.0191537732 1.3329825279 
-0.0019404273 -1.0182850734 0.8019325096 0.0016100594 -1.0206624913 1.6219361705 
0.0030213296 -1.0189672075 0.7794162380 0.0033322225 -1.0182565452 1.3654086056 
0.0200566373 -1.0319563245 0.0702462413 -0.0166802440 -1.0156866383 2.2327947850 
0.0200064089 -1.0253012894 0.8571715643 -0.0163032240 -1.0176750564 1.9953136180 
-0.0138638157 -1.0346937669 0.3004340363 -0.0103344054 -1.0223078941 1.4501584737 
-0.0045406830 -1.0268071170 0.3193898415 -0.0032765463 -1.0158571457 2.3452851778 
-0.0053651621 -1.0272233463 0.2974540469 0.0021349680 -1.0179005339 1.5666561120 
-0.0360745936 -1.0361832352 0.2876358117 -0.0023720873 -1.0187541529 1.7400147142 
END
