1.5871971001 -0.1223740830 1.1204636342 1.5791474098 -0.1280662894 1.2087242219 
8 7
image_id_list 1 66 87 74 93 68 68 69 
line_id_list 170 88 176 68 207 199 200 348 
line2d_list
725.4338989258 318.1975708008 728.6185913086 295.0852355957 
512.9085693359 16.0328655243 513.4543457031 0.9440891743 
701.9273071289 403.0020446777 702.0109252930 365.0022277832 
707.7775268555 192.1073608398 715.8234863281 133.8375396729 
677.2282714844 146.0536346436 675.4108276367 119.9019546509 
202.4757843018 0.6922759414 214.6491546631 59.0731582642 
207.9406433105 42.2433853149 198.3916320801 0.6802757382 
45.4048500061 241.9671783447 44.4639053345 259.0256042480 
node_id_list 1900 1901 1902 13269 13270 13353 13354 13355 
score_list 3.4687500023 4.0826226707 3.5119557348 4.7203138837 4.0208678129 2.4531701269 2.5247552902 0.9719247074 
line3d_list
1.5883917885 -0.1254197807 1.1218430148 1.5794272415 -0.1300965421 1.2069477333 
1.5820946968 -0.1194242859 1.1229755457 1.5797846517 -0.1188226613 1.1502952330 
1.5908010314 -0.1278441950 1.1143039781 1.5848925499 -0.1329587977 1.2089326664 
1.5828150098 -0.1196118832 1.1144567831 1.5708767457 -0.1165026999 1.2556443462 
1.5882871381 -0.1252133069 1.1203799391 1.5795331303 -0.1303704122 1.2090393073 
1.5843094719 -0.1288060698 1.2007367998 1.5875547896 -0.1272610168 1.1341359979 
1.5843043212 -0.1239940615 1.1538292758 1.5798184089 -0.1276678992 1.2012539251 
1.5810992275 -0.1262808766 1.2013526039 1.5842450012 -0.1249602259 1.1593962318 
END
