3.9972606585 0.5015910229 0.1886963210 3.9995304320 0.5027107021 1.9986096665 
8 8
image_id_list 25 26 27 28 29 68 69 70 
line_id_list 115 202 171 246 123 43 24 150 
line2d_list
71.2791061401 41.1303634644 155.0157470703 504.1779785156 
138.1808624268 87.2082595825 209.0571746826 365.9854736328 
346.5301208496 84.0724105835 383.5163574219 324.0745239258 
199.0058746338 34.9980201721 293.0449523926 313.9848327637 
266.2277221680 0.9346691966 282.6248168945 309.0731811523 
700.8289184570 0.7726841569 673.0263671875 144.0051116943 
293.5698242188 57.9357833862 249.5547943115 352.7842712402 
-0.1611393392 194.4017486572 32.9241027832 290.0262451172 
node_id_list 10673 10674 10675 10676 10677 10678 10679 10680 
score_list 5.8007669787 3.9545482435 4.9849679632 3.9472377789 3.9177593882 3.8881220757 3.8993857407 2.7255233253 
line3d_list
3.9999071303 0.5028714501 2.0014754054 3.9978762594 0.5020326452 0.0329679703 
3.9959943663 0.5015426261 1.9923687986 3.9944679442 0.5008882875 0.1982254235 
4.0004857217 0.5030677244 1.9998891164 3.9981531462 0.5021668949 0.5633013598 
3.9968429189 0.5018308342 1.9947250787 3.9928094817 0.5003246227 0.1887026866 
3.9919509999 0.4988136507 1.8248138125 3.9916957610 0.4989907361 0.2055197038 
3.9960804420 0.5000667256 0.7891277465 3.9953393331 0.4996964748 0.2016202972 
3.9912566744 0.4983010389 1.9986227704 3.9898492927 0.4977210563 0.2369833237 
4.0012988454 0.5047767123 0.6369232242 3.9952742362 0.4996667939 0.1442209821 
END
