0.9775731672 -1.1022822168 0.0036174875 1.1089996665 -0.9709253716 0.0041157303 
9 7
image_id_list 11 18 65 65 79 84 66 66 81 
line_id_list 204 280 105 127 166 233 119 184 105 
line2d_list
84.3530120850 534.7075805664 56.2571220398 500.7870178223 
287.5122070312 569.5244140625 260.5160217285 540.4494018555 
124.3443069458 536.8250732422 156.1479339600 599.4328613281 
158.5061645508 598.7400512695 133.3739013672 549.8079833984 
541.9445800781 599.0673217773 519.9992675781 581.0009155273 
630.7772827148 578.3035888672 607.6134643555 552.4503784180 
152.9998779297 457.1281433105 89.9999389648 457.0698852539 
88.9993133545 459.7294006348 155.0001983643 459.7912902832 
799.0753784180 544.8760375977 761.5664062500 522.0684814453 
node_id_list 6973 6974 6975 6976 6977 6978 9199 13249 13458 
score_list 2.9357550565 1.9174326691 1.8900265540 2.9779146389 1.9446298679 0.9787199417 2.7033728148 1.6288874398 0.9768400593 
line3d_list
1.1191353650 -0.9600946597 0.0037601732 0.9862784606 -1.0941459211 0.0044543818 
1.1090068749 -0.9709333265 0.0043115231 0.9910303520 -1.0878512014 0.0032218868 
0.9553165318 -1.1298406212 0.0135262525 1.0748867981 -1.0109008216 0.0139172364 
1.0698429095 -1.0100833432 0.0042214953 0.9769747974 -1.1028319122 0.0039384050 
1.0565060996 -1.0229629924 0.0038266237 0.9870707384 -1.0917752839 0.0031853156 
1.0875054357 -0.9870104009 -0.0000986297 0.9991417312 -1.0813906646 0.0045672197 
1.1074687069 -0.9726258166 0.0019128497 0.9803054731 -1.0995099965 0.0038581134 
0.9807569385 -1.1054428617 -0.0029246331 1.1145598490 -0.9724458545 -0.0043141455 
1.0918436110 -0.9859207453 0.0025253236 0.9810393368 -1.0914819332 -0.0019185695 
END
