3.8048156339 -1.1031483891 -0.2299907152 3.8067305730 -1.1022246560 2.1783697052 
9 9
image_id_list 22 24 26 28 52 70 27 29 69 
line_id_list 100 32 303 348 14 241 76 90 150 
line2d_list
364.7590026855 313.9858093262 380.6358337402 44.0962295532 
652.2882690430 563.5485229492 799.5744628906 331.3644104004 
450.8184204102 450.0267333984 384.6329040527 0.4651537836 
540.1914672852 389.1632080078 461.6837158203 0.2563784420 
109.7355346680 482.0056152344 99.9835586548 22.9791049957 
362.7749633789 368.9379272461 333.2927246094 0.8163792491 
665.6245117188 410.9212646484 647.0126342773 26.9509162903 
563.7914428711 387.1723632812 600.9693603516 0.8046052456 
481.6629638672 511.1503601074 597.4550781250 0.6495864391 
node_id_list 10168 10169 10170 10171 10172 10173 11184 11185 12866 
score_list 6.5651929182 6.5063068273 5.0086417534 4.9433918665 1.7945258160 4.3623455057 5.4155291184 4.2032532224 3.9718081901 
line3d_list
3.8124622798 -1.1096044086 -0.0555809155 3.8117697718 -1.1091889810 0.9613553724 
3.8134717200 -1.1093506504 -0.0815530653 3.8135326648 -1.1088496058 0.7400927990 
3.8134531293 -1.1095034899 -0.3321892054 3.8136393473 -1.1079725377 2.1783664165 
3.8150185636 -1.1106838567 -0.3477105157 3.8112758077 -1.1064530878 1.8069041562 
3.8069406349 -1.1030627955 0.1656235784 3.8091717107 -1.1022878614 2.4010923719 
3.8101081629 -1.1069309775 -0.2233451501 3.8105330029 -1.1061595229 1.4136292448 
3.8000016070 -1.0992062925 0.0334236514 3.8007787612 -1.0984642944 2.0219540651 
3.8017062846 -1.1004741004 0.0429045376 3.8030429680 -1.1003077485 1.7947684204 
3.8301566386 -1.1015413145 -0.2300114808 3.8324917348 -1.1006353684 2.4527823045 
END
