0.5563645410 -2.9135413042 0.4441707888 0.7380863942 -2.8712997707 0.4503504173 
28 19
image_id_list 7 43 45 77 79 91 91 38 51 51 53 56 80 84 88 95 41 49 72 53 56 63 89 89 80 88 72 63 
line_id_list 133 183 192 147 219 38 93 205 57 120 161 176 146 259 146 149 67 141 87 106 130 80 89 127 110 75 55 51 
line2d_list
211.1932220459 194.2409667969 229.4694824219 179.5854797363 
177.1730499268 543.1212768555 191.9809417725 521.9866333008 
0.9166259766 405.7471313477 31.5437278748 395.6491088867 
412.2488403320 446.2641906738 430.7705078125 428.8180236816 
56.4958038330 372.5425720215 67.4798889160 360.4353637695 
462.8422546387 76.9682464600 429.9984436035 81.9897689819 
427.9661254883 84.7351760864 463.1579284668 80.2348556519 
351.1627807617 419.2485351562 364.3850097656 410.5877990723 
481.0737609863 400.3963928223 450.0321350098 406.1727600098 
446.1832580566 409.1505126953 484.0197753906 403.1241455078 
397.0421752930 428.9173889160 434.0100402832 427.2184448242 
536.0069580078 435.0153503418 558.3808593750 424.8371887207 
471.9506835938 374.6056213379 499.8889465332 371.1118469238 
242.7125396729 333.6770629883 253.2580108643 324.2898559570 
311.1153564453 414.2051696777 344.1003112793 411.0479736328 
191.0982055664 449.1520080566 213.4568328857 434.7070922852 
109.5045700073 444.4732666016 145.4035644531 432.1783447266 
110.2712402344 336.4966430664 134.6465759277 323.1838684082 
699.0341186523 106.5023574829 739.8941650391 122.2742156982 
430.0891113281 423.9971313477 401.0529174805 426.5921325684 
557.8678588867 421.7204589844 538.4741821289 430.8876037598 
544.9688110352 60.1339111328 587.9888305664 60.7633018494 
793.2025756836 560.8161621094 753.0104370117 553.9391479492 
750.9448852539 556.3070068359 793.9942626953 564.0319824219 
495.9418640137 368.6278686523 473.0321655273 372.2059326172 
343.9651489258 407.7358703613 316.9085693359 411.3072814941 
742.0736694336 119.8056793213 700.9219360352 104.2058563232 
585.9835815430 57.3280830383 552.0039062500 58.1590881348 
node_id_list 4445 4446 4447 4448 4449 4450 4451 12013 12014 12015 12016 12017 12018 12019 12020 12021 12152 12153 12758 12814 12815 12816 12817 12840 12937 12938 12957 13197 
score_list 3.2914461830 4.8161290283 4.3629567650 8.5512730293 3.2976773330 6.8135464516 6.7912951770 4.4652303389 4.9338520929 4.6593829711 6.7283707896 6.1342395386 3.6031319193 1.9111088903 7.5859462764 5.8262328297 1.6993872689 3.4425068757 4.5863332321 6.2710602083 5.7427614462 4.7652092371 4.7721741554 3.5330517961 2.7208081363 6.7267661102 4.7414569439 5.9401607786 
line3d_list
0.7227010616 -2.8644059881 0.4595452267 0.5942048991 -2.8996902136 0.4500202214 
0.7092274458 -2.8772040981 0.4497469010 0.5793309515 -2.9090214516 0.4430518574 
0.7589414712 -2.8510481857 0.4636810283 0.5746646733 -2.9147594321 0.4390732913 
0.7074511590 -2.8785154505 0.4486670980 0.5833531702 -2.9033261240 0.4485712441 
0.7109380682 -2.8686915885 0.4567399217 0.5713980620 -2.9160171012 0.4385720244 
0.5845136465 -2.9079874064 0.4573231956 0.7028575660 -2.8836393566 0.4568509684 
0.7095348091 -2.8803190196 0.4486883457 0.5798095312 -2.9135394222 0.4409486463 
0.7207304504 -2.8639970622 0.4572775928 0.5937358849 -2.8990209968 0.4497703039 
0.5874675673 -2.9012483437 0.4604740025 0.7068561214 -2.8785508634 0.4588529146 
0.7226195992 -2.8699323213 0.4525117997 0.5749065754 -2.9092232169 0.4448728923 
0.7277119473 -2.8680108114 0.4527451624 0.5632660838 -2.9183790860 0.4397273737 
0.7157904739 -2.8733135364 0.4509765598 0.5789555859 -2.9136233870 0.4409444754 
0.7173933553 -2.8762560656 0.4485143834 0.5584460306 -2.9215910170 0.4379859642 
0.7321357307 -2.8480375975 0.4663280332 0.5554241359 -2.9311897591 0.4315452838 
0.7209874027 -2.8778509150 0.4483262122 0.5825597085 -2.9129790122 0.4410002280 
0.7176769151 -2.8653148559 0.4581706908 0.5745608262 -2.9147953359 0.4390594239 
0.8176850986 -2.8077285290 0.4902440820 0.5598612826 -2.9363751084 0.4236756092 
0.7162135241 -2.8701227365 0.4557936856 0.5687355837 -2.9216030286 0.4358505704 
0.7038339578 -2.8826907283 0.4472907434 0.5835771943 -2.9120206901 0.4434049566 
0.5906064667 -2.8837354828 0.4663987945 0.7140221970 -2.8605466342 0.4650347838 
0.5849129722 -2.9103382118 0.4563555662 0.6945427065 -2.8862597098 0.4564291073 
0.7271371482 -2.8795228405 0.4471526067 0.5763479348 -2.9079973408 0.4452211385 
0.5849059471 -2.9054775579 0.4582827813 0.7047753548 -2.8806390566 0.4578743425 
0.7099901471 -2.8738505179 0.4511823934 0.5777906285 -2.9231867048 0.4372822761 
0.6060539998 -2.8788022959 0.4682231220 0.7256600194 -2.8556214321 0.4675966170 
0.5952257702 -2.8770047815 0.4721075585 0.7045751315 -2.8584331663 0.4689594079 
0.5813131004 -2.9078379257 0.4567523529 0.7020123227 -2.8826476258 0.4569803471 
0.5845009327 -2.9020150952 0.4592265118 0.7045429059 -2.8974473651 0.4496499523 
END
