-0.1789232434 -2.0328435063 1.0164095135 -0.1878591016 -1.8622599947 1.0128086509 
17 16
image_id_list 3 6 43 45 49 85 90 95 6 50 88 8 18 42 21 77 41 
line_id_list 174 145 144 166 119 218 125 142 113 133 124 243 232 104 182 113 59 
line2d_list
523.0004272461 191.9835205078 538.9890747070 192.4099121094 
385.2624511719 100.7994232178 407.8393249512 105.7349395752 
476.9859313965 305.2974548340 499.0050354004 305.5361328125 
361.8285522461 269.9524536133 380.1354370117 273.2475891113 
542.8012695312 197.6567382812 567.9220581055 205.2576141357 
195.0742187500 229.5544433594 213.0203704834 227.1521453857 
128.9628295898 257.9551696777 156.9984893799 256.9576416016 
537.9589843750 297.1817016602 560.1809082031 302.1986083984 
342.7447814941 91.1187744141 371.0945129395 97.5856552124 
322.8480224609 155.2602691650 345.0081481934 157.9323425293 
689.6849975586 352.6260681152 712.0590820312 363.8825073242 
299.8763122559 283.4607543945 312.3217468262 286.8013610840 
95.9970092773 151.6401062012 116.0059127808 151.7335510254 
98.0046844482 182.5607147217 124.0028686523 182.3433685303 
784.9884033203 195.0356445312 799.4129028320 199.7317504883 
779.9591674805 250.3882141113 799.1674194336 252.4073638916 
351.9963989258 281.2050476074 363.0280761719 281.3984069824 
node_id_list 3456 3457 3458 3459 3460 3461 3462 3463 4109 4110 4111 5109 9180 9181 9726 9727 12151 
score_list 3.9244227804 4.4959916479 9.2316745841 6.6166455930 7.7859507863 3.3378735683 1.9652937018 8.3576643344 10.8630653000 5.7759293154 7.8803533609 3.3768406745 3.3938590863 5.5057418898 0.8770538161 6.4379969664 3.3548929658 
line3d_list
-0.1726544226 -1.9295533880 1.0182073145 -0.1776629874 -1.8542341983 1.0164439319 
-0.1796130686 -1.8897924166 1.0161545207 -0.1790311381 -1.8202801685 1.0168729422 
-0.1866582502 -1.9743239078 1.0141658288 -0.1744165269 -1.8839991552 1.0158462480 
-0.1835091387 -1.9869600325 1.0154744207 -0.1704938470 -1.8997475774 1.0174764932 
-0.1823984109 -1.9701016782 1.0149809887 -0.1880732777 -1.8858558928 1.0124709281 
-0.1708841535 -1.9718499524 1.0189388600 -0.1612023873 -1.8831052655 1.0185000219 
-0.1644176585 -1.9543873406 1.0195881808 -0.1820590645 -1.8619171143 1.0146586064 
-0.1818288469 -1.9871910190 1.0153970856 -0.1906810488 -1.9033487587 1.0123862302 
-0.1785607851 -2.0270728465 1.0166784158 -0.1845123886 -1.9387187897 1.0140459514 
-0.1810122398 -1.9992853490 1.0156273194 -0.1810164788 -1.9124123344 1.0147312631 
-0.1753601001 -2.0332295590 1.0175645804 -0.1849810874 -1.9526777879 1.0143149334 
-0.1635650048 -1.9594765816 1.0221637077 -0.1732899286 -1.8883302627 1.0180775763 
-0.1721790136 -1.9884531346 1.0195306699 -0.1668060354 -1.8975330582 1.0210369892 
-0.1810105965 -2.0329620293 1.0159746793 -0.1810150338 -1.9420255028 1.0150367097 
-0.1932310924 -2.0385775476 1.0125911165 -0.1814955298 -1.9544229740 1.0144298741 
-0.1796699451 -1.9801796065 1.0156092535 -0.1823981384 -1.9250365237 1.0141241290 
-0.1737524356 -2.0170755481 1.0206942813 -0.1916698012 -1.9616776310 1.0142982065 
END
