-0.1781396016 -0.9492815058 2.0791530126 -0.1802100900 -0.9488028022 2.2908714795 
14 14
image_id_list 8 9 10 19 31 37 39 58 86 87 99 20 32 45 
line_id_list 234 166 163 176 170 178 281 272 184 306 161 151 265 206 
line2d_list
531.2127075195 93.8003158569 521.3709716797 132.6013946533 
660.6034545898 99.9862823486 659.2894287109 137.9754180908 
610.3568115234 43.2662887573 601.4039306641 88.8830108643 
738.4041137695 0.7590264678 732.4681396484 40.0706901550 
663.0567016602 47.9777450562 664.0689086914 96.0406723022 
549.6647949219 0.9852042198 549.3923339844 43.9898147583 
487.6799011230 95.9472579956 481.2651672363 134.8789215088 
194.7693634033 0.9551258087 193.7635040283 50.9550094604 
616.6427612305 0.9338527322 615.0358886719 33.9042739868 
145.3524017334 0.9579676986 147.0028686523 54.0620689392 
531.8988647461 105.9892044067 527.6204833984 146.0662384033 
749.7413940430 0.8386555910 742.9598999023 53.7384681702 
580.7551269531 43.9986305237 580.5313720703 83.9917831421 
681.3269042969 0.6094718575 678.6336059570 12.1479015350 
node_id_list 5075 5076 5077 5078 5079 5080 5081 5082 5083 5084 5085 5868 6544 6545 
score_list 7.7136825992 4.3956894323 6.1028652078 3.7346232961 3.9460644572 6.5735568875 8.0318462777 5.1484148339 6.4257136221 6.4089467922 4.3518889697 5.4255667996 8.0923951019 2.7167687063 
line3d_list
-0.1821727869 -0.9489814459 2.2908526893 -0.1861644188 -0.9511720512 2.0856202008 
-0.1791819027 -0.9485760046 2.2890940238 -0.1634696073 -0.9477444341 2.0796236175 
-0.1766980636 -0.9484014730 2.2916897043 -0.1748741884 -0.9484667138 2.0794586861 
-0.1799747103 -0.9486517291 2.2526347965 -0.1753674127 -0.9484864350 2.0818119497 
-0.1701189728 -0.9462437245 2.2934097045 -0.1762091497 -0.9489043505 2.0791710386 
-0.1805743314 -0.9486732415 2.2748666958 -0.1753101098 -0.9484843792 2.0796873527 
-0.1875880345 -0.9504019105 2.2875551025 -0.1747432868 -0.9509434864 2.0833340080 
-0.1875089740 -0.9469576035 2.2845423659 -0.1806403505 -0.9486292815 2.0818249033 
-0.1735717040 -0.9472600652 2.2156985081 -0.1770933666 -0.9489279800 2.0803096646 
-0.1863866030 -0.9472418892 2.2642640874 -0.1791664578 -0.9490235686 2.0794061934 
-0.1733694599 -0.9464420867 2.2876824270 -0.1653861379 -0.9485028094 2.0752193095 
-0.1692670684 -0.9457869496 2.2836032455 -0.1609473245 -0.9448893986 2.0784899134 
-0.1871328453 -0.9502345451 2.2892640426 -0.1892453047 -0.9519581176 2.0833019608 
-0.1658461816 -0.9463344131 2.1214774247 -0.1727569887 -0.9479745915 2.0857824478 
END
