1.2607415834 -2.9970498220 1.3443013826 1.2610024875 -2.9980556406 1.6590357366 
57 32
image_id_list 2 21 33 34 38 38 51 53 56 77 80 88 96 9 10 10 13 13 16 16 19 20 20 31 33 34 57 57 60 60 82 83 83 84 97 99 9 84 86 97 81 81 98 86 21 48 48 54 54 78 78 80 53 19 77 98 56 
line_id_list 54 18 42 18 25 63 122 36 24 70 23 32 28 58 81 82 16 25 47 81 18 23 39 62 64 17 73 74 33 35 28 5 24 71 21 74 75 112 79 36 34 64 11 43 13 10 61 37 59 9 28 17 166 29 114 12 28 
line2d_list
155.3113861084 104.9176177979 127.7635116577 0.7979903817 
390.6137695312 71.0422134399 395.4334411621 0.9610369802 
192.0152587891 278.8672485352 184.4404602051 220.9423980713 
423.8078613281 36.9526367188 421.6975402832 0.9591026306 
236.2808532715 150.9950866699 235.7345275879 230.9981842041 
238.0733947754 231.0075378418 238.6423187256 150.0045166016 
273.8230590820 159.0163879395 267.5183715820 90.9519805908 
266.8035888672 188.0317382812 269.3719482422 123.0146942139 
375.8990783691 191.0030670166 372.6463623047 83.9803543091 
199.7436676025 248.0638427734 171.5487670898 134.8633117676 
354.4831237793 139.0349884033 360.9301757812 49.9949455261 
168.9672088623 156.0268554688 171.5512237549 62.9875373840 
127.6150665283 244.0357513428 120.3652038574 165.9660797119 
223.7987518311 277.0119018555 221.9647216797 246.0020904541 
51.0869979858 105.0027389526 48.9781913757 171.9993133545 
51.7175598145 172.0144195557 53.0635490417 105.0213699341 
636.1836547852 156.0377197266 650.9813232422 83.9961700439 
649.5876464844 83.9127655029 634.3648071289 155.8656158447 
260.4109497070 133.9112854004 246.5868072510 69.8733215332 
244.5343627930 70.0955886841 257.8636474609 135.0279846191 
211.1836700439 180.0328826904 208.8846282959 122.9643630981 
155.1875457764 224.9840240479 149.3909912109 156.9666748047 
147.0815734863 156.9934539795 152.6244812012 226.0301513672 
153.2712707520 282.9731140137 147.5226440430 224.9482269287 
182.2922363281 220.9640502930 189.5603790283 280.0540771484 
419.3563842773 0.9804645777 421.3327941895 37.0365715027 
310.5715332031 112.0695800781 303.8857727051 166.9860992432 
305.7748718262 168.0866699219 312.0350952148 112.1157760620 
442.4688720703 233.9977569580 442.2011718750 177.9990386963 
440.1639709473 177.9993591309 440.1206970215 234.0000915527 
280.5975646973 126.9093246460 272.0884094238 70.8348388672 
599.9629516602 248.1054534912 606.4426879883 188.9389648438 
604.2483520508 189.0291748047 597.4340209961 247.0509643555 
88.3617401123 166.1392211914 70.2619247437 83.1609954834 
410.8349914551 267.0079345703 411.2823181152 220.0026855469 
11.3377151489 244.0572509766 13.9491395950 183.0406188965 
220.4821624756 246.9761505127 222.0166015625 277.9991760254 
68.8828277588 86.0243453979 85.7607498169 167.2574768066 
8.8733644485 183.0210266113 19.1886196136 245.1347503662 
409.6139221191 230.9811859131 407.8098449707 267.9907226562 
200.9350738525 197.7756500244 185.6535949707 134.0831146240 
189.9237060547 161.0166625977 198.2087554932 198.9544067383 
148.4844207764 139.0032806396 148.0045623779 210.0000305176 
21.8950042725 244.8413848877 10.3913173676 179.9306488037 
392.8485717773 0.9196212292 387.8919982910 71.9226531982 
757.7144165039 174.1138458252 775.1000976562 65.0159454346 
767.9765625000 96.9961090088 757.2246093750 161.8714904785 
709.6699829102 82.0110626221 710.4435424805 175.0129394531 
713.1043701172 174.0039978027 712.6979370117 82.9968795776 
595.9152221680 202.0836029053 602.2246093750 133.0205230713 
598.1735839844 164.1347808838 593.8271484375 201.9801483154 
358.6712341309 47.8974761963 351.6440124512 138.9725341797 
267.3703002930 134.0138092041 265.3560791016 188.0132751465 
207.1930389404 122.9737319946 208.4712829590 181.0336608887 
168.9940185547 135.2496948242 197.2733764648 249.1803588867 
150.5472564697 209.9972076416 150.1492614746 131.9890289307 
370.5499877930 85.9863510132 373.1559143066 191.0209350586 
node_id_list 2439 2440 2441 2442 2443 2444 2445 2446 2447 2448 2449 2450 2451 5416 5417 5418 5419 5420 5421 5422 5423 5424 5425 5426 5427 5428 5429 5430 5431 5432 5433 5434 5435 5436 5437 5438 5478 5479 5480 5481 6387 6388 6389 6390 7382 7383 7384 7385 7386 7387 7388 7389 8746 9237 9379 9380 9567 
score_list 9.7746535565 14.8661083634 15.5456444182 14.8023211399 9.2569569776 12.3626884978 15.7640043214 13.8767384188 12.7195619856 10.6559130384 15.7328950822 11.7985047856 13.6342527399 11.4166826790 6.8608486769 7.1894817459 12.1502787943 9.2685809630 14.9292254116 9.1717871043 7.6247269037 10.0378955667 7.6563912660 14.4671851336 14.2319876110 12.9294985279 8.1147844445 10.5691925056 15.4071078566 13.8188895077 11.6835034598 14.3797352207 11.9760181499 8.4547706744 16.6748979891 6.9164255683 8.6459437017 7.3853863024 8.8584059557 11.8803313502 12.8512336141 11.6012119442 8.1588208075 9.3442186284 13.3283517150 9.8454053042 9.0955591059 10.6112230637 11.7429241843 13.8339776312 8.8823012312 14.2790261741 13.3437061062 5.0039157580 9.0044735083 11.2665080163 10.0669395459 
line3d_list
1.2607932287 -2.9992750471 1.3470455373 1.2605541166 -2.9999389016 1.4811082247 
1.2598089593 -2.9967807129 1.3469891838 1.2589206137 -2.9992263629 1.6393859006 
1.2587501890 -2.9979290575 1.3497296700 1.2572428060 -3.0035819664 1.6362071498 
1.2586299018 -2.9982028266 1.3471720628 1.2590495609 -2.9983512294 1.5142771539 
1.2656329157 -3.0054811319 1.6453167761 1.2659481017 -3.0045241904 1.3501343759 
1.2628897822 -2.9944165438 1.3514895547 1.2548902149 -3.0057864731 1.6488802270 
1.2614389440 -2.9963504820 1.3618854980 1.2610190433 -2.9975469263 1.5812036764 
1.2607925529 -2.9970159238 1.3507441453 1.2600870878 -2.9987459318 1.5868204615 
1.2615344605 -2.9971720136 1.3479500121 1.2608721424 -2.9979990995 1.6590360254 
1.2607925623 -2.9992768973 1.3474191737 1.2602376068 -3.0008176380 1.6585654018 
1.2599489678 -2.9970505907 1.3476726203 1.2614237072 -2.9962315140 1.6547470985 
1.2599792280 -2.9983008060 1.3511619041 1.2616782654 -2.9973315369 1.6483085078 
1.2626648489 -2.9933430019 1.3505364627 1.2586960426 -3.0015728209 1.6538342293 
1.2650334658 -2.9887049534 1.3560809536 1.2632309293 -2.9925033261 1.5351462599 
1.2695722001 -2.9999447864 1.6401153485 1.2715643104 -2.9989908420 1.3455198339 
1.2572906799 -2.9997293972 1.3457838830 1.2578488469 -3.0026750485 1.6410883624 
1.2627394648 -2.9932689543 1.3468777236 1.2600082331 -2.9980994171 1.6420304100 
1.2700154217 -2.9937759523 1.6415829599 1.2712701313 -2.9942317577 1.3468981314 
1.2597984113 -2.9968097519 1.3504610209 1.2589086344 -2.9992593421 1.6433288314 
1.2718952472 -2.9968185318 1.6441774436 1.2738930716 -2.9989098142 1.3481817127 
1.2580658856 -2.9995982428 1.3511960792 1.2611015277 -2.9942145762 1.6343868263 
1.2603692884 -2.9965156098 1.3478175269 1.2534138694 -3.0069221211 1.6405685796 
1.2746417461 -2.9935671257 1.6417996749 1.2812249832 -2.9864001109 1.3466543395 
1.2539885271 -3.0052551504 1.3496407804 1.2603779547 -2.9984423387 1.6380921321 
1.2714439431 -2.9954152634 1.6364523883 1.2714235722 -2.9993372304 1.3453585353 
1.2806992602 -2.9823566761 1.5159908333 1.2760988639 -2.9919765585 1.3488408937 
1.2737131878 -2.9899107391 1.6329938865 1.2721764547 -2.9974070651 1.3520213513 
1.2597406141 -2.9969917233 1.3473643411 1.2597593791 -2.9966373426 1.6341984972 
1.2596378760 -2.9974842153 1.3508996436 1.2623232708 -2.9949436489 1.6365566026 
1.2793111238 -2.9820177592 1.6359580328 1.2740481111 -2.9948006838 1.3512978050 
1.2607992788 -2.9942050948 1.3507461843 1.2586580877 -2.9997364968 1.6334859311 
1.2629594494 -2.9915203903 1.3477164084 1.2603156012 -2.9959192946 1.6384407665 
1.2716055686 -2.9966113027 1.6375012681 1.2695375374 -3.0057543158 1.3509570541 
1.2570772035 -3.0019713019 1.3477844256 1.2578461035 -3.0021862195 1.6457861101 
1.2626279150 -2.9934195890 1.3533589640 1.2595222101 -2.9998596588 1.5906981818 
1.2586677764 -2.9979282341 1.3450502041 1.2593824606 -3.0016814788 1.6315400017 
1.2721185466 -2.9951822167 1.5299257702 1.2731682870 -2.9949969989 1.3508232871 
1.2714439757 -2.9954089819 1.6369186149 1.2714236389 -2.9993243941 1.3463112593 
1.2709284200 -2.9965215203 1.5770155735 1.2696711767 -3.0013099245 1.3466672601 
1.2744403889 -2.9949263331 1.5361635330 1.2621644356 -3.0160911169 1.3462492194 
1.2594953960 -2.9972324172 1.3458242784 1.2550370385 -3.0046547399 1.5828292290 
1.2637908089 -3.0058115533 1.4854175606 1.2648292582 -3.0067509605 1.3430453475 
1.2685612376 -3.0008288842 1.6135886773 1.2712117673 -2.9982569709 1.3478023010 
1.2508866904 -3.0086901340 1.3442723522 1.2646621030 -2.9936431908 1.5876046573 
1.2700652555 -3.0014220221 1.6386535863 1.2707884727 -3.0019206517 1.3421572124 
1.2606662032 -2.9960884334 1.3500306749 1.2611328195 -2.9965953485 1.6469118628 
1.2660109742 -2.9857242790 1.5621351029 1.2669005088 -2.9830959883 1.3850359416 
1.2690548183 -3.0006463263 1.6633834670 1.2699589117 -3.0047019310 1.3458234206 
1.2627121293 -2.9933173000 1.3498317623 1.2598525731 -2.9983747178 1.6588519320 
1.2583177848 -2.9987675731 1.3447760138 1.2552547805 -3.0060068320 1.6276468193 
1.2746738256 -2.9882724107 1.5016942603 1.2734176722 -2.9936584231 1.3456308871 
1.2687221348 -3.0011713740 1.6611023899 1.2668307194 -3.0092630932 1.3465677908 
1.2657139309 -3.0065244309 1.5473230605 1.2658952665 -3.0075637636 1.3502182064 
1.2728896276 -2.9920754250 1.6343553419 1.2609914876 -3.0184654265 1.3447513089 
1.2656332812 -3.0046857628 1.6586016746 1.2659428740 -3.0051192269 1.3450935314 
1.2570970803 -3.0007289004 1.3474606519 1.2441367824 -3.0207452529 1.6407673569 
1.2618517698 -3.0106167831 1.6539180105 1.2628201515 -3.0138920938 1.3465016707 
END
