0.0999917957 -0.0073389586 0.3194048598 0.1010137648 -0.0080866592 2.3964176423 
22 22
image_id_list 0 1 4 8 12 17 39 46 47 58 59 64 66 74 87 90 92 93 79 11 65 18 
line_id_list 69 52 159 78 104 188 109 214 71 194 96 71 189 137 139 94 101 165 53 57 62 262 
line2d_list
300.3777770996 399.1850585938 423.6337280273 47.8714942932 
405.4695739746 374.4717102051 456.2771606445 0.7657678723 
504.2022094727 214.9563598633 457.9778747559 0.7889420390 
628.1937866211 473.7677917480 735.4082641602 101.5415191650 
529.7643432617 185.0925903320 552.0765991211 0.8881510496 
420.1645202637 294.1106262207 381.2919616699 0.5640649199 
604.1876831055 487.8248901367 688.6607666016 95.9268798828 
474.1513671875 408.9938964844 457.7348632812 0.8899868727 
369.9936828613 255.0201110840 364.9151306152 0.9617171884 
404.6806030273 440.0922241211 428.7851257324 0.8235868216 
466.1090698242 473.0089721680 504.9136657715 0.9107085466 
548.7122192383 582.9230957031 704.2359619141 0.7958798409 
212.9428405762 93.2681732178 189.4438629150 0.6337307692 
256.2291259766 316.0980834961 216.1242370605 0.8569757342 
393.6555480957 481.9917297363 405.2020263672 0.9808452129 
617.0332031250 408.0054321289 683.5878906250 0.7692194581 
589.2915039062 502.1154174805 787.8594970703 0.5484829545 
365.8770446777 296.5977172852 324.5143127441 0.7882547379 
789.3016357422 398.8347778320 799.6359863281 355.1504516602 
389.1445922852 317.8797607422 433.7324523926 0.6812559366 
640.6319580078 227.5013427734 723.4039916992 0.4182551801 
557.0712280273 334.0072631836 591.1172485352 0.7055347562 
node_id_list 596 597 598 599 600 601 602 603 604 605 606 607 608 609 610 611 612 613 3811 6820 6821 9189 
score_list 13.2413109700 11.2745296853 13.4654191177 2.4340981022 11.3222977035 6.3157444798 6.7988537216 7.6198685579 13.7621208308 7.1893167115 10.9861535928 10.3823110916 13.8815891545 12.6515370777 11.3580226366 10.6258303069 13.6566550815 11.3916202339 0.9918163334 5.7634868475 8.0791754391 4.2026721898 
line3d_list
0.1006191112 -0.0092652160 0.3200946155 0.1029667788 -0.0115101739 2.3964154489 
0.1013575658 -0.0090706095 0.3180614104 0.1001727350 -0.0077043610 2.1733959634 
0.1006259438 -0.0092717497 0.3261375412 0.1016132359 -0.0102158481 1.1993169665 
0.1140286581 -0.0182606001 0.4825081268 0.1055471168 -0.0118842150 2.4034893828 
0.0997400060 -0.0072210216 0.3346596229 0.1012632242 -0.0080137079 1.1688330572 
0.1065763774 -0.0121740973 0.4127883643 0.1115466662 -0.0166395132 1.9340075243 
0.1116748991 -0.0131387341 0.3393609722 0.1065670924 -0.0101230423 2.3986316377 
0.1024107675 -0.0088564718 0.4215825168 0.1105507357 -0.0147185117 1.9435233204 
0.0992062435 -0.0066686335 0.3269754299 0.1005990668 -0.0072259767 1.2633285927 
0.1108980759 -0.0156609720 0.4429768998 0.1121531715 -0.0170266186 2.3220664966 
0.1031083074 -0.0086930384 0.3331811783 0.1029496316 -0.0083513483 1.7990307331 
0.1029250231 -0.0091971883 0.3305565796 0.1025295391 -0.0091799796 1.9472437306 
0.1057869819 -0.0106464104 0.3307762852 0.1057083102 -0.0110469200 0.6877050201 
0.0999893564 -0.0077217538 0.3257237473 0.1030363256 -0.0106535192 1.4594739312 
0.0990986433 -0.0065544877 0.3283189986 0.1054762292 -0.0112805722 2.3624762739 
0.1044206295 -0.0103976306 0.3352260291 0.1067320512 -0.0127298908 1.9711180326 
0.0994127818 -0.0067758265 0.3270771631 0.0999681319 -0.0068315215 1.6417484838 
0.1009273085 -0.0088981769 0.3229220659 0.1004341224 -0.0080311360 1.7116755243 
0.1061148720 -0.0094633478 0.3354539314 0.0998362173 -0.0087367255 0.5308028207 
0.1022399887 -0.0086130600 0.3018390524 0.1013485780 -0.0082394983 1.5809855976 
0.0996089677 -0.0070599936 0.3333614504 0.0994721147 -0.0065190182 0.9226755568 
0.0871878775 -0.0071762967 0.3194112183 0.0669635494 -0.0049226388 1.6136685221 
END
