0.7672545941 -2.9942895508 1.0094618427 2.5203271397 -2.9928904664 1.0106177398 
106 45
image_id_list 7 15 21 33 34 38 41 49 51 53 56 56 80 80 81 88 95 96 96 37 43 76 84 86 98 9 10 14 16 19 20 31 57 82 97 9 14 16 19 20 31 57 60 82 83 97 9 14 23 31 33 82 83 99 33 86 13 44 21 52 57 13 13 14 14 16 21 44 54 57 60 89 89 13 16 21 54 55 56 34 23 78 23 78 19 82 82 83 19 34 78 53 34 55 60 78 48 99 54 30 30 51 98 80 56 60 
line_id_list 2 15 46 14 4 4 9 4 4 27 2 3 5 34 8 6 11 11 13 10 14 7 6 8 10 8 19 4 9 14 5 15 7 11 1 12 5 13 3 8 30 24 3 13 0 6 15 0 1 3 1 1 1 17 24 14 5 80 19 133 23 10 65 6 31 30 61 133 29 100 4 50 100 72 78 82 50 68 134 2 0 1 2 5 20 10 38 75 67 26 67 5 7 74 9 35 79 24 1 88 114 1 1 117 101 1 
line2d_list
137.4644927979 9.9635219574 0.7165951729 45.9222373962 
44.5832366943 122.4821014404 0.6038950682 134.5573425293 
481.0297851562 147.9987640381 420.0135498047 147.0903778076 
286.6340942383 330.0952758789 232.7033538818 340.4558715820 
505.6885070801 92.1767654419 455.7785034180 100.7034530640 
328.6156921387 298.2272033691 0.6372058988 369.3264465332 
71.4058837891 334.1237792969 2.6502399445 355.8954467773 
71.9679107666 128.3985290527 0.9563472867 129.8213958740 
422.9040222168 251.7169036865 330.8952026367 258.5991516113 
390.0593261719 283.1852722168 312.0446166992 280.6350402832 
417.7647094727 292.5027160645 51.8441162109 350.0080566406 
505.9079895020 278.4330749512 423.7985229492 291.7586059570 
378.0363159180 231.7730560303 77.0337295532 222.8608398438 
464.0465393066 234.1562500000 391.0173339844 232.3127441406 
287.5022888184 249.9839172363 162.5930480957 311.1692199707 
207.0602874756 257.7437133789 0.9111304283 247.8521118164 
146.5994567871 298.4394836426 0.7134616971 335.8836059570 
163.7794494629 320.9663696289 0.7344719768 355.7555541992 
236.5660552979 305.0091857910 172.7638244629 318.9165039062 
92.6078109741 295.8607788086 37.5875930786 314.8020629883 
100.2904739380 399.8376464844 0.3091290295 460.8681945801 
80.7849884033 239.0155181885 18.6892147064 252.5769653320 
194.6562805176 222.0292510986 0.5589930415 290.7544860840 
124.3280410767 299.1597595215 67.5901184082 319.8774719238 
237.8402252197 283.9033508301 182.8421478271 291.9165344238 
243.6728515625 333.2077026367 72.7104492188 364.4136962891 
133.9666900635 239.5128631592 0.9050854445 248.6120147705 
409.5170593262 163.7848205566 231.6849517822 202.5549468994 
294.5162048340 196.6213226318 94.5737533569 266.7853393555 
233.8487091064 243.0363159180 31.8049049377 274.7573547363 
187.5803375244 293.2715148926 0.6724143028 338.6507263184 
182.4470062256 346.9035949707 0.7072337270 379.3606872559 
315.0141601562 232.4757080078 126.0169677734 227.3716583252 
306.5678100586 186.3751373291 130.7700500488 233.1354675293 
425.7538146973 330.5581054688 268.7213745117 357.3680419922 
286.7567443848 324.6977539062 248.7744293213 331.7923889160 
459.5547790527 152.0033874512 416.6797790527 161.5639953613 
347.5255737305 177.6717681885 300.4581909180 194.4830627441 
283.8258972168 234.9087677002 239.8290100098 241.9282379150 
242.6127471924 279.4553833008 189.6806182861 292.7260742188 
238.6463317871 336.0628662109 189.6368103027 345.0106811523 
368.0237121582 233.0024261475 321.0184631348 232.4443359375 
523.9550170898 294.3155212402 472.9125366211 297.6682739258 
354.5020141602 173.1739044189 312.6171264648 184.5959625244 
678.9969482422 314.2533264160 345.9979553223 314.8393554688 
472.6832580566 322.2330932617 430.7751770020 329.7459716797 
166.7631988525 342.3327331543 247.8321380615 330.8181457520 
327.7861938477 176.8309936523 416.9140319824 160.5299682617 
426.9703674316 63.7590065002 515.0156860352 61.6557960510 
84.8002014160 359.6649475098 188.8640136719 344.0913085938 
128.8492279053 356.0534667969 235.9977874756 338.9860839844 
227.8240356445 201.1651763916 312.8409729004 183.2455139160 
526.0256347656 308.4462280273 626.0426635742 313.0781555176 
0.9587435126 312.7853393555 39.0308456421 313.6651306152 
220.7745819092 342.8309326172 0.8527835608 385.2365112305 
64.8303222656 321.5094604492 0.2548224628 343.8456420898 
644.0757446289 234.1086578369 423.0299072266 225.2537994385 
799.4993286133 231.2773284912 629.3050537109 181.9475097656 
315.0227050781 139.5983123779 424.0138244629 145.7555236816 
749.0170288086 327.8174743652 799.1400756836 332.5006713867 
234.0827636719 225.6163635254 325.0563354492 231.0581512451 
710.0586547852 236.3798828125 648.0675659180 234.1345520020 
421.0184020996 221.6302185059 373.9855651855 219.2897949219 
228.0496520996 200.2331390381 185.8345336914 209.2229919434 
179.1632537842 212.8401794434 230.7692413330 202.8124694824 
92.8102645874 263.4307250977 43.0095825195 280.0287475586 
179.0425872803 138.5440979004 131.0251770020 137.1395111084 
586.1920166016 167.3665161133 634.0394897461 181.8697814941 
465.9954528809 277.8741455078 422.9793701172 279.4292297363 
124.0213470459 224.4197845459 75.0140914917 222.6169891357 
220.9934844971 311.8581237793 264.1320800781 309.8788452148 
381.1657714844 310.1455993652 344.0122070312 302.9371032715 
341.9008483887 305.5056457520 384.0453796387 313.7685241699 
366.9157409668 221.3481750488 422.0752868652 224.7952728271 
40.9059677124 283.7154541016 94.6540603638 265.9531860352 
129.0052947998 139.8266754150 179.9881896973 141.3862762451 
420.9758300781 282.3373107910 467.9862976074 280.6237487793 
544.8984985352 318.2063293457 583.0018920898 319.9587402344 
0.7494273782 355.2776489258 59.8087577820 346.6854858398 
362.8996276855 111.2006225586 456.9241333008 99.3957214355 
509.8945007324 63.5375747681 327.9038085938 76.6668243408 
613.9113769531 279.2505798340 388.9314270020 290.6464538574 
562.8529052734 59.1974105835 515.9205932617 63.0267791748 
674.9522094727 276.0024719238 617.9393310547 278.7330627441 
29.9146442413 271.4359741211 0.8241991997 275.8383178711 
127.8824844360 230.5346221924 84.8487930298 241.4011840820 
78.1123962402 245.4713592529 129.5273590088 233.2116546631 
371.9917907715 312.5881347656 414.0254821777 313.1747131348 
0.8190940022 278.8123168945 31.1809005737 274.1876220703 
208.1859130859 141.2690887451 255.8945770264 134.2803649902 
330.0318603516 291.9903869629 388.0361938477 290.1250915527 
183.1184082031 270.3050537109 320.0092163086 279.8681945801 
253.9313964844 131.5626220703 212.8443450928 138.0077514648 
581.0261230469 317.2052307129 546.9642944336 316.0864562988 
262.9985351562 306.9703369141 222.9477386475 308.9342346191 
387.9670715332 287.1210937500 335.0039978027 289.1062927246 
409.9004211426 246.7525787354 458.9674987793 253.2456970215 
92.9359054565 311.8417663574 0.9960880280 316.9292907715 
756.8718872070 264.9297485352 388.0466003418 287.7528686523 
799.3652343750 283.8315124512 759.1585083008 277.0591430664 
704.8101196289 266.0180969238 763.0231933594 276.8755798340 
320.8566284180 258.8738098145 8.9261980057 279.9053955078 
184.4367523193 292.7983398438 0.6561466455 317.4349670410 
5.9869122505 219.3293609619 78.0320968628 222.1921844482 
57.9353752136 343.5413818359 0.8016562462 351.5924682617 
460.8817443848 298.1798706055 190.7873535156 315.7268371582 
node_id_list 2189 2190 2191 2192 2193 2194 2195 2196 2197 2198 2199 2200 2202 2203 2204 2205 2206 2207 2208 2757 2758 2759 2760 2761 2762 5182 5183 5184 5185 5186 5187 5188 5189 5190 5191 5209 5210 5211 5212 5213 5214 5215 5216 5217 5218 5219 5247 5248 5252 5253 5254 5256 5257 5262 6236 6237 7312 7313 7315 7317 7320 7335 7759 7760 7761 7762 7763 7764 7765 7766 7767 7768 7769 7818 7819 7820 7821 7822 7823 8097 8130 8131 8132 8133 8134 8135 8136 8137 8200 8201 8202 8688 8728 8729 8730 8731 8777 9345 9638 11534 11560 11779 11780 12479 12992 13138 
score_list 8.0540121912 11.8734253849 13.5712528976 15.2382373230 12.5860968726 14.9038236914 12.8061227375 10.0938754783 11.6142440935 13.4104591760 8.4587863672 12.2955310440 9.7188245288 13.6201090268 10.4361522783 9.2672519002 12.2881902516 8.1113607789 13.4289397946 8.3850592805 11.6039322735 8.4312766751 11.1255853268 10.4493743170 12.1711175020 10.4735538668 8.9530868325 9.7489378709 12.4461284446 9.2495262305 10.7617223170 10.2816308331 10.2148876992 9.5998158853 11.3422931076 14.6778531907 12.6075411549 15.9962521960 13.9042520313 12.8944432155 13.8213357615 10.8852389028 15.3635319223 13.8268416333 6.3932863714 14.7925919900 10.3106352113 13.3511168392 11.1297236161 8.8566693832 10.8974493382 11.2503307651 11.3620115694 7.8756938655 9.9924933762 4.9439254723 5.6040334294 5.2279442967 11.5511357627 9.6640571519 9.5776216366 9.0129345641 6.1264527177 5.6165909318 5.8916651764 5.8022230541 4.5761752739 10.5376054490 6.9275558387 4.4039991745 7.4561301753 9.5413498505 12.8646506629 4.3667332370 4.8941464871 3.3099630960 9.7512278781 7.4080758394 6.0987267275 10.8548934913 8.0907196872 5.8221888588 10.4244841062 7.6002596573 1.8728365262 4.7914744199 2.3775003541 6.1193782780 1.5486279841 2.8906560167 6.2016809652 8.9545781016 5.2014372546 7.8320405913 7.9958353098 6.7202785659 7.3860219454 9.9533481091 2.1720812984 1.1988465308 6.1072608074 5.9404785628 3.1908750079 3.0752654637 4.8305419983 7.7864946761 
line3d_list
0.7724048559 -2.9912650957 1.0113610626 1.1939417834 -2.9907771002 1.0093796869 
0.7711909871 -2.9904725503 1.0105988531 1.0249097154 -2.9868514581 1.0119989480 
0.7678948068 -2.9898415271 1.0111699373 1.0852990604 -2.9987007915 1.0078313016 
0.7697638210 -2.9901749058 1.0111074481 1.0872592370 -2.9923814516 1.0101236171 
0.7714018984 -2.9905899547 1.0108791986 1.0897175449 -2.9932621326 1.0099551877 
0.7735736222 -2.9907530276 1.0108163753 2.1136672520 -3.0074251808 1.0048104346 
0.7704683285 -2.9880253693 1.0119536081 1.0849195336 -2.9960126733 1.0089726207 
0.7680792443 -2.9936269056 1.0103654319 0.9642924485 -2.9944343239 1.0094646774 
0.7698733266 -2.9895513889 1.0116623648 1.0961984940 -3.0003136453 1.0070030305 
0.7704428640 -2.9895324845 1.0116709299 1.0766424198 -2.9958195898 1.0089875477 
1.1232665773 -2.9942869989 1.0096820799 2.1987797138 -2.9964684912 1.0090740082 
0.7751228911 -2.9899344551 1.0117551181 1.0990020756 -2.9972571006 1.0080982964 
1.1403901580 -2.9890822633 1.0105737351 2.1842577334 -3.0003627152 1.0088247851 
0.7697794362 -2.9934120259 1.0103742190 1.0834624328 -2.9982476072 1.0083197020 
0.7761440453 -2.9901557738 1.0108963090 1.5827093873 -3.0024824443 1.0069483529 
1.1209681727 -2.9960538668 1.0090924342 1.7632320691 -2.9926305794 1.0107699769 
0.7683175865 -2.9950804347 1.0098325547 1.2497841408 -2.9953244353 1.0084110626 
1.1308878481 -3.0007563550 1.0070947262 1.7656574436 -3.0042395836 1.0075616595 
0.7710366034 -2.9880398039 1.0119482208 1.0913727454 -2.9961765899 1.0089114445 
0.7648377400 -2.9990712394 1.0089415129 1.1189109450 -2.9905388035 1.0103236002 
0.7576497842 -3.0062164429 1.0054698055 1.1597651210 -2.9841269514 1.0130030871 
0.7706460306 -2.9964616979 1.0094774975 1.1020360410 -2.9918720696 1.0101530606 
0.7724319891 -2.9954649053 1.0089773111 1.7146754921 -2.9881425108 1.0121859981 
0.7730147122 -2.9924589640 1.0109125040 1.1003985244 -3.0026628055 1.0067215677 
0.7768528777 -2.9897738656 1.0111996805 1.0959173424 -2.9937657172 1.0097609942 
1.1125224674 -3.0178245882 1.0024107187 2.1968819036 -2.9905397516 1.0116188495 
0.7682811373 -2.9970534780 1.0084530973 1.4931362120 -2.9974245641 1.0086912971 
1.1273886813 -3.0160887915 1.0031075169 2.1936765844 -2.9894423645 1.0116721805 
1.1305879751 -3.0051776202 1.0061354595 2.1912903018 -3.0001693501 1.0086961900 
1.1243690447 -3.0045960775 1.0063190049 2.1938864204 -2.9953697915 1.0102584434 
1.1025910212 -3.0115137180 1.0035099697 1.9717709078 -2.9902619672 1.0114681123 
1.1176688240 -3.0110000022 1.0040811670 2.0020011705 -2.9988210657 1.0096908907 
1.1359635264 -3.0175031674 1.0031890165 2.1903312811 -2.9917412825 1.0113414746 
1.1363142853 -3.0007861320 1.0070987179 2.1862390291 -3.0065474790 1.0078710372 
1.1300318933 -3.0081334040 1.0051742707 2.1048371260 -2.9966335355 1.0097693748 
0.7758813141 -2.9910283368 1.0107098065 1.0944387698 -2.9921981414 1.0103721321 
0.7694885233 -2.9956070674 1.0097914185 1.0943396426 -2.9943086769 1.0099478909 
0.7672556070 -2.9960577961 1.0100659638 1.1008547634 -2.9923553814 1.0099165729 
0.7746095542 -2.9915889683 1.0104905663 1.0925284916 -2.9936524524 1.0098039279 
0.7751505341 -2.9893819802 1.0121329991 1.0997615576 -2.9995349946 1.0073640136 
0.7697696507 -2.9931512521 1.0098791370 1.0855917578 -2.9935386446 1.0098457503 
0.7811788193 -2.9832672843 1.0131944184 1.1023345514 -3.0078871421 1.0058171041 
0.7781055304 -2.9874019186 1.0121210965 1.0833162344 -2.9959155993 1.0090043563 
0.7740548787 -2.9878799981 1.0119890036 1.0970557455 -2.9940240694 1.0095316172 
0.7788617453 -2.9808178459 1.0143004922 2.5203364735 -2.9984230072 1.0031584324 
0.7764414691 -2.9890614757 1.0118789401 1.1085344553 -2.9920860896 1.0094354215 
1.5656984829 -3.1425936421 1.0069495918 1.0909884429 -3.0041093040 1.0149669732 
1.5743326832 -3.1394011595 1.0084701773 1.0779681709 -3.0104866683 1.0124093022 
1.5674444931 -3.1330942107 1.0087257172 1.0924817496 -3.0008698209 1.0151006514 
1.5713680352 -3.1394955862 1.0082699228 1.0797181753 -3.0087096183 1.0129731367 
1.5696252334 -3.1312216184 1.0100083440 1.0597263648 -3.0103581898 1.0118850758 
1.5709286750 -3.1318518545 1.0090428034 1.0880840211 -3.0014053852 1.0148702429 
1.5597322492 -3.1460461728 1.0053808434 1.0745436724 -2.9963971631 1.0161817936 
1.2613095966 -3.0414209758 1.0151558715 1.0763361464 -3.0174543922 1.0085545177 
1.1532511350 -2.9925245590 1.0095438179 2.1398719439 -3.0263979526 1.0019828440 
1.1354378746 -2.9822393280 1.0110863134 1.4208301114 -3.0072101564 1.0066940096 
1.1365000401 -2.9934525606 1.0093330197 2.1891951413 -2.9968992909 1.0098105995 
1.6336141458 -2.9910095877 1.0112493814 2.1859806382 -2.9960950633 1.0091275294 
1.5679015081 -3.1333801169 1.0086934859 1.0647100776 -3.0005869572 1.0142483818 
1.5816429730 -3.1540827820 1.0060539437 1.3448077657 -3.0590068491 1.0148263772 
1.5665070492 -3.1411140977 1.0078194096 1.0867202056 -2.9935997912 1.0165784757 
0.7710964915 -2.9938696716 1.0105690871 1.1151909144 -2.9935765849 1.0098919629 
2.1903333577 -3.0215972545 1.0189097092 2.3863597377 -3.0259136824 1.0197209026 
2.1957652594 -3.0167002542 1.0206701754 2.3855069269 -3.0391361164 1.0182548849 
2.4299283155 -3.0081079277 1.0143631737 2.1837412515 -3.0198641216 1.0064320387 
2.1933875236 -3.0013862943 1.0239738226 2.3910977574 -3.0143272447 1.0232674510 
2.1869421355 -3.0077840287 1.0212853154 2.3800769577 -3.0275403206 1.0192353223 
2.3764935896 -3.0184140182 1.0096152757 2.1811972005 -3.0176389952 1.0076255594 
2.1863333614 -3.0030897353 1.0220981534 2.3778202205 -3.0411881530 1.0168431729 
2.1907134926 -3.0142269799 1.0204657467 2.4016212170 -3.0063337125 1.0239797799 
2.3875975096 -3.0328973882 1.0068625902 2.1860047430 -3.0231008023 1.0056034153 
2.1948817632 -3.0272195953 1.0171207824 2.3725229938 -3.0264799837 1.0193785182 
2.3736858927 -3.0109707846 1.0113871574 2.1727266656 -3.0106214893 1.0092108357 
2.4197101021 -3.0072338702 1.0144010985 2.1851651613 -3.0191205211 1.0066600125 
2.4043780319 -3.0093280328 1.0135400486 2.1828746179 -3.0199055061 1.0064041193 
2.3887309511 -3.0256664259 1.0081251757 2.1831921607 -3.0203636223 1.0070369207 
2.3804976469 -3.0149964435 1.0111001588 2.1837402229 -3.0238718346 1.0051645577 
2.3786274200 -3.0227280536 1.0082339678 2.1768002305 -3.0096469433 1.0074533333 
2.3143766727 -3.0189841549 1.0094936960 2.1794581107 -3.0306732640 1.0043993777 
1.5689682403 -3.1397699572 1.0073884938 1.0701287746 -3.0137758391 1.0116662889 
1.1245681049 -3.0017731312 1.0069645909 2.1878538044 -2.9933688779 1.0108066900 
1.1208420191 -2.9958167886 1.0086431289 2.1909770781 -2.9945777964 1.0104692731 
0.7727988494 -2.9902290120 1.0116760002 1.0894621582 -2.9954494634 1.0086892223 
0.7685687975 -2.9956205957 1.0089151179 1.1045903819 -2.9891945875 1.0115479454 
2.1870444885 -3.0252470997 1.0185967783 2.3086873113 -3.0124914966 1.0219862139 
2.1937156762 -3.0131969136 1.0213230971 2.3916300915 -3.0201220585 1.0219710232 
2.4089678043 -3.0600755871 1.0029858489 2.1873456796 -3.0168366976 1.0066034282 
2.3922066095 -3.0257560963 1.0081435781 2.1876203209 -3.0204778668 1.0070603663 
2.3153417449 -2.9992599077 1.0128604022 2.1809799751 -3.0303190520 1.0047652418 
2.4114014410 -3.0200678829 1.0107811118 2.1819752795 -3.0263840112 1.0046405161 
2.4170845451 -3.0144219627 1.0124128414 2.1878387826 -3.0108882607 1.0089306428 
1.5671616855 -3.1367900923 1.0089240294 1.0452546199 -3.0044999873 1.0118755162 
2.1935615338 -3.0094048775 1.0220504661 2.3885266056 -3.0146056357 1.0230003636 
2.1831115741 -3.0033297870 1.0220331873 2.3595640904 -3.0075053446 1.0225755980 
2.1943418039 -3.0013625887 1.0232077431 2.3811445921 -3.0016081037 1.0247956024 
2.1945489630 -2.9966637200 1.0238114390 2.3975517479 -3.0161469624 1.0219376847 
2.3761967307 -3.0202957489 1.0090591393 2.1753953721 -3.0122341164 1.0091473905 
0.7878937686 -2.9738277740 1.0152289012 1.2481060900 -3.0581318296 0.9932342083 
1.1261205171 -2.9714963069 1.0167556274 2.5295569056 -3.0223088833 0.9937591192 
2.0537512236 -2.9868829878 1.0119450345 2.1846657436 -2.9990624756 1.0082718354 
2.3787367388 -3.0167861033 1.0100050296 2.1738338475 -3.0070518126 1.0099171582 
1.1310143548 -2.9844303712 1.0118487716 2.1910148384 -3.0128294096 1.0060530277 
1.1029340262 -2.9769263222 1.0093559873 1.8375363384 -3.0180376658 1.0059927100 
2.3924171641 -3.0368509242 1.0069939615 2.1812503081 -3.0004982378 1.0111058292 
2.1825762408 -2.9959692930 1.0238505082 2.3118070360 -3.0045715420 1.0232548962 
1.1588496883 -2.9855109062 1.0116180060 2.5240947670 -3.0565943399 0.9934239521 
END
