1.6517098995 -3.0543339936 1.0132484627 1.7776708357 -3.0730785011 1.0082229195 
38 30
image_id_list 9 14 16 19 20 31 33 38 82 83 96 97 13 21 57 80 23 78 53 34 60 21 77 77 89 89 56 98 52 54 48 48 53 54 55 80 55 73 
line_id_list 96 49 69 86 148 55 51 151 48 65 135 83 94 69 58 113 53 76 85 27 46 212 116 135 142 158 145 140 65 62 108 131 164 117 123 170 201 140 
line2d_list
142.9433746338 348.6684875488 157.0443725586 346.2597045898 
302.8411865234 184.2725982666 319.9012756348 180.5478515625 
175.6244964600 233.8717041016 196.6278228760 226.8816833496 
114.8664169312 258.1462097168 135.9755249023 254.8435363770 
41.7662048340 322.8165893555 69.0829544067 317.4198913574 
50.9067077637 367.4498901367 69.8700637817 364.2338256836 
92.8992156982 364.4858703613 110.7994537354 360.9769592285 
100.8318099976 339.0071411133 133.0918426514 333.5421447754 
200.7404174805 210.9454650879 219.8153991699 206.2500762939 
494.0000000000 311.0234680176 513.0003662109 311.0309448242 
0.6256274581 350.1824035645 23.8751106262 345.3936462402 
319.9063415527 344.3204345703 340.0745544434 341.5409851074 
509.0258178711 225.2397460938 531.0344238281 225.9874114990 
277.0050048828 141.0492553711 297.0044555664 141.1545867920 
206.0000762939 226.9953765869 223.0125579834 227.3012390137 
208.9951477051 223.3247528076 237.0187835693 223.7440338135 
398.9518432617 68.3671493530 415.9295959473 67.0748825073 
475.9765625000 282.5602111816 499.0176696777 281.3315734863 
131.0028686523 270.7871398926 159.0112609863 271.1650390625 
332.9117126465 118.4675445557 349.9409790039 115.6439743042 
347.9751586914 302.3330993652 361.9929809570 301.8111877441 
294.0049133301 138.8005065918 281.0128173828 138.4802703857 
78.2144088745 406.4401550293 46.0522003174 422.1071472168 
42.8455772400 427.6763000488 81.6106796265 409.1838684082 
484.0637512207 328.3850402832 512.0737915039 331.2881164551 
506.0347290039 327.7434692383 490.0567016602 325.5810546875 
214.8494262695 317.0424194336 249.7722015381 311.5512390137 
9.8925924301 310.9301757812 45.0403060913 307.4014587402 
706.0097656250 324.8681335449 729.0315551758 326.5747070312 
575.9456176758 271.3343811035 602.9288330078 269.1292114258 
579.0641479492 265.0813903809 612.1124877930 267.3899841309 
607.0289306641 263.6068420410 585.0010375977 261.9855651855 
156.0159454346 268.4613037109 133.9760589600 267.8086853027 
597.9602661133 266.3829040527 579.9704589844 267.5414123535 
679.9962768555 319.5938720703 705.0033569336 319.3633728027 
231.0121917725 220.6714019775 213.0369110107 220.0046997070 
699.0038452148 316.6433410645 683.9948120117 316.4821472168 
497.0839843750 9.4421215057 542.2221069336 6.8134045601 
node_id_list 5541 5542 5543 5544 5545 5546 5547 5548 5549 5550 5551 5552 7879 7880 7881 7882 8251 8252 8769 9257 9258 9743 9744 9745 9746 9747 10365 11796 11835 11836 12721 12725 12958 12959 12973 12986 12999 13406 
score_list 6.0892312660 7.9860159348 7.8485982991 4.7395917166 5.0308837835 5.9663710698 6.8125552762 9.3232233312 5.4579188203 4.6149222796 3.0208690672 6.5970625057 3.8525975655 8.9827921844 5.7857820733 8.0290904760 4.6873930753 4.6280690476 6.2365816900 5.9125626599 8.4455311347 1.8251210799 8.2543812431 6.6250073264 8.0644633422 4.8454843424 6.8936631681 1.9796484323 8.3461260813 4.8393747014 2.5604091442 2.1264282817 5.7411674523 2.4429561317 4.5945508442 3.7762383495 3.9325092074 12.3458246977 
line3d_list
1.7729048148 -3.0586889237 1.0122009167 1.6950004998 -3.0464494172 1.0136996080 
1.7783481790 -3.0555514253 1.0122802932 1.6850349702 -3.0456454209 1.0137300466 
1.7778231721 -3.0659386524 1.0095232031 1.6795418090 -3.0440653445 1.0140793729 
1.7839732690 -3.0544613143 1.0124624805 1.6715918908 -3.0593218234 1.0115257541 
1.7683407509 -3.0779430745 1.0078874281 1.6750183122 -3.0393871380 1.0149485502 
1.7702532456 -3.0521805721 1.0135944404 1.6874026861 -3.0459052025 1.0137026395 
1.7570367468 -3.0573713662 1.0122471287 1.6831553277 -3.0344553368 1.0161606292 
1.7709965564 -3.0725186930 1.0099629031 1.6661422339 -3.0493909257 1.0141753543 
1.7789263182 -3.0641609225 1.0110876376 1.6842796025 -3.0348040566 1.0161010763 
1.7744837014 -3.0396661167 1.0148128487 1.6711162040 -3.0469532900 1.0135012487 
1.7464922397 -3.0580417510 1.0124768602 1.6657101360 -3.0614343752 1.0111563129 
1.7799396284 -3.0657315937 1.0106560328 1.6780012755 -3.0418353059 1.0143287817 
1.7730154840 -3.0659102609 1.0092519763 1.6807956693 -3.0419069093 1.0150166977 
1.7575568466 -3.0710165748 1.0088215007 1.6710113769 -3.0419226331 1.0154370694 
1.7665259075 -3.0634243553 1.0100469266 1.6840482708 -3.0450682938 1.0138704604 
1.7586246580 -3.0621645577 1.0101515563 1.6638185351 -3.0374880312 1.0160779496 
1.7651903532 -3.0726194294 1.0084474119 1.6711245334 -3.0636352483 1.0107163989 
1.7804718417 -3.0551076807 1.0113993244 1.6765813533 -3.0462553627 1.0137179767 
1.7492606119 -3.0734226321 1.0083355059 1.6447385356 -3.0392168389 1.0160967203 
1.7783475372 -3.0387009120 1.0156968138 1.6775976324 -3.0578995692 1.0118057643 
1.7587284683 -3.0495386113 1.0149360570 1.6819908209 -3.0577997914 1.0122568813 
1.6759008694 -3.0911088584 1.0173576927 1.7384097064 -3.0768853485 1.0198641942 
1.6655351190 -3.0878244864 1.0171368858 1.7534119605 -3.0734742955 1.0184109683 
1.7651189946 -3.0712671229 1.0086500631 1.6612593567 -3.0816289264 1.0085554820 
1.7514704007 -3.0507567798 1.0114075169 1.6508756456 -3.0987362877 1.0048890495 
1.6728473807 -3.0852953146 1.0191468941 1.7347677380 -3.0728727120 1.0202188491 
1.7651010882 -3.0644111298 1.0108458641 1.6593799294 -3.0695183167 1.0098792157 
1.7742262869 -3.0728930050 1.0098814291 1.6829070537 -3.0209796096 1.0180871841 
1.7289628538 -3.0492153456 1.0131402711 1.6296829991 -3.0576091625 1.0137818964 
1.7551942245 -3.0464120177 1.0131084808 1.6536618430 -3.0783660633 1.0082673805 
1.7552471163 -3.0585406863 1.0088038239 1.6511440756 -3.0879189946 1.0080829439 
1.6668941071 -3.0757170697 1.0215187409 1.7393941664 -3.0728668843 1.0187559574 
1.6610073052 -3.0825226400 1.0196706894 1.7382915452 -3.0705634321 1.0205066809 
1.6718031716 -3.0764434948 1.0209376019 1.7396629296 -3.0598056479 1.0243393277 
1.7395798161 -3.0326592715 1.0156464431 1.6474517430 -3.0817023932 1.0086013600 
1.6790830473 -3.0792961996 1.0194482754 1.7448437785 -3.0623305753 1.0225747294 
1.6702120381 -3.0748832149 1.0216937933 1.7301218338 -3.0628728035 1.0235490736 
1.7509530186 -3.0542945919 1.0118994781 1.6507849185 -3.1029139037 1.0049546365 
END
