-0.2382281523 -0.3681791531 1.2319204400 -0.2355415617 -0.3676854785 1.3080479143 
6 6
image_id_list 4 47 59 92 93 74 
line_id_list 146 181 25 152 65 218 
line2d_list
319.3171386719 13.1977882385 325.8503417969 35.7537078857 
212.8621063232 0.9225028157 213.8670501709 12.1018447876 
342.9977416992 188.0432739258 344.0405883789 164.0017547607 
472.3402709961 140.8561859131 466.9829406738 165.4322662354 
228.0638122559 112.1563339233 231.0695495605 130.1553802490 
53.7757759094 68.0499877930 59.3218002319 92.9282608032 
node_id_list 3804 3805 3806 3807 3808 13101 
score_list 5.6474511461 5.0898114296 4.5892824458 2.8725136539 4.5163471004 5.7629147042 
line3d_list
-0.2330191219 -0.3702072635 1.3079752491 -0.2331000879 -0.3731652924 1.2317718015 
-0.2330612976 -0.3717481206 1.2682803632 -0.2330970472 -0.3730542026 1.2346336506 
-0.2404519557 -0.3673565591 1.2354369323 -0.2366350796 -0.3673336914 1.3134606406 
-0.2342333500 -0.3683622413 1.2876081784 -0.2393968417 -0.3677359560 1.2292867039 
-0.2362846502 -0.3677097595 1.3128186302 -0.2387673276 -0.3690345397 1.2350317408 
-0.2421338233 -0.3627313545 1.3004505361 -0.2453664674 -0.3623077999 1.2277524674 
END
