0.0021396436 -2.6312324903 1.3922597366 0.0016436845 -2.6300783378 1.4991493662 
37 37
image_id_list 3 8 37 43 45 49 50 76 79 81 84 85 86 95 96 98 9 19 31 15 16 33 60 97 14 21 51 53 57 80 82 88 41 56 32 77 38 
line_id_list 94 65 110 53 28 49 129 81 43 113 151 177 80 69 143 74 191 89 175 162 102 106 51 14 98 40 42 51 44 45 177 71 64 39 128 47 72 
line2d_list
370.3382568359 108.0161209106 370.6398315430 82.9836120605 
185.4271850586 190.8940582275 188.7786712646 172.7741088867 
233.4144134521 196.0445861816 232.0404052734 177.9969177246 
292.4521789551 229.0823364258 288.3731994629 201.9439086914 
212.3987579346 155.0445709229 215.0974121094 130.8991241455 
362.7678222656 29.9672222137 366.8993530273 0.7034278512 
130.9433288574 33.0064964294 127.2581024170 0.8557922840 
243.8587951660 145.0059661865 242.9288024902 123.0030059814 
178.9779663086 106.0015869141 177.1732788086 80.9155960083 
413.2160644531 134.9786682129 411.1435546875 113.9858245850 
345.7780761719 113.0138397217 344.4656982422 91.9709548950 
14.4022760391 182.8518066406 5.9856786728 160.0052795410 
271.9338989258 195.0051574707 270.3701171875 174.9711151123 
372.3934020996 177.9680938721 373.8155212402 150.9376831055 
405.4407653809 213.0036315918 405.6136169434 191.9968261719 
398.3806457520 204.1181488037 400.1015319824 184.0086822510 
401.3925781250 258.0097045898 401.4901123047 243.9964447021 
416.2802734375 165.0471496582 416.8713684082 148.9952697754 
373.6622009277 257.0063171387 373.3438720703 240.0122833252 
184.7447814941 22.0487556458 180.8825683594 1.8313989639 
480.5490417480 77.9647903442 479.2677307129 57.9828300476 
428.8764648438 244.0100708008 427.4128112793 226.0478515625 
688.0346679688 223.0473327637 688.9082641602 203.9500579834 
607.1035156250 252.1102447510 608.7257080078 235.8726959229 
594.3310546875 63.0066070557 594.4204101562 44.9971237183 
673.9375000000 82.2074127197 679.0686645508 59.0151901245 
687.6237182617 133.0456237793 690.1916503906 97.9408721924 
625.5655517578 202.0786437988 629.6351928711 172.8102264404 
509.1433410645 184.2648773193 512.9159545898 167.9805297852 
696.7469482422 158.1557769775 702.2347412109 131.8404235840 
477.5680236816 90.0053024292 477.3591003418 72.9955902100 
553.9014892578 188.9817047119 559.3400878906 159.6917877197 
228.3545074463 220.9338836670 224.6488494873 201.0654907227 
758.2560424805 159.0328063965 762.1193237305 128.8871459961 
283.9247741699 224.9777832031 283.5166931152 207.9875946045 
565.9306640625 143.0025482178 564.8658447266 114.0049285889 
501.1565246582 212.1006011963 502.9918823242 190.9992980957 
node_id_list 3156 3157 3158 3159 3160 3161 3162 3163 3164 3165 3166 3167 3168 3169 3170 3171 4679 4680 4681 5958 5959 5960 5961 5962 8376 8377 8378 8379 8380 8381 8382 8383 8651 8795 9259 9593 11694 
score_list 14.5535177336 10.2268439783 8.9243704301 9.3706294593 10.9308794481 6.9580434296 7.0104618624 7.2765974352 7.9456654546 11.9317592921 10.4217310722 4.2437482921 8.2698803638 12.2291632224 10.5658704562 8.2723542990 7.3998542641 6.6707823971 9.1614348652 10.5485609885 7.6461206161 12.5459337786 7.8185768225 11.6943120111 6.9848079072 10.6540307568 12.5044800070 15.6259133621 3.3951902095 11.6640424331 5.9968955048 16.7955780206 13.3639344041 9.8463344105 7.9234286073 13.4962920973 6.0530108652 
line3d_list
0.0025224438 -2.6315834001 1.3957615536 0.0003142550 -2.6310697969 1.4948508754 
0.0073340750 -2.6287463357 1.3982809485 0.0053703970 -2.6281128972 1.4961546979 
0.0046635231 -2.6291775870 1.3981390313 0.0061018589 -2.6258273502 1.4958236481 
0.0040117898 -2.6299509022 1.3922247726 -0.0047436363 -2.6339284308 1.4966811786 
0.0045280709 -2.6298712461 1.3973833624 0.0011855305 -2.6297862168 1.4951189337 
0.0052394801 -2.6280705764 1.3963969689 -0.0079653649 -2.6387443025 1.4830770498 
-0.0021031912 -2.6342625380 1.3960040422 0.0053953975 -2.6280968538 1.4962397050 
0.0033237491 -2.6297801560 1.3903332401 0.0011972971 -2.6306882113 1.4981245705 
0.0036399251 -2.6302307224 1.3922558810 -0.0029723796 -2.6326748699 1.4933835616 
-0.0000245216 -2.6337814576 1.3937195252 0.0109668182 -2.6251685889 1.4982461560 
0.0062743655 -2.6289506970 1.3952936488 -0.0046810137 -2.6334799984 1.4949596545 
0.0130418318 -2.6249265405 1.3979093340 0.0047216921 -2.6290021748 1.4970391922 
0.0133436746 -2.6247786823 1.3943130448 0.0047505472 -2.6289880401 1.4966954005 
0.0013951455 -2.6318525564 1.3951180481 0.0027462052 -2.6282689129 1.4969911707 
-0.0015663237 -2.6339705555 1.3949286282 0.0018681759 -2.6301068395 1.4982443341 
-0.0049987412 -2.6359168198 1.3974148046 -0.0137217959 -2.6391267984 1.4995945157 
0.0054163080 -2.6287473455 1.3987093391 -0.0015631041 -2.6300670571 1.4954067144 
0.0046639980 -2.6302546013 1.4005314809 0.0129817367 -2.6236656565 1.4978980786 
0.0098007092 -2.6267929642 1.3943210230 -0.0043040437 -2.6332185953 1.4962220653 
0.0036219052 -2.6305407214 1.3974916003 0.0074086497 -2.6258731532 1.5009290012 
0.0025664626 -2.6302836798 1.3930864529 0.0086414202 -2.6220592509 1.4990952481 
0.0010544308 -2.6332831115 1.3949120065 0.0040204235 -2.6281499899 1.4964988751 
0.0024514449 -2.6306161978 1.3943992889 0.0118862774 -2.6207091973 1.4946387819 
0.0033898359 -2.6306097813 1.3979387729 0.0076359452 -2.6241329037 1.4943465440 
0.0051602053 -2.6286411525 1.3969765486 0.0086683612 -2.6229879299 1.4936133186 
0.0029415514 -2.6298086757 1.3953777745 0.0034816397 -2.6283657953 1.4971048811 
0.0021748973 -2.6312146973 1.3958529249 0.0021985739 -2.6294421877 1.4970807422 
0.0025759812 -2.6309807662 1.3929485165 0.0013803758 -2.6300288587 1.4966946913 
-0.0046701330 -2.6396889166 1.3957647389 0.0101230424 -2.6213146664 1.4959538924 
-0.0005532871 -2.6333656849 1.3958763370 0.0015454890 -2.6303614840 1.4945207657 
0.0026085055 -2.6326160280 1.3953048148 0.0003871303 -2.6297431214 1.4947041288 
0.0018563959 -2.6311039381 1.3948016659 0.0013019279 -2.6306517970 1.4951145117 
0.0050139814 -2.6297097534 1.3961817824 0.0020329130 -2.6292444374 1.4987699807 
0.0001857577 -2.6326005770 1.3972430645 0.0029248988 -2.6289395038 1.4963792120 
-0.0125392616 -2.6393408544 1.3948480846 0.0113550227 -2.6245705844 1.4939498273 
0.0004198009 -2.6328891072 1.3946357930 0.0033572725 -2.6285354885 1.4947632394 
0.0239237981 -2.6158804553 1.3993142377 0.0030274194 -2.6311033580 1.4963425856 
END
