2.6241732925 -2.9983984492 0.8793118748 2.6239680439 -2.9973283935 0.9332799738 
4 4
image_id_list 21 23 30 73 
line_id_list 139 102 18 74 
line2d_list
70.2858200073 171.0749969482 68.9138641357 158.0090484619 
240.8206939697 112.0155639648 239.7642974854 99.8468399048 
634.3391723633 287.0562744141 636.4916381836 274.0815734863 
225.6729888916 40.1079673767 219.7245025635 22.0909595490 
node_id_list 9700 9701 9702 9703 
score_list 1.9582766996 0.7955206991 3.8229141924 2.9802621451 
line3d_list
2.6244326368 -2.9996482744 0.8788401172 2.6245370453 -2.9994578069 0.9331620302 
2.6237828959 -2.9938136322 0.8806449172 2.6239087371 -2.9937840731 0.9364350411 
2.6244686969 -2.9976023487 0.8792972135 2.6238022056 -2.9970929974 0.9332746758 
2.6242447794 -2.9987108067 0.8761692208 2.6237739323 -2.9971896814 0.9335988367 
END
