3.1001464545 -1.8920980088 -0.0082555522 3.1009218848 -1.8913404923 1.9975641908 
10 6
image_id_list 26 69 69 70 94 26 70 71 28 28 
line_id_list 209 10 64 21 38 260 50 98 267 298 
line2d_list
536.9504394531 0.9188799262 577.0634765625 470.9092407227 
786.2563476562 98.0729293823 644.9000244141 594.9715576172 
649.2508544922 589.0714111328 788.1679687500 101.0478134155 
591.8513793945 0.8949887753 552.2610473633 433.9324340820 
159.6873626709 0.7725241184 215.5228271484 169.4888610840 
579.7182006836 464.9393615723 540.5268554688 0.8710563183 
555.9035644531 420.9911499023 594.4625854492 0.9506685734 
330.9262695312 192.8653259277 303.0077514648 0.8534712791 
628.2337036133 0.8576511741 675.3353271484 409.0766906738 
677.8145141602 401.9069519043 632.0069580078 0.8849778175 
node_id_list 11007 11008 11009 11010 11011 11073 11074 11075 11369 11385 
score_list 5.0184519137 5.6676295592 4.9331235234 6.0575305704 4.5129881578 4.9248197421 5.4888384022 6.2432758642 5.1908806934 5.1839093987 
line3d_list
3.0796511447 -1.8799068833 1.9975680959 3.0812465756 -1.8793175554 -0.0036849046 
3.0834007275 -1.8796758028 2.0127441580 3.0836213313 -1.8791690425 -0.0029085987 
3.0930374391 -1.8907616832 0.0233703023 3.0890954189 -1.8895310253 2.0045820164 
3.0816348585 -1.8800951589 1.4676552033 3.0821546565 -1.8795133583 -0.0131845430 
3.0866552280 -1.8802861321 0.6546875485 3.0861838082 -1.8797791684 -0.0136219780 
3.0966064519 -1.8924106962 0.0180362487 3.0942636131 -1.8919188241 1.9965443468 
3.0976739439 -1.8919488460 0.0350182346 3.0959715384 -1.8901622941 1.4655566682 
3.0988879095 -1.8934648696 0.0148191641 3.0973669047 -1.8930308830 0.9158799248 
3.0815648529 -1.8801735149 1.6670923760 3.0821529256 -1.8795152957 -0.0082533481 
3.0957707663 -1.8920245819 0.0192942110 3.0936902612 -1.8915540382 1.6634095904 
END
