0.0017125047 -3.0285961170 0.4472722229 0.0010751954 -1.5797693258 0.4482889780 
57 50
image_id_list 0 1 4 3 12 39 79 85 90 2 6 7 21 41 49 51 53 56 72 77 80 81 88 95 43 45 50 62 93 98 42 18 91 20 79 84 8 20 84 86 17 65 16 38 96 86 20 57 82 31 76 97 98 63 84 46 78 
line_id_list 274 194 102 202 180 271 184 243 184 106 139 130 163 85 142 155 153 169 42 148 166 156 161 162 153 178 178 124 169 220 153 275 101 244 203 254 272 243 251 216 238 159 234 186 178 225 207 188 205 250 213 189 219 93 230 210 170 
line2d_list
0.9943680167 367.0445556641 20.0054969788 366.9324951172 
0.5465472341 460.4477844238 112.2392044067 427.8188476562 
74.5409698486 599.5306396484 222.1035614014 449.1015930176 
292.0086975098 318.2871093750 590.9885864258 321.9336242676 
0.9070452452 231.3616180420 185.9159393311 204.4226837158 
281.0906372070 415.2949218750 311.9660339355 419.2640991211 
172.0174713135 311.7935485840 408.9282836914 331.8471374512 
8.8754711151 386.2565917969 290.3526611328 339.1053466797 
0.8182982802 441.3605041504 240.2028045654 414.8299560547 
422.1369934082 242.3863677979 799.0522460938 274.3844299316 
114.3804702759 216.1449737549 421.9890441895 353.0245971680 
307.2107849121 120.1288909912 653.9909057617 204.0377044678 
591.4204711914 251.2631378174 776.9309692383 357.1210327148 
221.1169586182 388.0207519531 400.0724182129 409.3935241699 
229.9145355225 274.2274780273 589.8291625977 409.4546508789 
622.7630615234 379.2598876953 799.5246582031 540.4245605469 
553.5480957031 417.3300781250 775.8415527344 599.1936645508 
652.0040283203 384.9903259277 799.1148681641 446.7261962891 
799.7254638672 483.4024963379 735.4510498047 599.2502441406 
506.0722045898 362.7345275879 799.1499023438 442.4489440918 
595.4577026367 357.1849670410 799.2196655273 471.6088256836 
421.9859313965 310.4681091309 532.9949340820 309.4489135742 
469.8244323730 397.1733093262 669.5300292969 599.4639892578 
301.0538024902 379.8527832031 594.0306396484 486.9160766602 
251.0504455566 443.1840515137 569.9443969727 462.8996582031 
123.1342239380 359.4786071777 407.1074829102 432.5824584961 
86.9422149658 278.2811584473 390.0847473145 340.5876159668 
121.0058135986 52.9856987000 342.5935058594 143.0006713867 
0.5852457285 486.3359069824 75.8360366821 439.3386230469 
368.2220153809 378.0750732422 476.2393188477 404.0029602051 
0.9695706964 362.3819885254 233.0106048584 380.8668212891 
0.9885879159 287.6781921387 177.0228729248 290.6403503418 
612.9973754883 60.3848152161 799.4687500000 362.7108764648 
372.0955200195 353.5924072266 471.0511779785 376.7816772461 
124.0027236938 307.9635620117 169.9703979492 311.3963317871 
342.9320373535 289.5423889160 458.0046997070 303.9624633789 
94.0349807739 344.8471679688 128.0823974609 352.6399841309 
339.0368652344 345.8288574219 369.1478881836 352.3132629395 
304.0964050293 284.1419982910 337.1288146973 287.8536682129 
228.0459899902 361.2791442871 261.9717102051 363.4433593750 
0.7210201621 372.6685180664 28.9484882355 366.7541503906 
0.8717563748 106.4320755005 32.0693244934 109.2258453369 
479.9852294922 238.1124420166 560.0497436523 248.6212310791 
424.0223999023 374.9387207031 677.1267089844 467.3907470703 
354.9901428223 378.0311889648 574.2042846680 447.3540039062 
270.1041564941 364.7443542480 377.0321044922 373.6130981445 
477.9399108887 380.2977600098 544.0723876953 393.6413269043 
540.0073242188 355.9787902832 620.4059448242 383.8280029297 
538.0183105469 248.8348236084 624.0702514648 258.3658447266 
338.9305419922 404.7159118652 359.0324096680 406.6659851074 
192.0086975098 316.9038085938 226.9941558838 320.0647277832 
546.9523315430 394.2110595703 568.9595336914 399.1793518066 
330.0325012207 368.8510742188 362.9909362793 376.0415649414 
759.5765991211 66.0852432251 799.4060058594 263.9182434082 
459.0025939941 305.9734802246 538.0314331055 313.6776123047 
0.9168553948 429.9662475586 59.9372062683 425.2192382812 
771.9663085938 376.1027526855 799.3052368164 385.0693054199 
node_id_list 1430 1431 1432 1947 1948 1949 1950 1951 1952 2680 2681 2682 2683 2684 2685 2686 2687 2688 2689 2690 2691 2692 2693 2694 3494 3495 3496 3497 3498 3499 3762 4145 4146 4442 4443 4444 5148 5149 5150 5151 7209 7210 8878 8879 8880 9195 9523 9524 9525 9546 9547 9548 9549 9712 12323 12584 13018 
score_list 2.3524348107 6.8101923923 9.6473440229 8.5352339797 6.4229509862 3.5258702372 4.2680240585 3.8494957094 8.9694818873 12.4279622420 14.6659201385 8.5456622910 2.3246870516 6.5389429081 10.1535406324 9.7618453878 11.3626640187 7.1416816688 4.9930959918 14.3037576694 3.8481048800 7.4898705832 13.5718760260 15.4519673855 14.3306163741 7.0700399671 10.1129053882 11.8278050797 8.2636404519 5.8123480390 11.4821716613 8.0077407559 13.7989282775 4.2998356902 4.1382766098 5.2412238485 4.1781856052 5.0803047627 3.2757340985 4.5973071995 3.4763031069 4.7215257239 3.5247733390 8.4848231196 7.4851115541 5.1927961774 7.1769676722 5.3257509854 2.9085684248 3.1144442172 4.8045210666 1.8316838581 4.5165727756 6.9552760897 5.1508978307 2.8032709324 0.0000000000 
line3d_list
-0.0034460492 -1.6580785752 0.4454627391 0.0016065889 -1.5882872772 0.4495084181 
-0.0078820528 -1.9609582665 0.4431903029 -0.0089077200 -1.5797699685 0.4429475146 
-0.0027382977 -2.0775098013 0.4459604635 -0.0015515563 -1.5788576984 0.4469881974 
-0.0018274244 -2.9873263107 0.4458140497 -0.0119249299 -1.5885277241 0.4411339418 
0.0023400374 -2.3000945197 0.4486058133 -0.0025544639 -1.6011852856 0.4466366192 
-0.0138519299 -1.7894423037 0.4404702145 -0.0000668150 -1.6202191159 0.4479400011 
-0.0028236708 -2.7492640892 0.4447723746 -0.0078823280 -1.6161598579 0.4426452500 
-0.0071055717 -3.0106809869 0.4429523876 -0.0125584403 -1.6199932263 0.4413093177 
-0.0039059336 -2.3922968507 0.4452073145 -0.0041363503 -1.6055112827 0.4457930190 
-0.0031717757 -3.0004595668 0.4453987891 0.0001442039 -1.8041838379 0.4477567080 
-0.0019307010 -3.0094414430 0.4444059718 0.0001518494 -1.6560817517 0.4475222639 
0.0018526838 -2.9997708740 0.4477658616 -0.0039846832 -1.6179531398 0.4459358475 
-0.0021933890 -3.0156320119 0.4437070006 -0.0011094101 -1.6909122021 0.4468583876 
-0.0107618619 -3.0326102109 0.4394316924 0.0084080828 -1.6956079234 0.4515639672 
0.0048199383 -2.9992782408 0.4490779544 0.0011097478 -1.6108845123 0.4481919391 
-0.0004645976 -3.0158569606 0.4449740172 0.0000446683 -1.9623277690 0.4472216166 
-0.0004639943 -3.0146089843 0.4449766796 0.0001811330 -1.6800204481 0.4478238911 
-0.0156737218 -3.0182268774 0.4377406132 -0.0122738897 -2.3669507139 0.4415369725 
0.0020500834 -1.9723591266 0.4488480570 0.0017837902 -1.6769951304 0.4489165455 
-0.0063111938 -3.0048839435 0.4426526643 0.0017011368 -1.8372092040 0.4485606977 
-0.0063731091 -3.0139071539 0.4426070099 0.0011249278 -1.9211828541 0.4481358198 
-0.0169037497 -2.7289976404 0.4371929409 0.0110576817 -2.0945079236 0.4524206142 
0.0015188212 -3.0060044222 0.4461709919 0.0008577103 -1.7167171721 0.4477903446 
-0.0031324790 -3.0026371455 0.4443649744 -0.0033083668 -1.6313552382 0.4454371005 
-0.0063012035 -3.0069858535 0.4428326975 -0.0034460589 -1.6241177028 0.4453767836 
0.0056959318 -2.9997036580 0.4483115438 -0.0010971678 -1.6385211964 0.4469117167 
-0.0031750211 -3.0059770599 0.4449584815 -0.0030004317 -1.6506423115 0.4461831047 
0.0001281372 -2.9921463904 0.4462168439 -0.0001236106 -1.6836815197 0.4472405057 
-0.0090070284 -1.8446883836 0.4427567776 -0.0147604037 -1.5765833435 0.4403587188 
0.0006099290 -2.7459232820 0.4446175426 0.0037263128 -2.1008813072 0.4482882619 
-0.0002875626 -2.5618607909 0.4464278388 -0.0002375455 -1.6660708636 0.4472125654 
-0.0021568815 -2.4691203288 0.4447808247 0.0000197484 -1.6611516687 0.4474538424 
0.0021529642 -3.0064807256 0.4476976148 0.0012786433 -1.6787873305 0.4483597622 
0.0028775217 -2.7480951049 0.4454159850 0.0036850822 -2.0753715312 0.4483748904 
-0.0112143290 -2.9973624120 0.4400140677 0.0032012883 -2.7562746975 0.4484599786 
-0.0153026356 -2.7541963384 0.4378220954 -0.0013920344 -2.0558070724 0.4462760705 
-0.0023222299 -2.9998355821 0.4451251624 0.0065873346 -2.7960131570 0.4503809274 
-0.0109161322 -3.0142170478 0.4385470163 0.0310859600 -2.7488584610 0.4612666305 
0.0016518418 -3.0028386036 0.4474081829 0.0226514922 -2.7662986480 0.4596367610 
-0.0168060985 -3.0178425995 0.4366448049 0.0337378183 -2.7644434084 0.4614649633 
0.0163604450 -2.2140247963 0.4543262496 0.0027523745 -2.0842120415 0.4479440069 
0.0003171965 -1.7617623579 0.4480241612 -0.0002152662 -1.6715964495 0.4482732296 
-0.0293373345 -2.7712386177 0.4307857330 -0.0017282334 -2.1849013663 0.4457605856 
-0.0201464472 -3.0196684226 0.4361429850 0.0143578791 -1.6241144598 0.4539654913 
-0.0239012241 -3.0285974862 0.4331684445 0.0103840571 -1.6532989677 0.4527465380 
-0.0222141630 -2.7468081570 0.4353757262 -0.0067804029 -2.0938862779 0.4433719279 
0.0170589222 -2.0256058710 0.4434847293 -0.0002938782 -1.6527756683 0.4496647773 
0.0563790456 -2.1485583383 0.4528584578 0.0031080741 -1.6501710120 0.4509046434 
0.0057725018 -2.2231631204 0.4332532534 0.0031752506 -1.6584412716 0.4506596277 
-0.0206252869 -3.0369898938 0.4347693495 0.0234622059 -2.8159596352 0.4564190083 
-0.0155888723 -3.0230412325 0.4374174962 0.0184120164 -2.7748184058 0.4551400526 
-0.0299948035 -3.0249644881 0.4311417287 0.0103593104 -2.8302118788 0.4510335108 
-0.0110703459 -3.0103372039 0.4397419420 0.0187742955 -2.7689506749 0.4553337774 
0.0018417766 -2.9638300327 0.4467574299 0.0015486866 -1.7530660179 0.4486965269 
0.0049662983 -2.0478698066 0.4386563045 0.0030754878 -1.6367497857 0.4513282225 
0.0068477821 -1.8815706947 0.4497541249 0.0181781240 -1.6477424160 0.4548988053 
-0.0014206941 -3.0061295963 0.4436380319 -0.0315548172 -2.8711152360 0.4374241618 
END
