0.9771615787 -1.1542823593 -0.0069996445 0.8563454428 -0.9449747101 -0.0053836789 
27 27
image_id_list 0 3 8 32 85 1 17 66 79 37 76 81 84 86 4 11 93 7 9 10 16 19 57 82 18 15 34 
line_id_list 320 229 253 283 291 240 260 248 206 205 222 172 262 234 186 250 101 144 268 274 241 262 212 248 334 214 211 
line2d_list
220.4084472656 579.5028686523 237.3742065430 559.3144531250 
779.0545654297 540.0909423828 799.9361572266 527.5600585938 
373.8439941406 597.0404052734 425.9911499023 592.8887939453 
553.8317260742 550.3202514648 598.0903320312 539.3648681641 
421.2519226074 530.4080810547 461.3896484375 505.6312255859 
375.7540283203 599.7196044922 385.7032470703 575.4680175781 
242.6838684082 499.4981689453 281.6134033203 474.9736938477 
79.6480789185 461.7679138184 116.2973480225 406.1961059570 
509.1619873047 576.5625000000 558.7898559570 562.2703857422 
482.7950134277 557.9402465820 529.0006103516 549.0030517578 
481.9719543457 557.7390136719 535.0046386719 552.0431518555 
747.0332641602 519.1589355469 799.2589111328 508.2381286621 
595.0178222656 545.2443847656 649.0946044922 541.2961425781 
520.6871948242 597.0162963867 580.1019287109 587.6464843750 
631.3767700195 526.6536865234 617.1210327148 469.9756469727 
38.4164161682 499.8664550781 110.3273391724 480.1967163086 
402.0051574707 539.9364013672 404.5005493164 500.9041442871 
731.0048828125 583.7596435547 799.0085449219 583.3200073242 
542.9971923828 566.3718872070 587.0022583008 566.7006835938 
402.9980468750 563.0209350586 448.9709777832 567.3110961914 
669.9984741211 466.0691223145 722.9944458008 467.2500915527 
548.9393920898 525.6071166992 594.9798583984 530.2017211914 
590.1061401367 561.6197509766 642.8997192383 576.3591918945 
634.9965820312 430.1716613770 682.9976196289 431.1197509766 
243.3544311523 538.0624389648 304.2567443848 517.7705688477 
354.9859619141 379.8762207031 399.0985717773 374.8684387207 
743.1543579102 424.3579101562 798.8218994141 437.7407836914 
node_id_list 1554 1555 1556 1557 1558 2007 2008 2009 2010 3519 3520 3521 3522 3523 3836 3837 3838 4473 6189 6190 6191 6192 6193 6194 6736 8683 8885 
score_list 4.6825691908 8.4107315340 4.9734410071 7.8321974318 6.8424221256 5.1486321879 6.9377431203 5.2479818961 7.1481548077 4.6956211350 5.3128825743 5.3164887526 7.4252177078 6.1338021685 5.8355379266 4.8296578398 3.5143392911 5.7000717313 9.5692708818 7.4005217476 6.3575642356 6.0669769049 4.4794982072 4.3559776514 6.2031522928 2.6946984357 3.9448046441 
line3d_list
0.9697468113 -1.1255535980 0.0002538271 0.8932068346 -0.9827367731 0.0053229549 
0.9638737882 -1.1195822641 -0.0018336080 0.8935484469 -1.0019046886 -0.0029161289 
0.9888100916 -1.1642689232 -0.0021676619 0.8600166564 -0.9488903861 -0.0028281401 
0.9816240916 -1.1370187417 0.0025938590 0.8819807779 -0.9427223417 0.0103943498 
0.9765820912 -1.1263523246 0.0030753801 0.8552905601 -0.9549340541 -0.0123673389 
0.9141323727 -1.0622619000 -0.0135001088 0.8551917475 -0.9440392612 -0.0066877980 
0.9561335726 -1.1371467947 -0.0147980506 0.8729625971 -0.9532747390 0.0012921239 
0.9526016609 -1.1272377422 -0.0216147810 0.8607030127 -0.9585403100 -0.0138614183 
0.9622921232 -1.1267164727 -0.0059767762 0.8480827095 -0.9545116002 -0.0167200091 
0.9637285129 -1.1319756018 -0.0069298732 0.8745834574 -0.9539096393 0.0000414117 
0.9618025800 -1.1367863754 -0.0102210371 0.8730265484 -0.9575185853 -0.0025078114 
0.9634741792 -1.1368745286 -0.0087880343 0.8580110744 -0.9642749659 -0.0107739706 
0.9716029828 -1.1308727679 -0.0024242032 0.8853099251 -0.9597536453 0.0055678290 
0.9764722881 -1.1671816545 -0.0118026370 0.8872827453 -0.9572543138 0.0078028047 
0.9463900412 -1.1163331647 -0.0173199018 0.8498597012 -0.9391625850 -0.0089546624 
0.9713531041 -1.1576003620 -0.0115010481 0.8689527132 -0.9606047197 -0.0036864321 
0.9426958618 -1.1149295760 -0.0174235414 0.8530210635 -0.9468726404 -0.0080986664 
0.9578536372 -1.1209302547 -0.0070142281 0.8701505200 -0.9764697254 -0.0112534503 
0.9647227774 -1.1396817751 -0.0092815822 0.8842695929 -0.9524361090 0.0075611882 
0.9602634668 -1.1296178030 -0.0084356421 0.8836748919 -0.9536937747 0.0069499262 
0.9661871847 -1.1283007241 -0.0054691659 0.8845975686 -0.9554952178 0.0068531251 
0.9684331265 -1.1245869433 -0.0021306269 0.8813707960 -0.9519423526 0.0059326515 
0.9750474738 -1.1327130460 -0.0005814414 0.8823608755 -0.9482001044 0.0083126583 
0.9667405053 -1.1318783293 -0.0065866037 0.8851992726 -0.9499745586 0.0097194027 
0.9695956670 -1.1539156866 -0.0112655449 0.8759228179 -0.9612628342 0.0000375277 
0.9830560172 -1.1318540460 0.0009441683 0.8783537710 -0.9658874308 0.0012186511 
0.9817284848 -1.1305629204 0.0033032018 0.8867097933 -0.9697348225 0.0041232625 
END
