1.7791473398 -2.9858348098 1.9126173949 1.7973101926 -2.9582258475 1.6855655225 
3 3
image_id_list 16 98 20 
line_id_list 55 52 60 
line2d_list
125.6716537476 19.0842742920 141.8926696777 82.2842102051 
15.6400833130 4.9856677055 17.8124313354 102.0041961670 
19.2933845520 67.8557434082 28.9149951935 154.1210174561 
node_id_list 8749 8750 9399 
score_list 0.8480378509 1.9215789444 0.5777484273 
line3d_list
1.7836779817 -2.9784243580 1.9138809135 1.7982780905 -2.9567502914 1.6739387811 
1.7742737693 -2.9932430195 1.9735413752 1.7973101926 -2.9582258475 1.6855655225 
1.7742018599 -2.9933523275 1.9744403073 1.7981909639 -2.9568870059 1.6745550945 
END
