0.1271415592 0.1864010878 0.3678752330 0.9863600423 0.1832926157 0.3728616092 
16 16
image_id_list 0 1 4 12 47 59 66 74 85 87 90 92 93 64 18 65 
line_id_list 222 226 195 191 174 217 185 222 239 250 241 211 217 212 278 110 
line2d_list
435.2235717773 459.6403808594 329.6271057129 393.9912719727 
572.3640747070 418.1304626465 434.2865295410 360.3157043457 
754.0033569336 183.6125640869 527.9937133789 184.8448028564 
617.5062255859 209.8551788330 569.0984497070 175.8598175049 
596.3703613281 298.9410095215 408.2911376953 233.1674652100 
607.5823974609 538.4547119141 523.1160278320 460.8736572266 
327.7037658691 107.5258560181 257.1300659180 67.7691192627 
497.2183837891 333.0379943848 289.2652282715 285.8316650391 
680.5101928711 315.4620971680 666.6496582031 302.3150939941 
518.2763671875 514.5018310547 434.1087646484 467.8039550781 
793.0164184570 489.4992980957 660.2733154297 399.5964965820 
769.8176269531 600.1552734375 652.7130737305 480.3032836914 
545.2391967773 292.9128417969 391.0864257812 275.2460327148 
637.2637939453 599.7470092773 614.0834350586 576.9006958008 
619.1687011719 361.9360656738 611.8684692383 342.6708984375 
799.5260009766 499.8516845703 724.5250854492 233.8519439697 
node_id_list 1267 1268 1269 1270 1271 1272 1273 1274 1275 1276 1277 1278 1279 1990 7212 7213 
score_list 8.0175909643 6.1566986490 8.2747580724 9.3974936704 8.8858743814 6.3702853691 10.1406437857 6.7542614527 2.6497427271 5.3465828196 5.1648595084 10.7570721231 7.0854867759 4.7252297344 1.8392928471 5.3951049876 
line3d_list
0.9594525702 0.1785773851 0.3729883768 0.1334807688 0.1905587982 0.3653678977 
0.9847928786 0.1714842966 0.3797544862 0.1347098527 0.1878514611 0.3675432566 
1.0238414750 0.1823807462 0.3724103060 0.1320015066 0.1863322004 0.3681783343 
0.5327419250 0.1830162910 0.3712256106 0.1302972885 0.1894815400 0.3663680171 
0.9819953803 0.1794426491 0.3756538327 0.1361044141 0.1852394451 0.3685475864 
0.6048669605 0.1829992155 0.3715701254 0.1329418475 0.1870767328 0.3674884886 
0.5616747551 0.1870864114 0.3694851566 0.1330339821 0.1872993292 0.3673863469 
1.0108302398 0.1819654107 0.3749372112 0.1323921826 0.1869924025 0.3679371264 
0.2809315991 0.1870301990 0.3676393056 0.1121457571 0.1951963218 0.3623338226 
0.6968478891 0.1745341055 0.3759001472 0.1369007573 0.1899840836 0.3661672685 
0.8523024424 0.1701375593 0.3785514272 0.1268994269 0.1940538961 0.3630785588 
0.5325572582 0.1839125898 0.3704029109 0.1330195642 0.1849075610 0.3688963454 
0.9863104041 0.1757297405 0.3767002800 0.1349745177 0.1894064006 0.3664244723 
0.2378362759 0.1893737149 0.3659713256 0.1271872755 0.1932590173 0.3642728945 
0.3910619203 0.1786386000 0.3731092096 0.2403187187 0.1828224554 0.3704091825 
0.8579606635 0.1861121613 0.3680777145 0.1337529949 0.1862911748 0.3681654505 
END
