1.6606771741 -1.3860167131 -0.0048264138 2.9890071473 -2.7183061089 0.0003390050 
62 25
image_id_list 14 15 16 16 19 19 19 21 21 34 34 82 14 15 16 19 82 82 23 57 91 23 57 63 63 91 94 21 34 91 26 28 30 30 44 44 48 48 52 52 54 54 55 55 70 70 73 73 89 89 94 94 26 28 71 72 72 72 63 94 71 71 
line_id_list 2 6 1 21 1 4 59 56 97 28 119 3 35 36 57 81 35 124 24 48 54 67 117 9 29 60 0 98 94 48 67 12 49 134 1 28 14 40 40 109 44 71 64 111 7 74 0 23 17 77 11 50 210 91 51 17 35 8 24 24 49 64 
line2d_list
491.9911193848 485.8321228027 412.9475402832 490.0068664551 
119.8213272095 481.2982788086 30.9794387817 503.9192504883 
405.0230712891 555.1744384766 336.8923034668 564.1857299805 
246.9092559814 578.2761840820 333.0595703125 567.4751586914 
294.9669189453 583.3511962891 230.9803466797 586.6147460938 
226.9357452393 586.8737182617 177.9809722900 589.6663818359 
230.0167999268 589.2937622070 290.0491638184 585.8594360352 
304.2327575684 534.4669189453 227.9328765869 501.1537475586 
225.6957397461 502.6833496094 301.7559204102 536.5481567383 
473.1829223633 436.6410522461 398.9133605957 426.6436462402 
396.0810852051 428.4328002930 470.8402099609 439.1180114746 
391.0065002441 495.0655212402 341.8949279785 499.9419250488 
400.0462646484 492.8948669434 485.0259704590 488.5024414062 
25.2287769318 507.8944702148 156.5874023438 474.2966003418 
336.1543884277 567.0614013672 398.9886169434 557.9216918945 
180.0022735596 592.0400390625 226.0242309570 589.4266967773 
340.9531555176 502.5429382324 391.0420837402 497.4106750488 
298.9906311035 506.9093322754 337.1006164551 502.9746704102 
517.1839599609 385.1304321289 450.0163879395 370.9226074219 
329.1749267578 566.8283691406 256.0141601562 555.9051513672 
0.1728872806 521.8403320312 29.3934421539 550.6002807617 
447.6004638672 372.8789367676 516.8706054688 387.6085815430 
254.6781005859 558.0992431641 320.8099060059 568.2397460938 
115.9276504517 381.2797546387 51.3917045593 133.8978118896 
53.9804992676 134.7433624268 100.8416290283 313.7797241211 
75.4058151245 599.6038818359 0.3046273887 525.7067260742 
234.1786041260 599.4481201172 407.4316711426 143.7839050293 
306.4234619141 538.3630371094 361.6878356934 561.7380371094 
474.8504028320 439.1567687988 510.8942565918 443.8177795410 
31.2067203522 552.7874145508 79.3808670044 599.6366577148 
632.4696044922 582.1800537109 782.9086303711 484.8587646484 
664.8580322266 574.7769775391 799.1834106445 489.2881774902 
555.1103515625 599.4177246094 510.8165588379 505.0861206055 
501.7333068848 480.6543579102 557.6033935547 599.1869506836 
354.7586059570 575.9578857422 391.2262573242 367.0394897461 
393.1219787598 369.0210571289 357.3943481445 576.0680541992 
257.1438293457 599.1536254883 236.6710662842 485.0590209961 
239.0426635742 485.8096313477 259.7176818848 599.0515136719 
456.2481689453 599.0411376953 450.3940124512 491.9784545898 
452.4331054688 491.9746398926 458.7025146484 599.0173950195 
348.9297485352 598.8349609375 298.5947570801 534.3161621094 
300.6104431152 533.5183105469 350.4329528809 596.6583862305 
464.8307495117 599.5008544922 429.2077636719 516.3393554688 
431.1097106934 515.9522705078 467.3746032715 599.2722167969 
669.4088745117 599.3321533203 795.3583374023 444.2911071777 
797.9009399414 444.9197692871 672.6574096680 599.5325317383 
214.3205871582 559.2279663086 176.1427459717 277.9806213379 
178.5986633301 278.9182739258 216.5736389160 557.0582275391 
195.6515045166 599.1396484375 186.9372558594 515.0064697266 
189.2281036377 516.9750976562 198.1815948486 599.0892333984 
408.9564208984 140.9831237793 423.2359924316 104.0913391113 
410.0997619629 143.6580352783 324.7684631348 368.2919006348 
752.1485595703 507.2284851074 610.3003540039 599.4619750977 
799.1238403320 492.1941833496 667.2047729492 576.3211669922 
299.6453857422 330.4644165039 360.9270935059 289.8898925781 
133.4051208496 227.8832855225 177.9586944580 0.7957010269 
180.3004302979 0.8631238937 118.3923416138 317.2724304199 
117.4476623535 309.0870666504 132.6831970215 230.7439117432 
101.3815460205 315.9000244141 118.4090805054 380.8928222656 
323.6542358398 370.8688049316 236.9618377686 599.3649291992 
149.9561462402 429.9349060059 225.4039459229 379.1150817871 
227.8539886475 380.7797546387 167.0560913086 421.0845947266 
node_id_list 8111 8112 8113 8114 8115 8116 8117 8118 8119 8120 8121 8122 8211 8212 8213 8214 8215 8216 8546 8547 8548 8576 8577 9603 9604 9605 9606 9653 9654 9655 10782 10783 10784 10785 10786 10787 10788 10789 10790 10791 10792 10793 10794 10795 10796 10797 10798 10799 10800 10801 10802 10803 11012 11013 11269 12351 12352 13174 13181 13182 13372 13373 
score_list 4.6161008962 3.3862453757 6.9457492003 1.9806931650 2.6567072569 0.9815227903 2.7718257718 5.9534038388 4.8964550655 4.7630400301 3.2486466218 5.0427255357 5.3333202925 1.6568262136 5.7643740237 1.7996052957 4.4747960186 1.7299935361 3.7618734639 5.3727620703 1.7921516799 3.4124182208 5.1400234124 8.2538339868 8.8070144368 1.8716459120 10.2470565029 1.3866804591 0.9094440621 1.7191211129 9.8924047683 5.4044135701 10.4368189475 10.8716060805 8.4840921468 8.8824744527 7.3237809608 7.5947479294 5.4173335891 5.8698609204 5.8917097837 5.9438637793 6.4016514130 6.9172728065 8.8154981577 8.8934511232 8.4955127844 8.7046668759 4.8928981548 4.8848858526 5.4842569121 11.1062839775 9.9127264772 4.9353592568 4.9102391891 3.9213948564 4.4487293944 1.9862459446 0.9474590711 1.6764369575 0.8929033181 0.9982822966 
line3d_list
1.9942607928 -1.7180646080 0.0078020178 2.1879349959 -1.9405905858 -0.0075330763 
1.8876771175 -1.6136413391 0.0066163249 2.1027767732 -1.8288450377 0.0066272626 
1.9428028516 -1.6687937374 0.0066191280 2.1177178736 -1.8437933651 0.0066280223 
2.3469853113 -2.0880704255 -0.0130651612 2.1322255543 -1.8504486251 -0.0009044227 
1.9511237771 -1.6757526549 0.0066347229 2.1120542774 -1.8468336879 0.0018115693 
2.1217641803 -1.8580774610 0.0007972285 2.2447005221 -1.9846725479 -0.0019516263 
2.1229824082 -1.8387276163 0.0007846479 1.9564737639 -1.6969501904 -0.0117538902 
1.8913263700 -1.6150600339 0.0079087494 2.1104333305 -1.8354696392 0.0074652549 
2.1170075148 -1.8472433672 -0.0069402608 1.8988195796 -1.6169630867 -0.0006472886 
1.8887639851 -1.6124824149 0.0079139359 2.1036547512 -1.8286507596 0.0074789754 
2.1127765325 -1.8378104653 -0.0033215325 1.9032006196 -1.6066627731 0.0056688668 
1.9715942555 -1.6980622690 0.0063202121 2.1149321653 -1.8364759354 0.0095657675 
2.2306021052 -1.9656062421 -0.0090079629 2.0191389142 -1.7298764623 0.0040888758 
2.1233031787 -1.8343187964 0.0039094890 1.7761993315 -1.5504204838 -0.0299442823 
2.1273812570 -1.8376542810 0.0043072326 1.9518108722 -1.6940542132 -0.0128165179 
2.2467671614 -1.9693781050 -0.0031817019 2.1316215799 -1.8509465906 -0.0008073525 
2.1148793188 -1.8449972230 -0.0068788794 1.9742373450 -1.6965606326 -0.0028224863 
2.2360443197 -1.9653193173 -0.0067831444 2.1312197118 -1.8493357066 -0.0008474670 
1.9094086001 -1.6345829693 0.0071445138 2.1214561557 -1.8268923795 0.0181760502 
1.9200747476 -1.6572877064 0.0005871092 2.1115055685 -1.8514047908 -0.0006453214 
1.9712275782 -1.6980527259 0.0058368607 1.8883283166 -1.6149292202 0.0058085546 
2.1233127825 -1.8417204239 -0.0009862057 1.8932446401 -1.6538652402 -0.0236364509 
2.1231293346 -1.8417049391 -0.0001516567 1.9395830210 -1.6802072343 -0.0119432059 
1.6648170830 -1.3818859449 -0.0040106720 2.9894492027 -2.7051980186 0.0012823283 
2.9722774338 -2.7020768598 0.0002109326 1.8970020499 -1.6243188330 -0.0007771473 
1.7638365645 -1.4826009735 0.0059974953 1.9676126696 -1.6864022937 0.0088982139 
1.6625239859 -1.3844182871 0.0087216217 2.8155621819 -2.5365537013 0.0120514552 
1.8858696602 -1.6053956496 -0.0007633294 1.7390133233 -1.4672270205 -0.0041558582 
1.8859041211 -1.6054280719 -0.0007625334 1.7842472812 -1.5097850339 -0.0031109084 
1.8871832413 -1.6131449465 -0.0047577445 1.7575385364 -1.4842889993 -0.0029055702 
2.3655292137 -2.0819293410 0.0004670029 2.9830706340 -2.6998673432 0.0002573903 
2.1273345053 -1.8500414534 0.0062309145 2.5572512079 -2.2808080932 0.0068145597 
2.4332721014 -2.1496377443 -0.0005115918 2.8272777599 -2.5430038070 -0.0006281606 
2.9532190780 -2.6829137869 0.0002736741 2.4276210218 -2.1562254292 -0.0003721823 
2.1343737411 -1.8513095486 -0.0026856900 2.9694494071 -2.6855381930 0.0006755528 
2.9509810903 -2.6810767991 0.0012650045 2.1278522327 -1.8559322077 -0.0005018268 
2.4808354869 -2.1974169220 -0.0002501787 2.9797217731 -2.6962423479 0.0019905335 
2.9705623748 -2.6998858905 -0.0007028384 2.4754623081 -2.2034451144 -0.0020799159 
2.0886707473 -1.8046577479 0.0008398667 2.9251746900 -2.6395881093 0.0008796648 
2.9182435422 -2.6486717488 0.0006996747 2.0838428012 -1.8132945292 -0.0000955655 
2.5975858422 -2.3142093000 -0.0010804893 2.9683301334 -2.6848332550 -0.0000091766 
2.9619440513 -2.6918621132 -0.0003348000 2.5951086772 -2.3243482744 0.0006231655 
2.4065938528 -2.1226085808 -0.0035300166 2.9565340551 -2.6727655121 -0.0008226991 
2.9471661611 -2.6772512234 0.0012464615 2.3937104329 -2.1225936141 0.0012766839 
2.3710554777 -2.0885109838 -0.0018103943 3.0013926878 -2.7182504945 -0.0025637157 
2.9935337123 -2.7224695134 0.0014369092 2.3686044111 -2.0962948875 0.0006015411 
2.1311200076 -1.8478571066 -0.0025352458 2.9953008095 -2.7120296268 0.0007320727 
2.9816750458 -2.7110678294 0.0007857639 2.1274608331 -1.8547197247 0.0002144871 
2.5488591722 -2.2650177795 -0.0025812101 2.9597987708 -2.6764746801 0.0004471938 
2.9397998308 -2.6690406509 0.0008203557 2.5387176290 -2.2674982284 -0.0001639344 
2.8397572179 -2.5569485768 -0.0027705755 2.9931639402 -2.7107425714 -0.0046480316 
2.8228911629 -2.5520852078 -0.0004508820 2.1279247087 -1.8561441433 -0.0001603420 
2.8253782016 -2.5550469257 0.0000475671 2.2760911646 -2.0044214480 -0.0010783551 
2.5506296526 -2.2795691541 -0.0003266766 2.1283968083 -1.8563861743 -0.0007473645 
2.1137569150 -1.8433169549 0.0114911500 2.3386368464 -2.0687820078 0.0122470885 
1.8928070496 -1.6100675296 -0.0002319237 2.7839017221 -2.4997221113 -0.0004514800 
2.7782137002 -2.5073429154 -0.0015239817 1.6450271507 -1.3714532225 -0.0031734319 
1.6671305692 -1.3859231657 0.0021748875 1.8809975149 -1.5998369749 0.0039765631 
1.8908922928 -1.6178224723 -0.0029686882 1.6580208483 -1.3844838448 -0.0031434980 
2.1216129147 -1.8494376310 0.0002346544 1.6625123246 -1.3891443055 -0.0020171738 
1.6611916707 -1.3892953310 0.0083310504 1.8745087422 -1.6036820179 0.0129953991 
1.8812872374 -1.6076281105 -0.0030515971 1.7060717086 -1.4323519832 -0.0029434094 
END
