0.3670086262 -1.4705050073 -0.0075804542 0.2406147848 -1.4656621961 0.4523578445 
61 46
image_id_list 40 42 62 6 7 12 18 41 42 49 50 62 65 91 15 20 21 45 65 81 84 86 96 98 8 9 8 10 17 31 37 39 76 99 38 39 32 57 58 79 82 11 50 11 46 14 16 19 34 97 49 90 63 31 41 85 62 99 91 63 82 
line_id_list 82 154 131 162 40 30 264 91 186 14 153 153 175 115 126 71 203 95 150 90 140 110 152 95 66 128 112 64 132 169 84 81 85 85 90 47 166 83 246 84 109 226 126 239 264 96 130 84 176 98 64 175 123 167 96 193 100 133 92 121 126 
line2d_list
40.5769844055 583.0404663086 40.0585594177 551.9990234375 
264.3482360840 483.0201110840 264.0903320312 448.9993286133 
337.3477783203 240.7158813477 340.7595825195 208.8671264648 
398.1423645020 597.8072509766 410.2701416016 543.8359985352 
642.1170043945 385.3656616211 679.0027465820 272.6914367676 
245.4618835449 333.7749023438 241.3081054688 306.7985839844 
207.3412933350 424.9886474609 206.0115203857 385.0328979492 
409.0979309082 549.0325927734 409.7513122559 506.9805908203 
276.1597290039 590.0799560547 271.3050231934 539.0661621094 
575.1838378906 599.4548339844 614.2703857422 497.7196960449 
392.5418701172 527.2571411133 401.2774658203 474.8794860840 
331.6212158203 335.0367431641 334.1696472168 291.9508972168 
93.0126419067 325.1607971191 84.3712081909 272.1024169922 
628.9941406250 532.9900512695 669.4807739258 509.1193542480 
358.4162597656 306.0651245117 359.2541503906 274.9798889160 
543.8674926758 515.3203735352 549.7904663086 480.7925109863 
714.3286132812 496.7605285645 735.7728271484 459.2975463867 
400.1250305176 599.4925537109 411.3978576660 550.8604125977 
73.6586761475 212.3135070801 69.8859024048 172.1045379639 
659.0208129883 430.0011596680 659.1335449219 330.9956054688 
549.2604980469 439.1309204102 552.9205932617 403.8879089355 
477.2256774902 500.0715332031 479.2168273926 465.9542846680 
567.2142333984 596.2384033203 575.3370971680 554.8698120117 
568.5573730469 559.2973632812 575.6907348633 521.9409179688 
360.8584594727 409.9604797363 333.5179748535 507.8653869629 
533.5593261719 507.2471923828 536.4854736328 476.9503173828 
329.5227966309 512.1315917969 351.1939086914 426.0419006348 
397.3479919434 483.6161193848 405.9771728516 450.7315979004 
169.9200744629 447.0178527832 163.0428466797 416.2136840820 
525.5915527344 547.1322631836 528.6044311523 510.8840026855 
433.6067504883 479.0686035156 435.0206909180 445.9581909180 
321.0674438477 533.1677856445 333.5494079590 453.7719421387 
438.3058776855 465.1361083984 442.0824279785 428.9043579102 
364.1138610840 538.3900146484 370.2981262207 504.8705139160 
670.2783813477 599.4265747070 677.7853393555 576.9284057617 
343.2547912598 425.0475158691 324.2643737793 526.8627929688 
486.5089111328 486.0010375977 486.6841125488 400.9931640625 
597.1380615234 489.6888122559 608.3082275391 458.7502441406 
35.4900550842 594.0917358398 38.4533081055 545.9663085938 
426.5973205566 465.0513305664 435.4002380371 362.6047668457 
624.8007202148 361.2523498535 629.0588378906 330.8681030273 
20.8897266388 282.9939575195 17.4273281097 346.1877746582 
412.6512145996 403.1261901855 397.2457580566 482.6289367676 
19.3172721863 383.0212097168 19.9937515259 340.9837951660 
89.4918518066 575.9920043945 88.6984786987 527.0048828125 
762.9686279297 356.3604431152 769.4611206055 320.9013366699 
653.8399047852 377.2455749512 658.2901000977 343.9052429199 
541.2858276367 451.4556884766 547.3820190430 420.8768005371 
774.2167358398 343.4608459473 787.4861450195 308.4266052246 
770.0032348633 573.8023681641 777.1347656250 537.8284912109 
619.9967041016 491.9987487793 578.6163330078 599.2377929688 
294.7878112793 512.9981689453 294.3623962402 562.0118408203 
600.3354492188 436.3071899414 617.0556030273 418.0509033203 
538.2863769531 449.4635009766 525.6599731445 513.3281860352 
411.4295349121 464.8547668457 413.8304748535 438.8918457031 
338.1466369629 469.9732666016 318.2518615723 360.8657836914 
336.0231933594 209.8641967773 330.2231140137 294.2901306152 
382.4127807617 448.7255554199 366.9764404297 537.9959106445 
745.6533813477 462.2748107910 731.1083984375 469.2268371582 
654.5441284180 365.9694519043 676.6441040039 334.7480468750 
638.1592407227 278.7597045898 627.8348999023 357.8479003906 
node_id_list 4097 4098 4099 4176 4177 4178 4179 4180 4181 4182 4183 4184 4185 4186 4336 4337 4338 4339 4340 4341 4342 4343 4344 4345 4682 4683 4829 4830 4831 4832 4833 4834 4835 4836 5703 5704 6359 6360 6361 6362 6363 7007 7008 7016 7017 8371 8372 8373 8374 8375 8625 8970 9740 11690 11691 11862 12131 12158 13165 13214 13484 
score_list 3.3012633571 2.2011095133 5.9314050065 9.1213532218 9.6082777311 7.8299827951 12.1292412948 13.0605958434 9.6209605865 8.1679565541 9.6967843885 11.7652321892 10.8248229754 2.9715940730 14.7594111895 15.5963847420 9.4047361647 9.0989369600 4.0419950547 12.4697908244 12.0200784750 13.4140617238 9.7820741703 12.1636079693 7.9460822966 9.0194194794 12.6821417498 12.4265141483 15.5034856255 15.6574977794 11.5629492221 12.9960100347 14.0650486455 14.0272271438 6.8755839715 8.5647031684 14.4043082111 9.9914804461 7.4393530789 10.7544126425 7.8998548058 5.5470362643 5.1494936448 12.8994800134 11.0516172212 8.0754498080 9.6892280249 9.8041833490 9.6395104914 12.3533007926 7.2779397346 8.9522318411 1.6690344228 7.0281718207 8.6812849209 6.8883849132 4.1058043698 10.0334782215 3.1474970108 1.8023419547 3.4352450646 
line3d_list
0.2742951039 -1.4595584442 0.3388042562 0.2535459239 -1.4409580065 0.4489371844 
0.2674902802 -1.4651151067 0.3332650787 0.2585706959 -1.4357496280 0.4569772808 
0.2745966741 -1.4593179941 0.3387416875 0.2517937428 -1.4430308331 0.4472658318 
0.3698330695 -1.4691754545 0.0041691938 0.3173085227 -1.4672445362 0.1609640338 
0.3629563047 -1.4711748427 0.0008324794 0.2476686853 -1.4703842478 0.3667278223 
0.3697176278 -1.4712432073 -0.0009820073 0.3379606896 -1.4692211843 0.1148532381 
0.3733168882 -1.4664821569 0.0061159185 0.3195542282 -1.4668330424 0.1697708106 
0.3665632997 -1.4705243578 0.0001783472 0.3184034707 -1.4693049165 0.1672399716 
0.3727027545 -1.4678262972 0.0084036688 0.3179616424 -1.4668349908 0.1628296572 
0.3498857434 -1.4709515285 0.0377124305 0.2729418913 -1.4653788893 0.3442563036 
0.3702625860 -1.4691912444 0.0028870130 0.3165536592 -1.4672167858 0.1632174316 
0.3698028112 -1.4673049976 0.0094986458 0.3222136593 -1.4665840551 0.1637934266 
0.3734144220 -1.4676618423 0.0052464884 0.3190536460 -1.4670345692 0.1628633864 
0.3758597161 -1.4659986497 0.0197168648 0.3211641439 -1.4631045136 0.1673846877 
0.3662651096 -1.4689462899 0.0023785016 0.3276973544 -1.4671575937 0.1681857515 
0.3633130384 -1.4701635316 -0.0007572916 0.3249754839 -1.4672756769 0.1637193810 
0.3691874685 -1.4679613399 0.0058187173 0.3185601590 -1.4692300798 0.1649796315 
0.3580511987 -1.4716019145 -0.0047904530 0.3163968104 -1.4686105986 0.1568521652 
0.2590176832 -1.4721097946 0.3221643376 0.2130006384 -1.4720730044 0.4166467215 
0.3507401011 -1.4751372871 -0.0103917422 0.2444271913 -1.4684148958 0.4319075822 
0.3636583313 -1.4698035017 0.0006207910 0.3248354039 -1.4676144178 0.1617330818 
0.3565863375 -1.4728038924 -0.0056899226 0.3198499262 -1.4698829433 0.1535678881 
0.3588798097 -1.4722226030 -0.0034253472 0.3149050668 -1.4704468282 0.1597057517 
0.3617612063 -1.4699614162 0.0004273344 0.3206327223 -1.4693692456 0.1543400256 
0.3121915178 -1.4347707716 0.5443141498 0.3825477654 -1.4581153431 0.0379002023 
0.3638222891 -1.4705305311 -0.0064708627 0.3492121587 -1.4586003638 0.1724933078 
0.3458651294 -1.4764697852 -0.0077277645 0.2378541322 -1.4712597795 0.4242439939 
0.3590787260 -1.4735081637 -0.0097280180 0.3186307489 -1.4707633399 0.1615658503 
0.3589731760 -1.4730976016 -0.0054697704 0.3257430513 -1.4686356057 0.1561082677 
0.3633007000 -1.4697833362 0.0021049346 0.3235603995 -1.4675425250 0.1670242564 
0.3544153077 -1.4743834458 -0.0069073926 0.3169845708 -1.4699976845 0.1565558527 
0.3570342669 -1.4734857374 -0.0073872846 0.2400237023 -1.4720128557 0.3692465601 
0.3434888024 -1.4757205077 -0.0135018420 0.3043842002 -1.4731660412 0.1518002087 
0.3536024454 -1.4746751589 -0.0017557386 0.3181053991 -1.4719312700 0.1618757142 
0.3417753159 -1.4717016224 0.0662197490 0.3385283668 -1.4621788029 0.1721787054 
0.2831207036 -1.4438037800 0.5438907211 0.3763522178 -1.4617948128 0.0388606310 
0.3471586777 -1.4763944028 -0.0114216994 0.2361474491 -1.4716135466 0.4263870506 
0.3669642854 -1.4690835766 0.0002670206 0.3259236146 -1.4673670971 0.1617691920 
0.3700398081 -1.4683807301 0.0043310046 0.3191914266 -1.4667996207 0.1658036661 
0.3417081143 -1.4763589451 -0.0168912467 0.2408899896 -1.4691188135 0.4187483442 
0.3630280439 -1.4697810614 -0.0008552955 0.3264470680 -1.4676148227 0.1645893104 
0.2418227682 -1.4700674090 0.3868794996 0.3362861903 -1.4712730928 0.1548363463 
0.2506275276 -1.4640599529 0.3829343481 0.3413333956 -1.4698672544 0.1503476701 
0.3713112673 -1.4676559789 0.0034733576 0.3205072054 -1.4664523405 0.1696921653 
0.3709619037 -1.4681918565 0.0031040994 0.3159989472 -1.4680721928 0.1652133930 
0.3671095639 -1.4690309490 0.0005610247 0.3199861271 -1.4683734203 0.1666319420 
0.3552077769 -1.4747019430 -0.0060474247 0.3124990497 -1.4724529237 0.1572114858 
0.3644801941 -1.4696277070 -0.0032551128 0.3282356410 -1.4674361282 0.1614561178 
0.3680093260 -1.4681521523 0.0042900555 0.3092707139 -1.4744000796 0.1628148554 
0.3659458957 -1.4690769329 -0.0025351739 0.3241262884 -1.4678047325 0.1629699918 
0.2754340619 -1.4568948433 0.3690743007 0.3612044816 -1.4632541296 0.0520251943 
0.3303305929 -1.4640711661 0.2229386310 0.3570432900 -1.4706777530 0.0410922488 
0.3486045857 -1.4645564844 0.0933006231 0.3215919394 -1.4631271498 0.1662297200 
0.1947091122 -1.4721411644 0.4314077067 0.3097135984 -1.4920614678 0.1447636436 
0.2498271892 -1.4797836782 0.3232065196 0.2159721445 -1.4714451991 0.4267952762 
0.3793157882 -1.4740963347 -0.0821257155 0.2088871290 -1.4783586113 0.4078606594 
0.2601727157 -1.4544258918 0.4442847445 0.3393502205 -1.4656745999 0.1679090390 
0.2322566008 -1.4691527168 0.4354056377 0.3137952637 -1.4780669187 -0.0135069394 
0.2479412001 -1.4534730073 0.4258709987 0.2577817683 -1.4600985813 0.3802514821 
0.2721372126 -1.4641586315 0.3406804327 0.2489429095 -1.4491062716 0.4454906257 
0.2313496601 -1.4693560846 0.4298328002 0.3099210266 -1.4776825237 -0.0043291622 
END
