0.2457484949 -2.9989016700 2.0386218936 3.1231871541 -2.9987131117 2.0379592977 
37 17
image_id_list 9 57 9 98 10 31 33 99 19 78 78 53 53 83 97 52 54 52 55 55 60 60 83 83 83 89 89 89 52 55 52 55 78 89 54 78 78 
line_id_list 55 142 248 179 166 63 13 153 80 127 132 54 145 30 82 48 104 193 24 78 117 118 144 155 174 99 116 120 266 112 277 127 140 119 86 133 73 
line2d_list
39.0319099426 141.5852966309 198.0139770508 153.8184051514 
222.2009277344 0.2721892595 431.0217285156 57.9213218689 
200.9849243164 154.1782226562 250.0566101074 158.3311309814 
148.8127593994 19.6819801331 89.8635101318 3.4971370697 
28.1591472626 0.4065214396 149.9801025391 33.0741882324 
1.9854439497 130.1940612793 225.0803985596 146.9281005859 
3.0018222332 133.8209075928 319.9995422363 137.0462951660 
0.7450258732 87.8894577026 108.0966033936 118.6630096436 
49.0239906311 15.8024673462 222.0226287842 36.8137283325 
705.0043945312 38.9662055969 559.8466796875 20.1849670410 
501.9377441406 12.5071067810 442.8463134766 5.2515487671 
358.0854187012 0.3231128752 593.9886474609 30.0897483826 
474.0289001465 17.7706832886 344.9377136230 1.4939806461 
248.9210357666 74.0318222046 796.0078735352 115.8970794678 
266.0825195312 111.2146759033 510.0164794922 136.8431549072 
486.0682678223 127.4243087769 796.0865478516 77.5377655029 
348.0171813965 27.0960369110 291.0522766113 37.2920799255 
698.0314941406 96.1973114014 518.6561889648 124.8472976685 
401.5552368164 124.1438980103 799.1632080078 53.9240722656 
656.1950683594 82.1128845215 402.2842712402 126.6217727661 
290.0048522949 89.9009246826 237.9339294434 87.3470458984 
568.0017089844 103.9662933350 291.9976196289 90.0474166870 
406.0273742676 88.6329269409 293.9793395996 80.2771606445 
461.0102539062 92.8601150513 408.9236145020 89.0419769287 
513.0068359375 96.9076232910 462.9105834961 93.2123870850 
566.9976806641 52.1953010559 430.9931335449 50.5758171082 
428.9944458008 50.5940856934 369.9902648926 50.0434913635 
366.9925537109 50.3522720337 190.9232635498 46.6254882812 
797.2073364258 80.3555984497 760.9841308594 85.8963394165 
795.0744628906 57.4233283997 726.8973388672 69.4162597656 
758.0505981445 86.3052902222 701.1224365234 95.7387466431 
721.0814819336 70.4599838257 659.0787353516 81.4443359375 
557.0403442383 19.6702480316 503.8578796387 13.1611347198 
783.9980468750 55.1089973450 737.9770507812 54.2928581238 
479.0263366699 4.1506156921 351.0914306641 26.5228042603 
799.1166992188 51.0893592834 706.9641113281 39.2802009583 
428.0918884277 0.2944362164 706.0656738281 36.4958343506 
node_id_list 5411 5412 6143 6144 6548 6549 6550 6551 9252 9253 9254 11662 11663 11664 11665 12874 12875 12888 12889 12890 12891 12892 12893 12894 12895 12896 12897 12898 12910 12911 12912 12913 12914 12954 12980 13142 13440 
score_list 1.9887151870 3.5088800234 2.9223351633 3.7715592661 2.9501301331 3.7351878215 3.6540831257 4.7931584065 2.9919810066 3.3274189744 3.9497482591 2.9192677793 2.7164050161 3.5758484299 2.8959971100 3.6509706331 2.1810249853 3.9169489742 2.8090822050 2.4175979867 1.8173252703 4.2013809259 0.8508960476 1.5812858236 3.3537717542 2.3393427645 2.4051454742 1.7720985687 1.9618238284 2.5142120025 3.4434100555 2.3676163579 3.3069153012 0.9929939212 2.3165346232 2.3965656328 5.0998551783 
line3d_list
2.2631869759 -3.0058392519 2.0502325987 1.3756554903 -3.0178546507 2.0525518863 
1.8142546503 -2.9955567688 2.0486006507 0.4618696738 -3.0001181334 2.0493400142 
1.3675230107 -3.0026275000 2.0499377299 1.0485333027 -2.9582784252 2.0424578882 
1.2820253280 -2.9865062737 2.0362405280 1.5170493151 -2.9954608557 2.0376449154 
1.3912680483 -2.9952348688 2.0485383209 0.7566681104 -2.9781323813 2.0456544092 
1.8914980891 -2.9927250309 2.0479124000 0.7564536359 -2.9950392838 2.0489900082 
1.9953534908 -2.9872072503 2.0471429217 0.4132076348 -3.0005164404 2.0498965984 
1.3572158403 -2.9895482870 2.0475828847 0.7491713983 -2.9907242880 2.0477684265 
2.0164286151 -2.9884599647 2.0473497092 1.1601302309 -2.9944355336 2.0486310438 
0.7840907304 -2.9811762151 2.0345881515 1.5293630897 -2.9806719779 2.0349382228 
1.7880643097 -2.9779163865 2.0351583135 2.0266514933 -2.9853066984 2.0355245381 
0.9569705171 -3.0125088435 2.0517707809 0.0092549783 -3.0209434951 2.0534989714 
0.5159783101 -2.9932239379 2.0370108139 1.0068788226 -2.9958057855 2.0381275421 
2.9723655287 -3.0088354388 2.0502501666 0.2457509675 -3.0002714135 2.0489693914 
2.1022585343 -2.9963407944 2.0486650218 0.5079719529 -2.9895210097 2.0479953347 
3.0257392313 -2.9927808680 2.0488623586 1.3782974037 -2.9752093283 2.0438330305 
2.5402163306 -2.9879264705 2.0367884083 2.7858758362 -2.9991019938 2.0376841314 
1.7903549948 -3.0071813136 2.0386651546 2.8085936286 -3.0181892370 2.0398534232 
3.1318431312 -3.0299081284 2.0546416912 1.2621214836 -2.9945656567 2.0475797137 
1.7833802401 -2.9948719490 2.0366711740 3.1231892357 -3.0221900162 2.0403179064 
2.0323734023 -3.0085622533 2.0387470439 2.2722768837 -3.0030929733 2.0377182350 
0.5289136310 -2.9831264725 2.0332508918 2.0187504327 -3.0289002857 2.0418335171 
2.2848562328 -3.0130772089 2.0395294869 2.7825370293 -3.0047696524 2.0382531866 
2.0287795956 -3.0086441843 2.0387624556 2.2737415786 -3.0030595814 2.0377119537 
1.7777363777 -3.0065350432 2.0380134842 2.0230399758 -2.9976058110 2.0367503001 
1.5325064082 -3.0123838675 2.0401643670 2.0328081114 -3.0151182873 2.0401457269 
2.0419024526 -3.0177173333 2.0402275132 2.2832916751 -3.0103292012 2.0388863590 
2.2856931779 -2.9907642231 2.0359042776 3.2103847310 -3.0711621447 2.0491035684 
1.3840613952 -3.0056960494 2.0388509766 1.5200295868 -2.9986104902 2.0380923122 
1.2776240271 -3.0112427016 2.0394448674 1.5116492384 -2.9990472060 2.0381390722 
1.5306461249 -2.9959356133 2.0377246945 1.7769254328 -3.0083291336 2.0387860457 
1.5323113586 -2.9960194129 2.0377318709 1.7753848084 -3.0082516048 2.0387794063 
1.5427220105 -2.9801397817 2.0353729028 1.7679037909 -2.9976045888 2.0378189340 
0.8813219177 -2.9994737736 2.0384216087 1.0065702796 -3.0046918305 2.0395742425 
2.0349559749 -3.0051729828 2.0389642910 2.5266967775 -2.9853818283 2.0365463927 
0.2076669866 -2.9794281709 2.0341038189 0.7705282838 -2.9834302728 2.0348060268 
2.0693266202 -3.0187077877 2.0524926704 0.7480935184 -3.0121253462 2.0513616140 
END
