0.3101444869 -1.4657167108 -0.0355718242 0.3170023239 -1.4604601535 0.1570290152 
6 6
image_id_list 15 31 41 21 34 46 
line_id_list 137 165 82 185 174 274 
line2d_list
361.3253479004 274.0672607422 364.2073669434 302.9793395996 
530.7037353516 511.0100402832 531.8572387695 545.0048217773 
411.6042480469 507.0710754395 418.1972656250 543.7849731445 
738.0386352539 460.0120239258 726.7576904297 496.2359619141 
789.2327880859 309.8565063477 783.3601074219 341.2543945312 
90.7355880737 527.0385742188 96.7134704590 568.0417480469 
node_id_list 8633 8634 8635 9734 11688 11689 
score_list 6.4739871665 6.7569193871 9.2540272092 5.4456978798 4.7213217652 6.9261313843 
line3d_list
0.2944734776 -1.4747385118 0.1574273683 0.2658110045 -1.4941160070 -0.0332181775 
0.2991765391 -1.4699831246 0.1572562504 0.2582924722 -1.4948510969 -0.0349489511 
0.3030357476 -1.4726954493 0.1578602475 0.2852490849 -1.4869028668 -0.0274345677 
0.3193031904 -1.4586482117 0.1692862358 0.2748707067 -1.4951340656 -0.0289093960 
0.3176589181 -1.4597974096 0.1640403801 0.2367369528 -1.5117130553 -0.0459019594 
0.2841982229 -1.4748837994 0.1477800318 0.2746078804 -1.4809833735 -0.0251312334 
END
