1.8957969881 -2.9395396221 0.9204021459 1.9778575282 -2.9624635309 0.8827897900 
4 4
image_id_list 38 53 56 77 
line_id_list 35 100 157 153 
line2d_list
88.4272994995 383.8735656738 51.6730995178 402.3622131348 
84.1387557983 297.6471862793 49.0779953003 310.4812011719 
181.8485870361 366.7063598633 150.0529937744 383.1027526855 
14.3084173203 500.3958435059 0.8859316111 510.8536071777 
node_id_list 11932 11933 12935 13015 
score_list 3.6286836283 4.2496383218 2.4391079940 3.4512574489 
line3d_list
1.8896828829 -2.9300813353 0.9228566980 1.9906063741 -2.9671360712 0.8760566015 
1.8843127761 -2.9371133368 0.9255191404 2.0088529076 -2.9707968278 0.8686167033 
1.8905598720 -2.9526636688 0.9169749178 1.9760272420 -2.9669680419 0.8815419747 
1.8960294543 -2.9590860904 0.9133528572 1.9279047263 -2.9686863898 0.8990889315 
END
