3.0035871726 -1.5651628478 0.0002697806 3.0027573573 -1.5650708038 1.8570545578 
44 24
image_id_list 9 14 23 57 82 13 14 23 23 30 34 44 54 55 57 57 60 82 82 83 97 13 57 78 13 52 52 82 16 16 97 22 26 44 52 69 70 71 94 34 78 28 44 52 
line_id_list 131 125 66 91 122 64 108 74 115 132 139 119 123 142 110 205 97 130 201 44 40 70 86 48 96 249 342 102 160 199 51 104 237 95 250 57 108 186 104 148 108 272 113 202 
line2d_list
73.9282455444 570.9074707031 76.7412567139 599.1254882812 
213.8956604004 386.0223388672 238.0694274902 498.9851379395 
245.5571441650 204.9514617920 260.8093566895 380.0166015625 
18.2259979248 383.0054321289 13.7965021133 567.0191650391 
106.9013214111 394.0262451172 141.1819610596 522.9515991211 
267.4760437012 213.0692291260 249.3720855713 599.0643310547 
221.1956939697 429.9584655762 130.0747985840 0.5597145557 
249.7828063965 281.0183410645 236.8680419922 128.0111389160 
236.1514434814 119.9869613647 225.8957061768 0.8368285894 
303.7138366699 599.0495605469 321.0048828125 0.9712297320 
137.3523101807 381.1811218262 31.2859668732 1.9200248718 
110.0222702026 214.9971923828 95.4116287231 98.9481735229 
81.4081115723 599.1630859375 -2.4106020927 294.9396667480 
263.2352294922 599.1129760742 194.2310638428 131.9658660889 
13.9796495438 453.9732666016 17.6743183136 312.9652709961 
19.0583305359 343.0011596680 18.3087120056 381.0061035156 
43.7259254456 599.1060180664 5.6004791260 141.0332489014 
120.0984039307 452.9741210938 103.3159561157 389.1799621582 
102.9639129639 387.2739257812 68.2416915894 255.9360961914 
234.8601074219 599.0039672852 236.7953796387 180.9944305420 
269.6544494629 561.0033569336 265.3691406250 122.9866027832 
251.0867919922 504.9581298828 264.3881225586 214.9260711670 
17.7823123932 293.9938354492 24.5559368134 54.9874153137 
251.9537048340 599.0089721680 247.7011718750 102.0025558472 
264.8501281738 210.9501953125 273.8986511230 2.0389232635 
275.7138977051 324.0021057129 274.8294067383 203.9938812256 
275.1005554199 185.9976959229 274.6420898438 165.9852905273 
68.4169082642 251.6100311279 0.5746057630 5.1170811653 
0.8742521405 479.0547790527 53.2759361267 599.3154907227 
49.6465339661 597.1552734375 0.4729599655 485.2315673828 
271.1259155273 504.9988403320 271.9917297363 599.0184936523 
610.1781005859 359.7498474121 719.4234619141 0.8245137930 
506.0720214844 478.9910888672 498.0211181641 413.8737487793 
140.0408172607 458.1165161133 123.3792343140 320.9539184570 
275.5113220215 539.9984130859 275.8473815918 436.9995117188 
567.9351806641 578.9832153320 692.4060668945 97.8463516235 
468.0764160156 447.0009460449 473.6748352051 0.9833665490 
261.5122070312 208.8869781494 248.2832946777 148.9374847412 
137.9841613770 215.0078430176 74.4435958862 86.7801818848 
163.4196014404 473.8829040527 138.3858032227 384.1713867188 
253.0996398926 390.9900207520 254.9897918701 599.0091552734 
598.6932373047 418.8838806152 587.6406250000 352.8927001953 
94.1248855591 88.9852066040 83.6813125610 0.8008840084 
276.3385925293 386.9926757812 275.0634765625 327.9986267090 
node_id_list 5723 5724 5725 5726 5727 7743 7744 7745 7746 7747 7748 7749 7750 7751 7752 7753 7754 7755 7756 7757 7758 7780 7781 7782 7883 7884 7885 7886 8398 8399 8853 10193 10194 10195 10196 10197 10198 10199 10200 10366 10367 11370 11566 11567 
score_list 1.8622030508 5.7357436994 7.0952087123 4.4163458949 4.4772458299 6.2298957421 8.6184300224 8.8421535677 7.6852353044 11.6906395525 9.2301193691 8.3822871081 10.0900263299 9.5659305633 5.7011976876 3.2725089494 9.6568511675 4.4199120592 6.4253278695 10.2070064907 5.6843868107 8.6753525069 4.2536566453 8.7366063541 7.7439474602 6.0031461874 1.6933676227 2.3016577840 4.5926188180 5.5624964493 5.9160418393 9.7546503728 6.8518673699 4.4902336103 2.8927583513 7.6270508686 8.5246541980 7.7310671710 7.9203087243 3.7509089198 5.5246184711 5.8922542544 6.7236092805 3.2756570878 
line3d_list
2.9974051507 -1.5711048317 0.7399056326 2.9991363768 -1.5650107007 0.6625153718 
2.9984324376 -1.5670477008 0.8505990337 2.9984489305 -1.5676698793 0.5506303122 
2.9988310182 -1.5637021638 1.0003942797 2.9992780822 -1.5618293564 0.4117895568 
2.9983416421 -1.5671660198 0.9029345249 2.9987383407 -1.5671757639 0.4365969492 
3.0013052545 -1.5592165919 0.9818186850 3.0014554800 -1.5596840490 0.5996633937 
2.9983414419 -1.5665254392 1.3340683128 2.9983718014 -1.5682314326 0.5561960734 
3.0032204674 -1.5675724142 0.7400736065 3.0030688506 -1.5598378576 1.6593778899 
3.0035090224 -1.5731251909 0.7607892696 3.0027461516 -1.5688013921 1.2122070780 
3.0031835020 -1.5671081692 1.2335525223 3.0031343143 -1.5645255616 1.5178943908 
3.0045589510 -1.5674030483 0.0275725486 3.0021955515 -1.5657996428 1.7546027712 
3.0033385226 -1.5686054246 0.6769973113 3.0038227136 -1.5600375141 1.6582128951 
3.0022460744 -1.5651666366 0.8968257100 3.0021475608 -1.5649695884 1.2310568489 
3.0041185004 -1.5655965186 0.5441391428 3.0028714318 -1.5652884388 1.3859462897 
3.0046153076 -1.5662240885 0.1435835170 3.0020729207 -1.5645879043 1.9899580480 
3.0038562788 -1.5667991805 0.7313668540 3.0036099329 -1.5635595776 1.0670984917 
2.9983727406 -1.5677172398 0.9966841008 2.9976379709 -1.5694721929 0.9067674244 
3.0031554038 -1.5705135167 0.5061278467 3.0020557355 -1.5649348964 1.6563741495 
3.0033703507 -1.5700649666 0.8114065656 3.0034711791 -1.5676404545 0.9936053418 
3.0047444782 -1.5631166854 1.0007019766 3.0044338429 -1.5611055160 1.3339744734 
3.0032600450 -1.5698431775 0.5478035827 3.0030959796 -1.5620749439 1.6565368157 
3.0032712802 -1.5671656887 1.0017812756 3.0016440637 -1.5643779406 1.8469466327 
3.0032757602 -1.5686066163 0.7748127424 3.0034079006 -1.5648456595 1.3311379368 
3.0035710275 -1.5660010927 1.1091161576 3.0004049410 -1.5678995808 1.6058437496 
3.0032124771 -1.5675909154 0.8692611878 3.0031047239 -1.5624889753 1.5974435304 
3.0034500936 -1.5610312831 1.3385324469 3.0040997350 -1.5607808091 1.6529322175 
3.0028627237 -1.5683164292 1.0005006780 3.0026624978 -1.5651668861 1.5360146129 
3.0032034653 -1.5671227088 1.6152858177 3.0036134452 -1.5652862348 1.7028257945 
3.0015525177 -1.5612829590 1.3433236663 3.0025965062 -1.5686816368 1.8570546649 
2.9985363905 -1.5669542344 1.0737386644 2.9988509250 -1.5684804624 0.7632187863 
3.0035288815 -1.5664678132 0.7744944440 3.0037578763 -1.5633132530 1.0640814792 
3.0051081836 -1.5561773593 1.1240749438 3.0051795351 -1.5573600436 0.9254507571 
3.0018366403 -1.5645104561 0.0079938810 3.0015464547 -1.5645282538 1.2025631204 
3.0019255996 -1.5647933010 0.0013384018 3.0012082424 -1.5642265420 0.3357918010 
3.0028901511 -1.5638114102 0.0002694021 3.0028764700 -1.5655960000 0.5434480982 
3.0028818961 -1.5644225357 0.0020445493 3.0028488445 -1.5675470944 0.4835536064 
3.0011053159 -1.5639847564 0.0035604197 3.0000772090 -1.5637931897 1.9536253689 
3.0024719191 -1.5645177707 -0.0015667887 3.0011187963 -1.5637442573 1.4876461683 
3.0014169550 -1.5642934088 0.0062069722 3.0018068836 -1.5648124709 0.3243485192 
3.0018385720 -1.5645103376 0.0000420539 3.0017073388 -1.5645183864 0.5402723857 
3.0030029985 -1.5560020507 0.3573829920 3.0030196368 -1.5552279158 0.6741368338 
3.0008344587 -1.5564786881 1.2073056795 3.0008913384 -1.5564117410 0.8763092326 
3.0016363459 -1.5645077137 0.0010010650 3.0010453149 -1.5640661768 0.3367795343 
3.0031589512 -1.5651958675 1.2573797036 3.0031635119 -1.5667428922 1.4787713807 
3.0033201292 -1.5710621125 0.7133809847 3.0034980057 -1.5652736213 0.9825747233 
END
