0.0006048012 -1.1128749105 1.5420851087 0.0015528812 -1.1129138508 1.5987244840 
21 21
image_id_list 0 45 46 58 59 64 79 85 87 90 92 1 18 40 84 33 43 81 96 98 93 
line_id_list 3 23 112 189 86 82 33 128 225 42 171 98 160 43 142 34 148 53 55 59 119 
line2d_list
198.9371032715 137.6443176270 202.9511871338 125.6490249634 
596.7736206055 162.9539184570 600.0599365234 146.8086547852 
164.2985076904 136.0895385742 162.3663482666 120.9532394409 
148.4310913086 178.0011596680 148.4689941406 163.9958496094 
83.0808105469 68.9956283569 81.8373794556 46.0087966919 
226.2133941650 52.8757896423 230.1623077393 27.8677234650 
546.6342163086 81.9671707153 547.9857788086 66.9089660645 
353.0242614746 91.1466293335 351.0475769043 77.9928512573 
116.8283004761 204.0132293701 116.6474304199 187.9926910400 
378.6777648926 112.9830398560 379.5232543945 96.9222564697 
90.0339965820 71.1490402222 82.9389572144 25.1637077332 
235.1245269775 129.0065765381 235.9209747314 113.9429473877 
277.5795593262 23.0284729004 276.4964294434 7.0341010094 
84.0082092285 213.7254180908 79.4217681885 196.8851318359 
672.9449462891 72.9960098267 674.0307006836 58.0022239685 
681.5049438477 188.0334167480 680.6224365234 174.9579925537 
723.4581909180 156.0076751709 723.7602539062 137.9792327881 
746.5145263672 58.9885597229 746.8442382812 44.9963302612 
735.4714965820 202.0507507324 737.1967163086 186.0211639404 
725.8217773438 199.9747467041 727.8056640625 185.9724578857 
104.1813888550 80.1987380981 99.7764587402 62.0542716980 
node_id_list 12 13 14 15 16 17 18 19 20 21 22 1744 9129 9130 9131 11785 11786 11787 11788 11789 12511 
score_list 7.9143468597 4.8169043303 6.7150096404 6.5579331343 7.6099243458 7.0520263607 3.9367557726 5.2675814153 9.0306330807 11.5671416939 5.5830601523 6.8961690123 5.4055846423 10.8617571855 4.5261542684 2.9583739034 5.9748237731 3.2314054742 4.7291486107 3.2883076839 7.9166547950 
line3d_list
0.0020915118 -1.1129712412 1.5443442382 0.0033664520 -1.1125899129 1.5988106644 
0.0020015881 -1.1128583044 1.5433865394 0.0011891424 -1.1116628411 1.5973999347 
0.0001331256 -1.1126597967 1.5422530083 0.0037903399 -1.1120966757 1.5965787905 
0.0031104249 -1.1118790644 1.5402884585 0.0055283219 -1.1116406664 1.5953945707 
0.0021275831 -1.1129799764 1.5423035000 0.0017482455 -1.1127098136 1.5964744509 
-0.0005206187 -1.1128392283 1.5438310807 -0.0000995747 -1.1130960045 1.5961764595 
0.0019777498 -1.1120494965 1.5429882108 0.0023033660 -1.1124735149 1.5983867825 
0.0037074616 -1.1117425558 1.5427681611 0.0101878971 -1.1104540292 1.5973697558 
0.0001420927 -1.1126584160 1.5423862085 0.0037759190 -1.1120988962 1.5963645769 
0.0018312843 -1.1127966993 1.5438899771 0.0026487088 -1.1121244997 1.5968818656 
0.0021187140 -1.1130285721 1.5427403479 0.0042927061 -1.1133077242 1.5963484462 
0.0021281027 -1.1129803465 1.5422292920 0.0017461549 -1.1127083247 1.5967730027 
0.0015708501 -1.1130129424 1.5430196560 -0.0020892805 -1.1129628705 1.5966733720 
0.0005043616 -1.1130886567 1.5420866430 0.0020739577 -1.1126812481 1.5977577320 
0.0019777598 -1.1120495094 1.5429898976 0.0023052786 -1.1124760055 1.5987121907 
-0.0012493095 -1.1134847690 1.5442007472 0.0002282371 -1.1132642060 1.5954334994 
-0.0000406702 -1.1128226550 1.5435823620 0.0011428276 -1.1127993004 1.5981547561 
0.0001189735 -1.1130955028 1.5426617096 0.0039316217 -1.1122333457 1.5972844150 
-0.0012807017 -1.1134894551 1.5431122469 0.0003144196 -1.1132513410 1.5984218093 
0.0030573057 -1.1111180262 1.5413349077 0.0030266750 -1.1117661141 1.5970866061 
0.0002605376 -1.1131013133 1.5427270200 0.0018064231 -1.1126927150 1.5989044415 
END
