1.0593957395 -1.8926871338 0.4144428902 1.0944761007 -1.9338413939 0.4133389306 
3 3
image_id_list 8 17 85 
line_id_list 186 148 87 
line2d_list
217.0166473389 468.1969909668 203.9409942627 469.3015747070 
23.1780567169 475.2975769043 6.5497746468 485.2475891113 
191.6515808105 488.4368286133 174.6072845459 498.9815979004 
node_id_list 4979 4980 4981 
score_list 1.7581706730 1.6865696311 1.4977430191 
line3d_list
1.0593957395 -1.8926871338 0.4144428902 1.0944761007 -1.9338413939 0.4133389306 
1.0560646314 -1.8862299417 0.4157125316 1.0991161122 -1.9353459555 0.4149926040 
1.0535658338 -1.8858478240 0.4146263541 1.0963818426 -1.9360771006 0.4132789580 
END
