-0.0287608438 -1.7538757662 0.6561909758 -0.0353753562 -1.2965488543 0.6549640717 
7 5
image_id_list 0 1 93 1 3 4 93 
line_id_list 165 106 82 60 133 52 74 
line2d_list
104.0000381470 321.9994812012 0.9042056799 314.2792358398 
179.0974426270 356.4126892090 130.7247009277 367.8339843750 
70.7033157349 373.4555969238 0.7658846974 411.5704040527 
124.2005920410 368.8392639160 62.6533622742 383.5497131348 
654.9994506836 278.0539550781 558.9890136719 277.0385437012 
201.3425903320 376.2863159180 138.3582458496 434.3032836914 
124.1022491455 345.1905517578 74.3916091919 371.8662414551 
node_id_list 1096 1097 1098 1664 1665 1666 3263 
score_list 2.4543282061 2.3001144038 0.9091312009 2.2978835572 3.2892956003 2.4277409286 1.4972616152 
line3d_list
-0.0495211642 -1.2579833705 0.6481030770 -0.0295278139 -1.7007248382 0.6547652519 
-0.0315410589 -1.2957298066 0.6568111907 -0.0260154966 -1.5004243138 0.6580317822 
-0.0550046546 -1.4996587984 0.6459967869 -0.0385344007 -1.7540295228 0.6515698158 
-0.0175586524 -1.5304699414 0.6641625563 -0.0081877886 -1.7564257305 0.6663384070 
-0.0254992248 -1.3131360520 0.6588364113 0.0012784763 -1.7669873303 0.6665519651 
-0.0182043397 -1.5210648080 0.6606563124 -0.0095089491 -1.7484395566 0.6628941021 
-0.0293318399 -1.2964544517 0.6575705896 -0.0311312688 -1.4985664844 0.6562738837 
END
