0.7664481934 -3.1896023402 1.0105596843 0.7695384685 -3.1895556212 1.1733352949 
41 41
image_id_list 2 3 15 21 33 34 38 41 43 49 51 53 56 77 80 81 88 95 96 37 76 84 86 98 9 10 13 16 19 20 23 31 57 60 82 83 97 99 14 78 89 
line_id_list 111 166 160 93 117 46 79 54 173 135 74 93 164 132 80 146 107 145 93 144 161 183 167 132 115 156 67 144 126 144 55 131 35 82 161 71 94 79 84 90 38 
line2d_list
242.6215209961 178.2802734375 228.5536499023 109.0907516479 
195.8742065430 248.8097076416 191.6329650879 207.0372619629 
20.3052272797 120.5874099731 9.7353687286 90.0917205811 
465.5609741211 140.9642486572 468.0823974609 110.0067138672 
269.5621948242 328.2093811035 265.6083984375 301.0570373535 
486.7425537109 88.0606384277 485.4388732910 61.0270614624 
299.3196411133 287.9853820801 300.0498046875 254.0010681152 
52.0699005127 332.9790649414 43.0805053711 302.9758911133 
53.3728866577 397.4560852051 40.9184341431 353.0228576660 
16.8426685333 109.9865112305 17.5882930756 45.9952011108 
416.6585388184 241.0824584961 414.0714111328 198.9956054688 
381.9246520996 275.9960021973 383.9458007812 237.9971160889 
475.5715942383 267.0002136230 475.5681457520 226.0000305176 
318.2384948730 292.3500061035 310.2126159668 251.9577484131 
444.5170288086 224.9555511475 447.8275451660 188.9841308594 
252.3637695312 250.3608551025 245.4731445312 219.1161956787 
296.8246154785 249.9898071289 299.0920410156 210.9472656250 
112.9664306641 286.2023925781 108.7684326172 244.0230407715 
212.1062927246 298.1608276367 209.4637451172 267.0455322266 
58.7749137878 294.3947753906 53.4009475708 264.1062927246 
46.2765197754 235.2321166992 41.6722450256 201.0441436768 
163.9140930176 218.4297485352 157.2232818604 185.9539947510 
90.2128906250 296.2993469238 84.6448669434 263.0594787598 
207.4539489746 277.0029907227 207.6657867432 244.9911651611 
266.7474060059 322.1005859375 264.8929443359 299.0086059570 
109.0374526978 232.0008697510 109.6872634888 203.9927368164 
683.2626342773 225.8437500000 689.6473999023 195.7133789062 
324.4104309082 175.3215789795 318.9271850586 148.2170257568 
262.3668518066 230.0898132324 260.8775634766 203.0067291260 
217.1671600342 274.1379089355 214.9000549316 244.0075225830 
542.3909912109 52.0419692993 545.1956787109 25.9136600494 
217.8283691406 334.1226806641 215.0919647217 307.9903564453 
348.2283630371 226.9244689941 350.6805725098 201.8708496094 
507.6670532227 290.0039672852 507.5869140625 263.0012207031 
332.7533569336 171.1760559082 329.2136535645 146.1110534668 
658.5928344727 305.9624938965 661.0761108398 279.0070190430 
448.3470458984 316.9880371094 448.5350036621 290.9966430664 
68.0255661011 308.0010375977 69.1492462158 280.0059814453 
436.6342773438 151.1563110352 433.5321350098 124.0535507202 
645.3158569336 268.0317077637 648.4353637695 236.9433441162 
760.6571655273 365.7585144043 768.7152099609 320.9487915039 
node_id_list 2699 2700 2701 2702 2703 2704 2705 2706 2707 2708 2709 2710 2711 2712 2713 2714 2715 2716 2717 3397 3398 3399 3400 3401 5636 5637 5638 5639 5640 5641 5642 5643 5644 5645 5646 5647 5648 5649 7771 7772 7773 
score_list 16.7078240757 8.9623234330 16.4005436013 16.5357767320 17.6363249418 15.7078590462 14.1358387524 17.7352768142 10.4233215367 12.5999831220 15.6272107877 17.6891013922 14.1215305187 15.6341019658 17.1295161253 16.7429372539 16.8120328487 12.6936139135 17.0038057228 12.2774583765 8.0830131281 10.0295617778 11.3506196109 14.2787509557 6.0595990476 9.3374368567 11.2445201916 14.5865823955 9.5637485715 10.3177442494 14.1472662770 17.9934009552 10.9192420856 16.6968544204 13.2073820030 13.3009970278 17.7977709517 9.5215447060 12.8921860905 14.6474840728 11.7754917995 
line3d_list
0.7645565853 -3.1927125202 1.0108260774 0.7694755210 -3.1896612475 1.1732570375 
0.7672222768 -3.1892687349 1.0107570671 0.7677830076 -3.1910431913 1.1509584900 
0.7631713293 -3.1922144490 1.0107756024 0.7700347543 -3.1888340457 1.1692463912 
0.7644814456 -3.1897458732 1.0099620583 0.7701795627 -3.1884562893 1.1661977766 
0.7651760564 -3.1890261643 1.0112787124 0.7701984767 -3.1884633738 1.1670745746 
0.7636269740 -3.1907417036 1.0118245749 0.7706602613 -3.1877651374 1.1610234269 
0.7676585860 -3.1888031718 1.0133849650 0.7698974406 -3.1889814569 1.1727839899 
0.7658487791 -3.1897661102 1.0102564692 0.7695839391 -3.1889951191 1.1647639142 
0.7703804177 -3.1867147870 1.0133526112 0.7703436701 -3.1886033264 1.1697726904 
0.7665609064 -3.1914749590 1.0116929395 0.7697584950 -3.1894865587 1.1730094428 
0.7668111056 -3.1888640404 1.0122402520 0.7700132672 -3.1895070000 1.1733262669 
0.7668331590 -3.1887805582 1.0109399640 0.7686297217 -3.1900961141 1.1715543205 
0.7670674976 -3.1904592524 1.0137755148 0.7695842112 -3.1885685044 1.1681705014 
0.7664743384 -3.1918416172 1.0125938596 0.7699946506 -3.1883513365 1.1658475358 
0.7657636358 -3.1891584610 1.0128124504 0.7687085390 -3.1900997375 1.1660107543 
0.7637988576 -3.1917650102 1.0134626004 0.7698347925 -3.1889116482 1.1628735298 
0.7659421648 -3.1902190710 1.0124812763 0.7700988942 -3.1892032782 1.1684116256 
0.7673030982 -3.1892762012 1.0129420943 0.7688665853 -3.1909493091 1.1661727530 
0.7702455628 -3.1835895752 1.0136223235 0.7725777736 -3.1852257448 1.1645067340 
0.7637980376 -3.1916959446 1.0122355903 0.7700565470 -3.1884017782 1.1613253882 
0.7600974218 -3.1966615601 1.0111792477 0.7673156161 -3.1917457907 1.1639384479 
0.7642563298 -3.1907323188 1.0106016208 0.7688686472 -3.1907624616 1.1631795255 
0.7631124196 -3.1930148707 1.0125484663 0.7701961284 -3.1886777015 1.1707209857 
0.7636555340 -3.1920633330 1.0139208529 0.7701666531 -3.1884105076 1.1651069256 
0.7749244750 -3.1760160995 1.0152566270 0.7680230947 -3.1908438352 1.1665744920 
0.7598541374 -3.1947779936 1.0123584882 0.7679154517 -3.1904047270 1.1646135082 
0.7673125204 -3.1873939510 1.0153190833 0.7694206063 -3.1897991562 1.1633194270 
0.7695111210 -3.1845177295 1.0140071558 0.7732651394 -3.1844249672 1.1663993493 
0.7668027687 -3.1858222510 1.0132674365 0.7795882075 -3.1782754050 1.1758896622 
0.7656458477 -3.1899964825 1.0115074396 0.7659150979 -3.1928446545 1.1712396566 
0.7656615763 -3.1895620812 1.0170126038 0.7694069585 -3.1884202092 1.1608660421 
0.7656606018 -3.1888830806 1.0117634649 0.7694794639 -3.1886974692 1.1634958340 
0.7669043271 -3.1857910857 1.0120468265 0.7697853896 -3.1890183531 1.1630988067 
0.7695591997 -3.1842890289 1.0134217054 0.7697298531 -3.1890156886 1.1682903459 
0.7693114111 -3.1847025498 1.0123901818 0.7704223970 -3.1876298759 1.1640963044 
0.7675136669 -3.1850294222 1.0141672866 0.7732590688 -3.1851653947 1.1642003918 
0.7700623792 -3.1827654739 1.0133118623 0.7722782718 -3.1848760842 1.1664889869 
0.7629875694 -3.1927487639 1.0143101614 0.7673621828 -3.1913292437 1.1688361401 
0.7657185475 -3.1884457220 1.0117286861 0.7702708367 -3.1883772965 1.1668618059 
0.7632895632 -3.1924714553 1.0108325857 0.7697788446 -3.1891050048 1.1628340504 
0.7672999388 -3.1873795962 1.0144357835 0.7696509291 -3.1900619414 1.1794894790 
END
