0.1701302977 -1.4464826246 -0.0007054705 0.2310727921 -1.3856831660 -0.0009245982 
5 3
image_id_list 47 62 62 91 91 
line_id_list 143 65 117 10 25 
line2d_list
69.0280914307 535.4672241211 53.0258140564 536.4293823242 
379.2708435059 302.9801635742 380.7391357422 323.0191040039 
379.5357666016 322.9611206055 378.1585388184 303.9884948730 
688.4645996094 558.7556152344 700.1832885742 533.0836791992 
702.7058715820 531.8687744141 689.5912475586 561.2637939453 
node_id_list 12634 12635 12636 13155 13156 
score_list 1.9918537600 3.7166674995 3.9142416948 0.9876432598 1.6610518810 
line3d_list
0.2303365558 -1.3886156352 0.0002628312 0.1996765101 -1.4195995707 0.0000020026 
0.1629040600 -1.4508033461 -0.0047716879 0.2290282599 -1.3839331739 -0.0042446877 
0.2318636524 -1.3864837486 -0.0031059459 0.1712472474 -1.4476028174 -0.0008762099 
0.2331445910 -1.3863850598 0.0012388739 0.1723874898 -1.4472610179 0.0020563823 
0.1631939995 -1.4499650643 0.0007479457 0.2324457676 -1.3800142755 0.0004674748 
END
