2.9882584774 0.5051506689 1.0047511378 2.9879812210 0.5037623211 1.6594649567 
9 5
image_id_list 26 28 29 67 67 69 69 28 29 
line_id_list 157 154 153 102 125 61 101 181 239 
line2d_list
28.8532066345 171.3551940918 69.3778915405 302.1926879883 
100.3770828247 133.2518310547 126.2683258057 197.2957916260 
142.7185974121 29.1392955780 161.8490905762 205.1251068115 
613.4252929688 154.9140625000 591.0057373047 304.8513183594 
628.9079589844 50.8353271484 615.2825927734 141.1934051514 
174.2283477783 164.9048309326 165.8179473877 233.1008758545 
182.8214416504 94.8534698486 174.5883026123 161.0731506348 
127.6478347778 200.1423492432 152.0056610107 260.4019165039 
163.9849548340 202.0016632080 160.2315368652 167.9744567871 
node_id_list 10905 10906 10907 10908 10909 10910 10911 11331 11450 
score_list 0.9968605582 1.8055543219 2.8610563976 2.9545087695 2.9626512092 1.9261296943 2.8969197389 2.6567115123 1.8639472032 
line3d_list
2.9772143306 0.4958761274 1.6573246216 2.9815487974 0.5007258990 1.0047389134 
2.9801043302 0.4978881710 1.6594491646 2.9753003541 0.4949434912 1.3434168802 
2.9884278056 0.5038535567 1.6652287644 2.9882498137 0.5047754006 1.0065748448 
2.9883512861 0.5043528009 1.3339151433 2.9885640780 0.5060934618 0.7915022802 
2.9880678955 0.5035861971 1.6708864666 2.9874373358 0.5035970247 1.3800641294 
2.9793109764 0.4982220338 1.3416592456 2.9813747356 0.5005311437 1.0309451965 
2.9879443554 0.5033803700 1.6487866001 2.9876836630 0.5044010762 1.3581034476 
2.9895060430 0.5075236180 1.3259757458 2.9901127241 0.5098690458 1.0039049908 
2.9825392165 0.4891470704 1.0213942188 2.9827927238 0.4895505663 1.1565321149 
END
