0.9231744081 -1.8400113626 0.4967611341 0.8628416977 -1.9094775002 0.5584301244 
5 4
image_id_list 51 56 56 53 80 
line_id_list 105 1 96 94 102 
line2d_list
431.8542480469 598.9273071289 455.6135864258 551.3082275391 
760.0396118164 598.8477172852 754.4860839844 560.9288330078 
754.9652709961 575.0034790039 757.3565063477 599.0639648438 
394.4586181641 583.7305297852 423.1553649902 526.0817871094 
583.1836547852 526.0391235352 594.7562255859 471.7349548340 
node_id_list 12834 12835 12836 12932 13001 
score_list 9.2773361025 5.3870813876 5.7123309002 12.9891597291 6.0270315619 
line3d_list
0.9259856472 -1.8468463752 0.4918122570 0.8614725689 -1.9061295676 0.5608618927 
0.8921880618 -1.8752087153 0.5267615863 0.8423033631 -1.9305518165 0.5706651623 
0.8637738144 -1.9115927679 0.5535635723 0.8920205280 -1.8812429110 0.5219205192 
0.9473448479 -1.8252108235 0.4556920732 0.8636182522 -1.9084797407 0.5578262071 
0.9421112345 -1.8068249927 0.4604220015 0.8510811841 -1.9046334965 0.5541181225 
END
