2.7875588241 -3.0030192991 0.6719576076 2.7876331241 -3.0009518809 1.6411303954 
5 5
image_id_list 13 21 48 60 83 
line_id_list 88 178 110 122 92 
line2d_list
268.4747009277 302.9751586914 281.0928344727 36.0043869019 
32.5801887512 219.0533752441 11.7265062332 55.0347709656 
316.0151672363 317.9998168945 312.7247619629 66.0035934448 
134.7636871338 390.9534301758 121.5962753296 174.9636535645 
286.7823791504 384.9956054688 291.0430603027 174.0008697510 
node_id_list 7856 7857 7858 7859 7860 
score_list 3.7856614819 2.9778935745 3.9746617806 2.9661483369 1.9519695981 
line3d_list
2.7868326743 -2.9969267939 0.6798788441 2.7880080163 -2.9998106596 1.6529565175 
2.7876970423 -3.0022341746 0.6742606435 2.7876351451 -2.9989764856 1.3259830380 
2.7877115562 -3.0036390335 0.6685596539 2.7881007385 -3.0017133592 1.6489375416 
2.7880368283 -2.9967848792 0.6719442718 2.7874815557 -2.9993898807 1.6411270750 
2.7880405284 -2.9967675206 0.6654860929 2.7874821093 -2.9993872834 1.6401607425 
END
