0.6907128298 -2.5544741219 0.3695398051 0.7044735910 -2.4993927668 0.1881965222 
3 3
image_id_list 82 83 97 
line_id_list 254 220 190 
line2d_list
426.7029724121 281.5744628906 434.6994018555 313.5753479004 
730.5570678711 463.9964904785 730.2333984375 505.0018310547 
539.4876708984 444.9271545410 545.6092529297 485.9089965820 
node_id_list 13491 13492 13493 
score_list 2.3899940226 4.3668104804 5.5522347096 
line3d_list
0.6787727616 -2.5700735396 0.3706431494 0.6991974929 -2.5084261330 0.1850523573 
0.6794819381 -2.5680164120 0.3645742321 0.6901287117 -2.5156855087 0.1769629422 
0.6890672934 -2.5610608490 0.3912251594 0.7048623824 -2.4978365189 0.1830729173 
END
