3.7949054892 -0.8902549292 0.8228381188 3.7915430048 -0.6093462365 0.8245712462 
3 3
image_id_list 22 24 25 
line_id_list 12 74 93 
line2d_list
328.0205688477 100.1099472046 246.6882324219 115.3344497681 
714.9822998047 288.1189270020 559.8497924805 265.0081787109 
431.0726928711 374.7642822266 351.9347839355 370.1088562012 
node_id_list 9828 9829 9830 
score_list 4.8980742225 4.9382397199 5.9291750346 
line3d_list
3.7947244532 -0.8931770056 0.8229956624 3.7920212395 -0.6075837618 0.8241762718 
3.7948627730 -0.8994050433 0.8222129292 3.7923913798 -0.6053845860 0.8237817229 
3.7949054892 -0.8902549292 0.8228381188 3.7915430048 -0.6093462365 0.8245712462 
END
