1.8965065703 -0.6608231943 0.0064510907 2.6328288249 0.0759024629 0.0112526565 
26 10
image_id_list 5 26 26 28 28 29 29 69 5 69 12 75 75 12 66 67 67 68 75 75 75 75 68 68 68 66 
line_id_list 44 96 186 97 185 103 179 315 73 292 142 23 60 155 64 48 228 23 6 17 49 56 55 48 72 69 
line2d_list
540.2823486328 169.8477630615 509.7126159668 113.1549606323 
187.4980773926 599.2178955078 152.8809204102 519.4858398438 
154.9184417725 519.0358886719 190.0779724121 598.9656982422 
311.8223266602 599.0844116211 252.4902648926 474.2422485352 
251.0167236328 465.9920349121 314.1210632324 598.4660034180 
289.1875915527 599.4283447266 234.9476013184 496.5548706055 
229.2449951172 480.8712768555 291.2446899414 598.8714599609 
211.7138671875 599.1093750000 194.4095611572 553.8434448242 
499.5717163086 91.2314682007 543.8165893555 173.0991210938 
195.7296447754 553.7218627930 208.3629913330 586.8616333008 
690.6547241211 599.9534912109 630.5673217773 578.1948852539 
108.2956008911 599.3217163086 203.1970977783 512.1261596680 
190.0648498535 527.0698242188 112.2856140137 599.3074951172 
631.9105224609 576.2479248047 694.9953613281 599.0127563477 
430.9993286133 576.1492919922 559.9992675781 576.0488891602 
446.9663696289 598.9580078125 482.5722656250 570.4654541016 
485.0175170898 571.0212402344 450.4537048340 599.5496826172 
582.9985351562 550.1840820312 549.8828125000 370.0215454102 
301.6412963867 421.6100769043 374.5612792969 354.5231323242 
209.4015655518 506.3492431641 297.4396667480 425.3906555176 
299.8058166504 426.7880249023 210.0325775146 509.0355529785 
377.3310241699 355.3588256836 302.9226074219 424.0001220703 
552.3657226562 369.9330139160 585.6970825195 551.8723144531 
592.0422973633 599.1764526367 583.9053344727 555.0174560547 
586.4904785156 555.9093627930 594.4694213867 599.0980224609 
562.0008544922 578.2606811523 429.9989929199 578.6950073242 
node_id_list 3872 3873 3874 3875 3876 3877 3878 3879 3887 3888 7188 7189 7190 7196 7197 10832 10833 10834 10835 10836 10837 10838 10979 11286 11334 13263 
score_list 2.8900940261 3.4114819890 3.8595586021 4.4259416476 4.7167938086 5.4904379530 5.8688320328 3.7310052298 2.8881827142 3.9101046020 0.9275958097 3.4865066499 3.7646549987 0.8915150786 1.8091321758 4.9124526751 4.7691381094 5.4405708664 4.4142043197 3.1501142815 3.5282599850 4.3387435062 5.7572434948 0.8562619111 0.9350233746 0.9823997035 
line3d_list
2.1305939083 -0.4191889349 0.0053243085 2.3372874768 -0.2118038685 0.0052999170 
2.1356607025 -0.4132074056 0.0062083603 2.6292916952 0.0795131902 -0.0003369050 
2.6343492119 0.0717982008 -0.0012272247 2.1488326759 -0.4139819795 -0.0041846712 
1.8933139696 -0.6574850119 0.0023438631 2.5748208029 0.0260208864 -0.0015382543 
2.6387475333 0.0751948873 -0.0033804360 1.9043619411 -0.6585756743 -0.0063892872 
2.1618284082 -0.3899268805 -0.0002385195 2.5813430033 0.0315454009 0.0000678236 
2.6673368752 0.1047846051 -0.0010569429 2.1681690644 -0.3937733170 -0.0026888483 
2.1364457028 -0.4131637524 0.0074050562 2.3249584805 -0.2239601803 0.0081963934 
2.4387766866 -0.1238435933 -0.0021529994 2.1293601448 -0.4330030743 -0.0009815146 
2.3399179110 -0.2211436672 -0.0003833340 2.1973226284 -0.3636233929 -0.0009433275 
2.0118328820 -0.5481613419 -0.0027910075 1.8986512642 -0.6629174655 -0.0011053007 
1.9150424069 -0.6387515763 0.0010688545 2.1149811143 -0.4378345283 0.0007807109 
2.0858425262 -0.4748395848 -0.0000549995 1.9231939749 -0.6383017481 -0.0023376713 
1.8969924902 -0.6581658199 0.0032232497 2.0160978304 -0.5386665100 0.0026173062 
1.8946935813 -0.6604723330 0.0032349453 2.1170851823 -0.4373451180 0.0021035372 
2.4472870566 -0.1029660028 0.0003354680 2.5824796310 0.0325093833 -0.0003137016 
2.5899609112 0.0287185568 0.0006658194 2.4583802889 -0.1032872007 -0.0014859334 
2.1260146900 -0.4259686460 0.0030032368 2.5789156973 0.0282095803 0.0004778604 
2.3638724999 -0.1936574879 0.0106289707 2.5812226485 0.0238170895 0.0124066851 
2.1316877823 -0.4286299218 0.0137304610 2.3526027366 -0.2075578359 0.0153433809 
2.3582727864 -0.2034075956 -0.0010027044 2.1311913139 -0.4298398763 -0.0009443687 
2.5912650450 0.0366593149 -0.0117234096 2.3663570708 -0.1892528328 -0.0116100054 
2.5853233654 0.0238177161 -0.0001734981 2.1311403399 -0.4304204833 -0.0032584659 
2.0423714393 -0.5110297879 0.0001764142 2.1193267976 -0.4338004394 -0.0002502412 
2.1216664635 -0.4390758163 -0.0002840631 2.0468522548 -0.5140692856 -0.0007379168 
2.1233777205 -0.4370860759 -0.0007731185 1.8959388055 -0.6652904806 -0.0017514463 
END
