2.1571637756 0.0879830777 0.3551616218 2.7289644320 0.0882705421 0.3546063700 
4 4
image_id_list 26 67 75 28 
line_id_list 152 80 64 195 
line2d_list
144.1561737061 443.1775207520 63.8447990417 513.8235473633 
537.0297851562 468.7940063477 343.0000610352 463.9975585938 
433.9930114746 262.6167297363 198.9982757568 266.9051208496 
234.5898895264 394.5739746094 161.5895080566 469.6005859375 
node_id_list 10902 10903 10904 11340 
score_list 1.9080952602 4.8729959892 2.4871785595 1.8849970473 
line3d_list
2.7289643473 0.0884593930 0.3546169777 2.1764716081 0.0875141544 0.3553221536 
2.7378317073 0.0889714360 0.3541201487 2.1062342361 0.0870553821 0.3557426649 
2.7354782324 0.0869102696 0.3561332557 2.1093376030 0.0901823804 0.3526883930 
2.7288971083 0.0878209611 0.3551050859 2.1571645146 0.0875196801 0.3556827488 
END
