2.0277459927 0.0592042178 0.9331303009 2.7003123672 0.0490374191 0.9417869299 
6 5
image_id_list 27 68 75 66 67 67 
line_id_list 48 61 118 203 208 256 
line2d_list
351.8765563965 369.8924255371 387.7232360840 328.7588195801 
398.7746582031 103.2688903809 539.9270629883 59.7633247375 
504.9962158203 84.8408355713 102.9998779297 83.0265350342 
799.4411621094 175.9406890869 752.2897949219 156.3042144775 
323.0246276855 293.2433166504 563.9645996094 301.0865783691 
351.9868469238 297.3322753906 320.9958496094 296.1046752930 
node_id_list 11172 11173 11174 13295 13332 13337 
score_list 4.0022460687 2.6427630705 1.7692234592 0.8374574484 3.3728695298 2.4141445269 
line3d_list
2.2613333462 0.0565148140 0.9358413034 2.7002652834 0.0465832436 0.9425627341 
2.0388893815 0.0596724202 0.9341835192 2.4471996434 0.0541011979 0.9370169443 
2.8179849288 0.0472521360 0.9433328419 2.0228969178 0.0595133365 0.9329326298 
2.1162585688 0.0576519566 0.9342844942 2.0277312091 0.0583887815 0.9333212017 
2.0294016055 0.0670227569 0.9306598928 2.7424493905 0.0612083025 0.9383814920 
2.1140474293 0.0503158287 0.9269884511 2.0245376722 0.0505491339 0.9268624501 
END
