1.2161610279 -0.0062746396 0.8177500271 1.2166367208 -0.0055264188 1.0612473611 
28 13
image_id_list 1 12 12 39 46 47 58 58 59 59 59 66 66 67 67 74 74 85 87 87 39 47 47 85 93 93 93 59 
line_id_list 165 32 199 12 219 32 6 12 100 110 149 47 155 29 119 13 164 34 83 149 2 103 226 7 40 226 238 242 
line2d_list
623.8673095703 352.2027893066 636.0687255859 300.0160827637 
736.8842163086 120.9667968750 720.7551879883 177.2165374756 
721.9028320312 177.2629241943 737.9970092773 121.9991226196 
728.0190429688 481.0047912598 735.0313720703 453.0078735352 
551.4556884766 361.9993591309 551.4248657227 339.9993896484 
665.8816528320 213.1851043701 684.8242797852 122.9631042480 
518.3796997070 384.9425048828 515.1209106445 420.1038818359 
517.7612915039 420.0679626465 520.7080688477 387.0632324219 
765.3486328125 531.0728759766 786.8575439453 428.1792602539 
787.1133422852 426.2318725586 790.2735595703 411.0569763184 
784.3518066406 426.8697509766 768.4712524414 505.8937377930 
417.6649780273 74.9949035645 417.1670837402 9.9987201691 
415.0310058594 8.9995527267 415.9253540039 71.0010757446 
27.4373054504 326.9517517090 18.0525798798 241.8838806152 
15.9091186523 243.1208190918 25.3182067871 328.0755004883 
555.1414794922 253.0182800293 564.0384521484 184.1341247559 
563.5484008789 203.9416351318 557.3317260742 252.0428771973 
754.0555419922 307.0587463379 756.1734619141 269.0096435547 
603.1550292969 456.0891113281 608.4115600586 387.9545898438 
606.2459106445 386.9467468262 601.3680419922 456.0260009766 
732.9819946289 450.7501525879 723.0974121094 491.0238952637 
682.3473510742 123.8664093018 667.5994873047 195.9180297852 
680.2441406250 153.0504302979 670.9605102539 197.9918518066 
753.6044311523 266.9817504883 751.7139282227 307.9868164062 
580.6008911133 214.0036010742 580.9609985352 153.9997711182 
579.2682495117 155.9996032715 579.3507080078 211.9994812012 
582.4287109375 170.9996948242 582.4572753906 210.9996795654 
787.7113037109 434.1498413086 774.0471191406 499.0099182129 
node_id_list 1880 1881 1882 1883 1884 1885 1886 1887 1888 1889 1890 1891 1892 1893 1894 1895 1896 1897 1898 1899 7066 7067 7068 7069 7070 7071 7072 12023 
score_list 9.6237305726 6.3446532117 6.8328749761 3.5742170309 3.2379698105 7.4969686079 2.9181248089 2.8016620968 5.6738406058 2.7759013466 5.2213795048 9.6828892520 9.1451690137 6.6943837141 5.5246233306 9.7396549305 9.5343287526 3.7474408111 7.7919807913 7.4295099756 3.9784155794 6.4165113243 6.6798162308 3.9987975404 7.7511619237 6.9829644835 7.7456461997 5.2820641105 
line3d_list
1.2161452474 -0.0055741702 0.8348337889 1.2155809401 -0.0032546900 1.0626157099 
1.2186768380 -0.0133744050 1.0222232499 1.2179041890 -0.0130231841 0.8378532342 
1.2154653575 -0.0054756658 0.8355719924 1.2164447857 -0.0052845281 1.0173184536 
1.2129145033 -0.0010915234 0.8791994893 1.2132801846 -0.0007972477 0.9889777849 
1.2105034003 -0.0042101164 0.9408832338 1.2096898906 -0.0033753416 0.9919929670 
1.2162336949 -0.0058581888 0.8105208128 1.2167100354 -0.0047483455 1.0575587606 
1.2238406534 -0.0143604261 0.9999687649 1.2249160760 -0.0164695753 0.8968437093 
1.2197105061 -0.0057450658 0.8949236217 1.2173476427 -0.0035030264 0.9917780375 
1.2165794871 -0.0068746189 0.8091876655 1.2163596274 -0.0056411338 0.9998059295 
1.2173595129 -0.0072443490 1.0038980661 1.2174567002 -0.0072597783 1.0307435045 
1.2154993503 -0.0107908136 1.0023127120 1.2143005267 -0.0087031124 0.8563054773 
1.2154575598 -0.0059161506 0.8201114292 1.2163503863 -0.0057227210 0.9864004517 
1.2179088535 -0.0142984987 0.9921105144 1.2168495341 -0.0132844763 0.8345107457 
1.2165239430 -0.0051591009 0.8200215387 1.2164077017 -0.0051281400 1.0624283330 
1.2121251376 -0.0085313368 1.0596211341 1.2121199479 -0.0085863193 0.8177650250 
1.2152124188 -0.0044529283 0.8228617233 1.2164232353 -0.0045141658 1.0380470180 
1.2238254780 -0.0155142848 0.9840563523 1.2231718716 -0.0153756780 0.8326620033 
1.2198519340 -0.0063446369 0.8383101201 1.2193115708 -0.0049015083 0.9620538267 
1.2161649736 -0.0056552513 0.8268713134 1.2156356449 -0.0034795438 1.0405342000 
1.2113131229 -0.0083459952 1.0432693469 1.2124111152 -0.0092979524 0.8265453158 
1.2254569716 -0.0173110353 1.0002038776 1.2244570268 -0.0168142269 0.8427011861 
1.2123503502 -0.0087563327 1.0552713130 1.2124026545 -0.0088568133 0.8603227603 
1.2245699760 -0.0159369795 0.9830392888 1.2247971340 -0.0162537282 0.8597258525 
1.2240686306 -0.0156700897 0.9720951066 1.2234227782 -0.0155088911 0.8383726295 
1.2120485152 -0.0014397161 0.8208614355 1.2155535992 -0.0027715910 1.0612410121 
1.2103220974 -0.0072235603 1.0544765363 1.2088199823 -0.0068821225 0.8306173402 
1.2252576071 -0.0163022108 0.9985918570 1.2243436665 -0.0160298436 0.8383520574 
1.2230611371 -0.0095532567 0.9926887231 1.2224086724 -0.0094270078 0.8740499198 
END
