3.7927146780 -0.5490183707 0.1571480116 3.7923777051 -0.5491724473 0.9709525549 
11 11
image_id_list 22 24 25 26 27 28 29 69 70 71 35 
line_id_list 102 50 108 115 63 144 20 0 69 78 73 
line2d_list
238.8970184326 304.1261291504 224.4909057617 63.9105873108 
462.7316284180 485.2189331055 551.4282836914 188.8289031982 
352.0494384766 536.8986816406 331.9664916992 328.9066772461 
347.9154968262 380.0160827637 322.9759826660 249.0045776367 
560.9190673828 393.0071716309 548.4801635742 252.8686218262 
430.2236938477 320.9424743652 396.2739257812 188.9295501709 
454.6608581543 352.0606079102 460.4295349121 193.9791870117 
398.1372375488 420.2230834961 426.0358581543 278.0070495605 
234.9700775146 305.0054016113 202.9657897949 127.8255462646 
97.0977172852 118.9640960693 53.5482444763 0.4311693311 
637.8357543945 289.5398254395 784.2738037109 62.8227615356 
node_id_list 10182 10183 10184 10185 10186 10187 10188 10189 10190 10191 10458 
score_list 7.9786229263 8.9729995300 7.9547848912 6.9628026415 8.9864866719 7.9750697286 8.9818729905 8.9822721129 8.9746773297 7.8856087290 5.9939403850 
line3d_list
3.7934830161 -0.5490909596 0.2198515346 3.7934678315 -0.5490377091 0.9698345126 
3.7925056191 -0.5493167809 0.1588009124 3.7920571683 -0.5493566779 0.9737484760 
3.7926321315 -0.5487649355 0.1569578866 3.7922595479 -0.5490803680 0.9709525234 
3.7916637935 -0.5491130969 0.1577117678 3.7915061289 -0.5492226440 0.9691500405 
3.7927182900 -0.5492686233 0.1591368561 3.7926632976 -0.5492197683 0.9701633970 
3.7928299242 -0.5488773729 0.1579736349 3.7920742458 -0.5489752295 0.9703081862 
3.7932628085 -0.5491244263 0.1617065139 3.7924456500 -0.5491843731 0.9691433310 
3.7927183213 -0.5492686511 0.1586753404 3.7926632804 -0.5492197530 0.9704168737 
3.7926335878 -0.5487642411 0.1546096435 3.7922624199 -0.5490806934 0.9689444338 
3.7932816642 -0.5489784360 0.1571482540 3.7929276631 -0.5487363571 0.7929225712 
3.7928293546 -0.5488774467 0.1585858704 3.7920702882 -0.5489757420 0.9745624645 
END
