0.2685038951 -1.3614068395 -0.0056977591 0.2107252061 -1.1844580155 -0.0019266209 
58 36
image_id_list 3 8 32 37 62 76 79 81 81 84 84 85 86 86 90 98 98 7 20 20 45 7 65 9 17 39 58 79 99 99 16 16 19 31 39 57 82 82 10 11 18 46 46 50 12 47 65 12 42 47 19 31 57 18 50 62 58 91 
line_id_list 151 199 164 120 143 119 165 25 128 79 179 203 65 164 206 146 181 114 117 188 125 115 157 199 146 206 264 60 132 178 67 163 202 143 75 167 127 199 187 168 268 110 227 155 59 155 103 149 171 215 150 122 158 156 81 126 172 130 
line2d_list
677.0024414062 430.0117187500 646.0776977539 436.3773498535 
386.9658508301 513.3927612305 355.9395141602 510.6957702637 
539.1113891602 475.9035949707 510.0597839355 479.4848632812 
493.0187377930 470.2404479980 458.9916687012 472.8931579590 
431.0896911621 345.5672607422 379.6070251465 334.8958740234 
505.0014648438 460.2980957031 468.0023498535 460.4791564941 
493.9827575684 452.8103637695 456.0238952637 456.2628479004 
685.9879150391 418.8663940430 727.8252563477 415.0729064941 
727.0291137695 418.3193359375 687.9888305664 421.8775024414 
579.0153808594 431.3164978027 620.0620727539 432.2396545410 
619.0093383789 435.5593566895 579.9844970703 434.7334594727 
393.0951843262 426.2539367676 359.0110778809 439.0295410156 
503.9859008789 490.6834411621 540.9127807617 489.0401000977 
541.0049438477 492.0919799805 505.0016174316 494.0302429199 
361.1199951172 533.2789306641 319.5070190430 551.1787109375 
600.0170288086 555.8933105469 645.4544067383 563.1576538086 
643.9600830078 566.2471923828 600.9509887695 559.3034667969 
683.1337890625 376.9848937988 745.5003051758 385.2037048340 
574.9636230469 511.2467041016 614.4321899414 517.0710449219 
612.9873657227 520.0879516602 574.9119262695 514.6126708984 
439.9898376465 593.1022338867 487.1203613281 597.7897949219 
742.9683837891 389.2395629883 683.8104858398 381.4367065430 
207.9235229492 296.4605102539 147.2915496826 305.0564880371 
589.9682006836 508.3939208984 558.9281616211 505.8907165527 
225.0163879395 419.0384521484 194.0924530029 432.2169494629 
377.0018005371 526.0489501953 346.0072937012 527.1972045898 
121.9764175415 566.9038696289 73.2113494873 578.8618774414 
454.9902954102 452.8938598633 493.9383850098 449.3270568848 
392.9681701660 536.3131713867 426.1337585449 539.6840820312 
425.9332885742 542.6409301758 392.8751220703 539.1995849609 
686.0021362305 371.9697875977 725.1597900391 374.7473449707 
725.9917602539 378.1175231934 685.9085693359 375.3019714355 
603.0420532227 457.7489013672 569.8015747070 452.1855773926 
594.0349121094 549.5526733398 557.9425048828 546.7370605469 
345.9245300293 524.0855102539 376.9158020020 522.8638916016 
663.0311279297 507.9055175781 627.8897094727 496.3349914551 
653.9591674805 357.4981079102 688.0580444336 360.2918395996 
687.9683227539 363.3750610352 653.9573974609 360.5049743652 
458.9721679688 490.1530761719 425.7962036133 484.1207275391 
104.0374069214 367.3033752441 59.1040191650 372.8436279297 
280.0028991699 406.0155639648 240.0771636963 413.4162597656 
128.9859771729 555.9475097656 177.7146453857 542.9316406250 
179.0534820557 546.2015991211 130.0531921387 559.2005004883 
494.0235290527 522.5964965820 437.9226684570 519.3264770508 
266.0143127441 313.0331726074 299.8897399902 298.4253234863 
83.6087875366 532.6058959961 128.2864685059 488.2587890625 
145.8818511963 300.2221984863 206.5454864502 291.0076904297 
301.0064392090 302.0154113770 266.2201232910 316.5276184082 
385.9327087402 558.5825195312 327.3273315430 568.0303344727 
131.8047485352 492.8007507324 86.8428573608 536.8601074219 
569.1946411133 448.8556213379 603.2306518555 454.6437988281 
557.0426635742 543.4821166992 595.0321044922 546.6102294922 
628.2504882812 493.2518615723 664.5352783203 505.4013366699 
239.9606781006 409.7811279297 279.7541198730 402.6315002441 
438.0661621094 514.7580566406 494.2264099121 517.7499389648 
380.0297546387 329.8475341797 430.8273620605 339.7601318359 
72.8819427490 575.5269165039 121.3585128784 563.4294433594 
698.9566650391 601.1134033203 682.3249511719 577.1632080078 
node_id_list 3341 3342 3343 3344 3345 3346 3347 3348 3349 3350 3351 3352 3353 3354 3355 3356 3357 4418 4419 4420 4421 4422 4423 4994 4995 4996 4997 4998 4999 5000 5978 5979 5980 5981 5982 5983 5984 5985 6599 6941 6942 6943 6944 6945 7124 7125 7126 7192 7193 7194 8766 8767 8768 8983 9126 9127 11680 12778 
score_list 9.6690888262 9.9751821953 13.3877536624 8.2527423292 8.2499191410 9.0793541740 12.0728836064 5.1700808307 7.0458299633 8.8522781630 12.0038249608 13.0810875210 6.1102736931 9.4937894501 10.7628473239 6.4614038345 6.0880023093 6.2218090277 6.7312898350 10.5520337111 2.4344152988 7.5115617259 10.4339821414 12.8730011484 9.7665561517 8.1798187697 6.2402527020 6.2453738978 9.2787838668 14.2528739778 4.6030079676 5.9923249118 8.1978231120 7.6235163871 5.2482435738 8.1646342039 5.5734854309 7.1109190643 7.6405979495 7.1187027544 10.9679503453 6.0508045398 7.2098862619 9.0094100980 5.6585297677 5.5254227391 8.3577962529 8.5608787060 8.7402131850 5.4084586546 5.2885093795 5.4355462429 5.0752775258 6.3655934843 7.9244953289 8.4093394734 5.2193133509 2.5446559831 
line3d_list
0.2164421534 -1.1962135483 -0.0015950307 0.2604150201 -1.3558203233 -0.0094450229 
0.2022857175 -1.1911864878 -0.0083070943 0.2690934305 -1.3506455199 -0.0030994085 
0.2160801866 -1.2002746638 -0.0026619777 0.2602776940 -1.3552374618 -0.0094027363 
0.2164640674 -1.1942507063 -0.0022314642 0.2623393784 -1.3621502446 -0.0094969486 
0.2087057452 -1.1890358270 -0.0037630466 0.2720855127 -1.3491540441 -0.0008684435 
0.2131498279 -1.1900881877 -0.0019230812 0.2648607861 -1.3541679976 -0.0069264244 
0.2055382011 -1.1944399709 -0.0070100080 0.2612359445 -1.3570416646 -0.0095318711 
0.2603129540 -1.3643450523 0.0066729003 0.1873520074 -1.1896925620 0.0003314565 
0.2038979386 -1.1932074372 -0.0078294219 0.2449577409 -1.3567878118 -0.0163807275 
0.2598473405 -1.3611599567 0.0070590381 0.2006294858 -1.1901801286 0.0079336195 
0.2153181742 -1.1915063156 -0.0012622601 0.2665094533 -1.3546699176 -0.0056338044 
0.2142952064 -1.1928104587 -0.0018272904 0.2701122896 -1.3609707989 -0.0052007784 
0.2660935738 -1.3623041985 0.0098452463 0.1958006535 -1.1967028515 0.0042539305 
0.2040207504 -1.1950106920 -0.0072404532 0.2675940941 -1.3571295212 -0.0063993496 
0.2127710487 -1.1869280168 -0.0015182957 0.2629398403 -1.3600307733 -0.0089885166 
0.2586159818 -1.3637496945 0.0051597097 0.2122524876 -1.1852857173 0.0138175394 
0.2100164373 -1.1896158934 -0.0031742525 0.2513838776 -1.3593861263 -0.0127487915 
0.2594174612 -1.3642581339 0.0057996806 0.2065200748 -1.1826801494 0.0129132547 
0.2448295551 -1.3622781850 -0.0006853450 0.2124500909 -1.1842683399 0.0156008963 
0.2128922020 -1.1894159924 -0.0019395691 0.2614095692 -1.3557238871 -0.0079748470 
0.2700292206 -1.3566982593 0.0103393914 0.2003240336 -1.2029783213 0.0069237581 
0.2111906115 -1.1853349406 -0.0020086137 0.2603309117 -1.3579571589 -0.0099024707 
0.2108128679 -1.1880438206 -0.0016894411 0.2715637799 -1.3502240378 -0.0008541806 
0.2105536486 -1.1928806563 -0.0043418010 0.2620966696 -1.3588138330 -0.0090904263 
0.2084287429 -1.1915320877 -0.0049718022 0.2633691458 -1.3542815952 -0.0079102971 
0.2124003652 -1.1930404078 -0.0036788311 0.2627379335 -1.3532129050 -0.0071234889 
0.2066971707 -1.1911800697 -0.0044066094 0.2594236550 -1.3611084147 -0.0091767357 
0.2608279455 -1.3624712602 0.0065232320 0.1870199562 -1.1955064302 -0.0009450867 
0.2544498410 -1.3598565267 0.0041963611 0.2065330047 -1.1954750649 0.0102674476 
0.2153037634 -1.1918892407 -0.0013223221 0.2670036257 -1.3535739403 -0.0052942536 
0.2599083228 -1.3578470278 0.0080677491 0.2045813193 -1.1956070294 0.0101080552 
0.2266560350 -1.1836378068 0.0063455976 0.2714503947 -1.3532907985 -0.0033362359 
0.2105894364 -1.1908735669 -0.0038982978 0.2636051979 -1.3532652458 -0.0070388769 
0.2232884800 -1.1883377223 0.0040723902 0.2650030386 -1.3511033384 -0.0057651337 
0.2585654039 -1.3560033015 0.0076736184 0.2007592551 -1.1954529616 0.0079619998 
0.2148052791 -1.1903302947 -0.0012840252 0.2664516090 -1.3518475787 -0.0052518440 
0.2414279410 -1.3616153757 -0.0008119132 0.1976749855 -1.1960091599 0.0069555974 
0.2070969780 -1.1920651235 -0.0061944086 0.2609670602 -1.3527787162 -0.0084813983 
0.2338723918 -1.1815760909 0.0100328477 0.2697860265 -1.3527153488 -0.0041920368 
0.2009765661 -1.1959500468 -0.0081534561 0.2755280228 -1.3512268461 -0.0012037452 
0.2072894810 -1.1958440986 -0.0051472277 0.2723517814 -1.3558734729 -0.0035541376 
0.2683734801 -1.3595548059 0.0093250327 0.2048086563 -1.1946277421 0.0097591592 
0.2004925013 -1.1925511178 -0.0068991558 0.2622868154 -1.3597749153 -0.0079263812 
0.2082247152 -1.1886048916 -0.0044047448 0.2685032383 -1.3557807612 -0.0039924610 
0.2570139369 -1.3608888576 0.0048433537 0.2045402847 -1.1966722575 0.0110810949 
0.2556510664 -1.3579825813 0.0044807184 0.2020771296 -1.1879366257 0.0117704902 
0.2620107107 -1.3558066472 0.0087997455 0.1944925117 -1.1966991184 0.0034390873 
0.2174102337 -1.1955965144 -0.0004203009 0.2700762834 -1.3636034833 -0.0044773044 
0.2142921962 -1.1883300665 0.0019278416 0.2703609680 -1.3525000974 -0.0046947535 
0.2188363961 -1.1877482142 0.0040398906 0.2666576178 -1.3565357360 -0.0056286884 
0.2703607199 -1.3557190018 0.0142791775 0.2134378813 -1.1907723157 0.0152420991 
0.2464220880 -1.3647452190 -0.0002713725 0.2069471786 -1.1902828905 0.0113611639 
0.2584637713 -1.3571651745 0.0070794718 0.2010664907 -1.1914418937 0.0079271654 
0.2702586399 -1.3549361084 0.0140131765 0.1965276939 -1.1984195856 0.0051756636 
0.2619357220 -1.3582917394 0.0081791296 0.2041521472 -1.1903264318 0.0109340289 
0.2600258024 -1.3569565982 0.0072964896 0.1943001936 -1.2013418587 0.0022470668 
0.2510146651 -1.3636743781 0.0001262370 0.1968633609 -1.1946381996 0.0053933607 
0.2516894046 -1.2815573138 0.0029701646 0.2667830568 -1.3448171176 -0.0033432205 
END
