1.0918177826 -0.0076829951 0.3403111930 1.2016310175 -0.0108632027 0.3424827203 
5 4
image_id_list 1 4 47 47 93 
line_id_list 176 71 139 189 193 
line2d_list
595.9713134766 456.0644226074 574.2715454102 446.3908996582 
799.0145263672 218.2311859131 760.9902954102 217.5141601562 
633.2782592773 355.2886047363 596.9665527344 341.0854797363 
597.6999511719 343.7574157715 632.7460937500 357.6409606934 
555.9424438477 321.3746032715 578.1857299805 324.7905578613 
node_id_list 1919 1920 1921 1922 12656 
score_list 2.5180360210 1.4915923167 0.9978415003 2.3123034298 1.9631052023 
line3d_list
1.2016674660 -0.0099855733 0.3419248274 1.0952873814 -0.0069373076 0.3398418042 
1.1927812480 -0.0116037040 0.3429906043 1.0789874126 -0.0077256090 0.3403536959 
1.2078025224 -0.0101613701 0.3420449577 1.0849911901 -0.0066422756 0.3396401950 
1.0917288800 -0.0137420693 0.3359334288 1.2056944222 -0.0044512332 0.3294630310 
1.1058481307 -0.0182682969 0.3380694977 1.2014060814 -0.0113297415 0.3330848676 
END
