-0.0350516814 -2.2744785214 1.1429857007 -0.1428953219 -2.1357459220 1.1449535001 
15 15
image_id_list 14 20 37 57 76 33 38 41 84 96 97 34 60 45 85 
line_id_list 99 183 157 173 116 100 134 21 172 128 154 78 80 151 103 
line2d_list
688.0985717773 101.9232482910 656.0370483398 105.3470993042 
478.9995117188 244.9856109619 448.0011596680 246.0340728760 
329.1600952148 237.6943511963 300.9396057129 240.3607482910 
586.0874633789 240.3654022217 554.8538208008 236.0607604980 
345.0118103027 195.4683074951 313.0069885254 196.2764434814 
516.1105957031 284.0504760742 484.0449829102 287.4271240234 
602.8743896484 279.8258361816 566.9755249023 277.3556213379 
325.3295593262 258.7634887695 291.2128601074 265.1390380859 
449.1401062012 161.3786010742 417.8534851074 164.5583038330 
504.0234985352 271.1440734863 468.9948120117 271.5280761719 
696.9915161133 302.2327880859 665.9961547852 301.1056823730 
760.0503540039 56.8751640320 722.0241088867 57.8969039917 
785.9854125977 277.5081481934 745.9609985352 276.3573608398 
327.9110107422 233.8314971924 288.9294433594 229.6592559814 
149.7263946533 212.3637695312 118.3126296997 222.0173339844 
node_id_list 8384 8385 9502 9503 9504 11811 11812 11813 11814 11815 11816 11839 11840 11882 13420 
score_list 5.5339325872 4.7025669331 2.1345165033 5.2135929704 3.1265929427 6.4851487606 6.1588770685 4.2647333910 2.5335763732 5.5388346301 1.4345886293 1.9614079350 3.9578866830 4.9541340357 2.6190753348 
line3d_list
-0.1166229687 -2.1285136899 1.1484852099 -0.0136388581 -2.2554128585 1.1471166639 
-0.1331869897 -2.1282808365 1.1507117930 -0.0149455734 -2.2521112373 1.1487888935 
-0.1263836839 -2.1373821998 1.1462282613 -0.0206675406 -2.2610348186 1.1482333334 
-0.1410937808 -2.1200003106 1.1508403771 -0.0149734058 -2.2520820893 1.1487893461 
-0.1458382856 -2.1412548668 1.1443130924 0.0065274503 -2.2486642284 1.1508793012 
-0.1361749565 -2.1302035937 1.1478988022 -0.0396680988 -2.2712638276 1.1421263617 
-0.1292501936 -2.1323513307 1.1481038589 -0.0508052061 -2.2724764472 1.1414341433 
-0.1466797826 -2.1422900768 1.1444810053 -0.0396066065 -2.2779875744 1.1407498695 
-0.1383598464 -2.1412352780 1.1440111186 -0.0276741953 -2.2601297033 1.1446494293 
-0.1236568190 -2.1282178332 1.1496579585 -0.0256363279 -2.2587497023 1.1453703280 
-0.1424124433 -2.1374709133 1.1464522719 -0.0573959899 -2.2764653855 1.1433259246 
-0.1539463523 -2.1465026950 1.1419228314 -0.0469838758 -2.2801265316 1.1409921162 
-0.1445178811 -2.1378836488 1.1447397291 -0.0458376669 -2.2791502206 1.1413244021 
-0.1381712379 -2.1385771603 1.1441674581 -0.0382716747 -2.2658061621 1.1436624701 
-0.1599791364 -2.1539150496 1.1385590340 0.0146174149 -2.2434279779 1.1552983775 
END
