1.9803332268 -0.0069547252 0.8004464743 1.9756405281 -0.0047568352 1.7075406271 
11 11
image_id_list 10 11 46 58 17 67 27 28 29 68 69 
line_id_list 181 221 275 191 182 135 77 116 37 12 21 
line2d_list
756.2711791992 567.7915649414 747.2453613281 599.3560791016 
487.0700683594 533.5133056641 470.5225219727 599.1317749023 
735.3662719727 500.9239501953 730.7988281250 599.0371704102 
755.4946899414 0.8252400160 686.0208129883 599.2346191406 
573.1234741211 0.9952355623 595.5430908203 582.0176391602 
307.5068664551 0.9696588516 300.4962768555 577.0303955078 
325.8243103027 314.0317382812 334.6808471680 363.0576477051 
42.2062568665 270.3763732910 89.7515258789 370.6436462402 
73.4591598511 136.9313201904 100.6781845093 318.8985595703 
392.2378540039 0.9580876827 396.0979309082 114.9628219604 
114.8228454590 223.9813995361 105.7692184448 310.1858215332 
node_id_list 6582 6583 6584 7000 8994 8995 11186 11187 11188 11189 11190 
score_list 0.5518959796 2.4105788869 1.7419295946 1.7635891034 0.9435749057 3.9682495162 3.5823083494 3.8009528522 3.8906962150 3.7622361548 3.8989847408 
line3d_list
1.9751504057 -0.0035740817 1.0010827699 1.9773094558 -0.0040094505 0.9337312636 
1.9789493166 -0.0062851773 1.0028008980 1.9779829864 -0.0052161009 0.8573303986 
1.9751826744 -0.0030903313 0.9972473490 1.9776002195 -0.0049167581 0.8713866547 
1.9782007062 -0.0071205120 1.8507611586 1.9817307483 -0.0082868776 0.8004569319 
1.9766240227 -0.0072309317 1.8071883774 1.9846850703 -0.0091513478 0.0121276063 
1.9757659303 -0.0052263999 1.7075424136 1.9839210801 0.0013016938 -0.0103827557 
1.9781258059 -0.0046088640 1.2296257409 1.9789713620 -0.0051022072 1.0691783175 
1.9775458340 -0.0039529157 1.3348814944 1.9793222068 -0.0011262513 0.9394642088 
1.9772052056 -0.0039115825 1.4018943282 1.9793779182 -0.0025505944 0.9499135186 
1.9784874573 -0.0027986852 1.1304752968 1.9793430422 -0.0014560229 0.9403075113 
1.9781568212 -0.0035306168 1.2071825244 1.9794414792 -0.0028539114 0.9418734630 
END
