-0.0004053430 -1.5244122391 1.7003800098 -0.0056240688 -1.5260561665 1.9826500604 
15 13
image_id_list 1 3 46 58 79 90 90 1 43 45 81 84 95 96 38 
line_id_list 162 74 199 196 121 181 259 312 68 65 111 150 60 125 47 
line2d_list
132.0162200928 3.0001175404 131.5306854248 70.0038452148 
649.7630004883 0.8709910512 646.3045654297 34.0317649841 
31.7201385498 15.8902158737 40.7374458313 75.0400238037 
32.5696640015 53.9894943237 33.9531402588 129.0008697510 
444.1512145996 2.0058462620 442.8757629395 34.9951972961 
254.6473236084 4.0089597702 256.1465759277 63.0216827393 
257.5596313477 43.9876632690 256.6778869629 3.9850578308 
133.2230834961 60.9998245239 133.2073211670 40.9998359680 
579.5089721680 23.9766330719 583.5968017578 113.0185089111 
498.6740112305 21.9466171265 487.5161437988 90.0845184326 
637.8132324219 4.0137782097 640.1719360352 35.9873199463 
570.0057983398 3.9999914169 570.0460205078 30.9984436035 
705.4468383789 3.0723772049 688.1229858398 110.0199279785 
631.1779785156 79.9380493164 625.7489624023 151.9810791016 
780.3693237305 96.8694229126 766.2526855469 165.0523071289 
node_id_list 1872 1873 1874 1875 1876 1877 1878 2091 3063 3064 3065 3066 3067 3068 11939 
score_list 3.5253945796 7.3994859189 2.8741051408 1.9539583755 2.5436727570 4.8018310409 4.5592540989 2.6448788122 5.3521358948 3.5411035892 3.4488249792 2.4514723343 2.9491368614 4.2959247510 1.9752293184 
line3d_list
0.0001321972 -1.5247293094 1.9109466586 0.0015132196 -1.5247500814 1.7106799435 
-0.0033971540 -1.5252492240 1.8297011848 0.0041882734 -1.5232129443 1.7067208033 
-0.0063328879 -1.5264610164 1.9826345976 -0.0032281790 -1.5252125598 1.7800866375 
-0.0073171643 -1.5262896186 1.9777310921 0.0003291957 -1.5250325772 1.7003899774 
-0.0037244678 -1.5254778427 1.8204720794 -0.0039172316 -1.5244843521 1.7025377975 
-0.0040717698 -1.5257560843 1.8600173918 0.0007046065 -1.5249708607 1.6867734537 
0.0081616361 -1.5205394947 1.7436776638 0.0069592477 -1.5210180422 1.8597483799 
0.0084539107 -1.5231471296 1.7388650048 0.0072846784 -1.5233098356 1.7991593418 
-0.0066332237 -1.5263157801 1.9842583968 0.0010261859 -1.5239778811 1.7146858223 
-0.0106906072 -1.5258754918 1.9820443542 0.0019010320 -1.5256398903 1.7488722997 
-0.0114918205 -1.5288079109 1.8267121899 0.0056842224 -1.5226704078 1.6966628081 
-0.0049917234 -1.5280166265 1.8207342467 -0.0038880402 -1.5242886247 1.7182547563 
-0.0133540874 -1.5279221257 1.9911301221 0.0039440234 -1.5232785123 1.7106807588 
-0.0068075791 -1.5263291278 1.9698205523 -0.0021984899 -1.5247277557 1.7072232042 
-0.0108611112 -1.5271608645 1.9734050423 -0.0003935707 -1.5249540508 1.7307623430 
END
