1.2983958814 -0.2391680794 0.8502953950 1.3840900263 -0.1363410383 0.8277818903 
4 4
image_id_list 17 18 39 58 
line_id_list 119 270 178 250 
line2d_list
473.2605285645 305.7395324707 442.1430969238 299.3077392578 
590.6340332031 411.9659729004 543.2726440430 382.9245300293 
717.8874511719 514.3972778320 672.8518066406 489.4615173340 
509.0662841797 471.2279663086 447.2166442871 447.4367675781 
node_id_list 8959 8960 8961 8962 
score_list 2.4610422768 4.4072484497 3.3043692658 1.8330067645 
line3d_list
1.3851671023 -0.1370112863 0.8288203558 1.3072619855 -0.2293602031 0.8485185646 
1.3708370260 -0.1539981940 0.8324436972 1.2885487126 -0.2515429628 0.8532501916 
1.4037891024 -0.1188519074 0.8260981518 1.2963680735 -0.2376008662 0.8497348701 
1.4059622467 -0.1087795723 0.8211810019 1.2952516872 -0.2422972832 0.8506909188 
END
