-0.1918152363 -0.9959909157 0.3649640205 -0.1855287351 -0.2910725962 0.3694307292 
42 42
image_id_list 0 1 4 8 12 17 32 39 45 46 47 58 59 64 66 74 87 90 92 93 3 79 85 37 50 62 76 98 11 42 6 18 40 43 65 96 10 19 20 84 86 82 
line_id_list 167 130 104 203 94 106 147 233 146 60 79 200 118 41 72 135 147 88 68 106 163 125 116 87 115 134 142 173 130 123 153 162 12 23 111 161 157 179 155 163 126 197 
line2d_list
234.0201568604 370.5715637207 155.0217590332 369.4570922852 
329.4739685059 359.1390380859 251.4864654541 381.1832275391 
410.9023437500 237.8858795166 344.9077148438 302.9063415527 
562.1419677734 460.3979492188 441.4842529297 431.9464111328 
450.9430847168 164.6106567383 323.8807983398 183.1844940186 
360.9202575684 295.6418151855 241.6014099121 322.2098693848 
702.0074462891 389.8136901855 574.0062255859 389.0080566406 
542.1411743164 453.9774169922 424.0453186035 437.6716613770 
777.1493530273 530.4208374023 577.2861938477 478.8900756836 
397.9438781738 402.3046264648 237.8567810059 415.2255554199 
265.0030517578 249.0074005127 123.6279602051 307.0945129395 
330.9654235840 436.1465454102 178.9717559814 442.3025512695 
358.9098205566 435.1804199219 152.8739166260 457.8543090820 
425.0285949707 516.9130859375 196.0029144287 510.8894042969 
105.4713363647 85.7372589111 0.4570287168 129.7030944824 
144.0805969238 327.6962585449 9.1756792068 422.8310852051 
305.0659179688 465.2930908203 158.6016693115 498.2286376953 
526.9416503906 379.4627685547 396.7396850586 393.6030883789 
450.6735839844 449.0026245117 210.5400238037 527.5945434570 
283.5550537109 304.2715759277 209.6454620361 349.4196166992 
799.0157470703 324.6656494141 720.0031127930 323.7346496582 
701.0632934570 356.2266235352 546.1195068359 343.5401611328 
547.8807373047 295.2944946289 415.7688293457 317.6327819824 
676.0696411133 383.4672546387 539.0799560547 377.2409057617 
799.2175903320 419.9292602539 593.1918334961 378.0561218262 
799.6218261719 297.3894958496 564.5338134766 206.6175079346 
716.1170654297 380.9907226562 562.2153320312 363.1430358887 
799.2545776367 485.9746704102 718.2800903320 465.8718261719 
328.1070251465 268.8616638184 175.1429138184 254.4800415039 
725.1104125977 394.4386901855 470.1124877930 376.4089660645 
799.8462524414 482.9562683105 702.1982421875 442.5213317871 
486.0183715820 293.8164672852 336.0079650879 291.4868469238 
231.9952087402 487.9437866211 212.8783874512 489.5728454590 
799.0892333984 470.1756591797 752.0550537109 467.8746643066 
532.1243286133 142.6763610840 295.1486206055 120.4177398682 
799.6458129883 514.8914794922 751.2821655273 500.0788269043 
664.2073974609 453.3018188477 531.3469848633 413.8320312500 
799.3607177734 410.5176696777 675.4014282227 380.3505554199 
799.3594360352 454.4733886719 687.2186279297 428.0713195801 
799.1734008789 347.6223754883 684.2322998047 333.1545715332 
744.1207885742 405.5592041016 593.0922851562 392.8990173340 
799.2254638672 286.3189086914 760.2559204102 281.0920410156 
node_id_list 1102 1103 1104 1105 1106 1107 1108 1109 1110 1111 1112 1113 1114 1115 1116 1117 1118 1119 1120 1121 1824 1825 1826 3390 3391 3392 3393 3394 3763 3764 4163 4164 4165 4166 4167 4168 5017 5018 5019 5020 5021 9478 
score_list 13.6202729436 15.8952633615 17.7655336550 13.4621395803 14.1523610041 10.8377489746 14.3286521580 8.9291392998 7.2171726239 9.8024107510 14.9540184807 11.3330291246 14.4354906490 16.5199691565 14.8350990254 16.4519792622 15.7508190450 15.7216462081 18.6826624580 15.7706691257 7.6250408057 8.9466906661 13.3953862275 6.7660938191 10.0552079330 13.1681322855 9.2339771055 3.9829350551 15.5767076944 15.3713315278 11.3071001371 14.6979517109 13.9513832656 10.9323546572 16.4698547684 9.5069282769 4.3729035378 2.8608490188 7.1397556203 7.9686441198 9.4929836524 1.8516298446 
line3d_list
-0.1879841415 -0.2996623215 0.3676892795 -0.1942833413 -0.8128699510 0.3636387843 
-0.1868560547 -0.3002238100 0.3683111451 -0.1948546570 -0.7985760473 0.3638581642 
-0.1886739456 -0.2966994046 0.3680053823 -0.1904060953 -0.7755484815 0.3667291465 
-0.1902389144 -0.2924843498 0.3679908473 -0.2063200488 -0.9923856857 0.3588094782 
-0.1916447275 -0.2963583616 0.3663848939 -0.1954147035 -0.9552793538 0.3636339396 
-0.1852769172 -0.2990013393 0.3694722287 -0.2030075843 -1.0049581043 0.3598180859 
-0.1910848046 -0.2908789710 0.3673145170 -0.2122259015 -0.9936701509 0.3563866200 
-0.1829970510 -0.2939275333 0.3705431744 -0.2030783487 -0.9813195468 0.3599504358 
-0.2017380043 -0.2908874661 0.3630273510 -0.1800031945 -0.9910926639 0.3701847367 
-0.1817578876 -0.2977930270 0.3711609129 -0.2018290662 -0.9951170585 0.3605655370 
-0.1864513972 -0.3013650743 0.3690190469 -0.1943572117 -0.9006117795 0.3647927194 
-0.1874026551 -0.2980377046 0.3683330728 -0.2009431742 -0.9954644690 0.3610090400 
-0.1832737098 -0.2975006616 0.3704018144 -0.1933624158 -0.9880027764 0.3648122816 
-0.1844513035 -0.2957609106 0.3698309959 -0.1946647337 -0.9835569163 0.3634086913 
-0.1894591585 -0.2935679225 0.3674114528 -0.1879261696 -0.7039493633 0.3685992494 
-0.1841706971 -0.3009152936 0.3707001315 -0.1914224172 -0.8763516007 0.3660096100 
-0.1862501548 -0.3011003633 0.3691115224 -0.2071271516 -0.9487231255 0.3588930780 
-0.1828757854 -0.3000051516 0.3703944302 -0.1958373393 -0.9242778894 0.3632765773 
-0.1867872838 -0.2959815286 0.3688705697 -0.1879799048 -0.9818739415 0.3676328931 
-0.1906408987 -0.3010060327 0.3669609635 -0.1956370027 -0.8011470012 0.3636393466 
-0.1775447155 -0.4825015142 0.3705019182 -0.2004603279 -0.8713812694 0.3608715770 
-0.1942649271 -0.2901565095 0.3657016798 -0.1922828995 -0.9875699874 0.3644027785 
-0.1881907812 -0.3000372347 0.3680457759 -0.1992025862 -0.9930193507 0.3616364414 
-0.1982871653 -0.2948238003 0.3645058504 -0.2075371741 -0.9958083068 0.3582726564 
-0.1872699411 -0.3698650289 0.3684135329 -0.1900302314 -0.9857494504 0.3663725333 
-0.1843703353 -0.3431430223 0.3702436875 -0.1913707605 -0.9870368472 0.3655159176 
-0.1935892582 -0.2928961246 0.3665418983 -0.2040571606 -0.9979010798 0.3597696434 
-0.2090024382 -0.6725177477 0.3587387389 -0.1793103698 -0.9916037425 0.3702609276 
-0.1862427985 -0.2922747106 0.3695696970 -0.1956814947 -0.9859158048 0.3628273261 
-0.1840366126 -0.2941979103 0.3706264855 -0.1917714925 -0.9874646217 0.3647061474 
-0.1893228314 -0.7767448492 0.3669489252 -0.1857773842 -0.9856096512 0.3685282846 
-0.1863783204 -0.2953227539 0.3695061456 -0.1951817916 -0.9884619847 0.3629953241 
-0.1893716145 -0.9084572448 0.3657368474 -0.1900161385 -0.9879820794 0.3649174496 
-0.1945821115 -0.8275373399 0.3643347620 -0.1825374221 -0.9837579680 0.3690749623 
-0.1890834828 -0.2929528042 0.3671492594 -0.1908924261 -0.9873863350 0.3658308384 
-0.1972731915 -0.8153567044 0.3632584699 -0.1907212568 -0.9848082104 0.3649175122 
-0.1790556200 -0.2943930683 0.3728627129 -0.2000899169 -0.9916541109 0.3613985972 
-0.1907983598 -0.3999970920 0.3674769921 -0.1993626568 -0.9932671937 0.3617029941 
-0.1968314991 -0.5112584844 0.3644443165 -0.2039502328 -0.9906995765 0.3598388208 
-0.1978037271 -0.5214561289 0.3640549907 -0.2028133868 -0.9931728828 0.3602316492 
-0.1809660512 -0.2961388480 0.3710087524 -0.2080632814 -0.9914249904 0.3583756500 
-0.1826461219 -0.8015101446 0.3696476039 -0.2090577427 -0.9933360137 0.3576235282 
END
