0.0015853687 -2.1249585100 1.5419458260 0.0019121234 -2.1243050853 1.5987224596 
12 12
image_id_list 3 43 45 49 79 90 95 18 38 53 88 77 
line_id_list 16 66 35 83 90 179 59 188 29 16 29 118 
line2d_list
495.0127563477 73.0006637573 495.7457580566 58.9346389771 
412.0507812500 180.9949188232 410.3478088379 163.9652252197 
327.5010070801 131.9304199219 329.4731140137 117.7870941162 
527.5031127930 9.8723497391 529.8576660156 0.7065513730 
293.7571411133 73.0178604126 293.5558166504 59.0063819885 
51.9659843445 104.0895233154 50.3108787537 84.9730834961 
493.9018859863 150.9943084717 494.8872375488 133.9934692383 
10.9983749390 25.0004177094 6.8884243965 9.0287113190 
605.1810302734 195.0288085938 607.1170654297 182.8595275879 
724.0186767578 157.0029602051 727.0429077148 137.8488769531 
658.7167968750 160.9394073486 663.1890869141 140.0404663086 
712.2308959961 91.0059967041 712.7254028320 71.9668960571 
node_id_list 2822 2823 2824 2825 2826 2827 2828 9151 11916 11917 11918 12298 
score_list 4.8380188056 5.9716602196 2.9215721553 6.3052652508 3.6003183854 2.9332809224 3.3188643938 0.9989999275 0.9863324257 2.5003646442 4.3019825376 2.9249457941 
line3d_list
0.0052278966 -2.1237132853 1.5447347311 0.0025407409 -2.1242122658 1.5989382170 
0.0044066840 -2.1241769209 1.5411196581 0.0074352497 -2.1227008139 1.6015388681 
0.0024360697 -2.1247572413 1.5426140715 -0.0020464924 -2.1256083046 1.5963586214 
0.0042920451 -2.1239808832 1.5429131773 0.0028870618 -2.1242585034 1.5675630049 
-0.0006032022 -2.1256797688 1.5419667221 0.0026740738 -2.1241882700 1.5959872732 
0.0001777356 -2.1255586589 1.5432735372 0.0033967671 -2.1240670132 1.5976497571 
-0.0023892813 -2.1258357417 1.5421761401 0.0054498703 -2.1234082852 1.5984545035 
-0.0017187999 -2.1258300924 1.5412197558 0.0024019551 -2.1242056356 1.5967578590 
0.0023068740 -2.1245826414 1.5428250944 0.0019291138 -2.1241417019 1.5946557869 
0.0037171197 -2.1226596342 1.5426588556 0.0006514140 -2.1258545062 1.5964023399 
0.0028209926 -2.1231238457 1.5425242946 0.0006677857 -2.1259154900 1.5987481545 
0.0020563760 -2.1249203342 1.5430650913 0.0017332003 -2.1243769862 1.5964047791 
END
