3.2154534592 -1.5165002452 1.1326774909 3.5403569245 -1.5184171184 1.1313918304 
7 6
image_id_list 13 23 23 44 83 14 55 
line_id_list 121 44 56 137 52 170 168 
line2d_list
124.9641418457 340.9988098145 0.9681165814 343.2206726074 
157.0513153076 174.4184875488 12.8889684677 192.0944519043 
0.1503185928 194.4245910645 170.9170379639 172.3579254150 
51.9369964600 117.1035995483 37.7213287354 108.4582214355 
0.8173466325 404.4094238281 150.9950866699 400.7956542969 
74.3450851440 304.2196350098 0.7306549549 325.0480346680 
177.9763488770 360.2576904297 136.8637695312 356.4843444824 
node_id_list 7964 7965 7966 7967 7968 8494 12481 
score_list 1.7478803607 1.7172290322 0.9832395972 3.0538713233 1.7201275202 0.9939342655 1.7495365492 
line3d_list
3.2154827363 -1.5126774632 1.1343765684 3.3888038226 -1.5252776283 1.1286818647 
3.2237637085 -1.5155527743 1.1328270995 3.5422997567 -1.5272213816 1.1288166209 
3.5693193578 -1.5362616786 1.1239527790 3.1910887563 -1.5102745361 1.1355318013 
3.2745527479 -1.5185765013 1.1343936529 3.4241279647 -1.5198690303 1.1332360780 
3.5276395866 -1.5268836805 1.1285372230 3.1983433871 -1.5093257670 1.1349772120 
3.2489188933 -1.5123533582 1.1339036869 3.3733141146 -1.5209713540 1.1309644096 
3.2514897190 -1.5183772061 1.1345721395 3.5403461721 -1.5208733102 1.1323366558 
END
