2.6003257576 -0.8948444917 -0.0012211190 3.9345863482 0.4423844915 -0.0010814572 
24 13
image_id_list 5 71 22 26 26 27 29 69 70 71 25 68 68 70 28 29 68 69 75 75 28 70 67 75 
line_id_list 66 207 101 272 309 267 248 294 125 168 31 132 133 104 329 316 129 361 4 13 350 116 28 2 
line2d_list
730.7267456055 138.2224578857 685.3728637695 82.5105133057 
12.2739658356 193.6773681641 97.6789627075 266.2004394531 
600.9553833008 531.5484008789 481.9292907715 521.8693237305 
338.6041564941 527.3617553711 265.0899963379 446.9177551270 
249.4576110840 427.5812072754 333.0668334961 518.9388427734 
635.8408813477 546.2755737305 586.9688110352 518.0540161133 
475.7560424805 540.2370605469 430.4085083008 493.5748291016 
384.9706420898 574.0223388672 356.0209045410 535.9841308594 
261.9174804688 536.0828857422 210.3026123047 484.6960449219 
95.7617111206 267.2800903320 9.8436832428 194.1837310791 
182.2832946777 595.2274169922 162.2924041748 532.2245483398 
736.1369628906 303.9167480469 694.4480590820 235.3355255127 
696.0297851562 234.9819183350 796.9105834961 401.0543212891 
206.3718872070 480.6296997070 71.2019042969 345.7976074219 
398.6934509277 441.2915649414 333.8623962402 373.1308898926 
432.4288940430 492.5833129883 478.2554626465 539.7518310547 
791.2538452148 394.8435058594 737.5178222656 307.6807556152 
355.4443359375 532.6655883789 386.7137756348 574.2153930664 
491.3818359375 585.5399780273 672.2727661133 342.4588012695 
801.7465820312 166.9946746826 564.7784423828 493.2915649414 
335.9813232422 373.0178527832 398.0471496582 437.9549255371 
72.2128448486 343.7863464355 264.5783386230 535.4194335938 
740.1083984375 599.0683593750 798.8447265625 505.9021301270 
673.5749511719 340.6827697754 750.0134887695 238.2637481689 
node_id_list 3883 3884 10174 10175 10176 10177 10178 10179 10180 10181 10590 10591 10592 10593 11081 11082 11083 11084 11085 11086 11148 11149 13299 13347 
score_list 1.2730479925 4.7803576796 2.6146104676 7.1627249209 6.9100152605 4.6850618151 4.4854060584 4.4312438167 3.9725245478 4.8192161040 0.9799724268 3.8643084727 5.2263882226 1.9139927367 1.5873362627 4.0116262028 3.7582970876 3.4966917826 2.7501724506 0.9998989198 1.9441958617 3.5430518634 0.9868216373 0.9909821823 
line3d_list
2.6276223371 -0.8932553136 -0.0208399076 2.8477573170 -0.6692362368 -0.0181468391 
3.3207465628 -0.1946174949 -0.0157344452 2.6306885660 -0.8814785382 -0.0126146577 
2.5983193285 -0.8937328678 0.0021379984 2.8215093289 -0.6693852063 0.0028246452 
2.6148933280 -0.8776415575 0.0008489180 3.2925969346 -0.2001471669 -0.0002084871 
3.5067781230 0.0029956786 0.0029945795 2.6697347004 -0.8320828954 0.0028518073 
2.6144550214 -0.8755666470 0.0025703205 2.8044106318 -0.6857573525 0.0022139063 
2.5982740397 -0.8901054806 0.0037165333 2.8107697460 -0.6745618873 0.0055168000 
2.6088167155 -0.8828796679 0.0026999026 2.7977278835 -0.6931624554 0.0029756303 
2.5974477571 -0.8954810502 0.0006027304 2.8215472124 -0.6704017956 0.0009713158 
2.6023825967 -0.8876297728 0.0025929720 3.2868551606 -0.2036844331 0.0013086945 
3.5253257519 0.0336010732 0.0034025733 3.8540785249 0.3628119142 0.0036624066 
3.3114099717 -0.1818583138 0.0020147578 3.6586640155 0.1656288634 0.0020438954 
3.6534546373 0.1574079729 0.0087260129 2.9634500592 -0.5329784003 0.0056470088 
2.8361667551 -0.6535279589 0.0057837492 3.7001051398 0.2133616247 0.0081763997 
2.8241555651 -0.6614860429 0.0097565208 3.4877236823 0.0035606780 0.0108230778 
2.8266417171 -0.6786624921 0.0001302733 2.6073091517 -0.8973238308 0.0005168636 
2.9852147915 -0.5093222692 0.0003639352 3.3000081664 -0.1935243924 -0.0023771032 
2.8188349541 -0.6825697156 0.0040317634 2.6145572264 -0.8885783894 0.0006518331 
2.8314338958 -0.6634963816 0.0001833303 3.5367199670 0.0437585346 -0.0015669070 
4.3363275182 0.8481979355 0.0293592185 3.0720990122 -0.4356744861 -0.0049612909 
3.4953645975 -0.0058320886 0.0065292667 2.8778320577 -0.6329600117 -0.0102351325 
3.7302743925 0.2245810888 -0.0004218953 2.6065867867 -0.9010910429 -0.0067709745 
3.4045434544 -0.0895562754 0.0011478388 3.9350967984 0.4418748836 0.0017027536 
3.5411197278 0.0480056608 0.0020340324 3.9825771541 0.4897594652 0.0020710746 
END
