2.0641314238 -2.9996277898 0.3384247341 2.7797045002 -2.9990574509 0.3392567521 
33 20
image_id_list 13 16 21 34 44 48 57 60 73 78 83 89 13 56 73 13 56 57 73 80 83 54 94 30 54 63 30 63 38 51 94 56 83 
line_id_list 30 79 67 106 148 105 84 52 131 18 95 126 52 77 96 188 59 191 104 66 116 40 134 169 122 76 178 75 85 75 130 167 186 
line2d_list
266.9852905273 382.6031188965 348.0222473145 379.6000976562 
69.9905624390 442.9813842773 122.6464233398 416.2745056152 
44.0199813843 293.3975830078 106.0141677856 290.2819213867 
160.2162475586 293.8792419434 229.9341430664 276.7322387695 
495.1949462891 305.6130981445 617.4068603516 367.1925659180 
334.0202331543 396.9159545898 473.1472167969 430.3880615234 
42.1126518250 378.9698486328 96.9535217285 372.5998229980 
139.0868682861 460.6944274902 215.0243835449 451.1949462891 
350.9341125488 201.3061065674 293.9893798828 189.0493011475 
259.9206848145 473.4741210938 362.0118408203 458.0785827637 
288.0680847168 450.3865356445 341.0385742188 447.7857666016 
288.7607116699 436.8433837891 354.8327941895 455.5893554688 
407.9924011230 378.0351257324 429.0068359375 377.8698425293 
59.7929573059 582.2985229492 139.8982391357 558.6552124023 
362.0662536621 201.6851959229 404.3005065918 210.5717926025 
385.0129699707 380.5286560059 357.9801635742 381.1925964355 
3.0177114010 599.0598754883 57.0252799988 583.0854492188 
94.9849166870 374.8509826660 63.0089073181 378.0879821777 
242.9487304688 176.2406311035 352.1070861816 199.4973144531 
0.9279959202 416.8527221680 116.9729919434 409.5697021484 
367.9697570801 447.3799133301 404.9792785645 445.5749816895 
351.9918518066 430.7373352051 457.0121765137 431.8992309570 
531.0577392578 33.9334449768 668.6047363281 153.3031463623 
699.9501342773 438.1580200195 753.9385375977 455.1947326660 
463.9985656738 432.2431945801 505.0030212402 432.4826965332 
200.0342864990 51.5898895264 234.9574279785 54.5093307495 
582.1033935547 399.6764831543 697.1717529297 436.4627685547 
158.9591827393 48.5393943787 195.9742431641 51.3403930664 
0.8047366142 571.5335693359 35.4337272644 557.0360107422 
0.9600825310 461.5481872559 75.9928436279 454.9189453125 
666.9829101562 155.0196685791 530.6381225586 36.4160423279 
54.0349502563 586.1176147461 10.9749479294 598.9157104492 
403.0062866211 447.1196594238 369.9923706055 448.8546142578 
node_id_list 7486 7487 7488 7489 7490 7491 7492 7493 7494 7495 7496 7497 7644 7645 7646 8075 8076 8077 8078 8778 8779 9625 9626 11618 11619 11620 11626 11627 11964 11965 12720 13016 13017 
score_list 5.7337882028 0.9696190052 2.3615408736 2.5509610682 12.3368477294 11.0688988118 1.7820261168 5.8198083641 13.5716367706 6.6592142567 4.6254493924 12.2962573616 0.9395912120 2.9075042949 10.3303237417 1.9900649228 4.5962096834 0.0000000000 13.6939580587 4.7435324659 3.5348336848 9.3352125713 8.7285279809 3.4793805716 4.6653151067 5.2839814491 8.1242011113 7.6675206147 1.2856579255 3.7038955681 8.6215226035 2.7444275802 0.9914778006 
line3d_list
2.7764080207 -3.0023386129 0.3374098494 2.4459250955 -2.9808951884 0.3485696380 
2.5127122328 -3.0001020937 0.3372706382 2.2786146239 -2.9964812167 0.3386721055 
2.7797095632 -3.0025528339 0.3372983625 2.5270519100 -2.9861591115 0.3458301377 
2.7795940900 -3.0042300572 0.3356729022 2.4372506017 -2.9989348999 0.3377224028 
2.6828740721 -2.9964298205 0.3408675655 2.0782986843 -2.9967349023 0.3405231101 
2.6955531969 -2.9930891599 0.3425515522 2.0741824187 -2.9847137489 0.3466551106 
2.5171322021 -2.9890985172 0.3429416591 2.2867889019 -2.9884384814 0.3428269207 
2.7878112387 -2.9912139056 0.3427413772 2.4469983001 -2.9987834780 0.3399480312 
2.2720773173 -2.9810791354 0.3470555939 2.5081200799 -2.9817644687 0.3466985928 
2.6857103830 -2.9869705361 0.3455297596 2.2840704198 -2.9862354847 0.3449560907 
2.7748562540 -3.0116604672 0.3308704177 2.5216591834 -2.9922405121 0.3419372825 
2.6245045087 -2.9925091111 0.3420357193 2.2724439948 -2.9867846739 0.3445955622 
2.1758862787 -2.9969202754 0.3384056191 2.0743209708 -3.0078178553 0.3304089342 
2.2730238200 -3.0075732246 0.3326696310 2.0604918783 -3.0010133198 0.3375157242 
2.2433645675 -3.0042916685 0.3348850986 2.0804171752 -3.0043422437 0.3352959515 
2.2743924723 -3.0091516979 0.3245318118 2.3974312748 -2.9977321062 0.3314800151 
2.4114967639 -3.0006152481 0.3368069137 2.2799289289 -3.0059295971 0.3338126805 
2.2877040329 -3.0079162130 0.3252835375 2.4299551497 -2.9947134701 0.3333166918 
2.7535613868 -3.0016599960 0.3376885237 2.2811078727 -3.0017026388 0.3375390284 
2.4321712686 -2.9936687237 0.3414066418 2.0699238052 -2.9917653351 0.3417691944 
2.3850567290 -3.0119633670 0.3297009663 2.2011394364 -2.9984894829 0.3373584655 
2.7823783471 -2.9964628360 0.3408950156 2.2944423070 -2.9977518711 0.3402506196 
2.7566739660 -2.9990776431 0.3391692568 2.0720871708 -2.9983926812 0.3396430032 
2.2780178324 -3.0064951436 0.3327933596 2.0804442314 -3.0054127055 0.3343268727 
2.2647142892 -3.0020067888 0.3368935872 2.0865059058 -3.0007571865 0.3385241527 
2.2739907384 -3.0038933819 0.3351598105 2.0998296033 -3.0074543870 0.3324243782 
2.7777361387 -3.0064532830 0.3359837689 2.2887198956 -3.0041664671 0.3370971806 
2.4931856421 -3.0092896237 0.3329560702 2.2990001692 -3.0096344779 0.3326945113 
2.1692445696 -2.9922872049 0.3416697900 2.0641212374 -2.9917348461 0.3417750019 
2.3372366593 -2.9910267647 0.3432584586 2.0772941104 -2.9975037017 0.3397530213 
2.0632729613 -2.9807429943 0.3486068304 2.7350114065 -2.9800454608 0.3489644944 
2.2888964381 -3.0148699358 0.3213015953 2.3947812857 -3.0114108760 0.3231662886 
2.2080277991 -3.0096844733 0.3245973510 2.3728749812 -3.0207821476 0.3175611108 
END
