0.2061708434 0.1987238865 1.2345277290 0.9444873465 0.1965514143 1.2353481075 
15 15
image_id_list 0 85 1 12 47 58 64 74 90 93 8 87 39 18 59 
line_id_list 163 102 102 150 74 121 122 64 123 32 74 119 61 71 122 
line2d_list
493.0661315918 307.8475036621 387.4183044434 262.0353393555 
733.7148437500 137.6349334717 677.4172973633 120.6193542480 
605.5310668945 239.8024139404 469.2718505859 206.8750305176 
724.4375000000 17.4393959045 661.3491821289 -0.2456019223 
631.2044067383 29.1075115204 431.0553894043 7.4872665405 
506.3381042480 278.8096923828 470.3972778320 268.6012878418 
799.5123901367 320.2151184082 722.2746582031 298.0431213379 
497.1876220703 87.1328582764 290.0683593750 66.3197631836 
799.4555664062 231.3227996826 715.1561889648 208.4250640869 
531.9976196289 100.9222106934 384.9524536133 105.4596252441 
753.2650146484 368.9104309082 718.6870727539 349.7593994141 
572.1652221680 303.1013488770 454.2892456055 281.4269104004 
735.0056762695 360.9741516113 686.5750122070 336.8458557129 
658.3184204102 132.6225891113 646.8729248047 122.9654083252 
740.9732055664 247.1165161133 569.3042602539 207.6756744385 
node_id_list 1094 1095 1755 1756 1757 1758 1759 1760 1761 1762 4707 4708 7195 9065 9066 
score_list 10.1284570595 5.5034170217 8.9560072321 6.5716763805 7.2078788547 3.8995047247 9.7482557070 6.6514369740 7.9593292961 9.7616836270 1.3592390640 7.0552800092 4.3381846656 3.8700213484 4.4747197620 
line3d_list
0.9419320760 0.2075817550 1.2327049562 0.1819505319 0.2243010067 1.2288390970 
0.6782134247 0.1996908661 1.2343329304 0.2061954725 0.2058693232 1.2312843549 
0.9504833373 0.1961759564 1.2360690705 0.2001432467 0.2020047422 1.2330451864 
0.8448533533 0.2051790135 1.2334354870 0.5239989492 0.1974952167 1.2344214486 
0.9485567787 0.1938658532 1.2358011157 0.2176089771 0.1988397835 1.2345894373 
0.6107604307 0.1967955342 1.2357196020 0.2333570767 0.1964489370 1.2345317637 
0.4592587463 0.1943625084 1.2354147385 0.2207975159 0.1974424129 1.2344168884 
0.9445003695 0.2005027547 1.2340914535 0.2151951935 0.1967011164 1.2354730154 
0.6162917814 0.1990706577 1.2345859768 0.2248286397 0.1984553080 1.2346770851 
0.9414339786 0.2052860107 1.2334773380 0.2095465584 0.2026052594 1.2334472500 
0.6366096428 0.1929683083 1.2359656102 0.2633941252 0.1821547565 1.2383604353 
0.8747399621 0.2035623862 1.2343082418 0.2337077096 0.1894497353 1.2359994930 
0.6994947372 0.2008456215 1.2345476646 0.2444733713 0.1815877067 1.2375530152 
0.3769576659 0.1962013701 1.2352191222 0.2322585334 0.1958480760 1.2352430476 
0.8728664956 0.1938670951 1.2357916006 0.2250194883 0.1964451610 1.2351307505 
END
