1.4690039661 -0.0070664405 0.0301031924 1.4705890131 -0.0100748978 0.4627484711 
20 11
image_id_list 0 12 17 17 47 66 66 74 85 85 85 93 0 12 11 67 67 67 93 68 
line_id_list 20 47 26 147 50 141 233 101 35 220 261 64 120 130 131 8 30 159 116 117 
line2d_list
502.5856018066 502.8323364258 476.8851928711 566.3580932617 
737.8218383789 337.9371337891 711.7239990234 411.9026184082 
520.6566772461 392.1071472168 528.3090209961 488.0551147461 
530.5015258789 487.9609680176 523.0311279297 391.9975891113 
696.8504028320 471.6681823730 719.5913085938 392.8820190430 
479.0448303223 299.0038146973 476.5661315918 328.0483093262 
477.7442016602 328.9772033691 480.5008850098 298.0446472168 
603.6006469727 474.1198120117 615.2247924805 415.8453674316 
792.7123413086 461.9782104492 784.6127319336 568.9707031250 
792.7420043945 502.0419616699 795.1810302734 458.8971862793 
788.9916992188 538.9993286133 791.7114868164 506.0587463379 
642.6121215820 310.9520874023 640.1940917969 381.0067138672 
482.2452087402 558.0991210938 504.9309692383 501.9721069336 
721.8286743164 388.9372558594 740.6643676758 337.5108032227 
412.3130187988 539.0567016602 401.6206970215 598.1123657227 
127.5213165283 467.9610900879 133.6562194824 550.1748657227 
134.2195739746 539.9881591797 130.3397521973 467.9816894531 
136.2826843262 568.9771118164 134.0963897705 541.9921875000 
641.6170654297 375.9780578613 644.6520385742 323.0373840332 
230.5715484619 599.1206665039 221.7486877441 567.7891845703 
node_id_list 181 182 183 184 185 186 187 188 189 190 191 192 958 959 6896 7106 7107 7108 7109 13298 
score_list 4.6146413354 4.5948262737 1.7811246233 1.6229963678 4.7123077012 5.7263930661 5.6481471190 6.7131362531 1.4502524640 0.6443871734 0.9678455774 4.5870167654 4.3412220713 4.7038847620 1.3752584321 3.7903826881 3.7596863295 3.4502594784 4.5202805373 0.9876070484 
line3d_list
1.4671266140 -0.0121233927 0.4421158534 1.4658671535 -0.0109573572 0.1065019236 
1.4696246206 -0.0145164774 0.3753274236 1.4694184586 -0.0162511391 0.0489122259 
1.4688431267 -0.0128834349 0.4759466934 1.4648468704 -0.0104025016 0.0337275885 
1.4636357533 -0.0005400570 0.0301682416 1.4732984176 -0.0051661925 0.4765665474 
1.4691121191 -0.0052886588 0.0244463407 1.4693341340 -0.0042144989 0.3260104137 
1.4703949670 -0.0122638907 0.1867260865 1.4684809997 -0.0109732816 0.0506039927 
1.4666253213 -0.0022284633 0.0373179036 1.4685671102 -0.0032199314 0.1826633752 
1.4689275478 -0.0052520118 0.0357454254 1.4690348647 -0.0027030520 0.2887864924 
1.4748984667 -0.0152838917 0.4518710257 1.4721802525 -0.0133855861 0.0433889674 
1.4678032286 -0.0011548768 0.2983504126 1.4765245047 -0.0096827258 0.4627294527 
1.4680476748 -0.0040455103 0.1576396190 1.4708202826 -0.0053567259 0.2866176040 
1.4644542466 -0.0084614282 0.4336538869 1.4632828349 -0.0075983073 0.1093780767 
1.4725780325 -0.0043828507 0.1532968565 1.4733812067 -0.0051585452 0.4491177808 
1.4690368102 -0.0054513573 0.1522432515 1.4690527030 -0.0014387566 0.3733000755 
1.4651550173 -0.0089194541 0.4357396298 1.4618448369 -0.0066909458 0.2121071427 
1.4662478344 -0.0140238330 0.3854713648 1.4672615614 -0.0122601684 0.0931395109 
1.4677769550 -0.0028164819 0.1235192145 1.4712006271 -0.0045645925 0.3797856116 
1.4689014828 -0.0050209804 0.0172203792 1.4691670327 -0.0090595455 0.1208648609 
1.4671607478 -0.0021345613 0.1314166890 1.4730818455 -0.0049309486 0.3795494899 
1.4672017382 -0.0128106965 0.0313857291 1.4667623710 -0.0136845175 0.1387245919 
END
