3.0648518976 -2.3197388471 -0.0042175160 2.0184336825 -1.2725498434 -0.0035510785 
58 20
image_id_list 14 21 21 34 82 14 15 21 23 34 23 44 44 73 73 82 94 21 52 21 23 34 21 30 52 55 23 94 94 22 26 26 28 30 70 70 94 22 26 28 70 22 26 28 34 28 30 48 89 89 30 94 48 72 72 71 71 71 
line_id_list 7 85 188 15 4 34 49 113 104 88 13 0 66 29 102 61 66 91 275 103 46 83 110 119 303 152 36 4 58 131 155 321 140 138 33 121 120 138 183 164 81 158 248 266 30 153 101 19 4 76 151 10 2 4 36 37 95 102 
line2d_list
438.9559631348 547.8750610352 301.9701538086 553.2371215820 
150.1070251465 559.7927246094 111.1621017456 539.6860351562 
113.1161880493 543.7680664062 73.9304351807 524.1388549805 
363.0991821289 479.3835754395 285.0289001465 466.8204345703 
331.8893737793 557.9342651367 198.9721984863 571.7321166992 
338.0550842285 554.3793945312 475.9948730469 548.8715209961 
8.1608209610 578.5810546875 88.1245880127 556.4501342773 
150.8558807373 563.2956542969 224.8286743164 599.3515014648 
426.8934936523 419.4725341797 463.0835266113 427.6293945312 
364.7975769043 482.2575683594 422.9016723633 491.6108703613 
425.1891479492 417.1816406250 346.9761657715 399.1030883789 
229.5301055908 599.1944580078 307.4423522949 386.7954406738 
310.2940979004 385.1071472168 232.3257141113 599.1186523438 
91.3544616699 599.0001831055 91.3934936523 347.9999084473 
93.8686523438 360.0001525879 94.1639251709 599.0010375977 
198.0241851807 574.2374877930 332.0596923828 560.5859985352 
260.7951965332 261.4130554199 220.4538421631 344.2210998535 
69.7746353149 522.4486083984 3.4358563423 489.1229858398 
369.6865844727 598.9400024414 388.0938110352 502.8264465332 
75.2565307617 522.5217895508 147.7728424072 561.4234619141 
345.6930236816 401.3069458008 422.8966979980 419.4397888184 
282.8975830078 468.6011047363 361.8212280273 482.0491333008 
5.2601222992 487.4822387695 70.3982238770 520.2073364258 
445.6064758301 557.8345947266 456.8436279297 599.0426635742 
390.2380065918 502.8551025391 371.9230346680 599.1755371094 
372.3178710938 544.1588134766 384.8612365723 598.0322875977 
492.1176757812 432.4878234863 427.1030273438 417.5514831543 
193.4511108398 393.7320251465 292.1433715820 191.5817871094 
219.6687469482 345.8367614746 197.3320159912 391.1636047363 
751.7735595703 386.1369018555 721.1664428711 335.5038757324 
567.3682861328 536.6453857422 622.9566040039 504.9239196777 
594.0984497070 523.1692504883 569.3355712891 537.5767822266 
666.0186767578 479.0324401855 728.9077148438 442.8395996094 
455.0341796875 598.9907836914 443.9576721191 558.0114746094 
499.2155456543 599.2250366211 671.8609008789 433.8547668457 
675.0238037109 434.0248107910 570.3842163086 534.4005737305 
325.1665344238 129.0810241699 261.3785705566 260.1842041016 
756.7742309570 390.5326843262 790.8952636719 447.0632324219 
500.7394409180 574.5464477539 565.2717895508 537.4730834961 
596.7223510742 519.5253295898 664.0764160156 480.1306457520 
568.2791137695 536.2886962891 502.6832580566 599.7067260742 
789.9689941406 448.6274414062 754.4808959961 390.3159179688 
565.8934326172 539.8139038086 511.1099243164 571.1919555664 
666.3695068359 481.6361083984 607.0527954102 516.0908203125 
445.0531616211 492.6706237793 366.0134582520 479.9165649414 
731.3806152344 441.6570129395 784.8238525391 410.6959228516 
443.4888000488 556.1348266602 430.4933776855 506.8698425293 
151.8093109131 525.9927978516 149.0476226807 599.0018310547 
101.6528396606 599.0578613281 106.0976943970 548.9199829102 
107.8200836182 547.9871826172 104.1841964722 599.0842895508 
431.5011291504 505.8619689941 445.0319824219 554.9912109375 
293.9863586426 189.4837646484 322.7335510254 130.8693237305 
146.9485015869 595.9622192383 149.3557586670 528.9768676758 
0.4114329517 315.8191528320 96.9338302612 1.6724175215 
95.4295730591 14.1315126419 7.2737941742 302.0838317871 
181.9331512451 333.8885498047 235.7597503662 301.5995178223 
177.3968048096 338.9921264648 145.9041290283 357.8397827148 
233.0304260254 306.0509643555 184.1425781250 335.2388000488 
node_id_list 8138 8139 8140 8141 8142 8206 8207 8208 8209 8210 9640 9641 9642 9643 9644 9645 9646 9651 9652 9662 9663 9664 9674 9675 9676 9677 9678 9679 9680 10253 10254 10255 10256 10257 10258 10259 10260 10287 10288 10289 10290 10323 10324 10325 10364 11313 11540 11541 11542 11543 11587 11588 12348 12349 12350 13371 13374 13375 
score_list 1.9198893917 2.9892410722 2.9409530845 2.8311814696 1.9228988591 3.0812283662 0.5210929597 2.7176885539 2.0067424113 1.4304072005 0.9116713598 7.1196836989 8.2502432189 7.3076564513 7.5442099425 1.5972596126 3.8030965980 0.9809762716 3.8543574316 2.9497777297 0.9943079232 2.4830369821 0.9893322965 8.6853107572 4.6397209811 5.9339673322 1.8307843504 7.4049953159 1.9433372148 7.5891362697 7.4122029459 4.9266303922 4.2438267684 8.2882700897 7.3908494656 7.3595183101 8.5463237122 4.9773055221 3.9694108913 3.9640509224 3.9139119796 4.9773852630 4.7596563648 3.7778642895 0.9010876635 2.9591641743 6.4908177406 4.4839599378 1.9495192349 2.9451985111 6.9766174179 6.1913189981 3.8199813341 2.8904045880 2.9696344043 0.9905347650 0.9966455409 0.9134991855 
line3d_list
2.3600110995 -1.6138105659 0.0067615086 2.6767229244 -1.9461984167 -0.0025545635 
2.3599893240 -1.6120530158 0.0083888887 2.4742257251 -1.7323485836 0.0046489247 
2.4688542085 -1.7230328847 -0.0044159116 2.5897942107 -1.8404932657 -0.0020202295 
2.3567348433 -1.6182900186 0.0027061304 2.5809753266 -1.8416042153 0.0030446990 
2.3671849999 -1.6196303547 0.0081533108 2.7000740438 -1.9701760316 -0.0027450807 
2.5978200755 -1.8483251578 -0.0018960661 2.2761469097 -1.5296043576 -0.0023276625 
2.3592584605 -1.6042557464 0.0021129546 2.1945173748 -1.4277215925 0.0093748956 
2.3580977598 -1.6011799144 0.0043712294 2.1594247222 -1.4142507045 -0.0013349668 
2.3573478176 -1.6004743023 0.0043496899 2.2532142324 -1.5024961919 0.0013588126 
2.3598551621 -1.5951290898 0.0075792357 2.2055706186 -1.4398010162 0.0087555312 
2.3591059447 -1.6113596406 0.0081956911 2.5871531400 -1.8473556096 0.0046185985 
2.2751245101 -1.5229409266 0.0029966053 3.0489127872 -2.2938513950 0.0000534722 
3.0517642478 -2.3100254455 0.0009167374 2.2741417593 -1.5307657138 -0.0013022771 
2.3698662063 -1.6207263977 0.0076507089 3.0497637163 -2.2988105771 0.0072635160 
3.0051800133 -2.2622275817 -0.0001029081 2.3670875708 -1.6246189770 0.0014027544 
2.6972666422 -1.9892722872 -0.0266062155 2.3672814718 -1.6208977246 -0.0043311206 
2.5932738495 -1.8515114580 0.0009137435 2.3661778613 -1.6202878611 -0.0048451772 
2.6019117189 -1.8456814513 0.0027606355 2.8234065565 -2.0586203638 0.0095441050 
2.3053302201 -1.5515850674 0.0016670821 3.0306229240 -2.2735247310 -0.0023633352 
2.5899823294 -1.8695068694 -0.0193641681 2.3673366943 -1.6209593715 -0.0043348483 
2.5856645552 -1.8646669295 -0.0190539256 2.3629996641 -1.6212424341 -0.0088901004 
2.5852485340 -1.8651266841 -0.0199001295 2.3623403538 -1.6198014504 -0.0081786782 
2.8192955044 -2.0667268044 0.0094863525 2.5996732010 -1.8478376561 0.0094731802 
2.8224301680 -2.0791309400 -0.0013432758 2.6716616964 -1.9286488042 -0.0008738875 
3.0223267596 -2.2813963393 -0.0020518709 2.2996149377 -1.5580023620 0.0008071437 
3.0550505790 -2.3120401546 -0.0021357601 2.7141827678 -1.9718630042 0.0002642633 
2.1696805824 -1.4290442792 0.0039149824 2.3542357046 -1.6049412058 0.0094306543 
2.2434449598 -1.4913310390 0.0031624890 2.8258332738 -2.0714213678 0.0010717800 
2.3625636365 -1.6161400257 -0.0056457120 2.2495344093 -1.5036636948 -0.0031128750 
2.6082627647 -1.8540115465 -0.0002353340 2.8225298042 -2.0678083538 -0.0002757779 
2.6031772005 -1.8505900397 0.0017857183 2.8223130674 -2.0686237973 0.0005056870 
2.6947746629 -1.9526796249 0.0008449169 2.6007590155 -1.8580456525 -0.0004300994 
2.6008490351 -1.8480095539 0.0030748771 2.8305880710 -2.0759329077 -0.0000781922 
2.6808078525 -1.9326818020 -0.0081116294 2.8317619308 -2.0832424478 -0.0089194697 
2.3675699227 -1.6161677114 0.0031619635 3.0615499973 -2.3066575228 -0.0008917600 
3.0620123351 -2.3183290377 -0.0022473267 2.5999468032 -1.8568410769 -0.0001399903 
3.0597593010 -2.3165177805 -0.0013245815 2.6005169025 -1.8558376519 -0.0033365920 
2.5861804768 -1.8438196631 0.0000350831 2.3942375876 -1.6514053891 -0.0003415639 
2.3676180437 -1.6152326721 0.0029819896 2.5955959235 -1.8428857318 0.0033550934 
2.3677755927 -1.6151981111 0.0025272649 2.5939865096 -1.8412537050 0.0032934045 
2.5919550808 -1.8489051657 0.0006176617 2.3688064258 -1.6261075496 -0.0005504890 
2.3930614281 -1.6394457498 0.0012784700 2.5917144173 -1.8373675356 0.0006431230 
2.6036382985 -1.8437002253 -0.0137427115 2.4071973622 -1.6481064408 -0.0127191519 
2.6079077953 -1.8474494815 -0.0149548506 2.4057508936 -1.6463173564 -0.0135387872 
2.1460985589 -1.3871594641 0.0157657095 2.3496058464 -1.6078083401 0.0045830840 
2.8406029533 -2.0851969357 -0.0018083300 3.0504690858 -2.2939715547 -0.0033439733 
2.8412389378 -2.0940699029 -0.0116269377 3.0631839237 -2.3164812383 -0.0109958587 
3.0687467770 -2.3255333933 -0.0012852061 2.7813423350 -2.0372291867 -0.0025443684 
2.8490541304 -2.0945488153 0.0008012705 3.0682865928 -2.3163129855 0.0056905717 
3.0764303141 -2.3321566929 -0.0023225297 2.8395712250 -2.0978369854 0.0020567809 
3.0564173098 -2.3129665019 -0.0018715934 2.8324961240 -2.0896996051 -0.0002688922 
2.8192551325 -2.0776784462 0.0141632895 3.0390560818 -2.2980062789 0.0140231367 
2.7775017860 -2.0269777243 0.0176015763 3.0405370930 -2.2885463134 0.0172656864 
1.8915922418 -1.1402840930 0.0031489801 3.0098459836 -2.2548373295 -0.0000173964 
2.9429337393 -2.2001987311 -0.0012308115 1.9235018111 -1.1802769269 -0.0001728705 
2.1328174641 -1.3842286480 0.0064120226 2.3094014792 -1.5626205695 0.0082635858 
2.1141163235 -1.3688289956 -0.0019214675 2.0177636354 -1.2732207555 -0.0014168719 
2.3085307822 -1.5468835861 -0.0136390654 2.1463926676 -1.3844137594 -0.0133818095 
END
