1.5426613426 -2.6707717303 0.0089149784 1.8477913787 -2.9759223236 0.0083981137 
25 16
image_id_list 7 20 91 91 10 84 53 53 97 44 48 48 51 54 73 73 80 89 94 94 44 88 51 88 84 
line_id_list 34 175 61 69 203 82 128 162 135 50 58 88 113 144 59 72 145 64 17 85 87 129 93 126 121 
line2d_list
13.9118824005 498.5293579102 79.8472366333 486.1840820312 
134.9532775879 552.5003662109 171.0120086670 549.1284179688 
186.2370758057 233.6368103027 115.6385574341 187.5537261963 
116.5267028809 185.2005920410 187.6278839111 232.0470275879 
0.9995196462 487.9476928711 26.0065956116 487.7179870605 
120.9083251953 536.6109008789 161.0369873047 527.1570434570 
171.2633209229 571.5069580078 116.7809448242 542.4101562500 
115.8296508789 540.3179931641 171.0542297363 569.8987426758 
377.0082702637 555.8258666992 405.9905090332 557.2003173828 
679.8739624023 555.0476074219 654.5912475586 488.1545104980 
582.8068847656 599.1612548828 529.5419311523 535.3825683594 
530.8202514648 533.3173828125 585.2849121094 598.7628784180 
160.7123413086 534.8395996094 218.4429168701 570.2785034180 
584.1109008789 516.8161621094 645.1950683594 553.6766967773 
473.8758544922 302.4792785645 505.5147094727 355.6939697266 
503.9571838379 358.0252075195 471.6764831543 303.1904602051 
242.5877380371 510.1381835938 275.9230957031 522.2123413086 
465.3119506836 594.7949829102 443.0717468262 560.9528198242 
676.9880981445 355.9993591309 681.2473144531 276.9594421387 
683.7379760742 278.0398559570 679.6342773438 354.0342407227 
654.7640991211 482.0888977051 682.0828247070 554.5919799805 
1.1747505665 534.6809082031 66.3439178467 570.3720092773 
217.6737823486 572.5303955078 161.1452636719 537.7637939453 
65.6666336060 572.6090698242 0.9098585844 537.1646728516 
114.0012512207 540.0052490234 78.1224746704 548.5162963867 
node_id_list 4329 4330 4331 4332 6639 6640 9490 9491 9492 12396 12397 12398 12399 12400 12401 12402 12403 12404 12405 12406 12444 12717 12832 12833 13499 
score_list 1.9707921300 1.9364293103 6.4381568998 6.9280796680 1.9360752065 1.8451609346 4.3362544819 5.0442931344 2.8942820224 6.1142287225 5.3557956403 5.7286180930 5.6670023596 4.7622875302 6.5020003292 6.6402277114 3.6430448697 5.2124891797 3.6254643496 3.5679101175 5.9104877506 4.6625724703 5.4884609888 4.3774085901 0.6982830633 
line3d_list
1.6473044371 -2.7865962918 0.0040918074 1.5341285708 -2.6756908723 0.0018045190 
1.6542896177 -2.7802046942 0.0103210401 1.5441087643 -2.6842827274 0.0025526844 
1.5582703676 -2.6881529544 0.0026966944 1.8196301257 -2.9481282446 0.0013627828 
1.8177480567 -2.9608322473 0.0014661513 1.5546713696 -2.6998834810 -0.0014742791 
1.6337355073 -2.7623105626 0.0088718624 1.5613723827 -2.6993122011 0.0037698644 
1.6499010221 -2.7683665399 0.0136991891 1.5354856196 -2.6779342609 0.0014117605 
1.5471901781 -2.6664256251 0.0099136455 1.7611766453 -2.8597870293 0.0218580742 
1.7700863000 -2.8909865662 0.0132962147 1.5485771138 -2.6724144013 0.0125109621 
1.6480842734 -2.7881008539 0.0037670421 1.5444962746 -2.6952046428 -0.0022882527 
1.5804956088 -2.7092947321 0.0032291751 1.8026821784 -2.9316653621 0.0011848991 
1.5658205580 -2.6973211351 -0.0002592962 1.8190097287 -2.9493672230 -0.0007823859 
1.8176232465 -2.9601823969 0.0019450684 1.5591621599 -2.7029822151 -0.0001862275 
1.8100721238 -2.9506819828 0.0029573662 1.5610378803 -2.7057937813 -0.0006820360 
1.7772181316 -2.9190571036 0.0012615180 1.5497887552 -2.6923863964 0.0014269054 
1.8400235389 -2.9816530018 0.0012158456 1.6513657067 -2.7936245029 0.0013530383 
1.6524049323 -2.7823293943 0.0018547379 1.8465621972 -2.9771367591 -0.0002588804 
1.6475272025 -2.7893565944 0.0013862228 1.5453995425 -2.6886760513 0.0000306876 
1.6530689518 -2.7879469340 -0.0014640750 1.8103216473 -2.9441908057 -0.0021490514 
1.6384655525 -2.7701936995 -0.0009194076 1.8507362733 -2.9836810701 -0.0033547559 
1.8419037215 -2.9842552399 0.0007186255 1.6385875053 -2.7791335060 0.0025574397 
1.8206592656 -2.9630764346 0.0002472766 1.5774506685 -2.7177141586 0.0024309755 
1.7735468832 -2.9135906159 0.0030588756 1.5418138900 -2.6851412063 -0.0000169046 
1.5587222991 -2.6800636901 0.0093150801 1.7971931162 -2.9088143108 0.0175046207 
1.5410421356 -2.6604823992 0.0097201861 1.7671775455 -2.8764850190 0.0178395406 
1.6712996003 -2.7828944390 0.0093697681 1.7709784116 -2.8563386075 0.0226931496 
END
