1.9752097221 0.0001817415 1.3349123375 1.9764274022 0.1827333940 1.3355578419 
5 5
image_id_list 11 17 46 58 99 
line_id_list 175 66 156 86 64 
line2d_list
539.0534057617 343.4008483887 799.0386352539 366.5663146973 
585.9232177734 191.6144256592 659.2025756836 177.0169830322 
748.9330444336 208.9462127686 799.0484008789 205.7623138428 
722.9924316406 311.9212036133 799.0037231445 312.5472412109 
692.9378662109 312.7197265625 799.0963745117 321.8832092285 
node_id_list 6950 6951 6952 6953 8938 
score_list 2.9270931338 2.8507802626 2.6991432307 1.9294591846 0.9146124384 
line3d_list
1.9754987957 -0.0015565915 1.3350596526 1.9760877646 0.3526059208 1.3352957507 
1.9718640277 0.0118174560 1.3346986122 1.9748944972 0.2305361352 1.3351141955 
1.9717008032 0.0000370191 1.3346762285 1.9724637852 0.0551038700 1.3347808599 
1.9713377838 0.0070651530 1.3343563751 1.9738835560 0.1678527854 1.3352770500 
1.9726366148 0.0002008731 1.3343557343 1.9783745562 0.1827206843 1.3354790850 
END
