-0.1244832992 -2.5616169664 1.0111168171 -0.1633034852 -2.3388374620 1.0236873820 
10 10
image_id_list 10 31 45 99 19 86 37 76 79 98 
line_id_list 195 134 130 191 168 123 149 115 134 151 
line2d_list
302.0957336426 244.2085723877 331.1543579102 247.7240447998 
399.9681091309 317.4436035156 425.0576477051 316.0058593750 
236.1131896973 249.9418487549 282.0158386230 254.8519897461 
262.0177917480 315.5867004395 286.0163879395 316.6188964844 
436.0079650879 226.8116455078 463.0441894531 227.9566040039 
300.8190612793 262.2957153320 339.9116821289 259.6799011230 
261.8580627441 261.4120483398 299.0081787109 258.0915527344 
271.9487304688 217.4205932617 310.9725341797 216.1539764404 
213.9022064209 190.3829956055 264.9730224609 189.0021514893 
418.1470642090 278.0505676270 457.0763854980 280.9877014160 
node_id_list 6626 6627 6628 6629 9293 9294 11685 11877 11878 13455 
score_list 3.1707285110 5.5978802944 3.0163937731 10.8121248403 3.5176304652 5.7033867775 3.5027228625 1.9162484448 3.8591361418 2.4087300666 
line3d_list
-0.1190217203 -2.5490593597 1.0130996815 -0.1824332233 -2.3790043781 1.0195679442 
-0.1190111534 -2.5560258541 1.0125982295 -0.1735982188 -2.4032025936 1.0186303293 
-0.1297226656 -2.5600674920 1.0099511442 -0.1925812130 -2.3695311772 1.0163699605 
-0.1347504653 -2.5488543527 1.0117971533 -0.1582990687 -2.3850110700 1.0211937719 
-0.1249256620 -2.5532889266 1.0120405590 -0.1733292530 -2.3797354751 1.0207231442 
-0.1340516998 -2.5631609093 1.0089300998 -0.1584592239 -2.3380705897 1.0250565867 
-0.1338164523 -2.5653304009 1.0087746676 -0.1579845397 -2.3424482076 1.0247429544 
-0.1510381464 -2.5707304311 1.0058104127 -0.1562001053 -2.3414701123 1.0250866545 
-0.1240320957 -2.5538422640 1.0122967821 -0.1541591065 -2.3206130958 1.0263633973 
-0.1291707144 -2.5545352908 1.0117293958 -0.1436860026 -2.3324308535 1.0254103971 
END
