0.9397501278 0.2182274513 0.9903855099 0.9399494863 0.2175765384 1.0108104017 
3 3
image_id_list 4 47 74 
line_id_list 67 1 2 
line2d_list
726.3934326172 8.0417957306 725.9039306641 0.9377141595 
617.9752807617 114.9962310791 624.6402587891 71.2499008179 
492.2831420898 162.9519653320 497.1758728027 89.9447708130 
node_id_list 3708 3709 12596 
score_list 1.4999143401 2.4175032787 2.9635023854 
line3d_list
0.9430379214 0.2086965159 0.9890880376 0.9414715777 0.2120105898 1.0106181661 
0.9447583617 0.2047435471 0.9899069134 0.9437756723 0.2053605584 1.1177639076 
0.9397406284 0.2182584673 0.9894122662 0.9420224331 0.2108082905 1.2231901526 
END
