4.0053842938 -0.8862325217 0.2473711130 4.0069427616 -0.5356330844 0.2454315679 
7 7
image_id_list 22 27 35 71 25 70 69 
line_id_list 49 175 124 158 256 195 167 
line2d_list
323.3089904785 229.9424285889 252.7023010254 253.0920104980 
569.9677734375 364.0955505371 621.0098876953 362.2772521973 
799.0858764648 236.3434448242 704.9956054688 224.0334777832 
96.9821090698 88.7314147949 147.0265350342 85.3983154297 
363.0907592773 485.1727600098 438.0659484863 493.3990173340 
240.9687652588 265.7431640625 304.0043945312 264.1767883301 
463.1119079590 409.5960388184 414.9308471680 396.2496643066 
node_id_list 9923 9924 9925 9926 10737 10738 11211 
score_list 5.4901981435 3.9335436499 4.5771940777 2.9587324506 5.8346434834 3.9095118031 4.2636734449 
line3d_list
4.0045757053 -1.0480008951 0.2483069499 4.0041445788 -0.7371544730 0.2485898149 
4.0031335688 -0.6001393613 0.2492545746 4.0064707774 -0.8862390730 0.2470598905 
4.0051672862 -1.0270548998 0.2476490232 4.0068936101 -0.7401469596 0.2455929667 
4.0100850949 -0.5056951585 0.2432092088 4.0078902803 -0.7988647009 0.2454803587 
4.0085492194 -0.5180483364 0.2438752131 4.0068331585 -0.8275282654 0.2460353086 
4.0240234786 -0.5357509754 0.2378458844 4.0208763050 -0.8404387630 0.2405484843 
4.0086063875 -0.8608972037 0.2448038428 4.0083053355 -0.5710245432 0.2449803521 
END
