0.1260841779 -1.3559511490 2.2999389130 0.2509773585 -1.3757835857 2.3013461772 
3 3
image_id_list 9 31 57 
line_id_list 242 221 206 
line2d_list
570.1923217773 100.1208953857 556.9509887695 97.2240066528 
551.2667846680 55.0736427307 537.9328002930 51.2333984375 
753.8234252930 18.3829174042 739.9967041016 12.0071210861 
node_id_list 6129 6130 6131 
score_list 2.1175723151 0.0000000000 0.8772725020 
line3d_list
0.1220352456 -1.3553081980 2.2998932907 0.2551910623 -1.3764527016 2.3013936561 
0.1092110848 -1.3649004719 2.3035002069 0.2571216883 -1.3558819565 2.2946803859 
0.1262637241 -1.3548462717 2.2995753050 0.2524362751 -1.3668058217 2.2983916525 
END
