-0.0278199507 -1.5131051106 1.0154764184 -0.1091538513 -1.3914052013 1.0069473653 
28 28
image_id_list 6 7 49 50 95 8 79 85 10 16 20 84 11 40 15 96 18 42 19 37 81 82 64 43 45 86 98 58 
line_id_list 156 118 95 135 165 191 65 154 169 114 109 118 189 40 106 164 206 155 155 122 65 79 195 155 133 91 161 180 
line2d_list
502.0141906738 155.7378234863 552.9730224609 158.4981231689 
745.7117309570 26.0484542847 789.9778442383 30.2342052460 
683.3251953125 245.5394592285 725.7817382812 256.8214416504 
446.9775085449 179.3496551514 483.0008239746 179.9502258301 
663.8337402344 339.4675903320 701.0359497070 343.6829223633 
375.0111083984 305.9444580078 395.0118103027 309.9409484863 
439.9787292480 207.7447357178 466.0114440918 208.0620727539 
289.1325073242 221.6088714600 313.0862426758 216.3963775635 
455.1078491211 281.4127197266 475.1658935547 285.0967102051 
688.9887084961 149.7976074219 715.0193481445 148.3474426270 
585.9480590820 289.8426513672 608.9838256836 291.2623596191 
573.9894409180 198.4916839600 599.0201416016 197.9728851318 
27.0064601898 104.4048385620 59.0135459900 104.7522888184 
29.7127094269 367.8702697754 64.2749023438 359.0810241699 
374.9960021973 95.8658142090 397.0360717773 95.2075881958 
625.9146728516 327.3266601562 654.0555419922 329.1368713379 
198.9281311035 162.3297271729 227.1398925781 159.3045196533 
242.9648132324 202.8372192383 285.3617858887 193.6739654541 
589.0064086914 251.9411926270 608.1067504883 254.0179748535 
438.9878540039 264.6943054199 459.9944763184 263.8605346680 
650.0374755859 191.3638000488 676.0703125000 188.6825256348 
660.9999389648 158.6807250977 682.9996337891 158.6749877930 
0.7418981194 260.9563293457 58.9963150024 266.0422058105 
599.0659790039 315.6619262695 631.0471801758 312.4729003906 
466.0360717773 294.7691650391 495.1075744629 299.3115539551 
487.9774780273 271.1504516602 510.0150146484 270.5664062500 
614.9537353516 311.4128112793 640.0864257812 314.2288513184 
47.0008201599 305.0412597656 78.0084533691 304.4258728027 
node_id_list 4171 4172 4173 4174 4175 4991 4992 4993 6554 6555 6556 6557 6964 6965 8613 8614 9165 9166 9286 9433 9434 9435 12251 12325 12326 12327 12328 13059 
score_list 6.8956110355 2.9527428650 4.7523865681 3.5693310153 9.8360337693 3.6662053359 5.8663930990 8.3209652691 2.8917623946 4.2788346967 5.7478384545 6.1767292068 3.9023297475 6.4299609312 2.1657647128 7.8482605710 4.6560502291 6.6915281381 3.7262343688 3.2292906622 3.6966070339 2.3695596410 2.6446531320 8.4646437668 7.6593201335 6.1675752987 4.6749753205 4.5418360448 
line3d_list
-0.0479976620 -1.4844430227 1.0131395474 -0.1035029550 -1.3973510386 1.0079048476 
-0.0229584404 -1.5060616031 1.0187155521 -0.1111966350 -1.3956110439 1.0052996307 
-0.0209515003 -1.5160026710 1.0176691978 -0.1139565978 -1.3944660171 1.0044598105 
-0.0524154477 -1.4941342673 1.0096987790 -0.1006070182 -1.3925451216 1.0098789213 
-0.0460802994 -1.4951007034 1.0130131463 -0.1022303843 -1.3951850964 1.0084588064 
-0.0359819023 -1.5071212133 1.0160516679 -0.0610413659 -1.3981252502 1.0153137933 
-0.0451033425 -1.5061475061 1.0129276329 -0.0743124555 -1.3965347950 1.0119748253 
-0.0561544341 -1.5075123446 1.0110187359 -0.0739478783 -1.3955187160 1.0122375807 
-0.0038136198 -1.4764484438 1.0224105373 -0.0884261879 -1.3926418610 1.0106903545 
0.0037722943 -1.4700240596 1.0235117692 -0.1158896656 -1.3974884716 1.0045445002 
-0.0052881455 -1.4780439349 1.0219502199 -0.0864780526 -1.3924417241 1.0111386596 
-0.0001725098 -1.4835229754 1.0226912937 -0.0716937908 -1.3893214938 1.0139657484 
-0.0325455703 -1.4874923460 1.0149393923 -0.1269581049 -1.4062427864 1.0024358107 
-0.0385201724 -1.4823507217 1.0141481423 -0.1294429789 -1.4041043530 1.0021067249 
-0.0205545937 -1.4780374799 1.0185690636 -0.1066709626 -1.3966633309 1.0063119478 
-0.0212301262 -1.4782593780 1.0185991684 -0.1293356247 -1.4052607637 1.0016996161 
-0.0250653244 -1.4898647000 1.0163339035 -0.1103134671 -1.3994617850 1.0066031149 
-0.0446723329 -1.4852023049 1.0135329077 -0.1091338498 -1.3967525925 1.0068759676 
0.0060976350 -1.4657500422 1.0253725197 -0.0654122468 -1.3882115317 1.0154228446 
0.0070792040 -1.4892013028 1.0237548118 -0.0831513567 -1.3963867158 1.0115449949 
0.0086597311 -1.5053859979 1.0230157525 -0.0939418022 -1.4000242226 1.0083065227 
-0.0087730838 -1.4743696060 1.0214861521 -0.0884415416 -1.3903715283 1.0108771938 
-0.0412424945 -1.4972709752 1.0137136665 -0.1057941987 -1.3910179425 1.0077661114 
-0.0479329308 -1.5022024576 1.0130977978 -0.0893684429 -1.3954996587 1.0104494058 
-0.0539794827 -1.5032048630 1.0117801942 -0.0999947178 -1.4005922097 1.0082996563 
-0.0496177718 -1.4998819281 1.0128969303 -0.1010809173 -1.4004732845 1.0080786208 
-0.0388831362 -1.4961134251 1.0141378362 -0.0964533020 -1.3974760815 1.0092937917 
-0.0674135314 -1.5052531485 1.0093957044 -0.1062589829 -1.3961566438 1.0073313173 
END
