1.1912101396 -0.3398098321 0.8381972736 1.2219056320 -0.2554533452 0.8541075391 
5 5
image_id_list 37 85 87 39 76 
line_id_list 103 82 20 99 102 
line2d_list
714.9943847656 394.2825927734 747.0413818359 394.9208679199 
643.0736083984 321.3839416504 678.7218017578 314.5490417480 
515.9442749023 472.9996948242 577.8549804688 456.6611633301 
635.9613647461 476.3164367676 650.9815063477 478.1514282227 
769.9014892578 394.3797302246 799.0385131836 396.4602966309 
node_id_list 11869 11870 11871 12053 13419 
score_list 1.4066581795 2.1267568406 1.6713869341 1.5036361851 0.7752253688 
line3d_list
1.1908321096 -0.3405990021 0.8388837559 1.2173684014 -0.2534586770 0.8522854026 
1.2007535570 -0.3407885312 0.8426731742 1.2087036127 -0.2336434866 0.8497082327 
1.1934424814 -0.3488463156 0.8395752753 1.2493590650 -0.1609810443 0.8679730901 
1.1953672525 -0.3337972785 0.8404769568 1.2142786850 -0.2858683577 0.8488065519 
1.1916735137 -0.3399280271 0.8379299633 1.2064774666 -0.2746075400 0.8474454981 
END
