-0.0934551005 -1.9576939360 1.0047410915 -0.0794473829 -1.9700191669 1.1716223750 
33 33
image_id_list 2 15 21 33 34 41 96 8 17 86 90 98 99 9 14 31 37 38 76 84 10 20 32 45 57 79 81 85 19 16 82 97 18 
line_id_list 5 17 33 127 56 22 27 83 130 118 20 80 154 77 92 57 108 15 59 20 94 88 73 58 97 25 14 48 149 128 50 43 45 
line2d_list
782.1503295898 82.1992340088 793.0064697266 19.5207366943 
304.9989624023 93.0002365112 298.0176086426 62.3134803772 
780.5600585938 201.1026916504 787.9812622070 160.6298370361 
538.4757080078 311.9171447754 533.1984863281 281.6170959473 
781.0168457031 91.0531692505 782.8939819336 55.1513137817 
350.9075622559 288.0266113281 341.4850158691 255.2848510742 
531.0607299805 307.9956665039 528.5686645508 272.9595642090 
296.7082824707 287.1843261719 299.7178039551 259.2932739258 
23.4986839294 252.7578277588 9.4316167831 223.7904052734 
402.4645080566 267.9345397949 398.0642089844 236.7091064453 
127.4862976074 267.9241638184 120.1183013916 220.6697082520 
521.7344970703 295.9938659668 521.4590454102 262.9628295898 
340.1047668457 326.9917907715 339.9043273926 299.9784545898 
494.4550476074 317.9635009766 492.5963745117 294.7917480469 
716.2843627930 128.8969116211 713.7069091797 96.7827453613 
480.0619812012 320.9914855957 476.3063354492 293.6828308105 
359.3231811523 262.9459533691 354.5501403809 234.4062652588 
632.0194091797 320.0250549316 632.4663696289 283.9933776855 
374.9709472656 225.7814331055 371.2952270508 192.6345825195 
481.2989807129 191.9530334473 476.2000122070 159.4972534180 
383.9784240723 265.0429687500 385.2091674805 237.0091857910 
503.3535766602 276.9088439941 501.2568969727 245.7806243896 
404.3136596680 285.9559326172 400.6141357422 259.6325988770 
359.7701416016 273.9936523438 359.4479064941 234.9797821045 
601.0628662109 271.1218566895 604.2703247070 243.1456451416 
339.7133178711 200.8928222656 334.1218566895 163.6811676025 
555.6491699219 196.8515014648 548.3446044922 164.9211730957 
195.4797515869 235.7866668701 181.2881164551 203.8718872070 
515.9503784180 240.9872283936 515.5873413086 213.9652404785 
602.4186401367 145.9396057129 597.9158325195 114.7236480713 
584.8552856445 155.0128784180 582.3370971680 126.7031631470 
723.6016845703 333.0004577637 723.6223144531 304.9997253418 
95.4749984741 158.4560852051 81.7032089233 121.1094436646 
node_id_list 2118 2119 2120 2121 2122 2123 2124 4723 4724 4725 4726 4727 4728 5490 5491 5492 5493 5494 5495 5496 6426 6427 6428 6429 6430 6431 6432 6433 8362 8561 8562 8813 8967 
score_list 6.4767015913 13.9471421123 8.5884634130 15.4029515901 9.1120952720 13.0511475978 9.6269200743 11.4287199540 6.7879502895 8.8609144024 7.2987266071 10.3445783003 8.5231150826 5.2378757561 5.4962219611 12.4633362393 9.7569975988 7.2399305851 8.1052058989 8.3766087517 9.7022063247 8.4602314533 11.5701799383 5.1562858442 6.9409151074 8.6125565861 13.1755748735 5.1407551395 6.3128005373 8.6672763995 6.0858100642 8.8308457752 7.9796729565 
line3d_list
-0.0893073586 -1.9583919204 1.0035048346 -0.0782431914 -1.9701152334 1.1711767720 
-0.0894477989 -1.9546658519 1.0093756256 -0.0761809996 -1.9645785189 1.1723956888 
-0.0821325082 -1.9527528056 1.0097176977 -0.0790002215 -1.9695827977 1.1690007788 
-0.0919888433 -1.9579451130 1.0111429634 -0.0896272185 -1.9746187237 1.1656765744 
-0.0776045737 -1.9503465849 1.0088822070 -0.0753871475 -1.9678417040 1.1698809250 
-0.0936586440 -1.9581965521 1.0056966908 -0.0849857998 -1.9724676275 1.1683489261 
-0.0926029259 -1.9572093677 1.0058849027 -0.0888547028 -1.9758621140 1.1660520741 
-0.0931211239 -1.9583868009 1.0093125738 -0.0736153820 -1.9681233723 1.1669063449 
-0.0999060066 -1.9598364828 1.0105059563 -0.0854985897 -1.9731080179 1.1669960815 
-0.0948536228 -1.9585401100 1.0047959857 -0.0968318198 -1.9767526247 1.1676078837 
-0.0988596776 -1.9585692463 1.0022412709 -0.0663479307 -1.9678697639 1.1737089994 
-0.0908272972 -1.9563115772 1.0090003229 -0.0980439366 -1.9776165096 1.1682010635 
-0.0923596309 -1.9581111094 1.0051516320 -0.0907634195 -1.9722891717 1.1633917197 
-0.0863997046 -1.9558670804 1.0089096753 -0.1090355932 -1.9802175243 1.1580024440 
-0.0970221985 -1.9600367561 1.0070310040 -0.1259456235 -1.9934147648 1.1680201213 
-0.0900411828 -1.9561984138 1.0129221675 -0.1002361645 -1.9787119412 1.1647758555 
-0.0912794885 -1.9570755177 1.0114980955 -0.1009249260 -1.9782362550 1.1675673937 
-0.0874024337 -1.9541931902 1.0076244762 -0.1080122030 -1.9859262550 1.1628728562 
-0.0869113580 -1.9543367771 1.0078667123 -0.1088122083 -1.9827380653 1.1697810137 
-0.0871660383 -1.9540602579 1.0106577122 -0.1171019470 -1.9894852724 1.1610180018 
-0.0960717818 -1.9589973598 1.0048744742 -0.1009226614 -1.9778407276 1.1637047920 
-0.0920039995 -1.9557863180 1.0050343048 -0.1065851594 -1.9830926154 1.1659627323 
-0.0992025522 -1.9598590522 1.0082232858 -0.0824339199 -1.9707173529 1.1657104751 
-0.0879577695 -1.9546184339 1.0109864405 -0.1163905956 -1.9891769290 1.1625832145 
-0.0890530623 -1.9553375958 1.0062969977 -0.0848390824 -1.9691824863 1.1643019917 
-0.0899152117 -1.9558179382 1.0064239090 -0.1186903925 -1.9875153349 1.1641200796 
-0.0861838836 -1.9551702873 1.0103417563 -0.1078296941 -1.9836005466 1.1673719441 
-0.0920785358 -1.9560310616 1.0085103967 -0.0961012473 -1.9810282483 1.1666614818 
-0.0939736685 -1.9582243982 1.0048751451 -0.1027176862 -1.9781392033 1.1603255011 
-0.0870826656 -1.9543655463 1.0103914694 -0.0787245171 -1.9702373219 1.1712222967 
-0.0941185927 -1.9593134769 1.0073799326 -0.0846621897 -1.9708098810 1.1693343174 
-0.0919257293 -1.9579467189 1.0060609877 -0.0735529822 -1.9636386783 1.1602703509 
-0.1002851711 -1.9591343307 1.0092020990 -0.0695666719 -1.9679041898 1.1709492100 
END
