0.0622973233 -1.6026987565 0.4641865313 0.2061942252 -1.5259687960 0.4661114693 
14 14
image_id_list 0 1 3 4 12 90 93 43 49 95 96 7 38 17 
line_id_list 215 236 190 59 178 193 105 134 101 131 187 80 163 224 
line2d_list
60.1793594360 385.0029296875 24.7932910919 370.5045166016 
152.6354217529 440.5505065918 117.6866073608 432.3328247070 
621.1611328125 336.7691650391 593.2260742188 323.5232543945 
280.5746459961 447.5103759766 231.4185791016 455.5570068359 
208.9744720459 218.0505828857 187.0150299072 206.9702148438 
267.6689147949 433.5309143066 242.4848937988 417.8260192871 
125.2033843994 439.5681152344 83.0716476440 442.9047241211 
590.6997070312 487.2575988770 573.1151123047 466.7590942383 
607.5202636719 439.5735778809 591.0428466797 413.6073913574 
600.8479614258 515.0426025391 594.3623657227 491.8984680176 
578.3969726562 462.1831359863 577.1177368164 450.9865417480 
668.6602783203 229.7941741943 655.3696899414 207.3736267090 
684.5399169922 486.7918395996 677.9282226562 469.6421508789 
135.9880828857 354.0213012695 122.6786804199 346.5742492676 
node_id_list 1230 1231 1232 1233 1234 1235 1236 3487 3488 3489 3490 4373 4374 7208 
score_list 5.7552966261 4.6978105654 6.3280892747 2.9106205698 4.3858691837 3.4782315359 4.6899810474 4.5099717366 4.6316034052 4.6098660635 1.9850098886 3.5153582481 1.9258479675 0.9652437099 
line3d_list
0.2048876171 -1.5234603910 0.4637981678 0.0589874893 -1.5963716084 0.4594035357 
0.1859309850 -1.5314701347 0.4620401038 0.0626212037 -1.5966378695 0.4612018320 
0.2177344624 -1.5232985601 0.4684175158 0.0701128361 -1.6045793336 0.4676754269 
0.1911877378 -1.5287626097 0.4627788818 0.0644372658 -1.5974789562 0.4610727232 
0.1976832211 -1.5309324848 0.4667216184 0.0585558893 -1.6009759078 0.4629501687 
0.1882972074 -1.5326479408 0.4634361053 0.0477012306 -1.6028171901 0.4601311239 
0.1939866622 -1.5296629571 0.4646836152 0.0641102170 -1.5974519409 0.4609105384 
0.1865909057 -1.5351324706 0.4647891288 0.0663392798 -1.6051126797 0.4704635355 
0.1938670039 -1.5329012378 0.4651343975 0.0716064601 -1.6015123678 0.4678978655 
0.1804189423 -1.5444814621 0.4697110964 0.0755053467 -1.6052422253 0.4761491107 
0.1703013878 -1.5524817710 0.4761879399 0.0920881406 -1.5990894606 0.4824506072 
0.1847103951 -1.5373476281 0.4641955729 0.0748439520 -1.6028644923 0.4730703451 
0.2047007268 -1.5343319525 0.4773217617 0.0874784035 -1.6006424548 0.4808433080 
0.2094062100 -1.5286741081 0.4699947047 0.0799108656 -1.6048903565 0.4754243995 
END
