2.5939976780 0.0412337324 0.0053699254 2.5162482425 0.1197372298 0.0033598436 
6 5
image_id_list 29 67 68 69 75 68 
line_id_list 41 177 104 202 108 160 
line2d_list
205.0182495117 502.0605468750 231.9801177979 493.9340209961 
451.7513732910 547.7036743164 485.4446411133 567.2328491211 
512.9985351562 364.3402099609 547.0065307617 364.4874267578 
148.9267730713 505.2387084961 172.9926605225 502.9237365723 
353.4319152832 332.4190063477 378.6303405762 351.1521301270 
549.9947509766 367.2610473633 524.0053710938 366.7354431152 
node_id_list 11408 11409 11410 11411 11412 13349 
score_list 2.7936241505 2.9037433809 2.7635637380 2.9523210825 2.9857290572 0.9756734955 
line3d_list
2.5170221444 0.1207084196 0.0008287539 2.5887250466 0.0480286887 0.0033620685 
2.4931753961 0.1462761315 0.0008666054 2.5927485473 0.0400301945 0.0066819487 
2.5184553683 0.1218690486 0.0012467188 2.5890435655 0.0477565229 0.0048541805 
2.5206111995 0.1154084675 0.0031493842 2.5872978050 0.0477931987 0.0055320977 
2.5207781444 0.1152391977 0.0031553492 2.5948157495 0.0401705609 0.0058007140 
2.5907587437 0.0370932869 -0.0006574721 2.5349362426 0.0921326379 0.0001422723 
END
