1.4744720690 -2.7339256316 0.4493772733 1.3489091708 -2.2008495065 0.4212757403 
30 26
image_id_list 9 10 13 16 19 20 23 31 34 37 57 60 76 82 83 84 86 96 97 98 9 19 97 98 79 99 14 33 15 78 
line_id_list 209 186 100 177 189 171 158 176 154 107 157 120 143 193 138 165 168 132 137 155 222 220 162 187 47 171 166 137 115 110 
line2d_list
232.7603759766 446.3264465332 276.7694091797 454.2765197754 
43.4438858032 385.8266296387 108.5026092529 405.6337585449 
586.9582519531 375.6640014648 652.0958251953 416.4441833496 
298.6210327148 332.9868774414 369.1084899902 346.4311828613 
217.5582580566 369.5780944824 269.6735229492 384.1662902832 
170.2180175781 445.9936828613 245.5625762939 465.6745910645 
474.4974975586 186.0792694092 518.6939697266 206.6573028564 
160.5849761963 481.1027832031 216.5749664307 492.1535034180 
423.0077514648 228.9799652100 471.6944274902 247.7908782959 
47.9181594849 480.5865478516 128.9319763184 483.1499328613 
282.3965759277 350.3645935059 327.4339904785 370.2799987793 
424.7724609375 422.4521179199 472.3077087402 446.3755493164 
10.6610012054 434.1954345703 100.9182434082 443.7706604004 
304.5807189941 307.1846923828 354.8406982422 316.8301696777 
566.4513549805 440.8318481445 621.3253173828 477.0230102539 
141.4887084961 416.6000976562 229.8370208740 429.1475830078 
73.7387237549 497.5170593262 159.8577575684 503.9146728516 
132.2021942139 493.4989624023 210.3153839111 524.7132568359 
413.4352111816 461.6770629883 469.4776000977 480.5511474609 
151.2608337402 465.6593933105 233.5726470947 488.5375671387 
305.9843139648 455.9123535156 324.0133666992 456.2222595215 
296.8663635254 386.9669799805 324.0384216309 390.7220764160 
488.9057922363 483.4401855469 509.0530090332 487.7522888184 
262.9102172852 490.5877075195 287.1093444824 494.2842407227 
1.0321468115 504.4223327637 132.2613372803 494.4331359863 
0.6865932941 452.6820373535 55.8220100403 462.9552307129 
406.7507019043 288.4287109375 452.7460937500 296.4549865723 
196.0226135254 479.3385620117 250.6134643555 495.3203430176 
0.8107838035 286.5147094727 57.8639907837 290.8075866699 
574.0126342773 431.9720458984 644.3941650391 467.2100830078 
node_id_list 6010 6011 6012 6013 6014 6015 6016 6017 6018 6019 6020 6021 6022 6023 6024 6025 6026 6027 6028 6029 6071 6072 6073 6074 6597 6598 7893 7894 8492 8493 
score_list 13.6641876261 9.4000156133 7.1189095187 12.0828451828 11.5379174559 12.1152380354 7.9714967360 11.0819325474 11.1862739827 6.0677645544 15.3595546486 8.4536009687 6.1905083527 10.0813347027 9.7399992756 11.3528696594 8.0138432491 13.1161176546 9.8829897229 10.9727674403 5.6113396856 3.1469159022 2.5989464342 4.9718719254 3.6151001790 12.5690634820 14.7611053325 7.6204885308 3.1621636807 7.4556121372 
line3d_list
1.4701872154 -2.7413198504 0.4466949012 1.4123694459 -2.4591125296 0.4361929904 
1.4677063357 -2.7302563928 0.4461343503 1.4028923568 -2.3983716096 0.4359942058 
1.4785852755 -2.7250269621 0.4513995521 1.3880456415 -2.3975577623 0.4282765032 
1.4710413691 -2.7249063611 0.4481228527 1.3790651967 -2.3349040748 0.4274825194 
1.4713714816 -2.7295675006 0.4480031318 1.3949218969 -2.4305937376 0.4287219442 
1.4769378489 -2.7222245863 0.4517904973 1.3801340646 -2.3697158481 0.4257406822 
1.4769898941 -2.7195674218 0.4512726788 1.3913443909 -2.4333296668 0.4264795672 
1.4751525109 -2.7300810430 0.4503570618 1.4016061621 -2.4075845846 0.4355011244 
1.4726806234 -2.7272727564 0.4487185591 1.3880446599 -2.3941090676 0.4284474720 
1.4764508820 -2.7274856259 0.4518741528 1.3977374556 -2.4256326971 0.4294191702 
1.4683021510 -2.7329423214 0.4462659360 1.4066667556 -2.4333851086 0.4349356291 
1.4768158832 -2.7168413935 0.4512442220 1.3748890312 -2.4017944401 0.4217986693 
1.4669137502 -2.7359374139 0.4449864546 1.4022137903 -2.4035551992 0.4349778205 
1.4767179100 -2.7325372531 0.4513405873 1.4010700079 -2.4305632627 0.4315581592 
1.4804259223 -2.7146859997 0.4540032253 1.3777497554 -2.3818544717 0.4231848204 
1.4693559160 -2.7372622955 0.4465439056 1.3947082727 -2.3729087138 0.4329850481 
1.4654118379 -2.7359791016 0.4443484009 1.4122431395 -2.3968266335 0.4404397476 
1.4731037166 -2.7232501895 0.4496172757 1.3838529964 -2.3443266910 0.4297065009 
1.4801917556 -2.7232146058 0.4538378808 1.3925488954 -2.4426308036 0.4260917696 
1.4740016259 -2.7336782969 0.4501483645 1.3984162260 -2.4045816847 0.4322314904 
1.3781949250 -2.2779239669 0.4504614324 1.3704202021 -2.1581184566 0.4685814830 
1.3688243792 -2.2693121543 0.4509064044 1.3593333456 -2.1008356454 0.4762808741 
1.3898950973 -2.3304589681 0.4486701498 1.3761054977 -2.2283701478 0.4587923183 
1.3703329734 -2.2960913966 0.4468731473 1.3646376322 -2.1949926908 0.4620997570 
1.4333257366 -2.5633855643 0.4280075811 1.3549210482 -2.2136676269 0.4529074256 
1.4597475548 -2.7156485099 0.4421405596 1.4169667624 -2.4258451722 0.4428843799 
1.4770095419 -2.7248912598 0.4507206238 1.4080811950 -2.4695322191 0.4334178313 
1.4732702272 -2.7252860873 0.4490676688 1.3722991049 -2.3911689529 0.4212060642 
1.4766009281 -2.6419785720 0.4546634769 1.3704947724 -2.4086594716 0.4200875889 
1.4742751014 -2.7287755283 0.4495402938 1.3861123392 -2.4234291483 0.4245823585 
END
