1.7987539496 -2.9495787096 0.8699650003 1.8989641201 -2.9615368864 0.9148825646 
5 5
image_id_list 9 20 34 98 77 
line_id_list 180 112 80 193 138 
line2d_list
152.9138183594 378.2956848145 136.1703948975 373.4154052734 
56.2682571411 364.0559997559 28.9602985382 360.2877197266 
339.2142944336 151.2435150146 314.8993530273 144.3552856445 
23.9231758118 359.3023986816 0.8856828213 353.4500122070 
65.9161529541 495.9291992188 14.9934673309 499.9165649414 
node_id_list 5916 5917 5918 5919 9437 
score_list 1.9675136264 1.9590658706 1.9334022031 1.6811564774 3.1111234814 
line3d_list
1.7991606988 -2.9475084481 0.8696087063 1.9012703685 -2.9355441643 0.9166572827 
1.8002994963 -2.9473750141 0.8701334245 1.9081810410 -2.9347344344 0.9198414797 
1.7974526298 -2.9523245289 0.8691211076 1.9244754743 -2.9376594539 0.9276629674 
1.8040946393 -2.9525837526 0.8722488113 1.8825574366 -2.9454550789 0.9085356749 
1.7906703458 -2.9544699108 0.8637403348 1.8957341190 -2.9483034118 0.9191799446 
END
