3.8350486090 -1.5408365321 0.0088666813 3.9980437469 -1.3816547538 0.0087491202 
13 8
image_id_list 24 27 70 24 25 29 70 30 25 44 94 44 94 
line_id_list 97 259 156 98 153 275 97 65 158 45 59 88 63 
line2d_list
744.5008544922 500.3389282227 799.1783447266 541.7646484375 
718.1322631836 399.5408020020 740.3086547852 405.9284973145 
420.4226074219 307.1467285156 452.0850830078 322.8282165527 
799.2323608398 544.6900024414 743.2186279297 502.7083129883 
622.6073608398 599.4978027344 587.2843017578 571.6395263672 
644.2147827148 397.5959167480 626.0352172852 387.9337463379 
451.8514099121 324.3112182617 421.9773559570 310.0474243164 
84.9996337891 504.0831604004 116.0034332275 504.2196655273 
588.4753417969 569.3981933594 626.5965576172 599.5107421875 
8.0987482071 352.7742004395 41.1260871887 355.4348144531 
23.1122875214 74.3787002563 71.1691513062 83.0640716553 
40.0184631348 357.7712402344 8.9785366058 355.2659301758 
71.9299087524 85.4068527222 22.0326633453 76.8104095459 
node_id_list 10524 10525 10526 10527 10528 10529 10530 10695 10696 11236 11525 12445 12446 
score_list 1.5709015768 2.8000153593 4.6545885833 1.4489767108 4.2219747576 1.9766476533 4.2430214921 0.9828771575 4.3629596748 0.9649370508 1.6566490986 0.9900115887 1.8287430334 
line3d_list
3.9958305094 -1.3834957617 0.0090108121 3.8717431803 -1.4864323444 0.0203262041 
3.9912744243 -1.3928091121 0.0073807212 3.8893073612 -1.4879912245 0.0127624687 
3.9928291922 -1.3891159694 0.0081273408 3.8182320876 -1.5362824552 0.0231875637 
3.8766567273 -1.4977381233 0.0017017034 3.9972876893 -1.3858008766 -0.0034794230 
3.8675490655 -1.5089369010 0.0008937272 3.9934996240 -1.3839913460 -0.0009927880 
3.8916576018 -1.4850207352 0.0005326242 3.9769632658 -1.4003957549 -0.0007451028 
3.8406964180 -1.5359738619 0.0012495493 3.9913879712 -1.3963086185 -0.0075356417 
4.0049020884 -1.3886818223 0.0027527819 3.9251497486 -1.4680760145 0.0017028992 
3.9989643006 -1.3878622745 0.0052329296 3.8716309215 -1.5219835667 0.0000400309 
4.0088455153 -1.3892124066 -0.0002413673 3.8869262673 -1.4901272374 0.0121367711 
4.0016296483 -1.3919395666 0.0027097025 3.8434319745 -1.5494268147 0.0006271429 
3.8902980933 -1.4848927153 0.0006200585 3.9990023500 -1.3889912823 -0.0078643746 
3.8183558997 -1.5483617981 0.0062351904 4.0055029334 -1.3832563159 -0.0083717491 
END
