2.2468848774 -1.0319594925 -0.0001484062 2.3505835277 -1.1344217404 -0.0013721755 
5 4
image_id_list 26 71 28 94 94 
line_id_list 196 151 258 31 32 
line2d_list
377.6451416016 572.3077392578 345.0170288086 589.0332031250 
132.9680786133 302.9416809082 103.9118804932 318.8389282227 
469.2997436523 517.7036132812 437.0629272461 535.1165161133 
25.7746505737 477.8683166504 59.2607040405 420.5679626465 
62.5099945068 420.3023986816 1.0188223124 524.0111694336 
node_id_list 10983 10984 11367 13378 13379 
score_list 1.7995487977 2.9034743341 1.8486141952 0.8257681590 0.9973779147 
line3d_list
2.3497870424 -1.1352346392 -0.0008026312 2.2489543323 -1.0336835653 -0.0003747787 
2.3441938585 -1.1287827106 0.0001212356 2.2529537094 -1.0373525664 0.0000027206 
2.3491215948 -1.1344322716 -0.0006545159 2.2469595547 -1.0318786325 -0.0005906135 
2.2341024639 -1.0109445117 0.0014009325 2.3565895787 -1.1321885448 0.0027453029 
2.3547451855 -1.1396758955 -0.0002166788 2.1413222079 -0.9259892553 -0.0006925942 
END
