1.5389617346 -0.0477222348 0.8371953461 1.5367011104 -0.0895713664 0.9915412668 
17 16
image_id_list 0 1 12 39 47 58 66 74 74 87 93 67 8 85 99 18 46 
line_id_list 79 135 70 62 95 116 52 49 272 122 186 213 23 192 93 101 140 
line2d_list
544.6643676758 429.9019775391 551.8625488281 405.2518615723 
699.8915405273 377.9816894531 704.5420532227 350.4290466309 
791.8543090820 220.9827728271 798.0170898438 168.8837280273 
759.7028198242 531.0131225586 757.9780883789 491.9568176270 
792.6299438477 240.6604003906 799.2244873047 214.0556488037 
554.5612182617 481.0787963867 545.0267944336 427.9951782227 
505.3549499512 124.1510848999 497.7456054688 41.2988929749 
671.2755126953 278.0554504395 679.4778442383 237.2974090576 
669.5644531250 256.1036376953 666.2692871094 274.0494384766 
691.0791015625 491.0954589844 686.6968994141 448.8240966797 
663.7991333008 216.0038452148 663.2229614258 185.9573669434 
140.3626403809 328.1161804199 133.0494537354 287.9909973145 
759.6151123047 538.9921264648 760.4935302734 495.9896545410 
799.9657592773 339.7600097656 792.5376586914 309.8663940430 
662.3104248047 492.9414367676 659.4756469727 477.9103088379 
657.3906250000 436.7850036621 651.2106933594 396.8128356934 
569.6773071289 429.7399291992 554.5700683594 390.3971252441 
node_id_list 645 646 647 648 649 650 651 652 653 654 655 1844 4551 4552 4553 9087 12048 
score_list 8.7650614668 9.0184004613 6.9981294456 6.2723539761 6.8566644847 4.1290535028 6.3663087323 8.8796593860 5.1053328520 6.5275820964 8.8266569627 6.3800148798 2.3160154409 3.7018834545 0.0000000000 1.9881633961 2.9058159771 
line3d_list
1.5375302920 -0.0516432602 0.8531387835 1.5388719803 -0.0866361767 0.9752936253 
1.5401581428 -0.0526220746 0.8521180170 1.5387300689 -0.0855845183 0.9717964882 
1.5413481621 -0.0548922571 0.8455021831 1.5393967339 -0.0992971062 1.0070437297 
1.5285334554 -0.0432854904 0.8425453796 1.5260154145 -0.0791977619 0.9718044107 
1.5417989817 -0.0580952477 0.8451034186 1.5411629116 -0.0746168056 0.9182683167 
1.5370794729 -0.0488997820 0.8456184370 1.5332199175 -0.0843129585 0.9793103715 
1.5403966911 -0.0560238796 0.8427709196 1.5393132172 -0.1045077675 1.0538648280 
1.5440020420 -0.0492610796 0.8335792911 1.5421385608 -0.0873275332 0.9721562552 
1.5278877014 -0.0554575981 0.9001314991 1.5291725351 -0.0388764629 0.8376343652 
1.5374487028 -0.0501874318 0.8481008608 1.5342434787 -0.0828369914 0.9697111068 
1.5388096199 -0.0499001480 0.8468101943 1.5398958242 -0.0857685363 0.9693582931 
1.5388151771 -0.0496333716 0.8455463296 1.5366059919 -0.0833631833 0.9705874663 
1.5207373636 -0.0406125213 0.8388561408 1.5210330299 -0.0778614500 0.9745637506 
1.5260221184 -0.0541370233 0.8817233616 1.5243395102 -0.0784650097 0.9711291808 
1.5254462521 -0.0442128505 0.8445428581 1.5255770633 -0.0546457037 0.8824762747 
1.5259369456 -0.0553684944 0.8862490417 1.5241591223 -0.0810731479 0.9807141390 
1.5206851731 -0.0587726824 0.9073533087 1.5382600947 -0.0908209833 0.9912252811 
END
