1.7923687170 -1.4977841868 0.0126126529 1.8918165449 -1.5789390805 0.0237159212 
4 3
image_id_list 15 16 16 34 
line_id_list 14 32 235 20 
line2d_list
154.3385162354 473.3706359863 120.1981887817 481.8024597168 
432.0027160645 553.0192260742 468.9731445312 547.8094482422 
470.1492004395 549.0101318359 435.0292358398 554.1979370117 
510.9528503418 442.3355102539 476.9221191406 437.5544128418 
node_id_list 8558 8559 8560 8732 
score_list 0.0000000000 1.5922816989 2.1786780285 0.9374084865 
line3d_list
1.8062324425 -1.5200856250 0.0092015727 1.9002915955 -1.5928014886 0.0218362258 
1.8952334065 -1.5777682937 0.0284781400 1.7898514611 -1.4961196314 0.0144405550 
1.7832817682 -1.4973259535 0.0032601846 1.8802093395 -1.5792530224 0.0106283768 
1.7997330081 -1.4870908493 0.0248121162 1.8981519779 -1.5697041624 0.0344707491 
END
