3.1114403094 -2.5894505566 0.2194552702 3.1112481343 -1.9935419391 0.2198376647 
15 15
image_id_list 22 26 28 30 44 48 52 54 55 69 70 71 73 94 89 
line_id_list 63 201 152 33 38 13 142 26 47 244 149 63 19 39 29 
line2d_list
729.3334350586 221.5863494873 684.4824829102 247.0898895264 
746.0033569336 422.3161010742 600.9878540039 423.8529663086 
799.0753784180 354.7669067383 699.9570922852 358.9946289062 
463.8831787109 428.7912292480 372.8490905762 479.7303161621 
356.2434997559 316.7675170898 233.5820159912 355.6824951172 
189.7443084717 440.5504150391 59.2850494385 514.7428588867 
421.1368713379 447.5451660156 336.6856384277 468.7479248047 
249.1941528320 500.1713256836 167.1572723389 593.1387939453 
391.4142456055 478.6380920410 315.8165588379 527.7174682617 
799.4349365234 586.5717163086 688.1010742188 552.6680297852 
758.0066528320 375.4906921387 587.9973754883 377.8057556152 
473.0224304199 145.3808441162 346.9295654297 152.8035736084 
109.9319686890 249.9250488281 0.4039727747 349.3433532715 
379.1295471191 48.3534622192 227.5924224854 103.8878555298 
144.8228302002 471.6931152344 24.9435596466 540.9022216797 
node_id_list 9984 9985 9986 9987 9988 9989 9990 9991 9992 9993 9994 9995 9996 9997 10987 
score_list 11.9509600855 12.7210711099 6.8957071623 9.9416995190 6.9175608081 6.7995414630 7.9515437485 4.9848312196 3.9818148026 9.8964317478 10.3391165814 12.7280577843 4.9131945898 10.8171164408 4.9785214092 
line3d_list
3.1097027066 -2.5894520340 0.2208844131 3.1103106333 -2.1856712160 0.2205852102 
3.1109717298 -2.5865955484 0.2192415325 3.1113111774 -1.9985353987 0.2195140267 
3.1106111706 -2.3584066796 0.2194301870 3.1102688847 -1.9962201214 0.2198055201 
3.1101885758 -2.5909905468 0.2205418655 3.1113256069 -2.0028095228 0.2199289813 
3.1101484175 -2.5872301276 0.2203582381 3.1089225107 -1.9941618622 0.2216196413 
3.1102016871 -2.5842081482 0.2205347983 3.1113372607 -1.9967810553 0.2199226996 
3.1108576704 -2.5884010827 0.2200716421 3.1089273712 -1.9916711287 0.2216209159 
3.1128132506 -2.5863368126 0.2191068473 3.1080018797 -1.9940719693 0.2225741099 
3.1088733087 -2.5813140231 0.2217486467 3.1096151380 -2.0016650015 0.2214901143 
3.1105396635 -2.4152218380 0.2200672001 3.1109126643 -1.9971969445 0.2200068765 
3.1083064217 -2.5853383517 0.2210460628 3.1084715888 -1.9934798845 0.2211270586 
3.1069151604 -2.5854207924 0.2220682936 3.1111410969 -1.9938897094 0.2191654403 
3.1109050536 -2.5883315107 0.2200526870 3.1111185495 -2.0756198391 0.2206313862 
3.1102016415 -2.5902059771 0.2202362153 3.1109682085 -1.9935421111 0.2199650240 
3.1112427042 -2.5869918032 0.2199187075 3.1094820762 -1.9959727261 0.2213923816 
END
