-3.0012722471 -0.8529137069 0.3291236098 -2.8895380715 -0.8237841589 0.4703456613 
4 4
image_id_list 11 20 76 99 
line_id_list 137 177 62 130 
line2d_list
274.5093994141 118.8940277100 277.9898376465 102.7817916870 
787.1011962891 311.6579895020 792.3870849609 297.7667846680 
613.7607421875 263.2535705566 617.6604614258 251.5535278320 
599.5264282227 402.6957092285 602.8179321289 386.7559204102 
node_id_list 6906 6907 6908 9498 
score_list 1.8752178415 1.8229394778 1.9295270806 1.9775390305 
line3d_list
-2.9950575046 -0.8546969755 0.3187036340 -2.8942524280 -0.8228516317 0.4747029371 
-3.0055910985 -0.8527182359 0.3325003438 -2.8849073028 -0.8226579967 0.4772949747 
-2.9809749175 -0.8518343794 0.3332743874 -2.8993706437 -0.8276832541 0.4521448627 
-3.0311647602 -0.8590881913 0.3018174432 -2.8902175599 -0.8239806896 0.4709238070 
END
