1.9037424801 -2.9917248931 0.9712150961 2.0458256049 -3.0149576595 0.8445780284 
16 16
image_id_list 9 14 23 60 83 97 13 34 52 78 19 82 16 20 31 57 
line_id_list 211 176 166 130 172 144 119 165 314 144 207 155 170 161 194 165 
line2d_list
127.6992645264 362.6266174316 104.0364761353 389.0326843262 
287.6733398438 200.0458221436 271.9228820801 221.9445343018 
381.6443481445 80.5894927979 357.1578369141 104.1237792969 
320.5761718750 316.5525512695 294.8889465332 340.8827514648 
470.4712219238 322.6056213379 444.2359313965 343.0179748535 
306.6566162109 359.7673950195 280.8656616211 387.8767395020 
486.2608032227 237.9625244141 453.0305175781 261.6393432617 
311.7303161621 134.9712066650 288.9188537598 163.1239776611 
662.1256713867 331.9853515625 637.3937988281 353.2965087891 
455.1957092285 298.0585327148 423.9406127930 324.7599487305 
96.4904098511 274.6022033691 68.1479644775 305.2110595703 
187.4534301758 226.6232604980 165.5917968750 258.3400878906 
161.2663879395 252.8385314941 138.7287597656 286.4783325195 
20.3185882568 344.5187988281 0.2304247022 367.3220520020 
27.9571628571 383.9393310547 0.3316490650 411.3258056641 
185.2549743652 238.0246734619 160.3016357422 257.0857543945 
node_id_list 6030 6031 6032 6033 6034 6035 7960 7961 7962 7963 8499 8500 8836 9479 9480 9481 
score_list 1.7783360503 4.8055843895 3.7288474329 11.1603607638 8.0424293314 8.3620244205 4.0618772309 7.4881983371 3.9295395578 4.6666031213 1.8753527859 2.6138792459 2.4281522447 0.9394662396 6.0216326767 3.7903975601 
line3d_list
1.8963744851 -3.0119063364 0.9637859210 2.0338716695 -3.0150140707 0.8539888216 
1.9084656695 -2.9975433091 0.9650851790 2.0023142543 -3.0107291571 0.8800044566 
1.9019508278 -2.9916213780 0.9728445165 2.0208327250 -3.0255087686 0.8587085900 
1.9149463397 -2.9972568986 0.9596530122 2.0384523178 -3.0352817162 0.8400340539 
1.9070825492 -2.9975517582 0.9658596127 2.0282416628 -3.0148070493 0.8589189245 
1.9029390266 -2.9996241043 0.9672863608 2.0305976294 -3.0179581738 0.8544806318 
1.9082810363 -2.9889126366 0.9684375363 2.0266244843 -3.0251788353 0.8538812548 
1.9210500530 -2.9769359427 0.9664084066 2.0348277085 -3.0467603958 0.8339101865 
1.9085462870 -2.9926314521 0.9672297072 2.0419415864 -3.0140275470 0.8482440469 
1.9111602236 -2.9843960354 0.9689752831 2.0185609181 -3.0330857009 0.8552957769 
1.9141316326 -2.9914014801 0.9650229848 2.0413460845 -3.0223599593 0.8406509728 
1.8947834575 -3.0159029432 0.9643048996 2.0498915381 -2.9990119062 0.8488341940 
1.9120071008 -2.9716520040 0.9768052001 2.0186902566 -3.0498879064 0.8461271165 
1.8952512845 -3.0100681401 0.9640810283 1.9854930899 -2.9959080110 0.9018968252 
1.8917058489 -3.0106244657 0.9665241320 2.0203722798 -2.9904350063 0.8778621263 
1.9052689863 -2.9954037415 0.9664690605 2.0286068743 -2.9803223888 0.8784472574 
END
