2.1175911216 0.0873785350 0.2182215742 2.7348769057 0.0879034988 0.2170488775 
6 6
image_id_list 26 67 68 75 28 29 
line_id_list 175 77 107 35 280 385 
line2d_list
150.9608764648 468.9588623047 63.8274536133 551.8185424805 
532.0159301758 505.2741088867 341.9758911133 501.0971679688 
571.4388427734 283.7333984375 501.6845092773 325.4727478027 
429.0113830566 294.5201110840 340.9878845215 296.4472351074 
243.5410003662 418.4890136719 168.4797515869 501.5297546387 
235.4511260986 426.4514465332 224.9476013184 436.9475708008 
node_id_list 10960 10961 10962 10963 11377 11378 
score_list 1.7065938079 4.6282918753 1.9876250842 3.5472992936 2.7119972488 0.9928633164 
line3d_list
2.7222018270 0.0872099316 0.2180169274 2.1175917698 0.0871490865 0.2184600830 
2.7373477296 0.0887383458 0.2163087075 2.1075087353 0.0871499154 0.2184654244 
2.7253141341 0.0872102448 0.2180146462 2.4120761484 0.0871787220 0.2182442374 
2.7351329399 0.0878281164 0.2169229989 2.4824462945 0.0878646420 0.2173363729 
2.7348599725 0.0957164914 0.2116330625 2.1155647510 0.0803116761 0.2230375911 
2.7191942999 0.0887380365 0.2163403722 2.6344034269 0.0855357552 0.2186349415 
END
