1.2744796321 -2.9749565929 1.0146713157 2.5021495022 -3.1149594183 0.9772218064 
3 3
image_id_list 21 34 55 
line_id_list 4 3 8 
line2d_list
410.0206604004 146.0610656738 94.9818420410 142.7042236328 
445.6370544434 101.9570541382 186.0144958496 148.0816192627 
799.0510864258 325.4689025879 516.9843750000 319.7743835449 
node_id_list 9562 9563 11833 
score_list 4.5968372296 4.0426304947 2.8115537971 
line3d_list
1.1502625033 -2.9607909370 1.0184605025 2.5295630671 -3.1180856468 0.9763855681 
1.1720167564 -2.9586604501 1.0192166760 2.5037735385 -3.1016326283 0.9806395319 
1.2745626527 -2.9746879971 1.0163887672 2.5730037327 -3.0990890575 0.9789165319 
END
