-0.1934625288 -0.4245933741 0.4704622424 -0.1940403734 -0.7810938084 0.4694475013 
3 3
image_id_list 4 64 74 
line_id_list 15 21 7 
line2d_list
386.8298034668 231.8185119629 334.6776733398 280.7226867676 
401.0084533691 486.7987060547 236.0474395752 479.8706054688 
114.7955322266 317.6917724609 0.6214457750 393.4293212891 
node_id_list 3603 3604 3605 
score_list 9.8865332833 6.1840862627 8.9425273201 
line3d_list
-0.1934625288 -0.4245933741 0.4704622424 -0.1940403734 -0.7810938084 0.4694475013 
-0.1883881815 -0.3961813131 0.4645194112 -0.1841597766 -0.8922807474 0.4655413928 
-0.2002530755 -0.4024632604 0.4677271805 -0.1999951956 -0.8646979617 0.4668242770 
END
