3.1116341851 -2.0037098011 0.9957930167 3.1204254191 -2.0106449783 1.7980738863 
9 5
image_id_list 44 48 52 52 54 55 55 44 48 
line_id_list 160 135 317 318 128 169 173 168 130 
line2d_list
222.8207702637 78.0591201782 219.1073913574 3.9946160316 
21.5570545197 202.0555267334 4.1236052513 62.9845046997 
337.1899719238 224.9971923828 336.8364868164 326.9994201660 
339.0557556152 340.0048828125 339.9813537598 140.0045471191 
100.1565780640 309.7194519043 53.3867683411 116.9061813354 
287.5982360840 312.9183349609 269.1766357422 177.9758911133 
272.0657348633 214.1205444336 286.5084838867 326.0634155273 
215.3846130371 4.9801702499 223.2244873047 157.0399780273 
6.6694388390 115.9140396118 23.7464523315 248.9041442871 
node_id_list 12489 12490 12491 12492 12493 12494 12495 12498 12499 
score_list 3.7514743852 3.3236272066 3.3730175182 3.2471765778 2.7811011337 3.4402295404 2.6316922237 3.5186546621 2.9689187823 
line3d_list
3.1158610219 -2.0073502757 1.2501455890 3.1158211032 -2.0065522692 1.4704930542 
3.1141072176 -2.0054560933 1.2286889957 3.1185111288 -2.0091134898 1.6040724282 
3.1165706464 -1.9942972301 1.4586345722 3.1205808732 -1.9976671285 0.9472176711 
3.1153240187 -2.0080099995 0.8809117407 3.1255915795 -2.0161158221 1.8793417108 
3.1158659015 -2.0074478220 1.2232108845 3.1157617402 -2.0053655579 1.7981706270 
3.1114062096 -2.0051451189 1.2292713063 3.1134022300 -2.0040993479 1.8149528942 
3.1111768908 -1.9910346697 1.6625855927 3.1206250753 -1.9971000795 1.1718032413 
3.1060431336 -1.9889491505 1.4681293425 3.1085381657 -1.9914499718 0.9959329203 
3.1151424660 -1.9946335859 1.4657691480 3.1052228203 -1.9878799250 1.0969363580 
END
