-0.1870419082 -0.2935321393 0.3643562513 -0.1884817331 -0.2952477499 2.3636140429 
43 32
image_id_list 0 1 1 4 8 12 17 32 39 39 45 46 47 58 58 59 66 79 85 87 87 90 92 93 32 64 74 11 42 8 9 10 37 86 99 9 10 37 76 86 99 18 65 
line_id_list 50 38 141 119 103 186 206 111 134 147 127 116 186 145 206 140 180 76 236 197 236 151 158 51 93 114 167 39 92 96 49 61 94 137 30 67 40 76 35 45 69 132 74 
line2d_list
348.7575378418 35.9172821045 234.8083343506 369.9346008301 
357.0759277344 105.6875152588 330.0055541992 359.0005798340 
368.6268920898 0.8524248004 358.2899780273 97.0311660767 
341.4423828125 0.2824020982 411.1517639160 237.5430297852 
641.6243896484 162.6332550049 562.3872070312 459.8366394043 
459.9063720703 0.9501914382 452.4793395996 164.0218353271 
313.0811462402 0.8216202855 361.6539916992 295.2220764160 
711.5515136719 19.0114765167 710.4074707031 73.9876708984 
608.8499755859 114.9685287476 600.8359375000 153.1753387451 
599.9776000977 157.8014373779 542.4742431641 453.8978881836 
799.3027343750 439.0729980469 777.4650268555 529.6298217773 
374.5438842773 0.9066792130 398.7925109863 402.0729980469 
241.9275054932 0.8086968660 266.5742492676 249.1415100098 
346.1256408691 70.9662780762 332.0468139648 436.0018005371 
348.0424804688 1.0204838514 346.7657775879 65.9953994751 
376.3350524902 0.9355345368 359.5292053223 434.9817810059 
73.4902343750 0.4400432110 105.4785461426 85.5716857910 
769.8448486328 0.7761732936 701.0499877930 355.8159179688 
526.1392822266 0.9100168347 549.3707275391 295.0497131348 
307.8003234863 20.9871063232 307.2628173828 71.0028228760 
307.3841247559 77.9984207153 306.3934020996 465.0010070801 
571.1838989258 0.7929580808 528.0656738281 379.0074768066 
525.7918701172 99.9555282593 451.2490844727 448.8395690918 
232.7583160400 24.6019115448 284.8948364258 305.3908996582 
710.0636596680 77.9757537842 702.0104980469 388.9743652344 
544.0505371094 0.5502402186 424.9573059082 516.7594604492 
74.5763320923 0.6628077626 144.4535827637 327.3307800293 
351.7214965820 0.8858979940 327.8025207520 268.8931274414 
783.1627807617 0.7293568254 725.2667236328 393.7446594238 
653.9202880859 118.6971130371 642.7151489258 158.6395568848 
795.0581665039 68.0019073486 793.1577148438 125.9723892212 
763.9396972656 35.7487144470 748.5036621094 100.8823699951 
695.8610839844 0.9391260743 694.2031860352 31.9574108124 
781.9434814453 0.8967288733 780.0754394531 20.0073757172 
664.3308715820 86.9344177246 658.7402343750 143.9745483398 
792.3916625977 129.9764404297 783.6005249023 356.9845275879 
747.4080200195 105.8588409424 664.7018432617 452.6904296875 
694.2147216797 35.9599647522 676.5264892578 382.9248657227 
768.7632446289 0.8287362456 716.1337890625 380.8800354004 
779.6748046875 25.8769531250 744.4860229492 404.8594360352 
658.3719482422 148.9402618408 642.0046997070 321.0004577637 
500.8978576660 0.9451467991 486.3144531250 293.9658813477 
559.0622558594 0.6295153499 532.0675048828 141.8217163086 
node_id_list 445 446 447 448 449 450 451 452 453 454 455 456 457 458 459 460 461 462 463 464 465 466 467 468 1652 1653 1654 3778 3779 4758 4759 4760 4761 4762 4763 4806 4807 4808 4809 4810 4811 6269 6791 
score_list 14.2992431606 14.1229568277 8.3665366928 15.7921130110 9.5999179837 10.3081171554 14.5904122967 3.7224329527 6.3884251016 14.9265628049 6.8754399030 17.5547864582 14.3757003887 16.4830142361 2.0252238464 14.6652682804 12.8931182000 10.7638308493 12.5643817612 6.4603055770 15.4409340280 16.2595539396 9.7240338404 14.0845578280 10.7507417573 14.1701454796 9.2479798357 12.7563011526 9.9849963403 4.9497855619 3.9592262738 4.7985706457 4.7161855312 4.4988591968 3.8887415305 5.4864007694 6.5638593842 8.6069231663 8.9204730094 8.5744040086 6.5419352426 15.6671440120 12.2282108199 
line3d_list
-0.1668714810 -0.3012977321 2.3061512556 -0.1931479164 -0.2905305275 0.3694703795 
-0.1753080826 -0.2985447053 1.6603384917 -0.1917722380 -0.2913419523 0.3653674225 
-0.1677801882 -0.3006155725 2.1190797498 -0.1733834427 -0.2983035859 1.6999098630 
-0.1826714131 -0.2956987117 1.3228700978 -0.1910836779 -0.2915609106 0.3665458372 
-0.1921513898 -0.2959495344 2.0661039174 -0.1809239782 -0.2941404036 0.3746309842 
-0.1899971166 -0.2946792401 1.1344463057 -0.1752743574 -0.2958192442 0.3758755767 
-0.1909753172 -0.2958037138 1.9862238498 -0.1841496725 -0.2944405828 0.3714991591 
-0.1929259749 -0.2958993602 2.3587545476 -0.1843264608 -0.2957182714 2.0851932661 
-0.1825958572 -0.2960254719 2.2903420802 -0.1944453044 -0.2950344388 2.0896126828 
-0.1907079814 -0.2958139304 2.0646495423 -0.1772121579 -0.2937928228 0.3734164799 
-0.1890222858 -0.2934843029 0.7094148581 -0.1893512078 -0.2933812059 0.3708834970 
-0.1896783933 -0.2948532724 2.0197114214 -0.1874332925 -0.2937858407 0.3698812090 
-0.1793470916 -0.2965673482 1.2665177818 -0.1888873125 -0.2920442940 0.3643561991 
-0.1879964114 -0.2955606830 2.0652510832 -0.1802769958 -0.2940784564 0.3713841274 
-0.1638965119 -0.3037737443 2.3563377028 -0.1740809611 -0.2960425468 2.0842990450 
-0.1792000331 -0.2973553554 1.8067513085 -0.1872678154 -0.2939546487 0.3689117439 
-0.1860327111 -0.2947578748 0.6962264305 -0.1900153958 -0.2931300756 0.3677103593 
-0.1864932464 -0.2953281230 1.8602904169 -0.1824763120 -0.2942846655 0.3726863576 
-0.1935059347 -0.2945214647 1.7821188419 -0.1802846164 -0.2940936951 0.3715127859 
-0.1887514673 -0.2944541842 2.2955258045 -0.1870062300 -0.2969650519 2.0960831935 
-0.1852041117 -0.2972005029 2.0677122658 -0.1924996533 -0.2911960046 0.3662271450 
-0.1862967216 -0.2965020552 1.9695578314 -0.1823719791 -0.2947166965 0.3723576125 
-0.1775895639 -0.2956928082 1.3907241235 -0.1874882564 -0.2934573825 0.3678213767 
-0.1778766337 -0.2977360328 1.6611666246 -0.1928263914 -0.2909953686 0.3562425475 
-0.1941120960 -0.2946959088 2.0662933048 -0.1761972587 -0.2942729139 0.3769804540 
-0.1897051719 -0.2947793670 1.9165660355 -0.1890882791 -0.2937133857 0.3678252041 
-0.1672125655 -0.2999709146 1.4803825544 -0.1927280020 -0.2911372798 0.3643181855 
-0.1890680156 -0.2939873369 1.5197298040 -0.1845013297 -0.2936420829 0.3700976576 
-0.1874857723 -0.2939307687 1.3569180498 -0.1863621454 -0.2936576093 0.3710838490 
-0.1842624679 -0.2954662560 2.2974397771 -0.1942072702 -0.2953982601 2.0876498171 
-0.1876706124 -0.2952758614 2.3688199964 -0.1962618551 -0.2948325267 2.0841173729 
-0.1847046191 -0.2956335684 2.3636164320 -0.1921245423 -0.2953116644 2.0868886649 
-0.1869425113 -0.2956592933 2.2180471637 -0.1867402223 -0.2959465468 2.0847656073 
-0.1841275563 -0.2955243472 2.1614257854 -0.1847014394 -0.2957472979 2.0879273936 
-0.1871688988 -0.2953378197 2.3672064200 -0.1867458255 -0.2959385902 2.0884573517 
-0.1805396647 -0.2956904136 2.0628377486 -0.1761854793 -0.2955093244 0.8935530443 
-0.1929079368 -0.2949578337 2.0653030490 -0.1821614952 -0.2929593253 0.3755794593 
-0.1895752834 -0.2946781821 2.0676009250 -0.1808446979 -0.2948011005 0.3739272672 
-0.2043827319 -0.2925344188 2.0131306578 -0.1751563819 -0.2953099601 0.3736240531 
-0.1908822332 -0.2942630575 2.0656721588 -0.1803896255 -0.2949461929 0.3749519934 
-0.1870437417 -0.2954711223 2.0641570855 -0.1847387219 -0.2948723596 1.2105317717 
-0.1887924650 -0.2940209111 1.6010242440 -0.1832844607 -0.2941561448 0.3702738373 
-0.1853331955 -0.2934997297 0.7769844629 -0.1864989102 -0.2938322131 0.3716657000 
END
