1.1715929651 -2.9991441480 0.7277966913 1.1716014964 -2.9984521922 0.8336942109 
42 42
image_id_list 2 7 21 33 34 38 43 51 53 56 77 80 81 88 95 96 20 76 84 86 98 9 23 10 16 31 37 13 14 48 54 60 73 78 83 89 97 57 82 19 99 71 
line_id_list 39 82 74 114 141 132 100 65 26 133 87 54 112 62 65 116 123 74 133 108 53 141 42 135 147 130 97 79 126 7 88 127 13 82 39 42 125 43 156 112 66 40 
line2d_list
253.0602722168 358.9870300293 261.6825561523 399.0682983398 
28.7825031281 116.4940109253 39.1344490051 152.9618377686 
400.2653808594 183.9385528564 398.6661376953 203.0557250977 
220.9884185791 377.8727722168 223.4431762695 396.9429626465 
443.2260437012 137.9161682129 444.3924255371 154.9731597900 
254.5301208496 355.9976806641 254.4158935547 379.0020751953 
10.9005575180 521.7382202148 19.9893589020 553.0031127930 
313.4784240723 308.0453186035 315.7362976074 334.0229187012 
284.9990844727 324.9999694824 284.2078857422 349.0397644043 
405.3547668457 346.9925231934 405.5096435547 375.0027160645 
264.8740844727 398.5758361816 271.0771789551 425.9825134277 
365.6759948730 276.9710998535 363.5289611816 301.0471801758 
242.5004119873 317.1062011719 247.3939056396 340.1288146973 
189.9480743408 305.9587402344 188.9642639160 331.0378112793 
34.5311431885 384.8155517578 38.0461006165 413.9944458008 
158.5386810303 363.0362548828 160.2638549805 384.9792480469 
180.1242675781 332.0513916016 181.2973480225 352.0412292480 
8.4363746643 301.0813598633 12.0320930481 325.9953613281 
133.1473693848 288.1695251465 137.6985778809 311.0599365234 
62.0472793579 366.1448364258 65.6810836792 390.0484924316 
166.8213500977 336.9976501465 166.5076599121 360.9935607910 
239.2729644775 363.0600585938 240.5991668701 379.1157226562 
499.5512695312 97.8655319214 498.0447082520 114.0969696045 
64.5768814087 280.9946899414 64.3384475708 300.0167846680 
295.7762756348 232.0422058105 299.3407897949 250.9356994629 
177.4114074707 382.8588867188 179.2227935791 400.9777221680 
33.6871185303 358.8887634277 37.2601318359 380.9578857422 
628.3920898438 271.8683471680 623.7789306641 293.1687011719 
408.4241333008 197.8070373535 410.8911743164 216.0147399902 
762.5496826172 349.9219055176 757.4626464844 379.2536621094 
741.4430541992 313.0029296875 741.5803222656 339.0022277832 
457.4099731445 331.9918212891 457.5143432617 350.0028076172 
727.7815551758 116.4126815796 719.7306518555 151.1692504883 
599.8558959961 318.9863891602 597.7798461914 340.9792175293 
604.5727539062 347.9476318359 602.3403930664 366.1642456055 
627.8541870117 407.9808959961 624.6956176758 432.0911254883 
420.5789794922 364.9758300781 420.2889404297 382.0219421387 
307.9880371094 263.9986877441 306.1156616211 281.1219787598 
306.1152343750 218.9825439453 308.7012023926 236.0452880859 
228.6264648438 276.9160156250 229.5098266602 294.0252990723 
21.8654880524 351.9944152832 21.0363101959 372.0014953613 
774.4887084961 319.8002319336 760.6388549805 355.2496032715 
node_id_list 2302 2303 2304 2305 2306 2307 2308 2309 2310 2311 2312 2313 2314 2315 2316 2317 4377 4378 4379 4380 4381 5766 5767 6491 6492 6493 6494 7830 7831 7832 7833 7834 7835 7836 7837 7838 7839 8417 8418 8828 11684 12675 
score_list 14.6629195625 10.3181109841 16.2835520091 16.7081456461 13.6139941072 10.7544521312 9.1375049151 17.2793797029 16.7181707112 12.9857292954 14.1427312744 17.1628743082 16.3413370049 14.8526365707 12.2709621747 15.4199986046 6.1758017017 5.8155780097 7.8437425185 8.5471288762 11.6592284025 5.5433179377 13.3069155358 4.4568642042 6.2507534415 14.4029166746 10.5219824147 11.0112053605 7.0837302873 11.8152597577 14.7638729869 14.9996465195 9.8612470927 14.9914831924 14.6304380736 13.5368207610 15.2698404636 8.8075549965 9.5762127396 6.5825880032 7.3812918333 2.9860029915 
line3d_list
1.1725577503 -2.9969541070 0.8336843451 1.1715229283 -2.9990001688 0.7322904057 
1.1702414110 -2.9997907361 0.8302673906 1.1708109478 -3.0002860486 0.7327983099 
1.1693013864 -3.0029637394 0.8275044314 1.1710722109 -2.9995159881 0.7332598262 
1.1732576499 -2.9976833991 0.8312469298 1.1741115213 -2.9950042668 0.7321951638 
1.1761956656 -2.9949946031 0.8256292485 1.1718042263 -2.9988390089 0.7310558205 
1.1724410047 -2.9986953530 0.8305490661 1.1715468856 -2.9981893620 0.7304406968 
1.1724620757 -2.9961067231 0.8319829840 1.1714510196 -2.9991972648 0.7305918325 
1.1715185466 -2.9991040259 0.8310602207 1.1713418877 -3.0004189761 0.7323002247 
1.1724077748 -2.9993263827 0.8304010891 1.1714503152 -3.0007437212 0.7339717101 
1.1699631872 -3.0004057996 0.8288521324 1.1706405737 -3.0022741345 0.7294739136 
1.1717139201 -2.9975151428 0.8307947729 1.1711854854 -2.9996800244 0.7316086043 
1.1708168545 -3.0004496445 0.8297024059 1.1719088369 -2.9987449802 0.7329151546 
1.1735396147 -2.9970619600 0.8343092511 1.1723440652 -2.9990414197 0.7322598774 
1.1716447757 -2.9987392244 0.8284432487 1.1711688955 -3.0001433842 0.7329607962 
1.1727326577 -2.9959172341 0.8291197573 1.1713003952 -2.9995638002 0.7298438340 
1.1708421934 -3.0004306329 0.8307576218 1.1730099831 -2.9976378120 0.7336212473 
1.1741469370 -2.9948487080 0.8332157676 1.1767921245 -2.9941196901 0.7352973048 
1.1738690785 -2.9968218407 0.8314157812 1.1688220269 -3.0019524922 0.7282376244 
1.1741163848 -2.9957295528 0.8322538113 1.1725927436 -2.9984557394 0.7298513209 
1.1798065500 -2.9888480262 0.8355839008 1.1711605509 -3.0001983208 0.7278036143 
1.1766709577 -2.9945331727 0.8318559031 1.1745775391 -2.9972471605 0.7295518590 
1.1599917341 -3.0159414793 0.8275674132 1.1760292340 -2.9926589891 0.7349071633 
1.1737086084 -2.9977806123 0.8276779536 1.1766389959 -2.9930564287 0.7395085361 
1.1755488154 -2.9954711397 0.8295097524 1.1676557362 -3.0028629018 0.7323461960 
1.1719856310 -2.9983594783 0.8312037035 1.1749344677 -2.9969571471 0.7294517481 
1.1773498087 -2.9925000150 0.8278162950 1.1769458765 -2.9914650604 0.7329560825 
1.1725371629 -2.9976413441 0.8311084744 1.1689441235 -3.0028439932 0.7305061686 
1.1714939334 -2.9997101069 0.8305383356 1.1713503835 -3.0000773002 0.7283332869 
1.1652988101 -3.0101402019 0.8272875729 1.1763737421 -2.9926530868 0.7312309539 
1.1715170851 -2.9991149044 0.8302431835 1.1713459731 -3.0003885668 0.7345841344 
1.1719045898 -2.9991771323 0.8314824558 1.1715372329 -2.9998322130 0.7302173932 
1.1713418048 -3.0005799187 0.8286776858 1.1706903154 -2.9999316121 0.7309300244 
1.1714525642 -3.0007377391 0.8299411655 1.1713567865 -3.0001670701 0.7362150970 
1.1717490876 -3.0001332401 0.8309257396 1.1717176549 -2.9987123557 0.7302070330 
1.1709728200 -3.0002981726 0.8306615232 1.1740824564 -2.9965577110 0.7340257588 
1.1719168813 -2.9933018760 0.8306920006 1.1711443151 -3.0006347702 0.7327600217 
1.1739003312 -2.9973185446 0.8267370414 1.1729545562 -2.9976928379 0.7334725591 
1.1739403862 -2.9973026927 0.8306869302 1.1729564536 -2.9976920870 0.7336596642 
1.1695184471 -3.0032045971 0.8278671534 1.1677084224 -3.0036428491 0.7275210796 
1.1709032514 -3.0003453446 0.8269570417 1.1658032428 -3.0048861908 0.7293576949 
1.1769168434 -2.9932839351 0.8266188878 1.1698787258 -3.0007281768 0.7269288019 
1.1715386204 -2.9985827229 0.8306405736 1.1714370495 -2.9980698217 0.7341343778 
END
