-0.1755536631 0.4314754846 1.3337864884 -0.1801331552 0.9055616277 1.3333101018 
10 7
image_id_list 8 17 46 58 17 46 58 18 39 85 
line_id_list 140 48 80 80 22 75 72 64 171 74 
line2d_list
799.2250976562 340.0142517090 781.2489013672 335.9098205566 
535.9635009766 96.7836990356 471.9302368164 107.5864334106 
663.9753417969 162.5765838623 546.9644165039 169.3885498047 
570.0355834961 244.2266540527 528.0324707031 242.2942199707 
471.1318359375 110.7765502930 540.1788940430 99.0536804199 
546.0004882812 173.0085601807 674.0242919922 165.4096832275 
527.9485473633 245.3845367432 577.0294189453 247.2084045410 
799.0009765625 74.5464172363 687.9978027344 74.7431335449 
779.9357910156 322.4060363770 764.0177001953 319.8881225586 
785.9320678711 63.5626029968 760.9143676758 67.4486923218 
node_id_list 4881 4882 4883 4884 8907 8908 8909 8927 9061 12066 
score_list 0.7583634354 2.7554821207 4.4973091187 3.9240882037 1.5858800059 2.6687416149 2.3697125897 2.4373257665 2.4255850243 1.9015544023 
line3d_list
-0.1757064809 0.7500667785 1.3346205001 -0.1752568526 0.6536241924 1.3347184948 
-0.1763447555 0.8869728647 1.3344813906 -0.1745142598 0.4943424595 1.3348803400 
-0.1875438471 0.8757653599 1.3331072091 -0.1860560503 0.3778433509 1.3335104913 
-0.1699926269 0.8753577815 1.3337676953 -0.1806098840 0.6497841540 1.3345802468 
-0.1642426878 0.4841798738 1.3196413752 -0.1624829351 0.9057184849 1.3197387417 
-0.1799920362 0.3719017641 1.3191455716 -0.1704778648 0.9113119157 1.3194934767 
-0.1725722437 0.6468005336 1.3197161429 -0.1640078402 0.9124924596 1.3204806919 
-0.1791688135 0.8572419234 1.3334388450 -0.1516728587 0.4317096162 1.3372219119 
-0.1653923982 0.8740008221 1.3336725537 -0.1706754548 0.7850890907 1.3336032770 
-0.1712118378 0.8828967139 1.3335178432 -0.1804499980 0.7704032362 1.3333651617 
END
