0.6023551251 -0.3249714044 0.0096840656 0.3010677805 -0.0239081551 0.0097870515 
18 9
image_id_list 0 4 4 12 47 47 66 66 87 90 90 0 74 74 65 65 65 65 
line_id_list 272 62 95 63 108 187 35 163 153 67 200 286 29 104 22 2 29 46 
line2d_list
304.5156555176 467.1055908203 302.7081604004 493.0493469238 
601.4864501953 333.4581298828 567.5432128906 295.4075012207 
569.7871093750 295.1928710938 604.0203857422 332.9815368652 
516.4620971680 305.6998596191 538.2317504883 266.6873474121 
407.3592834473 353.9493103027 414.8488159180 407.0213317871 
413.0218505859 406.9971618652 406.1339416504 353.9826049805 
237.8688812256 252.9669494629 254.0552673340 188.7618255615 
255.8471221924 190.2079010010 239.8917388916 255.2188568115 
405.9752807617 599.3037109375 414.1514892578 573.0471801758 
612.8330078125 554.9479370117 629.9689941406 499.9903259277 
630.5366821289 502.1605224609 614.1224365234 557.0366210938 
301.6473999023 491.0508422852 303.4552307129 468.0357666016 
332.2457580566 465.8996276855 312.7260742188 418.1119079590 
314.2801818848 417.8835754395 334.2321472168 465.9035339355 
493.7506408691 446.6488037109 541.7133789062 412.5963134766 
545.4415893555 410.2207946777 612.4359130859 362.2127990723 
544.4019775391 413.5616760254 494.2998962402 449.4190368652 
613.4012451172 364.5580139160 547.6175537109 411.8588867188 
node_id_list 1417 1418 1419 1420 1421 1422 1423 1424 1425 1426 1427 1462 3702 3703 7129 12616 12617 12618 
score_list 4.6195305222 6.8675790438 6.7845657016 6.3258389585 6.3878793915 6.6793726736 6.3756600700 4.9242498595 3.9622978105 2.9462036870 1.6150770261 4.7912115263 5.9290071404 5.7785638685 2.7653189664 2.3344018608 1.9335685982 1.9708402428 
line3d_list
0.3245750658 -0.0446146014 0.0084770087 0.5476238333 -0.2705675113 0.0054520652 
0.5877138752 -0.3158317082 -0.0008317673 0.3662050903 -0.0939121237 -0.0008794090 
0.3812141554 -0.1036624378 0.0084498817 0.6015039482 -0.3238893140 0.0095340888 
0.5781382300 -0.3040106894 0.0019147420 0.3150629748 -0.0404212706 0.0018905823 
0.3575746030 -0.0759632919 0.0022648601 0.5923835225 -0.3106242468 0.0006110943 
0.5863944431 -0.3134926742 -0.0006926688 0.3541363045 -0.0793772801 0.0023117901 
0.5931676107 -0.3157949527 0.0131521533 0.3290962559 -0.0507989572 0.0135673115 
0.3254704970 -0.0424464566 -0.0003281899 0.5927949419 -0.3102817319 -0.0020023326 
0.4451628280 -0.1720437465 0.0003375605 0.3078048235 -0.0330365254 0.0020286120 
0.5828602286 -0.3100076110 -0.0008138649 0.2994238634 -0.0255500054 0.0001676415 
0.3263650730 -0.0444398196 0.0109057675 0.6098321039 -0.3258446447 0.0141598580 
0.5178189766 -0.2460497651 -0.0034299254 0.3218849975 -0.0474340280 0.0015087025 
0.5867277756 -0.3141493540 0.0000248460 0.3933291753 -0.1194700290 0.0011209409 
0.4048008274 -0.1260123347 0.0112181303 0.5990260698 -0.3208540520 0.0107252281 
0.6002640072 -0.3270614504 0.0020005055 0.4817800131 -0.2080490348 0.0031179952 
0.4798094022 -0.2001362982 0.0128027191 0.2959891721 -0.0166057447 0.0150806746 
0.4823793701 -0.2008066829 0.0011598621 0.6077206601 -0.3253590716 0.0016451891 
0.2890784272 -0.0091312770 -0.0027598317 0.4724810932 -0.1915805937 -0.0036084941 
END
