3.5638338002 -0.9529508033 0.8784254580 3.5608763571 -0.7036659702 0.8797000043 
4 4
image_id_list 25 26 28 29 
line_id_list 91 215 257 128 
line2d_list
432.0856628418 387.6550903320 352.9608459473 382.6144714355 
337.9029235840 274.8238220215 383.0083312988 271.1010131836 
412.9738769531 214.8181915283 460.1491088867 208.0373992920 
531.0827026367 229.9392089844 472.0517272949 225.3364715576 
node_id_list 10651 10652 10653 10654 
score_list 5.3873516304 2.3601126500 0.9846556734 3.6271138981 
line3d_list
3.5662434417 -0.9594348644 0.8773394154 3.5665782189 -0.7071640316 0.8771932715 
3.5719661350 -0.6993849011 0.8731834259 3.5696242700 -0.9528636932 0.8748239949 
3.5635155718 -0.7036335132 0.8794758369 3.5626647273 -0.9598720743 0.8800047349 
3.5654905255 -0.9089325491 0.8779208632 3.5640165983 -0.6524668472 0.8791235947 
END
