2.4061095387 -3.2942252330 1.1289638628 2.3856118955 -3.0668041683 1.1135194116 
6 6
image_id_list 13 83 16 23 78 34 
line_id_list 171 216 243 188 183 207 
line2d_list
373.9096374512 193.7265014648 355.3689880371 180.4834136963 
372.7565612793 289.2259216309 360.6209411621 277.3647155762 
30.4148883820 255.7727813721 10.0391073227 248.8843231201 
279.8160705566 52.6574859619 265.1546936035 43.7454872131 
332.4924621582 261.1568298340 315.7716674805 251.3909301758 
206.4373016357 116.3122787476 194.2699432373 108.5754699707 
node_id_list 8056 8057 8886 8887 8888 10383 
score_list 0.8684728411 2.7563672667 0.6958765563 1.8909821861 1.9028414285 0.9690994411 
line3d_list
2.3878713672 -3.0554358024 1.1155949796 2.3948658910 -3.3335879406 1.1199112242 
2.3861845199 -3.0650336071 1.1137811819 2.4084075122 -3.2971376751 1.1303616274 
2.3882572555 -3.0707814718 1.1158331070 2.3935871489 -3.2827360382 1.1191221263 
2.3851452213 -3.1045718644 1.1131269794 2.4068317330 -3.2614175104 1.1300283113 
2.3862607486 -3.0856090109 1.1141311721 2.4011021467 -3.2535316666 1.1253956355 
2.3887969501 -3.0663930441 1.1153460989 2.3961224440 -3.2955254079 1.1230733808 
END
