-0.0120185067 -1.4532836843 0.4085837213 0.2596908548 -1.4378218020 0.4112574763 
16 16
image_id_list 11 40 14 15 16 19 21 31 33 57 82 99 91 65 42 62 
line_id_list 66 9 45 42 52 93 41 77 56 65 56 98 46 33 30 45 
line2d_list
50.7266578674 251.4366149902 27.8779373169 278.8984375000 
77.0507583618 516.7847290039 47.0104751587 557.0078125000 
799.6925659180 259.0135803223 786.8539428711 267.7862243652 
387.4129943848 210.5218048096 369.0461425781 225.0583038330 
692.0360717773 273.2456054688 672.2049560547 291.2260131836 
581.5722045898 360.8258361816 563.5327148438 373.3255920410 
799.1656494141 400.4244689941 776.1283569336 403.1037902832 
559.9770507812 443.9651489258 540.7600097656 456.6360473633 
623.9383544922 450.7273864746 596.7317504883 465.5061950684 
653.6195068359 403.6662292480 631.3516235352 411.9456481934 
661.0226440430 270.3885803223 642.8383789062 283.7805175781 
403.9621582031 445.8319091797 387.6770629883 454.3851623535 
799.0106201172 462.0598449707 718.9804077148 476.2494812012 
113.4022140503 128.9396362305 76.5016632080 184.0062713623 
302.6434936523 390.2620544434 268.9360961914 459.4560241699 
398.5248718262 175.6487884521 347.7672424316 216.7123107910 
node_id_list 6828 6829 8237 8238 8239 8240 8241 8242 8243 8244 8582 9265 9594 12093 12178 12179 
score_list 3.1242616210 2.8234231831 3.2297523801 3.4049662787 5.1362098826 4.4808475133 2.2963031074 4.2752733390 4.6812739084 2.9004470211 3.8347604508 3.3629399668 2.8330478346 1.8992652546 2.7805270261 3.7151853459 
line3d_list
-0.0025659624 -1.4492727218 0.4143181694 0.2257142153 -1.4491974004 0.3989944493 
0.0002057889 -1.4499136330 0.4117875215 0.2318555954 -1.4391025507 0.4111097465 
0.0953520670 -1.4391621883 0.4171510945 0.2658708954 -1.4279159357 0.4205106171 
0.0312029085 -1.4325519150 0.4243991622 0.2349309897 -1.4336499906 0.4170011105 
0.0193610768 -1.4360175156 0.4207263642 0.2466873543 -1.4361014505 0.4137981354 
-0.0120859135 -1.4522581712 0.4095032884 0.2300963323 -1.4456038352 0.4071769103 
0.1339378441 -1.4431276782 0.4090183089 0.2560122116 -1.4320185741 0.4182641209 
0.0248257613 -1.4408074688 0.4169711377 0.2165916217 -1.4484555666 0.4054473112 
0.0203661507 -1.4406296085 0.4172391300 0.2156092547 -1.4484163874 0.4055063448 
-0.0085766709 -1.4519061525 0.4097291346 0.2510528969 -1.4398305241 0.4122536035 
0.0392342401 -1.4276630879 0.4251666206 0.2507900972 -1.4342585856 0.4136700966 
-0.0302574899 -1.4623699438 0.3989510560 0.2063541746 -1.4484669098 0.4038992636 
0.1099503892 -1.4471710727 0.4074450635 0.3144989929 -1.4347401670 0.4117856418 
0.0090545913 -1.4444355462 0.4160011541 0.2424202819 -1.4446516769 0.4045761076 
-0.0382876316 -1.4645283073 0.3968273346 0.2592485417 -1.4315241437 0.4197874115 
-0.0020090889 -1.4528842781 0.4080889175 0.2349581069 -1.4396241829 0.4099590007 
END
