0.5277982201 -2.7763817281 0.3428969725 0.3340558666 -2.3995451672 0.4113917144 
15 15
image_id_list 3 37 76 9 97 98 99 14 78 19 84 86 85 57 82 
line_id_list 57 156 169 165 132 197 159 150 180 184 206 177 247 187 166 
line2d_list
337.8798217773 391.7194519043 411.2643127441 360.2826232910 
180.8577270508 410.4519958496 244.9511566162 393.8118896484 
171.7116546631 370.5297241211 230.7926177979 358.9426269531 
342.1350097656 420.9862060547 374.0838317871 416.6123657227 
526.0050659180 436.2087402344 579.9731445312 434.8963317871 
305.8878784180 420.3535461426 368.9360046387 416.0600891113 
149.9685211182 433.6230468750 184.0648193359 430.7764282227 
525.1333618164 259.8792419434 563.8493652344 254.0070037842 
734.0452880859 423.5983886719 799.2313232422 430.9481811523 
340.9200744629 343.0929260254 372.1184387207 340.3442077637 
285.4242248535 341.9011535645 367.5614318848 326.6395874023 
213.5178070068 417.8368225098 297.5763549805 399.0994567871 
17.3596096039 457.8009643555 112.0527725220 407.2264404297 
407.9380187988 349.1455383301 437.0691528320 350.7219543457 
418.2252807617 273.2863769531 449.1523437500 267.8699340820 
node_id_list 3046 3047 3048 5864 5865 5866 5867 8464 8465 9299 9300 9301 11881 13031 13032 
score_list 7.4873707488 3.3953108634 2.8320251159 5.8252564417 2.8799002028 4.0673174229 6.0265512813 3.2776296903 1.5809316059 5.5539649518 5.1655025741 3.3609584376 2.1041050545 4.9069993127 3.2956143864 
line3d_list
0.5250686981 -2.7442583002 0.3519700148 0.3206600857 -2.4456166095 0.3940659070 
0.5159687572 -2.7724767877 0.3418936389 0.3673080310 -2.4759675931 0.3944075564 
0.5272145525 -2.7659014025 0.3448431429 0.3725005484 -2.5341130133 0.3811687363 
0.5344085804 -2.7609408566 0.3507354110 0.4297808756 -2.5737017812 0.3824357101 
0.5238487085 -2.7727457865 0.3428219157 0.3874421594 -2.5032033417 0.3933561290 
0.5149392532 -2.7678748957 0.3423196424 0.4167156120 -2.4711589360 0.4093554013 
0.5195197628 -2.7795593967 0.3406392578 0.4351415524 -2.6112640047 0.3704455858 
0.5335748829 -2.7654026411 0.3488330206 0.4228581532 -2.5701292026 0.3813421253 
0.5198072925 -2.7702595658 0.3423284854 0.4003373551 -2.5356012113 0.3860753570 
0.4803917392 -2.8115202354 0.3201351207 0.4504716979 -2.5843833315 0.3830001957 
0.4962230763 -2.7905510294 0.3315394304 0.3788258452 -2.3722616121 0.4285453448 
0.4711130193 -2.8077605415 0.3195977676 0.4460507717 -2.3340767806 0.4582880313 
0.5148719462 -2.7701952437 0.3407797238 0.3508635642 -2.3924031774 0.4196405231 
0.5262560138 -2.7696252858 0.3445055703 0.4750330468 -2.5805496275 0.3899555974 
0.5319060913 -2.7672234393 0.3465977101 0.4873141873 -2.5497529450 0.4023168592 
END
