2.1031872997 0.0867845518 0.9017677617 2.8271432795 0.0830119010 0.9040911586 
3 3
image_id_list 29 67 69 
line_id_list 61 160 88 
line2d_list
100.8661651611 318.7398681641 238.4612579346 247.9528045654 
320.9018249512 300.5641479492 587.9697875977 310.7893676758 
105.8122024536 310.1431884766 225.2131652832 283.9725646973 
node_id_list 11415 11416 11417 
score_list 3.2222507421 3.7223388791 1.8389052126 
line3d_list
2.0827409174 0.0875718003 0.9014830694 2.8429723887 0.0894405523 0.9020464393 
2.0227985698 0.0872034703 0.9015097695 2.8271432795 0.0830119010 0.9040911586 
2.1032266748 0.0930906086 0.8997383052 2.8440037289 0.0915179391 0.9013794414 
END
