2.8031171240 -2.1226588077 -0.0066637818 2.7202402456 -2.2117850592 -0.0106462976 
3 3
image_id_list 22 70 94 
line_id_list 190 158 132 
line2d_list
761.0080566406 336.9127807617 730.9872436523 334.1382751465 
639.8754882812 487.2245483398 720.1505126953 531.7284545898 
301.9050903320 190.5211181641 381.0131835938 204.9275817871 
node_id_list 10361 10362 10363 
score_list 1.9710093164 1.4714258437 2.4029825171 
line3d_list
2.7241025760 -2.2152263237 -0.0140087157 2.8065783139 -2.1256526959 -0.0096349507 
2.8049137709 -2.1242595866 -0.0082278836 2.6254812168 -2.3233902847 -0.0197316536 
2.8192236962 -2.1053377113 -0.0058898063 2.6222799480 -2.3171321027 -0.0153536230 
END
