1.2935204904 -0.4162298030 0.0051360220 1.2382186450 -0.3170712944 0.0013619359 
10 10
image_id_list 0 1 12 17 66 74 85 93 47 11 
line_id_list 301 265 207 189 212 264 263 273 66 223 
line2d_list
395.2260437012 573.7890014648 392.4117431641 584.1122436523 
554.7164306641 556.0054321289 555.0219726562 572.0186767578 
598.6632690430 401.6853027344 584.6862182617 416.6412658691 
438.0114440918 484.0160217285 421.0739746094 496.1036682129 
356.4201049805 353.1881408691 345.4241943359 377.7421264648 
510.7462158203 526.0712890625 518.2865600586 552.9194946289 
657.8742065430 543.8190307617 637.8269653320 557.7510375977 
563.6537475586 431.1211242676 568.8740844727 446.0440673828 
579.7953491211 496.0057067871 580.6876220703 527.9528808594 
288.8265686035 577.5156860352 255.1994781494 589.5570678711 
node_id_list 1517 1518 1519 1520 1521 1522 1523 1524 2064 7005 
score_list 4.1808383655 3.7953639452 6.7341180131 1.9818342328 6.7405741600 4.8280713169 0.9794696316 4.0802988050 1.9963223556 1.8312963643 
line3d_list
1.2441911997 -0.3276173782 0.0019159248 1.2950834743 -0.4153200036 0.0061371783 
1.2397289670 -0.3194638434 0.0002363799 1.2930236009 -0.4154650574 0.0036437963 
1.2419177564 -0.3234065750 0.0003763211 1.2952349775 -0.4194484759 0.0037851817 
1.2434729970 -0.3242012614 0.0028445627 1.2926659264 -0.4139232177 0.0046803792 
1.2396128800 -0.3194873241 0.0007926751 1.2892478901 -0.4089464813 0.0040876151 
1.2376429828 -0.3175011737 -0.0014972993 1.2885734772 -0.4105038374 0.0002153735 
1.2428712774 -0.3214702781 0.0047502831 1.2924245076 -0.4110457924 0.0075480845 
1.2385958939 -0.3187761186 -0.0014334894 1.2933950019 -0.4156041149 0.0042930945 
1.2386509720 -0.3143075354 0.0039617737 1.3015751418 -0.4273608343 0.0083317555 
1.2382356889 -0.3164634964 0.0018260199 1.2873279991 -0.4112528672 0.0012760912 
END
