3.0079855838 -1.5634873465 1.0038880975 3.1843626793 -1.5665983907 1.0029806558 
5 4
image_id_list 13 34 78 83 13 
line_id_list 109 92 79 143 110 
line2d_list
147.9409942627 400.3475036621 254.9830627441 396.5254516602 
31.9066562653 292.5937500000 105.9060363770 275.5910644531 
118.7293701172 543.4499511719 249.9205017090 520.5446166992 
176.9782104492 442.3921203613 232.9779815674 440.3854064941 
253.0083465576 399.2276916504 161.0220184326 402.6004028320 
node_id_list 7920 7921 7922 7923 7924 
score_list 2.7257912661 2.9415834118 2.9196544316 2.5476680872 0.6731813016 
line3d_list
3.1843989132 -1.5700957117 1.0014499929 3.0057537878 -1.5629094636 1.0040365101 
3.1843429629 -1.5675367168 1.0023653629 3.0079779466 -1.5638639690 1.0036948801 
3.1848909784 -1.5675481291 1.0023612317 3.0057585843 -1.5638177514 1.0037116106 
3.1458840792 -1.5637031033 1.0044482737 3.0095843781 -1.5602927648 1.0058138999 
3.0084775633 -1.5670931990 0.9967433128 3.1632794583 -1.5640291523 0.9992402253 
END
