2.5187496106 -2.9932936195 1.0021550495 2.5180978697 -2.9927137709 1.3251302675 
8 8
image_id_list 13 55 83 30 44 48 52 89 
line_id_list 164 95 189 13 20 38 255 30 
line2d_list
342.6394958496 134.9705047607 335.1154174805 226.9276275635 
516.6372680664 318.9477539062 511.5491638184 256.8730163574 
343.2489318848 246.0094604492 340.5118713379 317.9814453125 
665.6594848633 260.2802429199 679.5109252930 178.2551574707 
549.9318237305 159.1481323242 564.2558593750 69.0406799316 
372.9846801758 244.0227813721 373.9604797363 158.9995422363 
554.4895019531 313.0337219238 555.8253173828 254.0413360596 
310.4488830566 302.0328369141 312.1031188965 229.0249938965 
node_id_list 8047 8048 8049 11489 11490 11491 11492 11493 
score_list 3.8933099017 8.1112768505 3.5871629194 6.8360194245 6.2245387771 7.5989711325 5.1019036402 7.2674773906 
line3d_list
2.5384948998 -3.0267896520 1.3343672968 2.5402007560 -3.0258080884 0.9833386165 
2.5305239107 -3.0152724767 1.0022182686 2.5316167044 -3.0165373546 1.3196593729 
2.5403092218 -3.0295533849 1.3225029262 2.5415218652 -3.0278881222 0.9811176356 
2.5195772214 -2.9965982398 1.0090373015 2.5181755960 -2.9938123060 1.3253982289 
2.5268703195 -3.0043259596 1.0056106840 2.5269416673 -3.0049823386 1.3234364753 
2.5199370218 -2.9953685699 1.0077462830 2.5184962575 -2.9927055146 1.3246949125 
2.5266048240 -3.0060771778 1.0088299915 2.5270526446 -3.0042601934 1.3248804843 
2.5202523618 -2.9942916940 1.0065800977 2.5180732136 -2.9941776105 1.3251328459 
END
