0.0128372898 -1.1339911934 0.0147305305 0.3278435587 -1.4493171194 0.0134525959 
59 34
image_id_list 3 12 12 43 45 45 49 49 50 62 62 76 79 79 81 81 84 84 85 85 86 96 96 98 98 6 7 18 18 42 42 65 65 91 6 91 7 20 21 11 46 46 47 47 58 90 90 11 58 16 19 31 82 16 99 19 57 20 43 
line_id_list 85 26 92 37 38 53 40 65 31 17 20 198 30 136 31 153 48 141 44 147 52 16 41 27 175 3 32 90 178 13 25 17 35 65 18 74 7 36 117 34 58 125 36 105 68 33 77 100 181 59 246 111 72 216 216 156 132 102 71 
line2d_list
645.6978759766 426.6366271973 664.7976684570 410.7566528320 
258.7918395996 312.8851318359 293.1989746094 282.1045837402 
294.0827636719 284.0907592773 260.5852050781 314.6416625977 
669.1447753906 599.2779541016 708.0166015625 579.0319213867 
422.8802185059 590.2095336914 495.8711242676 579.1494140625 
496.1076354980 581.7313842773 422.0918884277 592.6243286133 
611.0187988281 599.1360473633 682.0449218750 589.3251342773 
698.1811523438 589.2200927734 628.0928955078 599.6257934570 
521.0791015625 490.3140563965 417.1242065430 516.4932861328 
481.0541076660 313.4219665527 381.1578063965 326.2307739258 
380.9482116699 323.5813293457 477.9486694336 311.5848388672 
495.9526977539 448.8124084473 471.0245361328 455.0972595215 
448.7302551270 451.3204650879 494.1201477051 433.3026733398 
484.0510864258 439.1257019043 450.3370971680 452.8293457031 
679.9739379883 417.9269409180 724.9591064453 401.8853149414 
714.1711425781 407.4699096680 681.1772460938 419.4867248535 
575.8801269531 428.4964904785 622.8375854492 417.3177185059 
615.1629028320 421.7153625488 575.1865844727 430.8192749023 
353.9921264648 434.9891357422 389.9380187988 408.9145507812 
385.1446838379 414.1968688965 360.9710998535 431.9606628418 
500.9161987305 488.7314453125 541.3480834961 476.1155090332 
591.0189819336 590.4022827148 670.9356079102 586.6340332031 
672.0480346680 589.1153564453 614.0264282227 591.6141967773 
596.0385742188 552.4981689453 650.9418334961 548.2485351562 
642.0180664062 551.2290649414 597.0616455078 554.7804565430 
460.9003295898 578.3221435547 577.8708496094 561.1216430664 
762.1797485352 358.9480895996 664.1027832031 377.5419921875 
229.1266326904 410.2835998535 287.9985961914 383.9968872070 
288.2592468262 386.5857849121 246.1068115234 405.2413635254 
323.4135131836 554.9389038086 416.6668701172 503.3972473145 
419.4692993164 504.8504943848 302.2835388184 569.5138549805 
142.6974182129 294.3337097168 241.7128906250 249.3677978516 
243.2593231201 251.5737762451 121.3115386963 306.6893005371 
688.5183715820 562.2015991211 745.7609863281 599.3681030273 
582.0330200195 563.2257080078 430.0650939941 585.4451904297 
741.4500122070 599.8330078125 661.8252563477 547.2646484375 
649.2136840820 379.9628601074 752.5618896484 357.0260925293 
576.9910888672 507.9161071777 622.8975219727 503.0360107422 
763.8525390625 508.4643249512 799.1075439453 519.6614379883 
47.2497673035 368.7439575195 119.7948532104 344.3889465332 
126.4763336182 552.9076538086 189.3976287842 522.7434692383 
184.0778961182 528.1649780273 141.1945953369 548.4121704102 
60.5575447083 566.2321777344 107.7517776489 452.8966369629 
111.8934555054 450.3808898926 67.2488555908 555.1060791016 
62.9493751526 575.8940429688 125.9120712280 545.8159179688 
295.5058593750 564.4677734375 351.1893615723 504.2503967285 
355.2843933105 504.2745971680 305.1747131348 556.1687011719 
121.1567993164 346.4672851562 70.1910629272 363.5693664551 
121.3565368652 550.7494506836 73.2924728394 573.6148071289 
691.9592895508 368.7194824219 738.0050659180 362.0349426270 
610.9807739258 447.3163757324 579.0060424805 448.2148437500 
573.0240478516 539.2489624023 604.1203002930 536.2460327148 
668.9749755859 353.7317504883 699.9848022461 350.8374023438 
735.0695190430 364.5183105469 692.0391235352 370.2914733887 
410.0667419434 533.2792358398 441.0866394043 531.6610107422 
578.9738159180 446.2698059082 621.9902954102 444.7284545898 
646.9533691406 493.2991027832 687.0693359375 499.5555114746 
612.0321655273 506.2746887207 582.9620361328 509.6754455566 
708.9572753906 580.9207153320 674.3207397461 599.5948486328 
node_id_list 3116 3117 3118 3119 3120 3121 3122 3123 3124 3125 3126 3127 3128 3129 3130 3131 3132 3133 3134 3135 3136 3137 3138 3139 3140 3907 3908 3909 3910 3911 3912 3913 3914 3915 3945 3946 4241 4242 4243 6777 6778 6779 6780 6781 6782 6783 6784 6868 6869 8752 8753 8754 8755 8868 9075 9287 9288 9427 9428 
score_list 11.2620701379 5.3957034738 6.9908542218 11.1237687657 8.3967465611 8.7729300006 7.9972190810 8.1780093743 14.5202241675 11.9821613689 12.3103346084 5.2585928521 11.8566044760 10.8930557502 6.1269375916 6.2376741260 7.9581027862 6.1775339495 10.0124197924 11.1873133079 4.4517465487 8.0189334683 6.7212056769 7.5462326424 6.3257911125 10.1326519368 12.0944433007 6.9341377658 8.9577836582 10.6697190047 12.0869734547 8.4371185379 10.3278243384 5.9721697964 10.8289873670 6.4201024200 9.4551928713 6.3759873207 2.9855994927 8.9501631162 8.4580904986 5.8301683151 6.1834396583 6.8578282647 6.6193911987 6.5590397559 8.6426708453 9.3634866836 5.8549846675 4.3768057893 4.8378485495 7.2018599546 7.8358626103 3.6247901808 10.8231162757 5.6498416047 6.0443949272 4.5594250673 10.0223443449 
line3d_list
0.1992851317 -1.3378978541 0.0047644923 0.0521801925 -1.1916047250 0.0050511109 
0.2655830299 -1.3926743677 0.0187981924 0.0462796707 -1.1901249854 0.0023113346 
0.0492190564 -1.1873962668 -0.0075037486 0.2488175532 -1.3838921363 -0.0035548213 
0.1388689571 -1.2832319826 0.0022131891 0.0084288361 -1.1455602121 0.0063852080 
0.2861632029 -1.4146892726 0.0102830032 0.0679329366 -1.2002365816 0.0092903415 
0.0609462639 -1.1986357797 -0.0043258361 0.2881455354 -1.4156906415 0.0017746305 
0.2354262718 -1.3740769085 0.0053085717 0.0444621038 -1.1788911549 0.0083016151 
-0.0163726897 -1.1263506807 -0.0077186314 0.1939090618 -1.3263074932 -0.0012932440 
0.0109776032 -1.1486844390 -0.0042903824 0.2856097514 -1.4201529318 -0.0021850124 
0.0039847530 -1.1479428850 -0.0071448838 0.2399195100 -1.3719211166 -0.0025670015 
0.2368750035 -1.3742399259 0.0058308166 0.0118326083 -1.1542295950 0.0041554816 
0.1311947423 -1.2492564410 0.0070189096 0.2179494753 -1.3508573534 -0.0017356072 
0.2447322966 -1.3907638248 0.0008969635 0.0683350860 -1.1981632694 0.0097040329 
0.1073530716 -1.2416973125 -0.0026181397 0.2520492451 -1.3830162893 -0.0011996316 
0.2761333995 -1.3890735936 0.0180136697 0.0816914973 -1.2005730572 0.0138966555 
0.1003304035 -1.2470284494 -0.0088602885 0.2392067069 -1.3860565564 -0.0092172280 
0.2384001404 -1.3807058648 0.0052226584 0.0693092207 -1.2025159543 0.0104056897 
0.1181858201 -1.2279415635 0.0082685651 0.2563144499 -1.3793977121 0.0034297355 
0.2339755214 -1.3843872108 -0.0014630345 0.0552733222 -1.1994777373 0.0012277997 
0.0917943371 -1.2262436248 -0.0023741160 0.2177418853 -1.3501767468 -0.0014617931 
0.2636740293 -1.3775709994 0.0166419328 0.0975463683 -1.2079575114 0.0191348774 
0.2831271553 -1.4093482468 0.0117158777 0.0318606958 -1.1856800280 -0.0008257301 
0.0387893725 -1.1782577165 -0.0048856055 0.2126365233 -1.3444722345 -0.0011641123 
0.2442039481 -1.3847591530 0.0067311336 0.0529270662 -1.1913688787 0.0059074655 
0.0910077834 -1.2212281425 -0.0011801014 0.2428055074 -1.3795331681 -0.0028310823 
0.2351207177 -1.3724108801 0.0062212698 0.0190715457 -1.1560437966 0.0082926398 
0.0174141692 -1.1481315325 -0.0001801468 0.2830272859 -1.4178031921 -0.0028707175 
0.2716403923 -1.4024389269 0.0107043591 0.0477573849 -1.1931467735 0.0048735856 
0.0574098899 -1.1905421400 -0.0027857014 0.2114058353 -1.3456483100 -0.0033134760 
0.2379456007 -1.3749612999 0.0069069048 0.0093994963 -1.1488714609 0.0064858411 
0.0038976021 -1.1428393299 -0.0056232635 0.2882959943 -1.4250252544 -0.0046222498 
0.2390349898 -1.3751549914 0.0067246485 0.0024114877 -1.1459873992 0.0033751005 
0.0067922141 -1.1403763003 -0.0012734660 0.2886397910 -1.4220912779 -0.0014155332 
0.2392945710 -1.3766053906 0.0058488291 0.1293957227 -1.2691639373 0.0050306838 
0.0083019100 -1.1476510562 -0.0060974170 0.2913075355 -1.4279705342 -0.0045641643 
0.1369925930 -1.2710429282 -0.0019136023 0.2909390621 -1.4252006423 -0.0020032613 
0.3458705794 -1.4564011529 0.0174767318 0.0201617069 -1.1775764054 -0.0024092264 
0.2185443379 -1.3624378817 0.0039687151 0.0313790210 -1.1987810768 -0.0053096440 
0.2283147656 -1.3691413475 0.0043907319 0.1424965824 -1.2891156534 0.0020495628 
0.2648672024 -1.4015316569 0.0070111497 0.0425797620 -1.1777313122 0.0100457538 
0.2425661857 -1.3771557283 0.0078954409 0.0412535383 -1.1884345194 0.0032242954 
0.0652946867 -1.2052762801 -0.0058662152 0.2050871175 -1.3343674104 0.0000349924 
0.3216416736 -1.4554899413 0.0078326840 0.0060021475 -1.1469125814 0.0075499934 
-0.0063324887 -1.1277974295 -0.0019931924 0.2891847604 -1.4236469765 -0.0027765255 
0.2735469602 -1.3944113481 0.0142683376 0.0730210323 -1.1916425841 0.0162876413 
0.3308679213 -1.4617848564 0.0079422055 0.0245784190 -1.1761845259 -0.0008221781 
0.0305596215 -1.1605688955 0.0003146841 0.2843940638 -1.4177827971 -0.0021464783 
0.0375207038 -1.1741456623 -0.0036835525 0.1978132964 -1.3354749631 -0.0051432286 
0.0779299153 -1.2089090975 -0.0016373974 0.2386032558 -1.3644180297 0.0011605321 
0.1984553346 -1.3539414474 -0.0031829103 0.0439413140 -1.1934565669 0.0013687480 
0.0669234127 -1.2051565521 -0.0042833486 0.1984145713 -1.3308746870 -0.0014685573 
0.1794716491 -1.3136949838 0.0070197167 0.0611725301 -1.2074507405 0.0016321861 
0.1780883322 -1.3063606538 0.0098231442 0.0548592120 -1.1875373649 0.0068965126 
0.0537272023 -1.2031678816 -0.0102290686 0.2100791331 -1.3487880499 -0.0048214244 
0.1561906549 -1.3070630442 0.0011212664 0.0234284407 -1.1843272456 -0.0035611626 
0.2036142771 -1.3301341279 0.0122923118 0.0291427379 -1.1603693411 0.0117456377 
0.1845370252 -1.2961136023 0.0174242497 0.0263971402 -1.1565559335 0.0096163325 
0.1287120978 -1.2228104065 0.0169601286 0.2517712127 -1.3222873943 0.0253812910 
0.0325497558 -1.1443344624 0.0171180339 0.1593174288 -1.2666297439 0.0200989876 
END
