0.0322612973 -1.0047126057 0.0939806588 0.0062739860 -1.0272959970 0.3034004822 
28 23
image_id_list 6 40 43 45 50 62 50 62 8 17 39 76 85 87 90 11 18 20 37 32 65 65 42 96 47 59 59 59 
line_id_list 67 50 172 84 94 7 106 51 201 245 250 164 275 307 267 187 296 249 206 269 78 100 79 74 239 138 236 189 
line2d_list
648.2333374023 515.0354614258 639.3311767578 573.5942993164 
201.0643310547 567.9810791016 192.7674102783 539.7742919922 
751.7099609375 566.0339355469 745.6594238281 514.2736206055 
554.5754394531 567.0433959961 558.4203491211 516.0316772461 
568.7927246094 423.9919738770 566.9329223633 471.9586181641 
514.1481323242 303.9774169922 515.1815185547 265.0048217773 
565.5763549805 478.0344543457 564.4152221680 430.0625610352 
506.8936157227 260.1229858398 512.5784912109 311.2691345215 
427.5060119629 490.0599365234 430.9758911133 460.7602844238 
253.8595886230 379.6687927246 243.5083770752 352.8041076660 
414.0127563477 498.0007019043 415.9177551270 463.9953918457 
551.9757080078 430.9395446777 549.6842651367 393.9576110840 
425.2950134277 383.9118957520 416.6055908203 354.8191223145 
163.4253082275 590.9378662109 156.5997772217 544.2045288086 
392.7323303223 477.0187683105 390.7688598633 449.0162048340 
157.7881927490 300.0056152344 158.3444976807 321.0173645020 
322.5472412109 329.0668029785 326.6761474609 357.0477905273 
667.2973632812 457.9723510742 666.2731323242 484.0107421875 
533.8669433594 439.9071044922 530.5371704102 408.8352661133 
574.4178466797 446.9407043457 570.1668090820 416.9763488770 
266.5896911621 180.6390686035 278.0718078613 231.2107391357 
274.5231628418 217.0670471191 269.8566589355 183.8795471191 
452.2082214355 475.1170043945 447.8866882324 445.8689880371 
721.3894042969 534.0009765625 721.2748413086 578.9981689453 
132.1933746338 361.9561157227 135.8427429199 378.0356750488 
143.0672607422 513.9911499023 149.0110931396 559.2611083984 
148.2668914795 546.9786987305 145.7956848145 516.0162963867 
150.8660430908 571.2420043945 140.0191040039 520.4227905273 
node_id_list 4045 4046 4047 4048 4049 4050 4125 4126 5005 5006 5007 5008 5009 5010 5011 6959 6960 6961 6962 9012 9013 9014 9203 9556 12083 12084 12667 12774 
score_list 4.5226372835 9.2325120413 7.8018708904 5.5052543083 5.8699095631 8.6644047456 6.1793275039 7.0261721070 7.8696846976 4.9719690387 9.1802798806 5.4662149800 5.8731687746 8.2824168087 10.9368255399 5.6146608515 8.2158301794 3.2655015383 4.7272937541 6.6566755783 6.7328705098 5.0914423501 5.1171766936 4.4036488229 6.4637284833 3.5250742092 3.9359612277 5.2353527616 
line3d_list
0.0088448050 -1.0247860802 0.2782752412 0.0305042742 -1.0058509992 0.1002190924 
0.0218811497 -1.0101652067 0.1597459826 0.0064873825 -1.0225016783 0.2768890376 
0.0229636928 -1.0045196162 0.0924481340 0.0155126661 -1.0273002442 0.2969168730 
0.0332639982 -1.0051855052 0.1047943891 0.0102676284 -1.0255593091 0.2878402773 
-0.0009851784 -1.0242710235 0.2840860570 0.0275484449 -1.0063259462 0.1248886991 
0.0233388688 -1.0090610545 0.1322352316 0.0014483279 -1.0227735736 0.2644320426 
0.0440025197 -1.0062565855 0.1122959723 0.0521567256 -1.0293468757 0.2909208822 
0.0473825127 -1.0198154260 0.3179540371 0.0319901761 -1.0083451141 0.1088745769 
0.0320811822 -1.0044738077 0.0984328142 0.0334403910 -1.0232332441 0.2666049559 
0.0260553549 -1.0043041115 0.0956175139 0.0164345530 -1.0256207759 0.2644799217 
0.0123539531 -1.0039687445 0.0862648826 0.0329370723 -1.0266807622 0.2917712548 
0.0247643913 -1.0030357443 0.0932311824 0.0391159224 -1.0250696564 0.2860727071 
0.0284771109 -1.0029913598 0.0942489496 0.0328069293 -1.0229611722 0.2657642082 
0.0319248974 -1.0050474066 0.0956019334 0.0393676886 -1.0266453216 0.2941797875 
0.0324210472 -1.0052380253 0.1045429115 0.0291221655 -1.0185686867 0.2351538820 
-0.0032427376 -1.0177871997 0.2272365259 0.0274521208 -1.0103833646 0.1390443222 
0.0017766959 -1.0246697651 0.2710842882 0.0281020491 -1.0093820324 0.1421050643 
-0.0010685416 -1.0254053975 0.2758336945 0.0271248066 -1.0110328208 0.1577541925 
0.0418176564 -1.0031399019 0.1005264307 0.0072474758 -1.0233045509 0.2590793642 
0.0295124726 -1.0040618498 0.0938557251 -0.0061768262 -1.0248729378 0.2574774497 
0.0289547768 -1.0215499259 0.3068346296 0.0299450226 -1.0086001574 0.1221182109 
0.0186279890 -1.0173999353 0.1664408053 0.0220127854 -1.0159092675 0.2910173699 
0.0245615169 -1.0152822053 0.1714380825 0.0123137373 -1.0195335667 0.2770456085 
0.0156023940 -1.0270259116 0.2944545860 0.0222192924 -1.0067955318 0.1128757361 
0.0442243380 -1.0200272383 0.3127087094 0.0364124744 -1.0165885738 0.2461901196 
0.0395003822 -1.0207861599 0.3051119887 0.0127783870 -1.0104394740 0.1334639685 
0.0234122654 -1.0108330887 0.1828352044 0.0300570254 -1.0137216179 0.2916445955 
0.0319224912 -1.0064475268 0.1042453718 0.0617776990 -1.0293945696 0.2988227209 
END
