1.0599729449 -0.0051429138 2.0039030743 1.0597583061 -0.0029780393 2.1916339243 
5 4
image_id_list 1 39 58 1 87 
line_id_list 19 187 148 211 129 
line2d_list
631.0015258789 136.2121734619 659.7044067383 0.7255333662 
792.7955322266 112.9518661499 784.7925415039 146.9511718750 
520.9815063477 65.9208984375 523.7607421875 30.1367511749 
663.0010986328 0.7889413834 656.8362426758 29.9654026031 
592.4155883789 0.9096646309 590.7610473633 29.9293594360 
node_id_list 1609 1610 1611 1970 1971 
score_list 3.8194465862 0.7691371126 0.9495668948 0.9996082587 1.6787010125 
line3d_list
1.0459828591 0.0026202162 1.6938305843 1.0444279244 0.0025208696 2.1924683841 
1.0585907697 -0.0025441903 2.2232357045 1.0596757180 -0.0026153372 2.1025633719 
1.0588030320 -0.0055860002 1.9042061774 1.0573373220 -0.0045099590 2.0038927618 
1.0592617059 -0.0027745300 2.1916310097 1.0597132383 -0.0025780853 2.0892221046 
1.0590391276 -0.0025735919 2.1733675285 1.0597709234 -0.0026215804 2.0919742376 
END
