2.1149910899 0.0861997055 0.1505033609 2.7358648003 0.0890435086 0.1470269212 
7 6
image_id_list 26 67 68 69 75 75 28 
line_id_list 185 65 110 272 50 138 219 
line2d_list
156.0534820557 480.0542907715 68.3895339966 566.3955078125 
529.9976806641 523.1107177734 340.9760131836 519.1420898438 
570.5317382812 301.8583984375 494.8424682617 348.7456970215 
188.3090515137 456.5040893555 147.6512908936 481.4312438965 
427.0000610352 309.0024414062 314.0008239746 312.0307617188 
270.9949645996 312.8229370117 213.0134735107 314.4734802246 
248.5273437500 429.4609069824 173.8657226562 514.8826293945 
node_id_list 10973 10974 10975 10976 10977 10978 11348 
score_list 1.9834353070 4.8410331674 2.9269851497 2.9682711000 3.9759425769 1.9985238198 2.8775574739 
line3d_list
2.7360762530 0.0889735829 0.1473420834 2.1116791336 0.0833133646 0.1529626854 
2.7389461109 0.0897903441 0.1462889656 2.1065212421 0.0840241419 0.1520249769 
2.7333497738 0.0877439903 0.1482885526 2.3885250401 0.0871693832 0.1494404136 
2.7307339000 0.0895833705 0.1468865308 2.4444972809 0.0851584847 0.1508634738 
2.7358669045 0.0889716851 0.1473439679 2.4038846587 0.0859622350 0.1503323546 
2.2802460611 0.0884877176 0.1484171298 2.1164479352 0.0862018465 0.1504619813 
2.7305171575 0.0876273785 0.1490755558 2.1150080075 0.0841674557 0.1518623449 
END
