0.0011451858 0.6631474190 0.5479470531 -0.0012329549 0.6662179646 0.7613035296 
7 7
image_id_list 0 59 64 87 12 47 90 
line_id_list 11 58 61 209 15 37 8 
line2d_list
376.1891174316 348.7298583984 382.5858459473 329.5282897949 
622.5057373047 385.2019653320 627.8825683594 345.1183776855 
721.4229736328 500.5144653320 739.5950927734 441.4910888672 
493.0595703125 406.0034179688 495.1372070312 369.9502868652 
640.8390502930 120.9699249268 645.8484497070 94.1585235596 
454.3808898926 151.0507202148 456.0343322754 106.0379943848 
732.0201416016 340.0044250488 741.0954589844 298.8007812500 
node_id_list 85 86 87 88 7039 7040 7041 
score_list 3.3224159459 4.4948062560 6.1073539416 4.8719413124 5.0023625944 6.5365083422 4.9371088242 
line3d_list
0.0045457455 0.6603492714 0.6243718745 -0.0129857204 0.6786775738 0.7552569255 
-0.0010303873 0.6657319239 0.5478600431 0.0029534741 0.6615472876 0.7064872459 
-0.0024499680 0.6674295515 0.5569703894 -0.0031064767 0.6688601321 0.7663416395 
0.0042513609 0.6595100998 0.5480340225 -0.0062743591 0.6720510614 0.7318493617 
-0.0000750362 0.6654220404 0.5426222208 0.0035748170 0.6591820456 0.6811157905 
0.0053906171 0.6577033762 0.5761852065 -0.0047222357 0.6695523440 0.7741840252 
0.0077150363 0.6554889246 0.5601815561 0.0017204451 0.6631696365 0.7613803196 
END
