1.3108810474 -2.9834397953 1.3527214690 1.4882912935 -2.9969389537 1.3490461859 
3 3
image_id_list 16 98 84 
line_id_list 131 92 37 
line2d_list
253.2210235596 135.7949676514 220.0081024170 145.0291442871 
143.0029754639 209.1142425537 95.9827880859 210.3397521973 
83.0213775635 167.0927581787 29.8497009277 179.3479003906 
node_id_list 8814 8815 13495 
score_list 3.8988086268 3.0540452222 2.1147319004 
line3d_list
1.3108810474 -2.9834397953 1.3527214690 1.4882912935 -2.9969389537 1.3490461859 
1.3071746834 -2.9831577778 1.3527982511 1.4985006651 -2.9977157855 1.3488346855 
1.3062482137 -2.9694191308 1.3542497736 1.5154926218 -2.9827432324 1.3501871862 
END
