0.6657617415 -2.9984119844 1.5430251031 0.6664867829 -2.9984565541 1.5975530826 
6 6
image_id_list 3 43 95 77 88 80 
line_id_list 111 51 90 38 49 50 
line2d_list
249.6557159424 59.0804862976 250.8524627686 79.0687026978 
79.3674468994 212.9109954834 83.5339508057 230.1128845215 
161.2160491943 119.9138641357 162.4241790771 136.9699554443 
346.7387695312 119.7099838257 349.6328430176 137.0612335205 
347.7417297363 101.9815216064 346.6585998535 117.1186828613 
505.2674255371 85.9162445068 503.7487487793 99.1999282837 
node_id_list 3192 3193 3194 12295 12296 13436 
score_list 1.9705124873 1.9335304659 2.7798529586 4.5619792041 2.9947962644 2.4986697957 
line3d_list
0.6664623164 -2.9986223205 1.6016842919 0.6656970471 -2.9983053793 1.5419589174 
0.6683903162 -2.9962070581 1.5975296106 0.6673114823 -2.9971378415 1.5430484263 
0.6675727679 -2.9970011779 1.5967379701 0.6646611746 -2.9997157147 1.5420859054 
0.6683980876 -2.9962003532 1.5979220678 0.6673106333 -2.9971385741 1.5430055488 
0.6673612904 -2.9972083719 1.5973438085 0.6654737964 -2.9989316949 1.5452972563 
0.6673101734 -2.9957448008 1.5941111359 0.6690193095 -2.9912683285 1.5444318852 
END
