1.6099551309 -2.9983439243 0.8322003411 1.6779742287 -2.9977739056 0.8331756347 
20 20
image_id_list 2 51 56 77 80 96 33 38 84 53 88 98 44 54 71 73 48 52 89 55 
line_id_list 9 33 19 7 90 19 81 44 43 108 120 47 74 35 164 64 60 246 92 130 
line2d_list
108.3507766724 554.2604370117 78.7766647339 594.0916748047 
188.0694274902 316.9269409180 169.1009521484 318.3477783203 
276.2604980469 371.4267272949 255.2312164307 375.2663574219 
129.7568969727 466.5438232422 106.4709091187 477.9604797363 
250.9935913086 276.3750915527 233.9814758301 276.0845947266 
51.2112045288 390.8023071289 33.3930015564 395.4928894043 
134.2257995605 397.0275573730 120.2418441772 400.1005554199 
156.4724731445 382.9491271973 139.2711944580 387.1187744141 
38.3300170898 327.7725830078 22.2702713013 334.6327209473 
165.9896392822 321.5449523926 148.9767761230 321.2214355469 
53.9977302551 301.4676818848 32.9977798462 301.4351806641 
69.2008972168 357.1212768555 52.0352554321 360.1967773438 
788.5623779297 291.1711120605 766.6347656250 282.9773559570 
616.0455932617 317.5608825684 599.0308837891 318.0578308105 
698.0355834961 198.5725860596 690.6829223633 186.1882629395 
541.9047241211 92.7393951416 518.9000854492 89.7753677368 
613.7722167969 326.2421264648 593.8906860352 322.5960693359 
724.7470703125 369.3314514160 710.6846313477 366.6599121094 
510.7440795898 382.1420288086 494.8690490723 378.5843200684 
710.7860107422 364.2156372070 694.8381958008 362.6755065918 
node_id_list 2156 2157 2158 2159 2160 2161 11806 11807 11808 11936 11937 11938 12430 12431 12432 12433 12700 12701 12808 12907 
score_list 7.9005683691 5.5222784951 4.4131770715 8.7282345665 4.0149257843 0.9502350231 2.4620340214 4.1851351951 0.9578299730 5.2473816789 3.1625507584 0.5812715715 3.7172077275 4.2837326851 5.8943960668 8.5462282727 3.7244777740 5.5271207436 5.3197892242 3.7297981868 
line3d_list
1.6139310622 -2.9982066317 0.8324343290 1.6768139717 -2.9981192472 0.8326996057 
1.6116785258 -2.9969335374 0.8330267680 1.6783114313 -3.0017183249 0.8315703965 
1.6135479671 -2.9954150703 0.8333296766 1.6764772134 -3.0021827241 0.8314823045 
1.6130165870 -2.9980123774 0.8324688405 1.6771459370 -3.0004196195 0.8322494968 
1.6141080893 -2.9947312731 0.8320132458 1.6742461704 -2.9993632297 0.8317258680 
1.6114175157 -3.0039373157 0.8312998370 1.6763014079 -3.0020824808 0.8319198490 
1.6140911757 -2.9904948970 0.8339482907 1.6765325091 -2.9968350441 0.8329505036 
1.6169948866 -2.9890747973 0.8346854281 1.6779914124 -2.9983392355 0.8323076213 
1.6099905629 -3.0017544745 0.8317225612 1.6754080767 -2.9993093813 0.8324605095 
1.6117736354 -2.9882817691 0.8348889664 1.6732651190 -2.9976213839 0.8324918648 
1.6088548105 -2.9808155497 0.8382114426 1.6753807879 -3.0049503696 0.8292076638 
1.6114956894 -2.9975372288 0.8325560811 1.6685806987 -3.0098436736 0.8303663486 
1.6146848148 -3.0037358738 0.8297900423 1.6803348355 -3.0081104707 0.8296453086 
1.6131629548 -3.0014573008 0.8309739295 1.6766836485 -3.0047902840 0.8304703207 
1.6123530091 -2.9974823616 0.8321214410 1.6683539530 -2.9976812661 0.8333456106 
1.6133886565 -2.9989979963 0.8319336256 1.6740015943 -2.9963958011 0.8337029937 
1.6125010735 -3.0096718658 0.8285119387 1.6758891753 -2.9993058185 0.8335564946 
1.6198880878 -3.0098539461 0.8277909023 1.6766467632 -2.9972019551 0.8334223627 
1.6090687245 -2.9944485630 0.8346131592 1.6721438730 -2.9911765777 0.8367886475 
1.6154401760 -3.0164338314 0.8249636805 1.6775803945 -3.0041039632 0.8311097298 
END
