2.1103238705 0.0874670633 0.2406531710 2.7372952446 0.0871884513 0.2408305851 
7 6
image_id_list 26 29 67 68 75 26 28 
line_id_list 176 395 64 96 57 286 169 
line2d_list
150.7603454590 463.7453613281 61.1104812622 548.1173706055 
236.5262451172 419.5378112793 222.3757171631 433.3839721680 
533.0159301758 499.2627868652 341.9754333496 495.1372680664 
575.2363891602 275.3981628418 501.5073547363 319.1701965332 
429.9881591797 289.4603881836 206.0082855225 294.3775634766 
61.1057090759 548.1727294922 151.6757354736 462.7772827148 
242.7510986328 413.7723388672 165.3453979492 498.4012756348 
node_id_list 10964 10965 10966 10967 10968 11128 11325 
score_list 1.8750586590 1.9896847293 4.7854996602 1.9576205187 2.9643879724 1.8762357211 2.8551988917 
line3d_list
2.7308895085 0.0871844712 0.2413189329 2.1099975611 0.0853930398 0.2422306940 
2.7350894897 0.0911771485 0.2377959502 2.6229744187 0.0879081923 0.2400204603 
2.7381695383 0.0892756402 0.2390475704 2.1067739331 0.0859167786 0.2416533348 
2.7379298364 0.0859492045 0.2426797194 2.4081751117 0.0859180553 0.2421589882 
2.7357073800 0.0875749362 0.2401702511 2.1105026039 0.0875356268 0.2405838306 
2.1103228767 0.0858899197 0.2416886358 2.7372941709 0.0859491444 0.2426787156 
2.7332541141 0.0879269414 0.2405121145 2.1120405314 0.0852632972 0.2423758132 
END
