-0.1848859039 -1.8870669349 1.0697584167 -0.2259904072 -1.9026560360 1.0071815638 
3 3
image_id_list 57 84 98 
line_id_list 199 61 15 
line2d_list
621.9617309570 271.9967041016 623.0756225586 259.0065002441 
500.6313171387 173.9909210205 500.2860412598 188.0070495605 
543.6033325195 279.9398498535 541.3126831055 295.0473937988 
node_id_list 13035 13036 13037 
score_list 2.3781896374 5.5379108241 5.9068333823 
line3d_list
-0.2301381978 -1.9038355705 1.0101999443 -0.1665753999 -1.8803574882 1.0920630643 
-0.1964433388 -1.8940623041 1.0790927650 -0.2549823947 -1.9168839416 0.9963695500 
-0.1710455598 -1.8818179109 1.0908287400 -0.2268986362 -1.9030004867 1.0057988902 
END
