1.2634182960 -2.9972347139 0.4619206800 1.2652886612 -2.9955131069 0.9863372337 
25 13
image_id_list 2 7 38 77 77 80 95 95 2 56 88 95 2 7 31 88 38 56 48 54 73 91 54 73 73 
line_id_list 52 85 115 96 117 79 109 151 63 44 60 76 107 95 124 153 93 121 17 38 38 67 73 24 91 
line2d_list
246.6379394531 453.8335876465 212.0507659912 321.2476196289 
15.7825231552 187.7451171875 0.5992355943 141.1305389404 
236.8680725098 396.0027465820 236.9692687988 326.9984741211 
251.6473388672 455.8415222168 229.8449401855 366.7931213379 
227.6219482422 367.0935058594 246.1412353516 441.9650573730 
341.1080017090 312.0816650391 346.5703125000 237.9683380127 
10.7251491547 440.7533264160 0.8961274028 372.0148620605 
0.5978784561 382.0552062988 7.8692388535 435.0179443359 
209.9047241211 323.2901000977 264.6140136719 529.8373413086 
380.3992614746 391.9831237793 382.9324645996 451.9606018066 
161.1632385254 349.0049438477 159.8927764893 390.9967651367 
9.6771831512 445.9042358398 17.7376022339 502.8956909180 
262.8753662109 516.0325927734 247.7256164551 458.0717163086 
0.6876347065 147.1013793945 13.9646797180 188.0114593506 
165.0157928467 411.9036560059 159.8959045410 357.9150390625 
163.6221618652 266.9860229492 162.5100402832 297.0188903809 
234.6363830566 404.9869689941 234.2537536621 445.0119934082 
382.2358398438 395.9939880371 379.9442749023 305.9759521484 
720.7897338867 392.9700927734 713.5181884766 444.0737304688 
714.6090698242 355.9857177734 715.5230712891 394.9877319336 
674.3087158203 172.2336425781 663.9960937500 229.9992980957 
253.5120697021 7.8551406860 258.0283813477 54.9972801208 
715.8441772461 349.0110168457 715.1379394531 274.9891357422 
677.3599853516 164.2476654053 698.3690185547 48.8850936890 
695.8750610352 49.9774932861 680.0208740234 138.0037689209 
node_id_list 2418 2419 2420 2421 2422 2423 2424 2425 2474 2475 2476 2477 2695 4394 11681 11682 11968 11979 12678 12679 12680 12970 12974 12975 12976 
score_list 9.4561766214 2.2316210002 5.8844054594 4.0433039172 2.8700495846 6.6090053294 4.0011887858 2.7729667952 8.3546000647 1.8269080960 2.9362855308 1.9509931518 3.6002637251 1.4959412659 2.8446796378 7.8790321979 1.6639396340 3.8291444961 1.7946033284 1.8898037902 2.8314372931 3.9262215017 3.9185050437 3.9626887517 3.8624472902 
line3d_list
1.2598656319 -2.9997643066 0.6698439376 1.2608765064 -2.9988692991 0.9818862329 
1.2595935733 -3.0007673657 0.6705233168 1.2605873665 -2.9994038862 0.7965921242 
1.2616337355 -2.9943931083 0.6820581762 1.2609669118 -2.9985162154 0.9715123213 
1.2595330837 -3.0000160406 0.6698290582 1.2581268267 -3.0009523222 0.9780201750 
1.2652031242 -3.0009743627 0.9801257896 1.2661462145 -3.0000303097 0.7235868389 
1.2620866102 -2.9930587394 0.6909893007 1.2634717715 -2.9908666247 0.9831726695 
1.2634489867 -2.9919761507 0.6798746969 1.2625682826 -2.9956114416 0.9006546903 
1.2665781492 -2.9969244989 0.8700471482 1.2673550773 -2.9960799474 0.6991688548 
1.2642692522 -3.0015326911 0.9797037650 1.2640076901 -3.0012427827 0.4508359623 
1.2644066680 -3.0046168568 0.6878216850 1.2638859489 -3.0008362537 0.4709028080 
1.2643810718 -3.0011307178 0.6629003297 1.2639487697 -3.0016880805 0.4987821381 
1.2643726757 -3.0011415428 0.6597128400 1.2638517089 -3.0018132201 0.4619341650 
1.2639967090 -2.9966813293 0.4956175501 1.2644371868 -2.9963464574 0.6638463120 
1.2724043349 -2.9867371818 0.7882175477 1.2730776403 -2.9857678503 0.6793120879 
1.2667486512 -2.9849885613 0.6975444757 1.2636873958 -2.9915343698 0.9728032852 
1.2653937443 -2.9886910729 0.9706975727 1.2658031901 -2.9874345583 0.8622906446 
1.2629701821 -3.0065687588 0.6392545126 1.2573449274 -3.0143743163 0.4562579188 
1.2664652874 -2.9872800371 0.6804041356 1.2653689095 -2.9858029228 0.9876728574 
1.2653285742 -3.0022174416 0.6680664026 1.2626786660 -3.0038318680 0.4902656330 
1.2635944546 -3.0057820422 0.6630942130 1.2621492579 -3.0052627026 0.5039621263 
1.2645086633 -3.0036427506 0.6541659546 1.2636207949 -3.0012876755 0.4659849822 
1.2640364564 -3.0014827050 0.6571578246 1.2636450517 -3.0019325902 0.4950980130 
1.2595728592 -3.0014113107 0.6925493250 1.2593706049 -2.9983104704 0.9810730074 
1.2604041344 -2.9998212211 0.6817201622 1.2606233354 -2.9956506868 0.9863543246 
1.2646448350 -2.9893352058 0.9864966992 1.2643606607 -2.9903219360 0.7630173212 
END
