-0.0045210431 -1.7784864155 1.3500828330 -0.0052882913 -1.7790808177 1.6261235596 
15 10
image_id_list 15 16 82 84 16 18 42 90 18 42 79 50 50 49 49 
line_id_list 30 10 89 129 51 174 83 162 238 141 129 25 96 60 73 
line2d_list
316.2308044434 26.9718341827 313.0457153320 0.8723845482 
624.3845214844 28.0013065338 624.2453002930 68.9974365234 
607.7237548828 93.9904174805 609.0764160156 55.0026512146 
509.8742980957 86.9987106323 509.6898193359 104.9968185425 
627.2512207031 69.9908676147 625.3951416016 18.9129638672 
109.9767608643 65.0044708252 98.5377807617 5.5120453835 
87.5899887085 83.1583786011 55.7424736023 0.7131914496 
172.4661254883 70.9676971436 175.8647613525 120.0093688965 
98.3605957031 10.9337043762 107.3689880371 59.9321594238 
52.9611167908 1.0151920319 85.1260452271 83.3414535522 
377.9317932129 115.0224151611 379.5678405762 47.0136604309 
358.1073303223 0.9805579185 357.3884582520 33.9866828918 
358.9855957031 59.9997940063 359.7983093262 3.0113842487 
654.8503417969 17.9536151886 634.9127197266 82.2828903198 
629.8536987305 102.9539108276 662.0593261719 0.7037090063 
node_id_list 8571 8572 8573 8574 8748 9140 9141 9142 9182 9183 9184 12222 12223 12740 12743 
score_list 5.6620859313 2.2559949952 2.1260016223 4.0511218783 1.8855435079 2.2398310955 3.8929022916 1.5620023012 3.5584108075 3.7582872448 4.4027350966 4.3630354349 4.2437694107 6.0893037146 6.7213532352 
line3d_list
-0.0293637142 -1.7906686059 1.3522108232 -0.0187434866 -1.7841845629 1.4752087651 
-0.0289601001 -1.7954751538 1.5770146201 -0.0387332519 -1.8039188321 1.3925581701 
-0.0078321989 -1.7795293966 1.3545428915 0.0041250246 -1.7693004929 1.5528366852 
-0.0018318775 -1.7811692056 1.5025924220 -0.0010559027 -1.7816759309 1.4263515177 
0.0110502230 -1.7639265127 1.3934812161 -0.0181902341 -1.7845012579 1.6166910502 
-0.0061289073 -1.7755678476 1.3967535042 0.0020748552 -1.7725868906 1.6064056507 
0.0012556243 -1.7733237251 1.3481395787 0.0013695196 -1.7731772555 1.5297017888 
0.0088251374 -1.7798852564 1.6518451009 -0.0043082945 -1.7773163380 1.5049521826 
0.0097610054 -1.7734323465 1.5885288571 0.0063228437 -1.7760552702 1.4167878447 
0.0096214056 -1.7734043717 1.5308024809 0.0089413696 -1.7735344633 1.3501309146 
0.0162168034 -1.7716017190 1.3921652670 0.0128200783 -1.7703377310 1.6515974273 
0.0080317714 -1.7733772212 1.5104449418 0.0113454945 -1.7735422378 1.4213136992 
0.0000933176 -1.7732911916 1.3486439952 -0.0026653693 -1.7730858078 1.5053734181 
-0.0010614063 -1.7788269164 1.5825936244 0.0042773042 -1.7779107336 1.4148790840 
0.0100721098 -1.7736784432 1.3597954036 0.0028962613 -1.7738659526 1.6261575376 
END
