0.0004362193 -2.0266248716 1.3463068161 0.0005591540 -2.0271393907 1.6255496220 
24 15
image_id_list 14 15 21 38 60 82 84 88 97 16 20 96 16 20 96 50 77 77 95 97 50 95 82 88 
line_id_list 27 55 17 83 55 60 28 30 34 14 15 34 27 22 18 33 53 63 28 146 101 33 179 82 
line2d_list
696.2797851562 63.0052947998 696.3666992188 41.9973793030 
275.3376464844 28.9529170990 271.4313049316 0.9398575425 
774.0157470703 111.2706375122 782.6397094727 78.9040069580 
620.8417968750 239.9765319824 630.0359497070 178.0053253174 
786.5195312500 236.0445556641 788.4991455078 212.9570617676 
566.3028564453 95.9764328003 565.5791625977 55.9714317322 
458.9383544922 120.9765472412 457.9890747070 83.0002746582 
667.1435546875 237.2555999756 676.8209838867 193.9599761963 
709.0742187500 267.0858154297 711.4808349609 236.9585266113 
578.4825439453 81.0190429688 577.1215209961 44.0323257446 
486.0423278809 211.0383300781 487.6622009277 166.9875793457 
509.8473815918 233.0276031494 511.5086669922 182.0165710449 
576.2009277344 49.9964981079 576.7586059570 82.0042037964 
486.2143554688 175.0702514648 484.1352233887 211.0078277588 
509.4233703613 186.9735260010 507.3121337891 232.9684295654 
285.3230895996 56.9929275513 284.2729187012 9.0159158707 
745.2338867188 153.0424041748 748.8446044922 47.9946594238 
745.8249511719 66.9670486450 743.6652221680 143.9906158447 
515.0974121094 211.0992279053 523.1523437500 122.0137786865 
710.0975341797 239.0088348389 707.5585327148 267.0505676270 
282.3007507324 26.9934425354 282.9554138184 57.0227737427 
519.3081665039 142.0310363770 512.4694824219 209.9465789795 
565.2158203125 67.0078277588 564.1637573242 96.0059432983 
671.7922973633 205.9512634277 664.5323486328 236.8902587891 
node_id_list 8188 8189 8190 8191 8192 8193 8194 8195 8196 8583 8584 8707 8725 8726 8727 9365 9366 9367 9368 9369 9378 12766 13486 13521 
score_list 4.4989031073 4.6907173979 6.6497313832 5.6047703883 6.3558436232 4.6373900046 2.8842214885 7.7206380226 6.4403403354 5.2065751015 3.9682957574 5.2635046249 3.5927839117 3.0370529712 4.0366486801 3.1158507817 5.1574791717 4.4002639123 5.0456034241 4.4110342201 3.5972146138 3.3401906232 1.7431731581 6.2206516719 
line3d_list
0.0000694368 -2.0259234847 1.3486149759 -0.0027582609 -2.0293635722 1.4493843363 
-0.0059600309 -2.0296323290 1.3498653295 -0.0181607686 -2.0380217606 1.4834320304 
-0.0008732871 -2.0268210509 1.3484376219 -0.0010446939 -2.0278746888 1.4690233271 
-0.0028321864 -2.0277204658 1.3634678271 -0.0063567604 -2.0312599568 1.6255450744 
0.0073369712 -2.0197825420 1.3493942481 -0.0059936205 -2.0290453558 1.4519067545 
0.0052609208 -2.0209824911 1.3498370807 0.0006577238 -2.0269325136 1.5612785846 
0.0027321823 -2.0241683401 1.3574327382 0.0063025530 -2.0227460414 1.5251784444 
0.0011737324 -2.0261460551 1.3497879224 0.0006184818 -2.0270111732 1.4661751399 
-0.0037874360 -2.0283205231 1.3625521561 -0.0041049907 -2.0293177990 1.5220256179 
0.0068172390 -2.0237693504 1.3531715617 -0.0013014080 -2.0281533355 1.5267085840 
-0.0034581826 -2.0267690669 1.3553655938 0.0002171859 -2.0253274378 1.5762654345 
-0.0008757403 -2.0264207734 1.3511807831 -0.0015596891 -2.0279584968 1.5724460173 
0.0170016832 -2.0238035628 1.5011073863 0.0243991379 -2.0233154406 1.3512666132 
0.0152127752 -2.0239216042 1.5373430064 0.0240350552 -2.0233394646 1.3586413690 
0.0257858047 -2.0202029251 1.5531168029 0.0184215668 -2.0271836192 1.3533818494 
-0.0007361900 -2.0285555434 1.3458152492 -0.0027160919 -2.0280961283 1.4839269035 
-0.0033012123 -2.0292321794 1.3614595011 0.0024866258 -2.0258644927 1.6528234525 
0.0007549660 -2.0330766810 1.6029002600 0.0051080994 -2.0311865904 1.3893401528 
0.0021765813 -2.0249823373 1.3528130167 0.0006575956 -2.0272974360 1.6436283906 
-0.0127103981 -2.0393028573 1.5103468790 -0.0163435366 -2.0416628371 1.3607772383 
0.0137439558 -2.0269998299 1.4329243741 0.0152360330 -2.0272678382 1.3462991159 
0.0129643826 -2.0283311229 1.5805040383 0.0145882004 -2.0290984094 1.3576346524 
-0.0072821900 -2.0340749134 1.5032739356 -0.0304019466 -2.0549598276 1.3462115066 
0.0148365514 -2.0191170697 1.4345176050 0.0165494592 -2.0183584264 1.3514773458 
END
