0.0018032694 -1.6193464355 0.7256240479 0.0017339410 -1.6183391919 0.8339159078 
46 46
image_id_list 0 3 4 8 12 39 45 46 58 79 85 90 93 1 6 37 40 43 49 50 62 76 81 84 86 95 96 98 42 7 15 18 41 88 38 9 10 20 31 99 14 33 97 82 16 57 
line_id_list 45 51 111 111 152 106 56 165 280 64 209 119 133 137 51 109 79 54 32 66 103 128 62 39 129 40 99 82 116 31 83 217 42 19 30 205 100 89 94 89 69 113 37 116 34 64 
line2d_list
30.9926147461 300.6918029785 38.2203216553 277.0674133301 
592.8272094727 264.9759521484 595.8856811523 242.9841003418 
168.0308532715 381.5455322266 150.4483337402 350.3105468750 
343.0388488770 352.7751770020 347.0166320801 335.7699890137 
169.5337219238 140.9105987549 165.3786315918 116.1040802002 
319.1874389648 368.8728637695 321.8554077148 351.8209228516 
421.9432067871 363.9916687012 425.7873840332 337.8218688965 
58.3342247009 356.9492187500 54.5534973145 332.0678405762 
12.5295543671 376.0022888184 12.6333332062 351.9940795898 
410.2109375000 273.0057067871 410.8356018066 249.9684295654 
277.0859375000 285.1956787109 272.9775695801 266.0047912598 
234.5744476318 345.0161132812 233.5904541016 319.0155029297 
40.3255004883 371.2315063477 30.6737670898 343.1119689941 
103.0095443726 360.0494689941 103.6761169434 332.9674072266 
433.6401062012 265.0006103516 433.5747985840 226.0023803711 
416.5509338379 318.9989929199 416.5908813477 300.9968872070 
10.5948457718 446.7857360840 1.2720637321 420.9020080566 
567.8323974609 395.0100097656 566.2777099609 368.9833984375 
615.3498535156 326.1215515137 625.6327514648 296.5249633789 
400.3047485352 263.9682922363 401.6739807129 233.9395446777 
342.5065002441 64.0814666748 336.7229003906 29.0457439423 
433.1351318359 290.0038757324 433.7077636719 269.9630737305 
626.7963867188 254.0033416748 626.4685058594 233.9923248291 
542.6820068359 259.0295410156 543.5939941406 237.9824066162 
462.5328063965 327.9992980957 462.5618286133 308.9978027344 
608.2246093750 413.8807678223 612.3959350586 386.7533569336 
586.6179809570 388.9763488770 588.0444335938 365.9408264160 
578.0164794922 368.1445312500 580.9029541016 347.8440246582 
220.9544372559 303.6444091797 209.5941009521 273.1512145996 
675.5325317383 120.8761215210 684.0468139648 88.7474060059 
354.7149963379 151.0291748047 352.8603820801 132.9119262695 
176.2428894043 230.1180572510 172.7987213135 208.0313873291 
401.6765441895 336.0516967773 416.0761718750 426.1476440430 
723.1272583008 526.0353393555 733.2656860352 489.5184936523 
691.0983276367 406.8138122559 695.6595458984 384.7232360840 
536.3537597656 367.0244750977 536.6434326172 351.0116271973 
422.8060302734 327.9696960449 425.4942016602 310.7647399902 
553.9725952148 342.9981384277 555.2715454102 323.9503173828 
527.7408447266 380.0018005371 527.6019287109 360.0027770996 
380.7141418457 383.0663146973 382.3131103516 365.8433837891 
772.8753662109 188.9929504395 774.0666503906 167.9471740723 
587.8483886719 377.0781860352 586.4153442383 355.9718017578 
779.6122436523 400.9552612305 781.9282226562 380.8763732910 
632.1467285156 211.0427551270 632.8196411133 192.9932708740 
657.6201782227 209.0020599365 657.6901855469 187.9989624023 
636.7037353516 336.9280700684 641.1090698242 318.7836914062 
node_id_list 367 368 369 370 371 372 373 374 375 376 377 378 379 1845 3021 3022 3023 3024 3025 3026 3027 3028 3029 3030 3031 3032 3033 3034 3767 4012 4013 4014 4015 4016 4328 4824 4825 4826 4827 4828 6005 6006 6007 6446 8306 8307 
score_list 10.3542686385 17.6737978762 8.3737147751 13.1090001999 11.2983963685 13.3801880154 11.6364950162 9.6764742523 8.5860786525 10.8429068377 12.0145936915 12.3125131055 9.7231818463 7.8639045447 14.7627172390 6.8388235064 9.9230132904 12.6551751243 15.3533143401 12.8901822277 13.5941408112 9.8236177625 14.4214299704 11.3401325432 9.6861781184 12.0370558200 12.2287051379 11.5060079702 11.2208372553 12.3549897406 14.1321166852 10.8490384063 12.6283581651 10.6286351858 9.0245737413 8.5799308563 10.5615664545 12.3800404488 11.1127591804 10.2143745383 4.9523445344 15.2153269061 10.9315797004 6.9552707020 8.3062756082 5.0077939978 
line3d_list
0.0002606551 -1.6188558617 0.7306591936 0.0020784737 -1.6182269444 0.8302284419 
0.0016852072 -1.6188892362 0.7267206394 0.0027722193 -1.6181941415 0.8306487316 
0.0006489617 -1.6187672852 0.7279742656 0.0031112868 -1.6192638867 0.8300031447 
0.0010900510 -1.6196688107 0.7315148275 0.0005346667 -1.6178257126 0.8282491678 
0.0002336902 -1.6197963554 0.7273038126 0.0018935292 -1.6183185403 0.8278043937 
0.0021734754 -1.6191352439 0.7331513862 0.0007672889 -1.6177319759 0.8276405255 
0.0010691023 -1.6186259574 0.7277703351 -0.0009637589 -1.6191038803 0.8299280173 
0.0030047053 -1.6188103883 0.7291277596 0.0003812157 -1.6192177442 0.8286673171 
0.0055634982 -1.6190825947 0.7341449078 0.0011191585 -1.6176602995 0.8305458771 
0.0034605982 -1.6183938892 0.7262709845 -0.0044298123 -1.6202180398 0.8286220845 
-0.0039360311 -1.6208441306 0.7309765042 -0.0069151090 -1.6193862244 0.8269338409 
0.0026301991 -1.6187783782 0.7294317788 -0.0001196609 -1.6191635439 0.8273174129 
0.0015920740 -1.6194335480 0.7297545842 0.0019950827 -1.6184972425 0.8290753882 
0.0015368136 -1.6198677823 0.7257218508 0.0034697574 -1.6183759294 0.8277864158 
0.0006994575 -1.6198013280 0.7280817203 0.0035116625 -1.6183020667 0.8327123237 
-0.0069406040 -1.6240239588 0.7256619566 0.0048990702 -1.6167844435 0.8275627999 
0.0016407720 -1.6184597437 0.7291790750 0.0077906329 -1.6165720974 0.8386488672 
0.0036529942 -1.6183377014 0.7268892328 -0.0036719426 -1.6200162858 0.8258511283 
0.0010744220 -1.6193741254 0.7335224677 0.0014875541 -1.6189377290 0.8303139559 
0.0022083026 -1.6193539053 0.7295961830 -0.0008915342 -1.6190174259 0.8300190498 
0.0023117810 -1.6185165133 0.7288814385 0.0012439740 -1.6194503083 0.8297682899 
0.0045720459 -1.6172140291 0.7281510820 0.0032002045 -1.6172644143 0.8274232894 
-0.0048442422 -1.6213118592 0.7272624174 0.0023218414 -1.6176485064 0.8270055214 
0.0023702427 -1.6191322540 0.7291192784 0.0035834447 -1.6163521899 0.8315662562 
0.0019670751 -1.6196990302 0.7293786846 0.0026007185 -1.6178763769 0.8281632907 
0.0013181037 -1.6189765123 0.7308424238 0.0010924130 -1.6186697203 0.8292389475 
-0.0036630130 -1.6205083489 0.7253807261 0.0023174235 -1.6181036174 0.8299262014 
0.0043421920 -1.6184899857 0.7340021644 0.0061475886 -1.6161337276 0.8309792060 
-0.0044829716 -1.6196363535 0.7265912486 0.0011565431 -1.6182690271 0.8292948771 
0.0013714531 -1.6189612503 0.7309291920 -0.0009099331 -1.6192314156 0.8289412738 
0.0021283773 -1.6182575778 0.7315392390 0.0050908379 -1.6164316465 0.8294187193 
0.0100255815 -1.6156417461 0.7353908124 0.0106840633 -1.6146057628 0.8328903426 
0.0036318922 -1.6179915739 0.8063917648 -0.0021128658 -1.6267279971 0.3721406470 
0.0012623624 -1.6192149929 0.7326949594 0.0025533563 -1.6180300371 0.8316096828 
0.0008200956 -1.6193428686 0.7306919967 0.0016222958 -1.6182776727 0.8298660870 
0.0028192116 -1.6188115854 0.7343870363 -0.0033306887 -1.6194781822 0.8339879653 
-0.0019982684 -1.6200622826 0.7295405513 0.0024043831 -1.6176037502 0.8286199883 
0.0108382896 -1.6136270572 0.7329659330 0.0171376682 -1.6110546620 0.8338580145 
0.0233849469 -1.6094325466 0.7309147882 0.0026269820 -1.6167917342 0.8315734126 
0.0106122797 -1.6154999892 0.7330867593 0.0048078753 -1.6168076772 0.8288932347 
0.0006859939 -1.6191482615 0.7266170345 0.0001310947 -1.6194949966 0.8296588440 
0.0006063563 -1.6195045232 0.7297072269 0.0036778174 -1.6167678851 0.8299990174 
0.0043035150 -1.6181004345 0.7258828538 0.0052709500 -1.6167827827 0.8300641184 
0.0043446096 -1.6180444633 0.7303082611 0.0052839029 -1.6167651408 0.8314589947 
0.0003057208 -1.6195111347 0.7261218402 0.0052823891 -1.6173302726 0.8337299386 
0.0236017532 -1.6086909926 0.7324336802 0.0079050144 -1.6146316488 0.8294855422 
END
