-0.2351454068 -0.9009150370 0.7262989269 -0.2335791422 -0.3747887099 0.7272014558 
53 40
image_id_list 0 1 4 8 12 32 39 45 46 58 59 64 74 85 90 93 3 17 47 79 87 37 50 62 76 11 42 4 11 12 46 47 50 59 66 79 90 10 19 20 84 86 99 9 98 18 31 65 43 45 43 98 58 
line_id_list 118 9 7 101 2 16 122 85 44 76 35 25 5 20 11 14 27 14 10 52 8 26 39 61 37 49 8 14 62 1 68 15 42 3 20 24 3 158 161 121 66 29 27 33 109 75 46 89 70 74 3 108 70 
line2d_list
175.0657043457 300.4537963867 212.9980163574 305.0165405273 
250.0070037842 306.0390319824 316.8293457031 294.0489807129 
300.0279846191 220.7749786377 364.7476196289 169.4216461182 
473.0259094238 373.8899536133 562.2601928711 394.8945007324 
329.8753051758 103.8800354004 433.9216918945 92.2965316772 
590.9926757812 326.7639465332 685.0012207031 326.2075500488 
449.1106872559 377.2410583496 537.1343994141 390.0784301758 
620.1552124023 392.2813720703 772.1902465820 425.1190795898 
252.8711547852 330.1692810059 372.9099731445 321.7206726074 
201.9849090576 362.0746154785 314.9936523438 361.1891174316 
177.8901214600 346.1578979492 335.9837646484 336.7279357910 
249.1350708008 384.5604553223 422.2064819336 400.7991943359 
0.0601191409 297.2366638184 94.7959594727 246.7410736084 
423.8529663086 246.1180572510 523.9060668945 229.4367218018 
404.8573608398 310.9584045410 512.8890380859 303.4113464355 
185.2760772705 271.5881652832 250.5146789551 240.9660491943 
733.9976806641 252.3384399414 799.0082397461 252.7781219482 
245.7497558594 256.7637023926 335.7074279785 238.5546569824 
98.5057296753 201.2880249023 229.5533142090 163.4528198242 
574.9407348633 268.8507385254 693.0641479492 277.0787658691 
168.8029327393 406.7187500000 283.8497619629 389.0231628418 
558.0325927734 311.4686584473 661.0285034180 313.6611022949 
638.1852416992 277.7721557617 799.2905273438 302.0739746094 
705.4881591797 117.2112731934 799.3218383789 142.8208007812 
589.0625610352 292.2838134766 705.0510253906 302.4158020020 
195.2024536133 177.1016845703 314.1295776367 189.7850036621 
493.0279541016 265.6260986328 702.0228271484 269.8778076172 
373.1578979492 168.9660644531 306.3254394531 223.3995513916 
315.1602783203 193.4752044678 194.9122161865 180.8350677490 
438.0339965820 95.3008575439 330.1676635742 107.4843521118 
374.0521850586 324.7310180664 253.0265045166 333.3711853027 
235.9359893799 165.7879333496 99.5880889893 206.9481048584 
799.2288818359 306.4976806641 636.7344360352 281.7431335449 
339.0264282227 340.4298095703 177.9588165283 350.3300781250 
43.6248474121 -0.0888064504 0.5681314468 14.7465896606 
694.9664916992 280.4926147461 573.9140625000 272.2639465332 
516.9828491211 306.7611999512 405.8376159668 314.7369689941 
562.1966552734 353.2356567383 663.1997680664 379.2236938477 
705.2722167969 317.5555114746 799.1419067383 335.2470397949 
718.2031860352 358.8827819824 799.2501220703 373.6248168945 
715.0274658203 258.6669616699 799.1152954102 265.6022644043 
615.0874633789 323.3976440430 730.0724487305 329.6720581055 
523.1284179688 398.1512145996 615.1399536133 412.0752868652 
675.0547485352 374.4368591309 763.0010375977 382.9896240234 
755.3226928711 391.2973022461 799.2607421875 399.6243286133 
353.0068359375 214.9794464111 470.0082702637 215.7632598877 
708.0951538086 384.7883605957 789.9045410156 391.2151794434 
404.0453491211 0.4007762969 520.2124633789 9.1930952072 
780.0055541992 373.5692443848 799.0281982422 373.8147583008 
773.8085327148 428.8900756836 619.8341064453 395.7713623047 
799.0021972656 378.5434875488 779.9992065430 378.5150146484 
799.1857299805 403.0463867188 754.9173583984 394.4244079590 
316.0125427246 363.9596557617 201.9797363281 365.4516601562 
node_id_list 925 926 927 928 929 930 931 932 933 934 935 936 937 938 939 940 1589 1590 1591 1592 1593 2903 2904 2905 2906 3557 3558 3590 3591 3592 3594 3595 3596 3597 3598 3600 3601 4782 4783 4784 4785 4786 4787 5327 5328 6529 6530 6808 9441 12177 12269 12270 13047 
score_list 11.0450994340 16.1965728114 16.4779300904 11.5755268527 10.4934287473 11.1870025258 12.8391061322 7.9762493357 12.1017974110 11.7352189889 7.4879747914 10.7186764569 14.9771252520 13.4935764371 16.1279948062 14.9979565711 6.1154041573 12.8301718537 9.2613749150 12.9818048748 11.8584566384 8.0680712550 6.0155013545 9.8619328131 8.6290907814 14.1937126481 12.5788807024 12.5953612078 7.8091677809 5.7411620056 5.8723521338 9.6025456516 4.7427107575 5.2325846942 7.3570883771 3.5415672575 6.2989293996 7.7254300491 5.5419975243 8.7891748839 8.5671243613 11.2987039431 12.5320086775 6.3413815886 5.5510600202 13.6573229195 6.5841986692 12.8251787218 9.5071370271 2.8599599250 3.7105994291 0.8645083884 4.8742540908 
line3d_list
-0.2304188660 -0.7962319831 0.7286573969 -0.2367998796 -0.5493295318 0.7252155657 
-0.2376100855 -0.8014680061 0.7259466906 -0.2296701017 -0.3934974322 0.7280302250 
-0.2368656022 -0.7952818032 0.7261233746 -0.2341329287 -0.3911669295 0.7269940423 
-0.2195880114 -0.8946729155 0.7313543917 -0.2226166799 -0.3793667895 0.7310353154 
-0.2488355324 -0.8926172749 0.7214904901 -0.2220192424 -0.3902212968 0.7312504520 
-0.2323995737 -0.8952063457 0.7272657743 -0.2525659898 -0.3776167970 0.7229079689 
-0.2316432870 -0.8938427127 0.7285142953 -0.2267562258 -0.3817648486 0.7300580272 
-0.2415914324 -0.8980917416 0.7246829258 -0.2408061481 -0.3739494597 0.7249710976 
-0.2351414065 -0.8993452479 0.7264636161 -0.2374582429 -0.3829867664 0.7262257211 
-0.2271315880 -0.8994077730 0.7288659784 -0.2400443016 -0.3803596510 0.7254523991 
-0.2188530618 -0.8996967109 0.7302502061 -0.2243271376 -0.3808960090 0.7292797229 
-0.2320753613 -0.8949137768 0.7269804216 -0.2297029819 -0.3707191607 0.7276516809 
-0.2319833523 -0.7506048330 0.7284890701 -0.2306328286 -0.3859354278 0.7290182218 
-0.2353551831 -0.8957540683 0.7267238387 -0.2307216061 -0.3853160956 0.7282705247 
-0.2297186575 -0.8946401819 0.7275493115 -0.2350427633 -0.3842334268 0.7263602729 
-0.2363584615 -0.7956755054 0.7262410479 -0.2272017895 -0.3989944866 0.7286008688 
-0.2141494773 -0.8669251564 0.7315064011 -0.2381463510 -0.5311393850 0.7270055125 
-0.2306626507 -0.9016839694 0.7280993017 -0.2307879900 -0.3831799844 0.7290940190 
-0.2615172127 -0.8745698977 0.7173764757 -0.2126595633 -0.3984329025 0.7338604810 
-0.2282311540 -0.8930447729 0.7285418127 -0.2238055856 -0.3791491482 0.7303240149 
-0.2259965143 -0.8926088534 0.7287157533 -0.2334487080 -0.3835223912 0.7272316682 
-0.2346920847 -0.8988860596 0.7264645468 -0.2120377167 -0.3822718516 0.7339196097 
-0.2231605276 -0.8982291239 0.7291315745 -0.2251434844 -0.4443595747 0.7287383517 
-0.2359274559 -0.6694885222 0.7258377409 -0.2352813866 -0.4637049623 0.7263728282 
-0.2353891865 -0.8994999090 0.7267124884 -0.2306727003 -0.3799285915 0.7282868495 
-0.2259866007 -0.9001088862 0.7290015428 -0.2291545755 -0.3849639853 0.7286523893 
-0.2362306041 -0.9008370394 0.7256885661 -0.2329536244 -0.3785679918 0.7276159624 
-0.2022776716 -0.3796733694 0.7228129992 -0.1993751570 -0.8058441198 0.7228416213 
-0.2032232506 -0.3782684610 0.7213816698 -0.2047878093 -0.8969404521 0.7194923208 
-0.2065554705 -0.3752660089 0.7199841492 -0.2062766830 -0.9035075382 0.7192361409 
-0.2104162123 -0.3792632802 0.7189063495 -0.2123352748 -0.8963091192 0.7177409669 
-0.2047945995 -0.3779494088 0.7217714109 -0.2059928580 -0.9001619287 0.7206151700 
-0.1980696057 -0.4462166528 0.7244010083 -0.1969919971 -0.8995839932 0.7242402338 
-0.1997561329 -0.3765132687 0.7234628521 -0.1980962130 -0.9006520758 0.7232621576 
-0.2022400641 -0.3851952105 0.7228133700 -0.2012188005 -0.5351454223 0.7228234409 
-0.2012484357 -0.3749874163 0.7220135399 -0.2130752624 -0.8975367565 0.7166466260 
-0.2032780398 -0.3800449136 0.7212294170 -0.1980253809 -0.9010188450 0.7223947342 
-0.2305302257 -0.8978561809 0.7281299846 -0.2266292297 -0.3803977892 0.7298273595 
-0.2319360755 -0.8985966599 0.7273826817 -0.2163492266 -0.4632361805 0.7323959162 
-0.2312636149 -0.8978021671 0.7275635456 -0.2213812008 -0.5634073349 0.7308569809 
-0.2293724771 -0.8983176483 0.7281785415 -0.2273165199 -0.5689793446 0.7289491259 
-0.2325073732 -0.8988012013 0.7277820823 -0.2235302004 -0.3792775524 0.7303719623 
-0.2264829853 -0.8688049010 0.7288953134 -0.2265271405 -0.3866334407 0.7298330011 
-0.2399328811 -0.8564454063 0.7251438497 -0.1751218729 -0.3877418863 0.7432945552 
-0.2389190126 -0.8978352614 0.7252154660 -0.2281364001 -0.7292137143 0.7286302110 
-0.2086676682 -0.8953995718 0.7339199594 -0.2306695713 -0.3794187007 0.7287591760 
-0.2535177101 -0.8019416525 0.7218399176 -0.2213913599 -0.4531897017 0.7312664446 
-0.2298316398 -0.6783591387 0.7278504146 -0.2425113565 -0.3805575632 0.7235608627 
-0.2386417733 -0.8942367845 0.7254182581 -0.2415283713 -0.8332918988 0.7246064082 
-0.1977845825 -0.3748886418 0.7233379703 -0.2021251274 -0.8969907520 0.7208338709 
-0.2177814449 -0.8372750438 0.7163644799 -0.2099798487 -0.8985316784 0.7182927801 
-0.2318114562 -0.7271140910 0.7128967186 -0.2102027402 -0.8967815771 0.7182376885 
-0.2089960638 -0.3796286518 0.7193683073 -0.2252794274 -0.8992110408 0.7135238682 
END
