-0.1988062433 -0.9044336645 1.4601147466 -0.2025070906 -0.3824536236 1.4600202825 
70 32
image_id_list 0 3 39 45 45 46 58 59 64 64 0 1 3 4 17 17 39 45 45 46 58 59 64 64 85 90 90 93 93 8 32 59 79 87 1 87 50 8 50 76 85 20 31 84 84 86 86 99 19 20 31 99 9 10 11 11 18 18 32 58 10 76 10 37 37 79 37 74 32 99 
line_id_list 216 135 211 155 184 179 237 195 203 220 221 99 131 80 109 127 259 148 185 113 256 190 185 210 156 197 219 84 172 214 207 234 167 168 230 204 99 187 92 131 130 160 103 55 115 130 143 167 199 174 116 175 189 183 169 218 212 274 110 287 222 168 246 115 148 140 132 214 159 202 
line2d_list
213.2496490479 160.2382202148 269.4414672852 178.6528320312 
760.0027465820 96.8162765503 799.0238037109 97.3946304321 
471.7825622559 251.4294891357 541.1549682617 261.9812622070 
657.0252685547 197.8057098389 749.1583862305 209.7816925049 
751.8743286133 209.9540405273 799.1085815430 216.1758880615 
234.9204864502 155.5330200195 362.0348510742 148.6426849365 
203.9860076904 200.2761840820 295.0562744141 204.8890533447 
170.9390716553 108.1578521729 341.9391479492 117.1565628052 
412.1166687012 144.4963073730 472.8686218262 158.5672149658 
297.0063781738 116.9735183716 408.3017578125 143.7455139160 
267.9866943359 181.0415496826 212.5843963623 163.2976226807 
319.9905395508 150.3848419189 253.9812927246 148.7598724365 
799.0108032227 100.3782958984 763.9866333008 99.7698593140 
238.0130310059 1.0296983719 216.7255096436 10.3747072220 
290.1530761719 115.9180603027 219.1269073486 127.7610702515 
216.8267822266 124.9229278564 312.0968017578 109.6019973755 
539.9205322266 264.5350036621 471.9349670410 254.4377899170 
747.9060058594 212.7290954590 655.8885498047 200.8642272949 
778.9123535156 216.6663665771 751.9836425781 213.1242980957 
330.0126647949 153.2196655273 236.0364837646 158.6334381104 
293.9739379883 207.5608062744 203.9360504150 203.3760681152 
274.0354919434 117.3030548096 174.9360198975 112.2563476562 
408.0511169434 146.7840576172 296.6644287109 120.4176025391 
439.7161865234 154.1931610107 411.6397094727 147.5146484375 
465.1152343750 90.6847686768 405.9397583008 100.6420135498 
418.0212707520 133.4740753174 530.9854125977 135.0486602783 
509.9819641113 138.3589172363 418.9847106934 137.1516113281 
190.1950531006 87.9475326538 135.4561614990 99.2159423828 
134.8884735107 95.4450073242 208.9132995605 80.5686035156 
571.8404541016 266.7166137695 505.7756958008 252.0075073242 
665.0032958984 199.0773468018 592.0509033203 202.1926422119 
305.9832153320 119.2369613647 277.9115295410 117.2502746582 
669.0014648438 108.9644165039 595.9623413086 105.8965759277 
261.0032958984 227.5063781738 167.0072937012 228.1193542480 
254.0276794434 145.1705780029 321.0531616211 147.4076843262 
164.9909973145 224.9263610840 284.0077819824 223.9283905029 
799.0364990234 37.8796615601 681.9653320312 34.0641098022 
503.8643798828 248.5961608887 574.3131713867 264.6235046387 
676.9470214844 29.5944213867 799.0115966797 33.6508789062 
601.9978027344 137.0973510742 726.0023193359 139.8967590332 
401.8323669434 97.9981460571 510.9564819336 79.7399139404 
737.1220092773 203.0832824707 799.0620117188 207.0256805420 
682.0339355469 229.6840515137 798.9942626953 223.8843841553 
731.9721679688 89.3765106201 799.0210571289 88.2264785767 
799.0103759766 91.7704315186 732.0090332031 92.6722640991 
689.0003051758 177.0178527832 621.0187988281 178.1392059326 
620.9868774414 174.8550262451 743.0052490234 173.4555969238 
529.8963623047 262.3865356445 603.0853881836 267.8579711914 
788.9975585938 183.0333251953 726.8929443359 178.4507598877 
799.0332031250 210.5196990967 737.9106445312 206.2922668457 
772.0114746094 228.2342071533 682.0800170898 232.6351013184 
600.9899902344 270.1454162598 532.9676513672 265.4707641602 
741.9992065430 251.2118072510 670.9965209961 250.9532165527 
589.8288574219 216.9874267578 695.7667236328 235.3461456299 
292.9591369629 13.3016586304 200.0384674072 0.7159534097 
224.1918792725 0.5213637352 327.8733825684 13.9757261276 
344.9977111816 40.7250900269 476.0008850098 40.4896507263 
442.0027160645 44.2804450989 345.0010375977 44.4864082336 
591.9668579102 199.0559692383 666.9797363281 196.4230957031 
302.9834289551 205.3793945312 319.9946594238 206.1223144531 
646.0352783203 229.7979431152 589.8288574219 219.9799041748 
694.9998168945 142.0112457275 601.9757080078 140.4377899170 
665.9938964844 233.0347747803 648.0237426758 229.8654022217 
558.9679565430 172.8963470459 642.0140991211 170.4867401123 
640.0151977539 173.5527648926 559.0216064453 175.7834320068 
594.0145874023 102.6307373047 722.9716796875 107.7176132202 
643.9942626953 170.8450012207 666.0380859375 170.0315246582 
0.8593174815 19.2242546082 38.2613868713 12.4413328171 
669.9682617188 196.1627655029 687.0195922852 195.5166778564 
606.0162353516 268.7072753906 628.0039672852 269.9281921387 
node_id_list 1237 1238 1239 1240 1241 1242 1243 1244 1245 1246 1248 1249 1250 1251 1252 1253 1254 1255 1256 1257 1258 1259 1260 1261 1262 1263 1264 1265 1266 1745 1746 1747 1748 1749 1999 2000 3262 3267 3268 3269 3270 4982 4983 4984 4985 4986 4987 4988 5034 5035 5036 5037 5945 6585 6586 6587 6588 6589 6590 6591 6664 6665 6700 6946 6947 6999 8965 8966 11747 11748 
score_list 7.4513167481 2.2825111669 10.5302215333 10.5569387026 7.8595250428 15.0460303400 13.4779481278 11.3467271060 13.5440520875 14.6436836612 9.5139070063 12.1158799683 5.5409901167 6.8807551402 9.7793184691 10.0369349264 10.9310760450 10.5103081306 5.6892824575 15.3493546949 15.0541429014 12.3538803236 16.1413316925 12.1028081547 12.6516191775 8.4121266645 10.0559484287 8.5494648276 7.7353966601 11.3346936444 10.7596066892 7.0860404928 7.0012914328 7.4809682490 11.0289630104 8.4725433536 5.5504639156 8.9087307018 5.7859849841 10.4161544431 12.9336542899 7.9643275781 5.8342186171 6.6844950677 7.0435619078 6.2817544953 9.2895176064 10.6332790688 3.7901948365 7.7692697428 6.6496481002 10.7810644550 4.4791797654 5.5374635533 7.6463640657 7.4195645968 9.9116069649 9.5284413846 8.1345829426 9.7640284367 4.1442949799 11.0606401609 2.5716871532 7.0204750294 6.4190335862 8.8368683348 2.3250524535 8.3997011191 7.0107704030 6.0566244429 
line3d_list
-0.2058864927 -0.8503957614 1.4615876521 -0.2143763465 -0.4706944464 1.4603844671 
-0.1864781337 -0.9075438040 1.4599901889 -0.2008251420 -0.7232191543 1.4600772962 
-0.1975380061 -0.8923896252 1.4614869422 -0.2170362916 -0.4987023681 1.4605769003 
-0.1991471160 -0.9017388936 1.4603728261 -0.2051318798 -0.5992669851 1.4599697893 
-0.2033827158 -0.5910326536 1.4605038239 -0.2110908923 -0.4438625214 1.4601768546 
-0.1998427316 -0.8944499708 1.4611544353 -0.2104699175 -0.3811418967 1.4601699340 
-0.2009188199 -0.8995772024 1.4609394798 -0.2112815680 -0.5013118266 1.4606494610 
-0.2048063628 -0.8994939692 1.4599061086 -0.2016893665 -0.3884493749 1.4603176993 
-0.2191443698 -0.5750376467 1.4602023027 -0.2047150985 -0.3935201662 1.4603408004 
-0.2104258966 -0.9003506637 1.4599735621 -0.2129022439 -0.5885385871 1.4594050601 
-0.1846501722 -0.5012917301 1.4474850427 -0.1802827631 -0.8679993115 1.4477890203 
-0.1738015743 -0.5108994715 1.4488962525 -0.1799541230 -0.8786100786 1.4478242579 
-0.1806865245 -0.7321200025 1.4488110810 -0.1756671094 -0.8927695753 1.4485887598 
-0.1759704524 -0.7651990005 1.4492988370 -0.1721044120 -0.8596568460 1.4491220613 
-0.1756624426 -0.5179830028 1.4486565022 -0.1656878065 -0.8901241583 1.4482085243 
-0.1788494517 -0.8983914466 1.4627971062 -0.1969198394 -0.3948033761 1.4606197644 
-0.1778700134 -0.5119612520 1.4486932455 -0.1619520224 -0.8934493067 1.4481519571 
-0.1709762686 -0.6050852593 1.4486189286 -0.1711105767 -0.9035897886 1.4484603157 
-0.1702169589 -0.5097698765 1.4488489851 -0.1722071172 -0.5923269284 1.4490912518 
-0.1775545835 -0.5116288253 1.4486889705 -0.1705584868 -0.8864707218 1.4482817188 
-0.1757667797 -0.5097236416 1.4488712647 -0.1745894308 -0.8992595879 1.4478458058 
-0.1705156352 -0.6071023928 1.4492557783 -0.1704476380 -0.8902512121 1.4490585371 
-0.1721312246 -0.6018065957 1.4489953128 -0.1673775382 -0.9074436785 1.4488722359 
-0.1699383497 -0.5089826643 1.4490457055 -0.1699896349 -0.5921841989 1.4491693046 
-0.1754147679 -0.6094002528 1.4486095911 -0.1768754327 -0.8833656867 1.4478556078 
-0.1683918344 -0.9017557768 1.4620059365 -0.2084069740 -0.3972186645 1.4602470610 
-0.1776372837 -0.5071978563 1.4486937845 -0.1703747158 -0.8963169364 1.4482710213 
-0.1759898052 -0.6041143644 1.4485908146 -0.1800406232 -0.8716938384 1.4484304774 
-0.1875485730 -0.8642004222 1.4610584541 -0.1870861100 -0.4867515937 1.4608877455 
-0.1767936070 -0.5158472323 1.4487518215 -0.1788965078 -0.8815977234 1.4474718583 
-0.1682187647 -0.5116560380 1.4482215257 -0.1677231512 -0.8935424670 1.4472621111 
-0.1758264197 -0.5086625731 1.4484058762 -0.1623687105 -0.5969376179 1.4500041714 
-0.1765245479 -0.6039569134 1.4484780141 -0.1761881617 -0.8940204959 1.4489648536 
-0.1847844900 -0.5083900166 1.4477729662 -0.1565402503 -0.9006539681 1.4501059751 
-0.2001391492 -0.8637544074 1.4600614846 -0.1824988183 -0.4977852276 1.4613229696 
-0.1794859222 -0.9012770635 1.4609667870 -0.1960439254 -0.3993102136 1.4613989061 
-0.1682235220 -0.6072898645 1.4495020935 -0.1688614136 -0.8887146542 1.4493327046 
-0.1863002273 -0.8955380360 1.4629516739 -0.2061921961 -0.5006000160 1.4613740235 
-0.1974785779 -0.9044242555 1.4600920156 -0.2068740043 -0.6057543920 1.4594672264 
-0.1959930020 -0.8989444155 1.4612635734 -0.1980553812 -0.3844681054 1.4605066484 
-0.1819477202 -0.8999152387 1.4617938669 -0.2013577901 -0.3903748274 1.4603445032 
-0.1700803482 -0.8946885741 1.4627755647 -0.2077562234 -0.6612008343 1.4597343633 
-0.1900291577 -0.8862290577 1.4611305530 -0.2024768418 -0.4105894970 1.4602459834 
-0.1687058312 -0.9027591629 1.4625891571 -0.1812031037 -0.6659056718 1.4616558955 
-0.1896367529 -0.6639699762 1.4475707502 -0.1953420108 -0.9025280467 1.4473490629 
-0.1977860545 -0.6047065737 1.4473937487 -0.1665002555 -0.8978067200 1.4480536483 
-0.1717413864 -0.8986861780 1.4626371743 -0.1983285440 -0.3840670808 1.4605965901 
-0.1725351957 -0.8833212615 1.4625762489 -0.1919464200 -0.5075990092 1.4610864229 
-0.1846112229 -0.6140989575 1.4477109630 -0.1961978066 -0.8870943620 1.4463495131 
-0.1770077154 -0.6569417362 1.4485256980 -0.1934117218 -0.8933721722 1.4466513887 
-0.1847284175 -0.5097309000 1.4477351689 -0.1853871045 -0.8848943317 1.4475302806 
-0.1776692149 -0.5147208230 1.4484074440 -0.1800202017 -0.8672824598 1.4475792186 
-0.1910257242 -0.5128473224 1.4470467134 -0.1956606512 -0.8811529188 1.4464102498 
-0.1792828444 -0.8840135752 1.4627330667 -0.1911687746 -0.3823731615 1.4604252648 
-0.1756306149 -0.5141028801 1.4486592152 -0.1841727930 -0.8674110099 1.4484935412 
-0.1739944951 -0.7750245975 1.4616831649 -0.1988110817 -0.3816049730 1.4604825227 
-0.1899894292 -0.8949502203 1.4614187638 -0.1846277065 -0.3826209370 1.4608634151 
-0.1761558013 -0.5139615334 1.4483783381 -0.1880880100 -0.8953131490 1.4476747633 
-0.1523122228 -0.8950748085 1.4651681891 -0.1971542981 -0.4968770270 1.4607123422 
-0.2011856165 -0.4665644567 1.4603357400 -0.1946125556 -0.3898750372 1.4609017400 
-0.1704026672 -0.6053765235 1.4479335330 -0.1883885834 -0.8829921808 1.4474793654 
-0.1466865509 -0.5102921665 1.4503088311 -0.1959745679 -0.8977964505 1.4465468275 
-0.1883037011 -0.5145634137 1.4476708589 -0.1970647394 -0.5996645624 1.4474754856 
-0.1748598999 -0.8976621594 1.4625622319 -0.1781364342 -0.5020874980 1.4627106292 
-0.1754355389 -0.5109873991 1.4483709807 -0.1842895828 -0.8977252257 1.4475909793 
-0.1838743320 -0.9025006147 1.4610950110 -0.2064829869 -0.3884785444 1.4598169002 
-0.1929332674 -0.4919366574 1.4597902123 -0.2071599016 -0.3893582497 1.4598416658 
-0.1956695595 -0.5268454383 1.4601856452 -0.2021204860 -0.4016428739 1.4603081253 
-0.2296267101 -0.4758760772 1.4599687954 -0.2247971568 -0.3886977642 1.4599048863 
-0.2263430857 -0.4978193488 1.4585891733 -0.2033075993 -0.3865833856 1.4596804180 
END
