0.0288777220 -1.1117908519 0.6765528324 0.0552287126 -1.1956219360 0.6925984111 
3 3
image_id_list 19 96 82 
line_id_list 257 182 249 
line2d_list
645.8555908203 329.4701843262 627.7230834961 323.9018249512 
709.8522949219 436.4643554688 681.8250122070 427.5502929688 
725.8482666016 231.7953033447 706.7792968750 228.1565399170 
node_id_list 9343 9344 13490 
score_list 1.7803146294 4.9046210108 1.6150931815 
line3d_list
0.0279376792 -1.1121621523 0.6761567445 0.0623639432 -1.1962535714 0.6957857849 
0.0263733056 -1.1038234874 0.6750278494 0.0560580927 -1.1982604641 0.6931034351 
0.0285150976 -1.1106372254 0.6763320240 0.0552287126 -1.1956219360 0.6925984111 
END
