0.2083119987 0.1754752303 1.6346055239 0.9571459443 0.1737029008 1.6342916126 
27 12
image_id_list 0 1 17 39 58 58 58 59 85 90 0 1 8 39 93 0 1 39 90 93 8 64 87 93 8 87 87 
line_id_list 171 184 50 179 13 35 160 2 83 97 223 220 166 212 27 255 253 204 201 183 159 40 44 49 192 210 54 
line2d_list
520.3640747070 233.9680938721 414.1762084961 196.5006103516 
625.1445312500 149.0819396973 484.9974060059 127.0164489746 
454.0301513672 61.0998802185 436.0029602051 60.8137817383 
754.1716918945 270.2667541504 703.1586303711 258.3225708008 
472.0397033691 175.6695404053 513.0733032227 173.2369842529 
512.8413696289 169.1565551758 472.8791503906 172.5956726074 
475.9883728027 167.8785705566 512.1354980469 164.4131317139 
776.2189331055 45.1851654053 581.8652954102 64.6555633545 
734.9989013672 18.9091033936 673.9837646484 19.6359214783 
799.1506347656 107.0734863281 734.0016479492 101.9790191650 
409.6513977051 197.9779663086 519.9006347656 237.2787628174 
480.7462768555 129.5717773438 625.8396606445 152.9933624268 
747.7327270508 274.1090698242 777.9083251953 281.3804321289 
701.8011474609 260.7789306641 752.7967529297 273.7961425781 
365.1674194336 18.5761013031 528.0293579102 1.2764760256 
421.4281005859 195.7753143311 521.7535400391 230.8442687988 
488.1662597656 123.9185409546 624.3303833008 144.8507995605 
714.4265136719 257.1065673828 754.2098999023 266.0681457520 
740.0036621094 96.9542465210 799.1072998047 101.6488723755 
378.7281188965 9.7550296783 452.9713439941 0.7633633614 
779.2354736328 277.9645690918 739.2564086914 268.8725891113 
799.0226440430 143.6069183350 767.0148315430 143.0866546631 
579.0245971680 188.0224761963 456.0187988281 186.4908599854 
503.8979492188 0.0569285713 375.8820190430 13.9098100662 
743.7755737305 266.0382690430 779.2781982422 273.7129821777 
463.9993896484 182.5341644287 578.0015258789 182.6627044678 
451.9825134277 190.2287750244 579.9707641602 192.0512084961 
node_id_list 1145 1146 1147 1148 1149 1150 1151 1152 1153 1155 1280 1281 1282 1283 1286 1362 1363 1364 1367 1368 1923 1924 1925 1926 2040 2041 12075 
score_list 5.6399525074 7.1242775457 2.8676229450 6.0984043193 4.5080645807 6.4066170880 4.7635470049 5.6613983523 3.4305945331 6.2572739380 6.5133483836 6.5500568113 1.7316341946 4.8654769775 4.1700255944 4.4797702118 5.6675406265 4.8523144881 5.1981948711 5.1113986116 2.7365464357 8.8243217243 4.2716460164 5.7404565637 1.9611925018 4.3719282506 3.1825776461 
line3d_list
0.9561955385 0.1700333484 1.6353322169 0.2514251658 0.1615236886 1.6351495043 
0.9582164574 0.1803662312 1.6342903568 0.2425746657 0.1691721678 1.6351132752 
0.5473152910 0.1684563276 1.6347110788 0.2935321546 0.1659160684 1.6345649455 
0.7311489985 0.1725631000 1.6348078188 0.2601791402 0.1682064610 1.6345351873 
0.2730604372 0.1614186158 1.6201460891 0.6605097519 0.1705576568 1.6199176666 
0.6509861473 0.1727126190 1.6346956387 0.2467280748 0.1741042539 1.6340828509 
0.2835246227 0.1723653874 1.6519025001 0.6406984981 0.1731702893 1.6518226516 
0.8905604466 0.1748315865 1.6344580491 0.2478503141 0.1703240307 1.6337927237 
0.7328237162 0.1631590855 1.6343890778 0.2791454202 0.1601639382 1.6338014328 
0.5387806041 0.1618780286 1.6341377357 0.2563133285 0.1600132026 1.6337718586 
0.2056055501 0.1867547217 1.6192663254 0.9571457116 0.1763022952 1.6190603816 
0.2083321746 0.1867167998 1.6192655783 0.9666415825 0.1761702265 1.6190577794 
0.3655013961 0.1686910797 1.6200061477 0.6831596647 0.1628542706 1.6200425389 
0.2333384420 0.1768313444 1.6207305789 0.7345386117 0.1685010945 1.6195287207 
0.1714997845 0.1804114525 1.6206405207 0.9562846534 0.1613115848 1.6193241956 
0.2964233383 0.1627845816 1.6522583168 0.9549237564 0.1743494809 1.6524186081 
0.2569793361 0.1707021526 1.6516634364 0.9548097689 0.1708103842 1.6512836826 
0.3626057194 0.1719605522 1.6519229341 0.7227167424 0.1731103922 1.6518203135 
0.2680055684 0.1716842570 1.6523584848 0.5291289904 0.1671989514 1.6508855258 
0.2596479894 0.1642630414 1.6506780393 0.6221799398 0.1754438150 1.6521805577 
0.6704772482 0.1696891254 1.6347819979 0.2651510900 0.1656319863 1.6345486031 
0.3355078683 0.1742136009 1.6341867942 0.2427955399 0.1739628497 1.6340883274 
0.8941184078 0.1793636100 1.6343640633 0.2470785239 0.1692426171 1.6351080962 
0.8522298172 0.1685129738 1.6332755216 0.2330030567 0.1784154192 1.6349992526 
0.2902938425 0.1717296593 1.6519435408 0.6526499908 0.1728866680 1.6518402804 
0.2980471816 0.1688539682 1.6513577160 0.8904980225 0.1767136135 1.6522222047 
0.2154559051 0.1739818118 1.6195740132 0.9207871160 0.1547298506 1.6206852279 
END
