0.3942994874 0.2661595624 0.3996511691 0.5169416114 0.2668851356 0.3993633012 
3 3
image_id_list 59 92 65 
line_id_list 114 66 119 
line2d_list
639.8347778320 530.1965332031 590.9285278320 489.0850524902 
691.6596069336 479.3166198730 799.5390014648 583.4415283203 
799.7078857422 347.7638244629 761.6798706055 233.7731781006 
node_id_list 13118 13119 13245 
score_list 2.7168018152 7.0605593391 4.3720360653 
line3d_list
0.6213714927 0.2749149601 0.3918513565 0.3942478458 0.2724439067 0.3934897335 
0.1906303905 0.2649546189 0.4001292251 0.5402764067 0.2670231885 0.3993085293 
0.5169817132 0.2593622737 0.3974867180 0.1531980420 0.2614516134 0.3958510058 
END
