1.1716537266 -2.9988839585 0.8759034922 1.1716557201 -2.9969608420 0.9312721598 
7 7
image_id_list 2 7 43 95 48 54 73 
line_id_list 45 91 139 77 27 77 34 
line2d_list
243.4178009033 315.1095886230 248.0995178223 339.9812622070 
17.2257747650 76.9372177124 23.2632446289 98.6487197876 
0.9900406003 490.0027160645 5.6459603310 507.0964355469 
30.6373157501 353.0457153320 32.9015922546 371.0123901367 
768.0822143555 318.0139770508 765.1571044922 335.1969909668 
741.4748535156 286.9944763184 741.3273315430 301.0139770508 
737.1506347656 76.2797393799 731.8214721680 98.1997146606 
node_id_list 2360 2361 2362 2363 12687 12688 12689 
score_list 4.6143034457 3.6104386434 2.5985235739 4.3706640780 1.5373570820 1.8904945704 1.6986309070 
line3d_list
1.1725192460 -2.9960549282 0.9344892285 1.1708128593 -2.9994008630 0.8767313746 
1.1697043501 -3.0005238067 0.9291209540 1.1688321270 -3.0031910815 0.8747493520 
1.1715468698 -2.9982662103 0.9301614824 1.1710230969 -3.0010877133 0.8765629307 
1.1729081970 -2.9952400707 0.9325153164 1.1686436150 -3.0038867181 0.8707010739 
1.1716663547 -2.9986523211 0.9313309095 1.1713489364 -3.0012901908 0.8765737581 
1.1716888459 -2.9986318630 0.9307488942 1.1720825622 -2.9998904626 0.8772226314 
1.1713759667 -3.0005939927 0.9297643857 1.1718744636 -3.0012351526 0.8759851481 
END
