-0.1010238108 -0.9451709348 1.4716784916 -0.1004918722 -0.9451304974 1.5742483210 
3 3
image_id_list 0 64 92 
line_id_list 32 157 162 
line2d_list
195.8296508789 205.2653808594 243.7183227539 55.5496292114 
288.1571655273 119.2125854492 298.3232421875 63.8756713867 
210.3126068115 92.0391845703 205.1191253662 0.9362025857 
node_id_list 281 282 283 
score_list 7.8474191215 7.0923451397 2.8934397579 
line3d_list
-0.1022196687 -0.9452618427 1.2410899950 -0.0984940157 -0.9449786225 1.9594803269 
-0.1048540769 -0.9394158684 1.4434135928 -0.1048222844 -0.9388215149 1.5742682917 
-0.1022186452 -0.9451494924 1.4716846797 -0.1036147894 -0.9450631543 1.5974525941 
END
