3.7926500673 -0.9497256823 0.1564124130 3.7920064632 -0.9496576252 0.9709330418 
14 12
image_id_list 22 24 25 26 27 28 29 52 69 70 71 22 24 35 
line_id_list 51 14 99 150 36 161 15 43 25 64 82 70 20 44 
line2d_list
340.5146484375 184.9831695557 337.1494750977 282.0051879883 
681.7133789062 403.3007202148 624.6609497070 508.2722167969 
446.3303527832 333.0841369629 457.3164062500 551.0848388672 
390.8041076660 243.0314788818 412.5274047852 378.2366027832 
626.9470825195 247.0031280518 635.4801025391 391.0899963379 
466.1569519043 178.1830139160 496.1170654297 316.1916809082 
547.2273559570 199.8595428467 534.3056030273 362.9449768066 
74.3115692139 323.9926757812 78.0285110474 482.0228576660 
499.5680541992 295.1236877441 468.0674133301 439.7969360352 
302.9343261719 124.0071563721 322.4437255859 303.1694641113 
134.2076416016 0.6438183784 167.7498321533 114.3687286377 
344.8340759277 47.9612312317 340.6435852051 173.9881439209 
778.9092407227 224.9505615234 688.8044433594 390.3486938477 
799.7981567383 277.7688293457 771.3145141602 307.3397216797 
node_id_list 9929 9930 9931 9932 9933 9934 9935 9936 9937 9938 9939 10015 10016 10410 
score_list 8.9713320056 9.8922372086 9.4686436209 7.9098786193 9.7658610355 8.8062517333 9.8461798472 1.9982342341 9.8493396653 9.8115921950 8.9615057914 8.9869028297 6.9828910168 8.6410120322 
line3d_list
3.7918064578 -0.9498683005 0.5341829823 3.7932424919 -0.9497614581 0.1584672264 
3.7926311807 -0.9498476999 0.5262938126 3.7924187487 -0.9499030765 0.1574909348 
3.7939465453 -0.9498622503 0.9709345919 3.7944214126 -0.9496709142 0.1573707889 
3.7915930611 -0.9495388233 0.9682214929 3.7936478703 -0.9496375821 0.1550365729 
3.7939410078 -0.9488863181 0.9662239436 3.7951839817 -0.9487779265 0.1574745780 
3.7933025281 -0.9490908725 0.9674540160 3.7928950508 -0.9495129880 0.1570433972 
3.7943547331 -0.9492252025 0.9667974217 3.7939315910 -0.9493303639 0.1564133926 
3.7918967564 -0.9492492229 0.9710081784 3.7935212362 -0.9494203964 0.2030320316 
3.7933036987 -0.9490896598 0.9697820738 3.7928973128 -0.9495106448 0.1615421573 
3.7947283368 -0.9490840932 0.9713172061 3.7930240496 -0.9496738114 0.1553220457 
3.7927697442 -0.9498115794 0.7668536143 3.7924199043 -0.9499027753 0.1594972177 
3.7917035304 -0.9496335298 0.9701665182 3.7926144627 -0.9496047777 0.5726183928 
3.7918928223 -0.9495989256 0.9708805137 3.7922219327 -0.9496784562 0.5655481887 
3.7930081636 -0.9496228872 0.3119262362 3.7923392787 -0.9497971902 0.1579878370 
END
