1.1060708177 -2.9965715209 1.4983257934 1.1702766729 -2.9991992968 1.4992143005 
5 5
image_id_list 38 51 77 89 88 
line_id_list 104 14 5 74 100 
line2d_list
269.9991149902 190.1388092041 257.9931335449 190.0611419678 
317.0545043945 114.8607940674 298.0122680664 115.4185562134 
235.2380676270 181.9660797119 215.2214660645 186.8986816406 
675.8480834961 226.1714324951 655.7962646484 223.5706481934 
218.8993530273 115.9202041626 198.8115386963 113.7231216431 
node_id_list 11972 11973 12794 12795 13432 
score_list 0.9855445690 3.4571604365 4.0717040529 3.4443970816 2.1293200887 
line3d_list
1.1024750524 -3.0079149838 1.4963447303 1.1567841577 -3.0132999989 1.4980936815 
1.1059532518 -2.9995802743 1.4979229713 1.1688250318 -2.9978108140 1.4991824414 
1.1067504372 -2.9995578383 1.4979389408 1.1725855170 -2.9977049791 1.4992577728 
1.1065487605 -2.9985190932 1.4979457396 1.1702856951 -3.0008631527 1.4991795986 
1.1060773162 -2.9875218037 1.4998131044 1.1703286776 -2.9979382101 1.4991859879 
END
