2.0328173078 -2.9502335626 0.1407654539 2.0192690384 -2.9814611052 0.6731222724 
21 18
image_id_list 9 13 14 16 19 20 23 31 33 33 38 57 97 56 78 80 53 82 21 56 38 
line_id_list 120 47 101 120 124 162 23 112 156 188 141 85 45 93 58 185 169 100 206 136 202 
line2d_list
121.4719772339 527.9613037109 115.8235321045 459.0144653320 
437.7356262207 418.9645080566 447.3930358887 347.0527954102 
298.0126953125 370.9977111816 285.9121398926 304.0158691406 
187.4820709229 426.1572265625 170.1194458008 368.9637451172 
92.1938171387 449.9801330566 84.9241867065 379.0077514648 
20.4177532196 552.9367065430 1.7700608969 429.8833007812 
361.1300354004 237.0003509521 361.2901306152 178.0007934570 
20.3097324371 581.0756225586 12.8526268005 513.0161743164 
61.9457092285 573.0081787109 55.9264488220 533.0110473633 
57.6084365845 532.9035034180 61.7529220581 559.0391845703 
53.8762207031 599.0766601562 44.6626358032 464.0230102539 
152.2881011963 406.0189819336 156.1096038818 348.0072326660 
290.2578430176 543.9943847656 287.8530273438 433.0031738281 
158.3024444580 599.0859375000 145.9683990479 499.0039062500 
421.5677490234 496.9800415039 425.5387268066 411.0249023438 
130.8287658691 423.9838256836 131.3555908203 450.9930725098 
44.7056999207 446.0355224609 46.4066429138 508.0162963867 
201.7986145020 389.0441589355 188.3956909180 327.9132385254 
220.2793579102 200.0182189941 219.5625152588 328.9975585938 
136.6403350830 408.1336364746 155.4051208496 599.0584716797 
42.2499389648 493.9854736328 40.9726943970 472.0015869141 
node_id_list 5669 5670 5671 5672 5673 5674 5675 5676 5677 5678 5679 5680 5681 7621 7622 7623 8389 8807 9482 9483 12012 
score_list 8.8156026249 12.8019464750 11.8094428663 9.0214357851 7.7349588027 7.4869901431 9.8691328196 8.7926034298 8.8350184450 8.8073359996 7.1343352156 10.0058019320 11.0208219646 8.6593591539 10.1778562642 9.4666894385 10.1403921861 7.5151337998 10.4195468356 5.9104701030 1.9244407562 
line3d_list
2.0295479226 -2.9564327123 0.1403186131 2.0231865118 -2.9728516471 0.4968717141 
2.0277142672 -2.9604958175 0.1520267354 2.0261640041 -2.9653686931 0.4927541644 
2.0308416643 -2.9533725396 0.1456055262 2.0222202885 -2.9751167961 0.4872561359 
2.0310317531 -2.9529740517 0.1606433020 2.0290458898 -2.9587829133 0.4624914532 
2.0315985154 -2.9523994830 0.1481771291 2.0227760206 -2.9731730622 0.4955541923 
2.0349638331 -2.9456823775 0.1589006219 2.0183516404 -2.9835459862 0.6644446525 
2.0297004874 -2.9565333858 0.1565984933 2.0262238552 -2.9622904891 0.4907273911 
2.0315484253 -2.9525174258 0.1501493755 2.0241255220 -2.9699955057 0.4424188985 
2.0327592388 -2.9500536133 0.1484235875 2.0316749374 -2.9537731793 0.3295439061 
2.0213143478 -2.9746525718 0.3202490840 2.0206913596 -2.9748977179 0.1997892935 
2.0292420219 -2.9595755009 0.1784032102 2.0240511992 -2.9685070268 0.6740038503 
2.0326065964 -2.9495774032 0.1532705675 2.0255020307 -2.9662271151 0.4408762105 
2.0301830805 -2.9543732763 0.1320501003 2.0219568253 -2.9783616257 0.6526580028 
2.0288620531 -2.9602292895 0.2146812306 2.0254394630 -2.9661183276 0.5414575345 
2.0273031469 -2.9617869469 0.1435592994 2.0251593729 -2.9682252278 0.5161212485 
2.0245195700 -2.9676044687 0.2932519531 2.0232645576 -2.9681580122 0.1861375413 
2.0284534140 -2.9600998057 0.3616307712 2.0275834006 -2.9641399540 0.1150138044 
2.0417946124 -2.9325753962 0.1610786372 2.0313967720 -2.9568515289 0.4892906234 
2.0231788405 -2.9728439540 0.7597247790 2.0425062113 -2.9284356670 0.1471761818 
2.0164444205 -2.9874027244 0.8089808888 2.0381898507 -2.9404332570 0.2322636409 
2.0293196878 -2.9900424329 0.5599806292 2.0295226841 -2.9869144936 0.6403110681 
END
