-0.0163194080 -1.1843405052 0.9467220587 0.0340322864 -1.2004306294 0.9377368086 
3 3
image_id_list 49 81 82 
line_id_list 120 170 200 
line2d_list
799.1043701172 306.1073303223 784.9111328125 319.9085998535 
728.9417724609 200.7998962402 721.4933471680 209.5696716309 
723.1037597656 172.1610412598 709.3653564453 181.0153045654 
node_id_list 12752 12753 13481 
score_list 2.7387390699 2.0402206838 0.9710500751 
line3d_list
-0.0163194080 -1.1843405052 0.9467220587 0.1027133470 -1.2223779901 0.9254806867 
-0.0271717284 -1.1796886109 0.9501356428 0.0600541196 -1.2102647118 0.9311987005 
-0.0415670144 -1.1684267521 0.9610148781 0.0301185995 -1.2073656019 0.9282238622 
END
