-0.0003372938 -1.2699254089 0.9051508718 -0.0004235274 -1.2718733286 1.6643829333 
166 46
image_id_list 0 3 8 12 32 39 45 46 58 79 85 87 90 1 32 46 58 58 59 59 64 64 64 85 87 87 87 90 1 4 4 46 59 79 90 4 37 40 43 50 76 81 84 84 86 86 96 96 98 3 37 40 40 43 43 45 45 45 76 76 79 81 93 93 95 95 95 96 98 42 42 50 50 11 18 33 6 50 92 6 15 33 40 42 42 43 45 49 49 50 81 95 43 49 95 9 9 10 19 19 20 20 31 31 76 98 38 15 16 20 37 15 18 31 37 57 57 58 76 79 81 82 84 85 86 98 11 18 40 46 46 11 59 16 16 19 57 82 82 96 16 20 31 81 81 84 16 45 64 18 84 31 33 79 32 46 43 81 96 87 50 90 59 64 64 59 
line_id_list 46 33 34 97 59 23 2 55 106 0 43 203 83 26 28 54 254 262 11 38 35 151 182 248 18 66 254 16 121 26 110 114 111 71 191 72 14 10 56 5 14 23 5 18 12 28 2 4 19 48 20 8 17 6 161 3 6 134 8 153 2 4 96 178 8 133 155 6 35 29 35 0 3 3 29 12 10 21 91 22 7 5 25 75 101 57 57 15 96 55 115 6 78 132 72 0 5 55 13 60 19 31 7 14 18 66 22 11 15 55 85 44 17 89 130 10 18 126 46 127 161 15 63 249 39 101 9 94 15 13 66 43 102 5 49 77 55 5 63 22 6 48 59 43 75 16 125 8 23 87 2 29 29 10 0 205 62 48 112 277 75 120 75 29 213 210 
line2d_list
149.0320739746 176.4496154785 129.3514556885 246.8186187744 
687.8414306641 131.6680450439 676.5739135742 204.9344635010 
427.6061401367 259.7017517090 415.1266174316 318.0270996094 
239.4389038086 0.8319543600 246.4729309082 61.0615539551 
520.2190551758 228.9966888428 521.0816040039 286.0138854980 
397.7941894531 269.8281250000 389.5119323730 327.9304199219 
535.5599365234 219.7650451660 521.1598510742 308.0260925293 
125.1616287231 197.9784393311 136.1348114014 280.2487792969 
102.2815475464 229.9963531494 103.2924575806 308.0091552734 
497.6771240234 136.9036560059 492.0670166016 213.9320526123 
323.1278686523 148.3661346436 336.6041564941 217.2729797363 
64.6529846191 270.0185546875 69.5718231201 362.0763244629 
328.5023803711 177.9841461182 327.5708923340 265.9848632812 
197.3929138184 142.9663696289 195.3954315186 179.0219116211 
521.8989257812 197.0003662109 521.9893188477 222.0000457764 
119.1556854248 129.1216125488 126.7771606445 182.0321044922 
107.2276077271 219.9998168945 107.1725769043 150.9998626709 
105.6941375732 181.9953002930 105.9243469238 216.0005187988 
31.6887149811 287.1088562012 9.0134515762 13.9988832474 
6.4671320915 9.0451450348 18.0695991516 145.9941101074 
152.8289947510 0.8344335556 134.9908294678 126.9987030029 
137.0543670654 128.0078887939 155.4903564453 0.9260645509 
133.0475006104 125.0070343018 143.1126861572 57.0166816711 
311.3068542480 72.9409561157 322.0903015137 128.9826202393 
64.0328674316 165.9983673096 68.8118743896 262.0093688965 
66.7466659546 261.0579833984 62.4876403809 168.9774475098 
70.6302261353 261.9669494629 65.8058166504 170.0101928711 
333.8809814453 77.9984436035 332.6919555664 169.0090332031 
197.0177917480 181.9592895508 198.7142181396 141.0296020508 
119.7920761108 0.6398105621 161.4507293701 92.2497787476 
164.1870117188 93.3702545166 122.0990219116 0.9549035430 
125.4988555908 183.0679626465 119.2463531494 136.9665832520 
15.8133392334 145.0151062012 5.8633780479 22.0110511780 
502.6892089844 129.0540161133 508.8857727051 49.9910469055 
334.3291015625 171.0036010742 334.9632873535 112.9995956421 
163.7238159180 104.5837478638 216.2227020264 219.3555603027 
477.8503112793 205.0027770996 479.0179443359 268.0181884766 
51.7799377441 282.3509826660 76.8049468994 369.3437805176 
664.5939331055 228.9920654297 665.8236083984 321.0157165527 
518.3820190430 77.8594818115 508.5593261719 190.9617309570 
508.2453613281 166.9136199951 504.7954711914 236.9899291992 
702.2368774414 117.9974746704 703.0049438477 190.0106201172 
624.3811035156 128.9695739746 620.6470336914 204.9334869385 
623.8234863281 206.9908752441 632.1494140625 45.9043502808 
531.6403808594 207.9875640869 531.0184936523 276.0001831055 
534.2612915039 271.0014343262 534.6192626953 205.9979095459 
679.6209106445 257.7841186523 672.1677246094 339.9244689941 
675.4859008789 344.9510803223 684.1494750977 253.9190521240 
673.1877441406 247.7596130371 663.3342895508 322.0443420410 
704.5130615234 51.9194602966 699.1746215820 84.1942901611 
479.0051574707 138.9999084473 479.3085021973 156.9947967529 
52.3540496826 273.8980712891 26.7781524658 185.0638732910 
28.1257648468 183.9637756348 52.0377311707 266.9891357422 
667.7632446289 121.0023269653 668.7366333008 220.0025939941 
666.9456787109 218.0109558105 665.9796752930 125.0002136230 
551.2643432617 148.0437164307 541.5003051758 207.0827331543 
555.3016357422 125.0582351685 551.2132568359 146.2342376709 
540.6613159180 209.7452239990 556.3946533203 127.0751037598 
514.7194213867 93.9141540527 512.7039794922 123.9801559448 
511.8318786621 156.0356140137 514.4482421875 94.9335556030 
507.0800781250 48.9289817810 504.0633544922 88.0048904419 
703.6578979492 35.0037841797 703.8900756836 56.0012168884 
48.3599853516 46.1880874634 78.3376007080 148.1946716309 
81.1133193970 150.9668884277 51.2907943726 48.9150199890 
784.3988647461 133.8767852783 760.6146240234 249.9210052490 
762.2061767578 251.8383178711 786.1992797852 134.0405883789 
759.0317993164 248.0065460205 778.1484375000 155.0305175781 
691.8958129883 169.9899444580 684.4573364258 247.0441436768 
687.1401977539 172.0197601318 677.6887817383 239.0970458984 
264.8943481445 0.7913069129 280.7688293457 68.8205947876 
278.2657165527 68.1728439331 262.4303894043 0.8986935019 
513.6860961914 195.9701385498 532.2376098633 0.9274857044 
530.5115966797 0.9541692138 524.2183837891 68.0204925537 
71.3100357056 25.9740715027 78.7570037842 115.0203247070 
238.2982177734 84.1907272339 247.5966491699 167.1572875977 
645.0780639648 244.9951782227 649.7820434570 321.0753173828 
587.8802490234 202.9808959961 578.1400756836 264.0223388672 
512.5197753906 199.9478149414 510.1220703125 222.0132598877 
35.4788055420 434.8674316406 55.3460464478 506.6273498535 
583.0698852539 238.3144531250 619.1417846680 0.8696218729 
409.8547668457 103.0089569092 405.2233276367 27.9245414734 
653.0414428711 324.0573425293 648.0718994141 240.9956970215 
57.1629104614 276.2381896973 84.6427764893 372.8171081543 
316.8693542480 221.2635955811 281.8966979980 71.2572250366 
284.5098571777 69.8819351196 319.2561645508 219.9406890869 
670.8021850586 316.0007019043 670.4720458984 224.0018920898 
543.2279052734 216.0381164551 527.0125732422 313.0021057129 
770.9166870117 283.9657897949 761.8881225586 305.9540405273 
798.8009033203 229.3300476074 777.7873535156 280.3244628906 
527.7163696289 70.9739761353 516.1428222656 197.1048583984 
708.4158935547 115.9983901978 708.6206054688 168.9976043701 
737.5280761719 368.9021911621 761.3726196289 253.8699645996 
672.4289550781 222.9980926514 672.8742675781 323.0005493164 
776.5607299805 277.8186950684 796.3997192383 229.7522430420 
764.1535034180 253.0319366455 739.7922363281 370.1647644043 
591.4940185547 328.0034484863 591.8971557617 269.9992980957 
589.3714599609 272.9892578125 589.0156860352 326.9935302734 
490.5680541992 293.9251098633 501.6603393555 229.9411163330 
629.5040283203 197.8301544189 622.4525756836 259.9378356934 
624.8606567383 261.9834289551 632.8322143555 194.9800415039 
632.3635864258 229.8556671143 626.2709350586 298.9356994629 
629.0148315430 301.0014038086 635.9499511719 227.9003753662 
589.8786010742 331.0039367676 587.5812377930 259.9812011719 
584.7241821289 262.0455322266 587.1147460938 329.0315856934 
507.5901794434 235.9761199951 511.7258605957 164.9840240479 
666.1106567383 324.0162048340 679.4493408203 232.9193725586 
798.6525878906 351.9287109375 795.7744750977 365.9537048340 
402.6218872070 31.0241413116 407.0297241211 100.0619506836 
734.4323120117 79.9284210205 731.0067138672 154.9546508789 
638.1089477539 227.9147644043 631.0134887695 302.0969543457 
481.8241882324 270.0029296875 480.6966552734 202.0050354004 
407.1649475098 27.9277286530 411.8229675293 103.0109863281 
251.3497619629 170.0697784424 241.6877441406 80.0335083008 
589.4939575195 259.9827575684 591.9719848633 331.0009765625 
482.3075256348 201.9935913086 483.7249755859 269.9848937988 
713.8996582031 304.9749145508 731.4339599609 234.8584442139 
727.3782958984 237.6043548584 711.5123901367 302.6370849609 
109.0615386963 224.9996032715 109.6214599609 311.9960021973 
513.7537231445 163.9860992432 509.5797424316 237.9762878418 
502.9421997070 145.9948272705 499.2804870605 186.9356536865 
706.8162231445 166.0004272461 706.7012939453 117.0007019043 
699.7279663086 165.0473022461 704.3470458984 93.9575729370 
630.6975708008 123.9823837280 625.8585205078 207.0500183105 
328.2935485840 145.9424285889 339.0885314941 200.9826354980 
536.6967163086 205.9959259033 535.8231811523 271.0110473633 
679.9188232422 243.9884185791 668.3362426758 325.1906127930 
83.3441848755 119.0553207397 75.1489715576 21.9030799866 
243.9854888916 79.8944778442 253.6375427246 170.0388031006 
81.9960479736 373.2857666016 54.8828315735 278.0333557129 
140.6780090332 285.1753845215 128.4416198730 192.9414062500 
130.8398590088 192.8881378174 142.9751129150 284.0033264160 
77.7574005127 21.9377307892 85.8141555786 119.9330673218 
22.5453281403 146.9547271729 34.0898208618 285.9925537109 
734.1741943359 157.9605407715 738.0921630859 75.9566268921 
740.3984985352 75.0190811157 736.4243164062 158.0203094482 
634.6168212891 195.9551544189 626.7589721680 263.0888366699 
733.5669555664 235.1408386230 715.9093627930 306.2258911133 
700.9625854492 97.9377136230 696.9998168945 163.9399566650 
706.3091430664 94.9560317993 701.7844848633 166.0499267578 
686.7083129883 253.9720153809 677.9751586914 344.9976196289 
740.8593139648 16.9908943176 737.6880493164 65.9798049927 
641.0438232422 175.0057983398 637.3483886719 202.9137115479 
586.1314086914 211.9977111816 586.4625854492 231.0093536377 
704.7014770508 92.9993209839 704.6583862305 111.9992218018 
704.7071533203 73.9979476929 704.5881958008 90.9971160889 
630.6889038086 86.0556030273 627.7026367188 123.0567092896 
738.4113159180 69.0079650879 739.4384765625 15.9891214371 
524.7324218750 311.9551391602 541.0150146484 214.8348693848 
114.5229415894 286.9307861328 136.7144927979 133.9585876465 
233.7690887451 12.0255870819 240.4098815918 71.9545822144 
632.5264892578 44.9691314697 630.2418212891 80.0157623291 
585.7170410156 252.0054626465 584.6723632812 197.9676666260 
645.6063842773 230.0239562988 641.8330688477 168.0101623535 
504.2163085938 90.9230728149 500.6781311035 126.9684066772 
520.8710327148 166.9986419678 520.7126464844 182.0075225830 
128.4355163574 179.9308319092 117.1904220581 109.1285781860 
670.6637573242 222.0096588135 669.9406738281 121.9932022095 
706.0057373047 112.0130920410 704.9916381836 35.0132827759 
684.5573730469 248.0368652344 689.6550292969 170.9771728516 
72.9276504517 267.9554443359 77.4459152222 362.0266113281 
522.3876953125 66.9423599243 528.5991210938 0.9622628689 
331.2512817383 167.0006561279 331.4043884277 108.9957885742 
30.1531562805 287.9879760742 32.4288673401 316.9663085938 
111.4383163452 291.0637817383 106.2035369873 327.0296325684 
105.0788345337 326.0104675293 109.5998382568 291.9468994141 
30.9140377045 316.0072631836 28.5535507202 288.0376892090 
node_id_list 380 381 382 383 384 385 386 387 388 391 392 393 394 1616 1617 1618 1619 1620 1621 1622 1623 1624 1625 1626 1627 1628 1629 1630 1788 1789 1790 1791 1792 1793 1794 2914 2916 2917 2918 2920 2921 2922 2923 2924 2925 2926 2929 2930 2931 2990 2991 2992 2993 2994 2995 2996 2997 2998 2999 3000 3001 3002 3003 3004 3005 3006 3007 3008 3009 3618 3619 3620 3621 3717 3903 3904 3930 3931 3932 3950 3951 3952 3953 3954 3955 3956 3957 3958 3959 3960 3961 3962 4101 4102 4104 4567 4568 4569 4570 4571 4572 4573 4574 4575 4576 4577 5164 5178 5179 5180 5181 6317 6318 6319 6320 6321 6322 6323 6324 6325 6326 6327 6328 6329 6330 6331 6751 6752 6753 6754 6755 6792 6793 8549 8550 8551 8552 8553 8554 8555 8690 8691 8692 8693 8694 8695 8812 9025 9026 9073 9074 11654 11655 11657 11722 11723 11782 11783 11784 11863 12297 12330 12763 12764 12765 13126 
score_list 12.7990909097 18.5563003936 14.1752626728 13.0065756151 14.1807988203 15.9575488555 12.0241238410 15.5819654693 11.6950075646 14.3801960622 15.8220195847 15.7980441315 17.4107686757 7.8441623968 7.7299870230 8.9493312460 5.5971472089 7.7467718911 10.1438118077 9.5184572286 11.3937260891 8.6875314859 7.3937592514 10.5332143570 11.6467076619 9.9776590116 10.8238088903 12.6937352287 8.3667470354 9.8059801733 9.5140135740 9.3745304834 7.7492605073 9.0306143823 12.0410153146 12.6623312564 12.0372472035 15.6955888588 16.6497233659 12.5000886687 14.0616775488 14.3130953615 12.2045212315 11.6767966255 12.3465954509 9.0519003789 11.4297441957 11.6637837096 12.5256440566 11.8393731805 5.3357872095 12.4927777352 12.9136731733 11.7175321900 10.2709148124 9.0429558593 4.2175686426 6.8961883549 6.6265309920 7.3279908104 9.5687871620 6.2475137862 9.8060917040 9.3153494642 8.3483293588 4.9801126137 5.2711257481 7.6488960756 5.5201323826 12.7916074269 11.8900954960 10.9735773421 10.6213269131 14.4335353878 14.2880712435 12.7787711376 0.9664043939 1.8282139455 2.6413972210 6.7206065953 14.7945098256 12.8250072119 13.5898061567 13.1041216914 13.2828764355 12.4318755376 11.1301253173 0.9947552675 10.7458445379 12.9477598756 14.1282640523 7.8418110508 13.0103722901 9.8344053175 9.0657963865 10.4319109884 11.3320104049 14.8031327476 9.3365746587 10.5751304958 14.2297568803 15.6974332876 14.7675199374 13.4997557689 10.5544976444 12.8260283635 5.7446215125 13.2968581252 7.9862326166 13.7334514058 9.6838013072 13.4530422811 12.7676582076 12.7788327596 10.1104239854 8.6806869329 7.5450812611 8.4084328586 12.2385861874 10.8265188960 14.2591671236 7.4609953090 14.2982453244 10.4988809339 10.9161222197 12.9758153755 12.8640516025 11.5751983701 13.4548754372 11.9872182576 11.6997171753 12.6895920915 7.4166621586 7.7382203630 6.7434392158 8.8788970267 7.5685253868 6.4995458427 6.4598568450 10.5486309185 4.1563802752 4.4900636351 5.8799843993 5.7649797387 6.2932152664 6.7385474169 2.5386206027 9.7941412102 8.9799372065 9.6753575183 6.2957110817 5.9532798185 6.3923977875 6.8783198672 5.3017000222 9.1723080102 11.0774885138 8.1535394089 6.2395217079 9.5493077330 5.8132767650 10.3020387376 1.8273988686 1.9290633458 1.6881989622 0.8097395914 
line3d_list
-0.0021518132 -1.2853540762 1.3231951751 0.0074550086 -1.2836435005 1.0132148928 
-0.0018679221 -1.2850476388 1.3251750866 0.0037892851 -1.2828669283 1.0100819907 
-0.0002011285 -1.2842095594 1.3266534319 0.0091892966 -1.2799137332 1.0092554947 
0.0038960736 -1.2854204813 1.2254626906 0.0053847834 -1.2847201248 1.0083740383 
0.0064841888 -1.2826297713 1.3271342670 -0.0038519266 -1.2840505523 1.0117415131 
-0.0083326647 -1.2847209013 1.3219541409 0.0064631752 -1.2813326090 1.0111992602 
0.0000332789 -1.2847602472 1.3259493438 -0.0000166256 -1.2834436909 1.0088789871 
0.0016723066 -1.2838702492 1.3245953746 0.0043904397 -1.2831668001 1.0107735304 
0.0013106793 -1.2850586396 1.3255515813 0.0001492386 -1.2834897794 1.0106118176 
-0.0027974668 -1.2840933028 1.3254455746 -0.0011725044 -1.2831761811 1.0098454222 
-0.0024983640 -1.2841602018 1.3246308671 0.0000692484 -1.2834641767 1.0089557964 
-0.0009138789 -1.2847029649 1.3233808759 0.0015314676 -1.2840869003 1.0102547464 
-0.0005860114 -1.2845982685 1.3219343355 0.0020514748 -1.2839214111 1.0069289889 
0.0014037787 -1.2716156730 1.4867538618 -0.0019350233 -1.2720318668 1.3573235335 
0.0067751484 -1.2705317887 1.4987042713 -0.0107907647 -1.2729157500 1.3633665878 
0.0135835869 -1.2685194621 1.5751619970 0.0105992062 -1.2673470734 1.3830939281 
0.0037261433 -1.2661758136 1.3661106268 -0.0039511813 -1.2659061511 1.6361269799 
0.0038250996 -1.2709494721 1.5152066437 -0.0041461202 -1.2719993440 1.3814239316 
0.0063331185 -1.2667592519 0.9892826167 0.0072329811 -1.2663752092 1.6550958594 
-0.0007268284 -1.2720266590 1.6664650900 -0.0007229176 -1.2718499514 1.3487069032 
0.0000014041 -1.2724208543 1.6071304175 0.0003194319 -1.2717573884 1.3488306476 
0.0080561382 -1.2672922418 1.3476616554 0.0085445905 -1.2671812453 1.6069852222 
0.0017139002 -1.2760350297 1.3520416612 0.0030902752 -1.2754265517 1.4927849674 
-0.0026774660 -1.2725378005 1.6427071346 -0.0052648432 -1.2727082962 1.4070839118 
0.0020477313 -1.2716193417 1.6631482878 0.0022744054 -1.2714125689 1.3498820358 
-0.0020616062 -1.2768438004 1.3528355935 -0.0028323997 -1.2758701404 1.6535252917 
0.0065993016 -1.2665829541 1.3502606899 0.0026915659 -1.2670307763 1.6504862211 
0.0010770523 -1.2717548781 1.6517461851 0.0033383464 -1.2712589747 1.3532950237 
0.0085791425 -1.2718019743 1.3485041756 0.0092936915 -1.2717545245 1.4946604916 
0.0003183339 -1.2718169971 1.5637783201 0.0005610438 -1.2716638327 1.3514520137 
0.0028808522 -1.2674118345 1.3468548662 0.0015854111 -1.2673590722 1.5616704442 
0.0245021884 -1.2680731010 1.3797203487 0.0239721091 -1.2686294947 1.5467078322 
0.0156454468 -1.2742208649 1.3517541633 0.0104537786 -1.2739616029 1.6362599377 
0.0274975930 -1.2664913549 1.3602750988 0.0169724583 -1.2663497205 1.6552344796 
0.0120963812 -1.2675068112 1.3477740542 0.0106555906 -1.2684029563 1.5404737686 
0.0060155123 -1.2842924283 1.3252546392 0.0060847885 -1.2838096036 1.0105277420 
0.0081944010 -1.2815594954 1.3275358964 0.0068263644 -1.2816132971 1.0079100063 
0.0038843643 -1.2844343143 1.3270457195 0.0039789627 -1.2841699770 1.0069162959 
0.0011753745 -1.2841130361 1.3239538666 0.0004222014 -1.2828278921 1.0082990139 
0.0058904593 -1.2843213100 1.3247527972 0.0079215637 -1.2833734987 1.0098739591 
-0.0041832893 -1.2840064122 1.3274357516 -0.0018200474 -1.2827827616 1.0096276818 
0.0060514815 -1.2830648133 1.3248866683 0.0002928650 -1.2840929544 1.0113330970 
0.0042469949 -1.2838363219 1.3267614266 0.0116939389 -1.2795166071 1.0079571823 
0.0106114659 -1.2659958746 0.9994738817 -0.0178809900 -1.2765128419 1.6494144217 
0.0116683908 -1.2811866658 1.3313661129 0.0023706798 -1.2822760442 1.0078962474 
0.0101666368 -1.2661949633 1.0343530466 0.0049731210 -1.2686103618 1.3397276667 
0.0038538415 -1.2841823186 1.3274094471 0.0042638236 -1.2827955740 1.0103658643 
0.0087952077 -1.2671145112 0.9945999981 0.0043443384 -1.2689800824 1.3436719087 
0.0020060538 -1.2838973263 1.3279035338 0.0124420972 -1.2794434650 1.0099972951 
0.0000351966 -1.2724386004 1.6442189558 0.0004019595 -1.2720240993 1.5183682172 
0.0178051824 -1.2685532775 1.6475402185 0.0180196941 -1.2685528209 1.5619041855 
0.0079839355 -1.2715691736 1.3565656679 0.0079299895 -1.2722609306 1.6556903718 
-0.0005448045 -1.2720266738 1.6579657258 -0.0008560277 -1.2713695791 1.3782496432 
-0.0025649435 -1.2719844489 1.6643824050 0.0016415785 -1.2713814658 1.3529205288 
-0.0134723565 -1.2763311439 1.3568524528 -0.0155750177 -1.2769203545 1.6518820069 
0.0022538800 -1.2719147368 1.5755398231 0.0016222200 -1.2714258206 1.3722940356 
-0.0134547918 -1.2736612644 1.6550346804 -0.0011388649 -1.2736178075 1.5818345378 
0.0005667622 -1.2729212736 1.3627976572 0.0036497192 -1.2663317994 1.6468217081 
-0.0124545197 -1.2735962188 1.6422444387 -0.0016484014 -1.2736490749 1.5146256062 
-0.0249194913 -1.2739955436 1.3746286838 0.0004493270 -1.2723330628 1.6375991646 
-0.0143167792 -1.2736646501 1.6588702990 -0.0141979314 -1.2737028010 1.5138559779 
0.0100575196 -1.2732263407 1.6613023934 0.0100332576 -1.2733667971 1.5781438007 
-0.0001391898 -1.2725204800 1.6638302841 0.0000554566 -1.2716116531 1.3565076108 
0.0104567633 -1.2716790200 1.3477674451 0.0092563425 -1.2717562479 1.6553769076 
-0.0012094333 -1.2719821109 1.6643552735 0.0006567801 -1.2713638176 1.3496125584 
0.0120048183 -1.2651704327 1.3471630939 0.0059205502 -1.2668684927 1.6645543118 
0.0071587799 -1.2754450578 1.3554470390 0.0063964705 -1.2755229746 1.6093210957 
-0.0040829924 -1.2730028031 1.6477339348 0.0020683553 -1.2710258221 1.3687772201 
0.0070104327 -1.2710314381 1.6424789510 0.0238705213 -1.2680055596 1.3671706935 
-0.0007245800 -1.2719250675 1.4837817146 -0.0007229075 -1.2718494946 1.3478854488 
0.0101518650 -1.2716208249 1.3524138174 0.0097831893 -1.2719194313 1.4857470372 
0.0086855671 -1.2667486046 0.9971497530 0.0014321217 -1.2664680823 1.5194904595 
-0.0023370455 -1.2719324216 1.5194547330 0.0044584892 -1.2709160489 1.3510591268 
0.0041485976 -1.2837029628 1.3275446308 0.0082315188 -1.2828958682 1.0083663096 
0.0011234465 -1.2840622652 1.3270664549 0.0026041234 -1.2831296887 1.0056017333 
0.0034483276 -1.2843219922 1.3271331491 0.0090680652 -1.2811148338 1.0070188581 
-0.0006052967 -1.2716528615 0.9856235182 0.0045582966 -1.2718081045 0.8544718690 
-0.0016895818 -1.2714977260 0.9825236628 0.0022874169 -1.2717575832 0.9165895989 
-0.0016141083 -1.2721107518 0.9805241816 0.0063129537 -1.2717730259 0.8154318631 
0.0087472334 -1.2676486696 0.9157438840 0.0029528873 -1.2662785242 1.3401448918 
0.0092979886 -1.2670366166 0.9947399156 0.0069530423 -1.2674958746 1.3425589348 
0.0091090704 -1.2669245873 0.9949278884 0.0069261651 -1.2674250485 1.3432601227 
0.0005356157 -1.2619292128 1.3451725056 0.0003059685 -1.2618134208 0.9896959602 
0.0067192679 -1.2664077809 0.9884562348 0.0074887563 -1.2662937874 1.3448302499 
0.0036987704 -1.2614829896 1.3462800396 0.0026167762 -1.2614871665 0.9898556197 
0.0082204331 -1.2673163033 1.0285639213 0.0105088286 -1.2665128221 1.3413069487 
0.0005732899 -1.2604957575 1.3425282792 0.0020996329 -1.2596582751 0.9954258226 
-0.0006226278 -1.2716523405 0.9860637147 0.0019233941 -1.2717288864 0.9213965449 
0.0028177183 -1.2606932195 1.1458104274 0.0044068280 -1.2601870488 1.0016622544 
0.0031261434 -1.2608289850 1.3438371450 0.0006962503 -1.2610112560 0.9927782938 
0.0060220631 -1.2586912999 1.3304888046 0.0014413320 -1.2603134054 1.1028024226 
0.0116586282 -1.2662648050 0.9961518019 0.0065496295 -1.2668112772 1.3401540955 
-0.0011931670 -1.2602377965 1.3419586712 -0.0020426914 -1.2606493399 1.0002941580 
-0.0060765644 -1.2639018903 1.0054194163 -0.0068984481 -1.2642823101 1.1421199044 
0.0002618095 -1.2611529933 1.3424597142 -0.0010403749 -1.2612070434 0.9894623173 
-0.0042575032 -1.2715705866 1.0024309797 -0.0167441464 -1.2761654536 1.3422675205 
0.0019972981 -1.2841380180 1.3260020572 0.0137092513 -1.2797971923 1.0103248635 
0.0041267587 -1.2684636375 1.0014178467 -0.0060518098 -1.2710978375 1.3350800824 
0.0066903789 -1.2821030152 1.3296039883 0.0087266708 -1.2809339731 1.0107000320 
0.0091842853 -1.2670640396 1.0021443787 -0.0014711760 -1.2698254662 1.3444508807 
0.0059486301 -1.2827983531 1.3308069599 0.0112500968 -1.2797846327 1.0109959871 
0.0079240077 -1.2674125894 1.0023559948 0.0043757186 -1.2682098505 1.3408330280 
0.0126308670 -1.2656505759 0.9990015383 0.0036456544 -1.2688112811 1.3419597319 
0.0025922868 -1.2841818000 1.3323278942 0.0129574872 -1.2792946171 1.0081496542 
0.0052079122 -1.2689238908 1.0163853002 0.0085588051 -1.2666275564 1.3373468467 
0.0074497286 -1.2679566581 1.0025622315 0.0076308433 -1.2669051386 1.3923838528 
0.0001955074 -1.2850965172 1.0670903974 0.0043406003 -1.2831898236 1.0128217674 
0.0060934269 -1.2827487321 1.3289620580 0.0149152843 -1.2787450189 1.0099096502 
0.0027924694 -1.2831148664 1.3274126132 0.0009811737 -1.2841009272 1.0045238661 
0.0007960694 -1.2596938926 1.3411203381 -0.0020355805 -1.2606496231 0.9960412566 
0.0087673664 -1.2671275346 0.9981385648 0.0115192223 -1.2665337462 1.3424733055 
0.0037306887 -1.2588903919 1.3419954748 0.0032986025 -1.2591911938 0.9936757466 
0.0102885227 -1.2668876658 0.9959726514 0.0089577504 -1.2669388484 1.3435328912 
0.0026695623 -1.2595648617 1.3416587976 0.0037102395 -1.2589445463 0.9980048880 
0.0060204214 -1.2593595737 1.3418359675 0.0089779174 -1.2573891813 0.9983599123 
0.0075011051 -1.2675316587 0.9985559512 0.0061633820 -1.2677130075 1.3450047812 
0.0091801716 -1.2818773091 1.3289150993 0.0122120674 -1.2794961526 1.0074185146 
0.0024597515 -1.2596602304 1.3465142782 0.0027334382 -1.2593767100 0.9949244564 
0.0026307965 -1.2587995022 1.3416303913 -0.0018260677 -1.2604716357 1.0065362595 
0.0010712992 -1.2602958609 1.2910283106 -0.0054316266 -1.2621124923 1.1237086589 
0.0080302653 -1.2673204179 1.1175827735 0.0147526418 -1.2653460584 1.3278732840 
0.0085994856 -1.2672263443 1.0011979033 0.0006627726 -1.2692342103 1.3460720808 
0.0030074330 -1.2600127065 1.3468966984 0.0045953938 -1.2585577767 0.9982326236 
0.0060993586 -1.2593069828 1.3326684016 0.0082443175 -1.2578779325 1.0835583371 
0.0043350461 -1.2592068529 1.3396823495 0.0022849074 -1.2599920394 1.0328159323 
0.0039293379 -1.2593976410 1.3466822883 0.0068204123 -1.2585158222 0.9989491539 
0.0111127299 -1.2660687128 0.9956714531 0.0136133605 -1.2655753227 1.3446406175 
0.0041407044 -1.2594305308 1.3432878702 0.0050749311 -1.2590597299 0.9946825519 
0.0111473852 -1.2651168632 0.9930552339 0.0107365972 -1.2652323095 1.3421647971 
0.0133180885 -1.2657526638 0.9918892226 0.0138033515 -1.2655486775 1.3427912848 
0.0035796668 -1.2599749507 1.3422201204 0.0027920316 -1.2598600471 0.9942250325 
0.0031974759 -1.2602914912 1.3440276572 0.0031739868 -1.2600507661 0.9910994521 
-0.0024406783 -1.2623501187 1.3466314871 -0.0029023701 -1.2622665845 0.9899309754 
0.0089115831 -1.2673260780 0.9934930729 0.0051738268 -1.2681247298 1.3434696081 
0.0041703457 -1.2593157376 1.3467489332 0.0017986988 -1.2602240624 0.9917611621 
0.0026213443 -1.2588030485 1.3409197158 -0.0019709158 -1.2605259800 0.9956456987 
0.0006169807 -1.2598536349 1.3452434999 0.0007759910 -1.2593447961 0.9940672305 
0.0014983147 -1.2839692853 1.3276304347 0.0135157942 -1.2792594475 1.0071112095 
-0.0005056102 -1.2600030742 1.3410760312 0.0019073927 -1.2591900658 0.9952969871 
0.0021668762 -1.2605123489 1.3441444162 0.0016949712 -1.2602896763 0.9941611753 
0.0046331693 -1.2681850419 1.5774407267 -0.0047006326 -1.2750177087 1.3830119643 
-0.0037424222 -1.2700005363 1.5745781571 0.0052157150 -1.2721594296 1.4524516114 
-0.0050466253 -1.2716077104 1.5711258790 -0.0053950868 -1.2734251664 1.4805636758 
-0.0023792011 -1.2722372098 1.4271684925 -0.0122124896 -1.2735010242 1.3473533668 
0.0068099377 -1.2711509321 1.5052881481 -0.0027425917 -1.2725852336 1.4354545709 
0.0091638349 -1.2681385171 1.4974608600 0.0078325313 -1.2713360308 1.3512040249 
-0.0065330991 -1.2721491570 1.3702614058 0.0156970254 -1.2701472703 1.5825891448 
0.0080274876 -1.2673943052 0.9985309266 0.0150994675 -1.2666447052 1.3457517235 
0.0116002181 -1.2662946704 1.0020439757 0.0117449707 -1.2662009328 1.3353930173 
0.0006260419 -1.2714236010 1.5811067587 -0.0021788126 -1.2717211731 1.3712590097 
-0.0226825405 -1.2760971202 1.6527393686 -0.0119509248 -1.2749357479 1.5193411554 
0.0230228520 -1.2681535337 1.3812642762 0.0265196696 -1.2623686103 1.6368053958 
0.0196946103 -1.2677985269 1.3896825678 0.0186747154 -1.2680330507 1.6431927137 
-0.0008465631 -1.2721658622 1.5035803684 -0.0248600135 -1.2753033552 1.3626358001 
-0.0137872408 -1.2735808062 1.6576207988 -0.0307835655 -1.2763190714 1.5778876314 
-0.0324945538 -1.2738294899 1.3901514687 -0.0104357618 -1.2736476348 1.6482287098 
0.0311661224 -1.2665417718 1.3518294365 0.0295093702 -1.2666832393 1.6627762326 
0.0198564705 -1.2677613073 1.3494498026 0.0186054622 -1.2680489754 1.6604066281 
0.0091175109 -1.2679205542 1.3662649392 0.0328704718 -1.2678441743 1.6458014741 
0.0085465956 -1.2607917190 1.3302483607 0.0080643468 -1.2607258840 1.0090333383 
0.0443918299 -1.2669545141 1.3558100675 0.0411642103 -1.2669550517 1.5181043215 
-0.0100924574 -1.2732245082 1.3582260318 -0.0166361234 -1.2742879071 1.5514335754 
-0.0093267421 -1.2727793147 0.9833471737 -0.0057457616 -1.2726345593 0.9051433068 
-0.0014215068 -1.2716070353 0.9890912632 0.0010215555 -1.2716453291 0.9070679429 
-0.0009316460 -1.2742791322 0.9085640032 -0.0008268388 -1.2750395540 0.9867051272 
0.0074890770 -1.2740569266 0.9115848871 0.0011963050 -1.2749704668 0.9858241343 
END
