-0.0229801244 -0.3147883761 0.3482831322 -0.0123702503 -0.2645145258 0.3314966694 
3 3
image_id_list 47 65 66 
line_id_list 224 179 237 
line2d_list
284.9944763184 267.2427673340 305.0068664551 267.6993103027 
522.7980957031 182.3869781494 541.8677368164 192.3368988037 
117.9755020142 108.2470016479 138.9857940674 107.5633544922 
node_id_list 12662 12663 12664 
score_list 0.8457969012 2.4860461180 1.7856711167 
line3d_list
-0.0277574627 -0.3374253263 0.3558416207 -0.0103166880 -0.2547839214 0.3282476160 
-0.0229801244 -0.3147883761 0.3482831322 -0.0114268234 -0.2600441896 0.3300040220 
-0.0231451977 -0.3349349891 0.3576798268 -0.0073887669 -0.2642632387 0.3353977939 
END
