0.9708980336 -1.8755145031 0.4405318497 0.9932707097 -1.8991914262 0.4444013060 
3 3
image_id_list 6 62 91 
line_id_list 137 98 90 
line2d_list
25.0042858124 584.1340332031 0.9649129510 584.9027099609 
35.9430465698 294.1151428223 15.9614639282 295.4013061523 
396.4552001953 332.4093322754 374.5768432617 315.5491027832 
node_id_list 4140 4141 4142 
score_list 1.6863539755 0.9240378214 3.1488282476 
line3d_list
0.9650305030 -1.8670043452 0.4415651210 0.9925782221 -1.8999698805 0.4436418704 
0.9718359878 -1.8742398467 0.4429082549 1.0065954791 -1.9244629215 0.4376451976 
0.9668570788 -1.8712379750 0.4398329481 1.0138965069 -1.9210196336 0.4479686316 
END
