2.9615307652 0.1334666106 0.0018105408 3.0537696005 0.0446048521 -0.0008478694 
4 4
image_id_list 67 68 69 75 
line_id_list 200 168 309 130 
line2d_list
619.5272827148 569.9104003906 585.0069580078 551.9866333008 
635.9929199219 307.3279113770 591.9918212891 306.3807983398 
230.9826049805 463.7549438477 204.9717407227 465.6020507812 
526.9029541016 348.1437683105 464.8384094238 306.2393493652 
node_id_list 13326 13327 13328 13329 
score_list 1.5929259399 1.2995285985 2.3248228441 1.9059907940 
line3d_list
3.0530476973 0.0438124092 0.0005929757 2.9615321692 0.1334691116 0.0017756603 
3.0701701802 0.0476358912 -0.0106839698 2.9472160278 0.1419477309 0.0049377747 
3.0497159041 0.0440695261 0.0022499826 2.9724536969 0.1366006005 -0.0057890962 
3.0591226573 0.0378608413 0.0005144670 2.8857046622 0.2077564416 0.0027556036 
END
