2.1834807815 -2.9970628303 1.3963763627 2.1835854788 -2.9982349786 1.4961185140 
17 17
image_id_list 13 14 21 30 34 44 48 52 54 55 56 60 78 80 82 89 57 
line_id_list 2 59 75 55 51 10 21 143 72 88 76 70 11 67 64 9 4 
line2d_list
439.1939392090 99.0190887451 436.5325317383 126.0524291992 
211.1933441162 88.7579345703 215.9511566162 112.2127609253 
175.1656646729 19.9625606537 176.0019531250 45.9999389648 
787.9398193359 138.7717742920 782.0305786133 166.2218627930 
239.3071441650 24.7913017273 243.0123138428 47.9980354309 
663.4350585938 26.0945224762 656.2278442383 59.2667694092 
461.5658264160 112.9805984497 460.2683715820 142.0119934082 
613.5427246094 220.9971923828 613.4258422852 240.0087585449 
454.1184082031 159.8818359375 456.8791503906 186.0127716064 
573.7401733398 217.8811187744 575.1820678711 238.9875640869 
27.4753074646 156.7593383789 33.8539085388 195.8607025146 
261.5173339844 207.9185028076 262.6000061035 228.0751953125 
394.9640197754 159.9989624023 394.2123413086 186.0350036621 
73.2490310669 66.9691772461 74.0400314331 99.0236892700 
106.5633010864 123.6105957031 112.1904754639 146.2016448975 
385.4895629883 195.9753265381 384.2812805176 220.9652557373 
133.5660705566 115.9722747803 132.0901489258 139.0696563721 
node_id_list 7274 7275 7276 7277 7278 7279 7280 7281 7282 7283 7284 7285 7286 7287 7288 7289 8262 
score_list 9.8404633626 6.9433010258 8.3658374170 9.6500132102 8.5649690984 10.8636757194 11.5754870779 9.5057216093 13.7891424548 13.4706606255 5.8082025691 8.7064194726 7.4444012702 7.6579566928 4.1443990015 11.7922969844 3.4993161683 
line3d_list
2.1836528338 -2.9974125565 1.4981563413 2.1826237689 -2.9944335176 1.3984779630 
2.1826461458 -3.0031996976 1.4942431800 2.1837668605 -2.9976452906 1.3980607944 
2.1827124140 -3.0006709749 1.4950345941 2.1838218012 -2.9963409546 1.3963844881 
2.1833148675 -2.9986207611 1.4951464650 2.1839307059 -2.9973525530 1.4025949207 
2.1835671327 -2.9976551534 1.4941483586 2.1836788901 -2.9984011543 1.3965816170 
2.1835330985 -2.9987613172 1.4961123836 2.1833759160 -2.9974544637 1.4001485380 
2.1835534321 -2.9974066342 1.4959056480 2.1836375142 -2.9976183996 1.3997950576 
2.1833659441 -2.9935760099 1.4920362878 2.1836997569 -2.9988516247 1.3985801887 
2.1837150183 -2.9962805798 1.4957754796 2.1833958374 -2.9960525671 1.3946161648 
2.1837122967 -2.9962786356 1.4949129050 2.1834017912 -2.9960568203 1.3965031185 
2.1833480165 -2.9991871563 1.4955928104 2.1831898201 -2.9979298676 1.4023301796 
2.1856885049 -2.9968012507 1.4930284979 2.1837756785 -2.9976533358 1.3988534285 
2.1827181525 -3.0006485772 1.4945243106 2.1837679489 -2.9965511439 1.4011731939 
2.1836113447 -2.9985538564 1.4947615966 2.1836025371 -2.9969083356 1.3993697464 
2.1826196216 -3.0029172485 1.4977382819 2.1837641146 -2.9966216373 1.4013506520 
2.1838984230 -2.9978835216 1.4950052250 2.1837050477 -2.9966086073 1.3960008930 
2.1856032398 -2.9897652795 1.4940496006 2.1851934873 -2.9925312361 1.3965813447 
END
