2.1173777492 0.0864465886 0.2643128861 2.7311441078 0.0884127386 0.2627613744 
5 5
image_id_list 26 29 67 75 28 
line_id_list 177 348 38 63 208 
line2d_list
149.5596008301 459.6026306152 59.3849334717 543.3376464844 
235.9216918945 414.9157714844 221.9298248291 427.9245300293 
534.0169677734 493.2285766602 342.9774780273 489.0236816406 
430.0264282227 284.1676025391 303.0010070801 287.0439758301 
241.0771636963 410.0715637207 164.0941925049 493.0873413086 
node_id_list 10969 10970 10971 10972 11344 
score_list 1.9335250784 1.9974352651 4.9064031488 3.8966201408 2.8978251466 
line3d_list
2.7306460209 0.0868431452 0.2642444439 2.1109289057 0.0866263181 0.2641977649 
2.7234506875 0.0850851128 0.2653462341 2.6220923820 0.0871379682 0.2639396710 
2.7388768757 0.0894837711 0.2619611568 2.1092416072 0.0880670717 0.2631401039 
2.7336733212 0.0881726886 0.2630975851 2.3775761614 0.0863384303 0.2647199023 
2.7311497759 0.0873699154 0.2636821264 2.1173859129 0.0850977317 0.2658330580 
END
