1.2555600905 -0.3499549565 0.8424848306 1.2037203186 -0.2532464865 0.8452441670 
10 10
image_id_list 11 46 59 12 47 66 74 87 93 68 
line_id_list 125 169 42 35 75 30 126 53 137 210 
line2d_list
331.7467041016 338.6904907227 293.8120422363 346.0283508301 
441.0907287598 410.3183593750 403.5727233887 421.0097656250 
644.9180297852 530.0874023438 615.3668823242 562.2556762695 
655.2796630859 185.0225982666 641.2611694336 195.3544006348 
623.2749023438 229.1095581055 625.7055053711 245.1956024170 
340.4146728516 101.9728546143 322.6363220215 129.4122924805 
530.2078857422 282.7538146973 539.1228637695 303.9483337402 
541.3762207031 467.5212097168 533.0974121094 478.3071899414 
557.0650634766 227.4053649902 560.8245239258 236.0760955811 
0.4554808438 445.6543579102 69.8383178711 468.4912414551 
node_id_list 6893 6894 6895 7080 7081 7082 7083 7084 7085 13253 
score_list 2.5948886813 2.8917808867 2.5799248387 6.0124160696 3.4692624315 5.0750011765 4.3789868307 4.2924268993 2.7046249791 1.5843652470 
line3d_list
1.2047971840 -0.2567513872 0.8446690254 1.2596438731 -0.3479151395 0.8477160812 
1.2060186740 -0.2589767312 0.8445405907 1.2592456192 -0.3482334412 0.8467073685 
1.2020412634 -0.2525612064 0.8441228084 1.2623969210 -0.3544381223 0.8459094779 
1.2093397413 -0.2614690212 0.8451281522 1.2557757365 -0.3482865849 0.8445509973 
1.2066572240 -0.2598116354 0.8443575925 1.2516367824 -0.3415718189 0.8431964244 
1.2034137512 -0.2507870525 0.8467723511 1.2554754401 -0.3494295728 0.8424416060 
1.2042822550 -0.2529727767 0.8462083853 1.2522269955 -0.3442958138 0.8418909026 
1.2105126471 -0.2667254416 0.8441045497 1.2510240192 -0.3404794403 0.8432471779 
1.2058568156 -0.2553925519 0.8465407152 1.2484278415 -0.3360810489 0.8430335927 
1.2101220418 -0.2652318642 0.8449221409 1.2522031433 -0.3435105481 0.8425044093 
END
