2.9854046160 -2.9729951489 1.9037895540 2.9853247709 -2.9727088294 1.6832560446 
3 3
image_id_list 52 54 89 
line_id_list 177 151 104 
line2d_list
488.8490905762 140.9764404297 482.1528625488 468.0031433105 
259.4884948730 134.9180297852 250.1034088135 78.9826507568 
218.0023498535 62.9975585938 218.1778259277 135.0019989014 
node_id_list 12886 12887 12990 
score_list 5.8896926359 2.5998514087 2.1118876771 
line3d_list
2.9854268269 -2.9730747959 1.9651365139 2.9847347193 -2.9705929401 0.0535226201 
2.9736321262 -2.9592601768 1.6832777384 2.9726105449 -2.9582796571 1.9038132913 
2.9808485195 -2.9731287300 1.9766702700 2.9808341600 -2.9658556664 1.6825962640 
END
