1.1033053103 -3.0270826183 1.4972577570 1.1693808833 -3.0219070234 1.4990039958 
4 4
image_id_list 53 54 56 80 
line_id_list 115 3 33 114 
line2d_list
309.8736877441 151.1679077148 293.8448791504 149.4345092773 
762.1149902344 125.3421783447 741.0979614258 127.1430435181 
419.0531616211 138.3238677979 401.0420532227 139.0472106934 
396.7421264648 100.8519973755 380.7732543945 98.6283493042 
node_id_list 12941 12942 12943 12963 
score_list 4.4833010447 2.3664784922 2.3373068035 2.9593212699 
line3d_list
1.1064774363 -3.0169039067 1.4977535366 1.1670609394 -3.0033890076 1.4990897280 
1.1026665683 -3.0190822283 1.4977150056 1.1689077470 -3.0160605606 1.4995788495 
1.0970280878 -3.0176793801 1.4974994621 1.1744569521 -2.9912050306 1.4988918333 
1.1005376796 -3.0195027020 1.4966421553 1.1701734376 -3.0017411998 1.4981312487 
END
