0.0016824718 -2.6959118995 0.7287648001 0.0020610649 -2.6962074806 0.8314956027 
37 37
image_id_list 2 3 6 7 15 21 33 34 38 41 43 49 51 53 56 77 80 81 88 95 8 37 45 50 76 79 84 85 86 98 91 10 16 14 60 97 20 
line_id_list 49 116 105 69 163 37 129 75 88 71 149 46 70 66 74 94 56 110 57 106 130 129 88 114 132 155 171 212 133 115 41 85 148 172 54 123 96 
line2d_list
510.5501098633 142.9908752441 509.9815368652 171.0199127197 
354.6455383301 239.9750518799 354.9642944336 261.0005493164 
141.3952484131 130.9006042480 149.0264892578 161.2448272705 
372.1881713867 33.9928627014 371.9507141113 61.0083580017 
196.8840179443 124.8217697144 200.1791534424 141.1654968262 
639.8075561523 198.7479400635 635.9088134766 217.1921081543 
430.3363952637 341.8489379883 432.1726074219 358.0935363770 
648.0294189453 112.0017166138 647.0322875977 129.0603332520 
477.5965576172 321.9594726562 475.7770080566 340.0780334473 
243.0535278320 325.9874877930 247.0762176514 343.2156982422 
299.5133666992 363.7604980469 303.0565185547 386.1493225098 
315.2690124512 198.2060546875 310.8947448730 225.1452789307 
666.4962768555 307.9725341797 664.9652099609 336.0526123047 
598.4747924805 349.9391174316 595.5756835938 374.9508056641 
724.6052246094 314.9614562988 722.0715332031 340.9093322754 
560.0470581055 290.9238281250 561.7998657227 315.0145568848 
656.7651367188 295.9540405273 652.4342041016 318.0849609375 
416.4740905762 242.9276580811 419.2489318848 261.1145935059 
517.9752807617 337.1574707031 513.9901733398 361.8369445801 
355.4773254395 314.9844665527 354.8218078613 337.0244445801 
156.4826354980 290.9149780273 153.8171539307 307.1342773438 
232.9425048828 296.8938293457 234.7723388672 313.1382751465 
187.4669494629 287.9561157227 185.6479034424 310.0533447266 
134.9627380371 195.0043640137 138.0057373047 220.9993286133 
237.8072967529 252.9053649902 238.7582244873 271.0650329590 
175.4626617432 233.8689422607 177.3610992432 255.0572509766 
344.0750427246 222.8942413330 345.7698669434 240.1210174561 
44.4605560303 304.2129211426 52.0270767212 323.3840026855 
269.9491882324 298.9159240723 271.4664611816 316.0472412109 
380.3110046387 310.9582519531 379.2738647461 328.0771789551 
689.9653930664 0.9860067368 677.1553955078 32.6584014893 
267.5675964355 269.9555969238 265.9105529785 286.0935058594 
480.3331604004 177.0697631836 482.1033020020 193.9891967773 
587.2971191406 162.9758758545 587.5953369141 179.0075225830 
674.2451171875 326.9623718262 673.3976440430 343.9699707031 
591.6354980469 343.9801940918 590.7622070312 360.0414428711 
379.2951660156 293.0051879883 379.0135192871 309.0178222656 
node_id_list 2380 2381 2382 2383 2384 2385 2386 2387 2388 2389 2390 2391 2392 2393 2394 2395 2396 2397 2398 2399 3235 3236 3237 3238 3239 3240 3241 3242 3243 3244 4095 4863 6398 8495 8496 8497 9419 
score_list 17.8248204634 12.9710921023 9.7697142665 9.3069947033 8.9589462795 8.5759174926 9.6825088579 6.0769072398 10.8411191819 13.1458914150 8.3412120577 15.2768877602 12.7957339546 13.8062264418 9.7773213769 16.0169457250 10.5801635421 12.4363850390 14.8004622484 15.7641970050 9.6852100862 9.7888016280 11.2844983541 10.6629255250 7.0503044229 10.8623821344 6.7326750607 6.0436384797 7.8241388245 6.8062491926 9.7347011732 7.3435168083 7.6448944157 5.9431581011 5.9738855957 7.2045989889 6.2079469654 
line3d_list
0.0021765692 -2.6958940528 0.8281642614 0.0017776415 -2.6956034314 0.7349236979 
0.0002751069 -2.6973197840 0.8268764945 0.0016734987 -2.6959586397 0.7294290700 
0.0010962223 -2.6973021998 0.8281908853 0.0014250447 -2.6959801755 0.7302456226 
0.0028161081 -2.6944750041 0.8285680103 0.0014348499 -2.6959883392 0.7332932565 
0.0014005369 -2.6973491017 0.8271231349 0.0004993461 -2.6985325362 0.7287616201 
0.0022507274 -2.6964031572 0.8278778086 0.0029927672 -2.6954940919 0.7327002665 
0.0067795977 -2.6935492142 0.8287453593 0.0025054326 -2.6957965389 0.7316017734 
0.0039367430 -2.6953358856 0.8271641811 -0.0019995192 -2.6986284710 0.7292407170 
0.0017013161 -2.6967507650 0.8280720759 0.0011891653 -2.6966254561 0.7312307705 
0.0029231271 -2.6962171914 0.8280306615 -0.0005597715 -2.6981261804 0.7293822629 
0.0013718367 -2.6962760930 0.8299681033 -0.0000413496 -2.6975919082 0.7291061604 
0.0040317618 -2.6947945188 0.8306787628 0.0040246581 -2.6939568543 0.7335090494 
0.0013411466 -2.6973161040 0.8284876741 0.0009968074 -2.6967906620 0.7302786623 
0.0017064950 -2.6967520321 0.8290513313 0.0011828148 -2.6966239023 0.7300299659 
0.0020280804 -2.6960038025 0.8314403460 0.0017754310 -2.6952723184 0.7311010748 
0.0018675112 -2.6962883456 0.8289350065 0.0015843338 -2.6956129805 0.7282845951 
0.0017323885 -2.6967354420 0.8289973591 0.0023317931 -2.6959152007 0.7335636371 
-0.0022014982 -2.6992909880 0.8283598332 0.0041294779 -2.6949962417 0.7283597422 
0.0008537385 -2.6988981989 0.8281906624 0.0014733487 -2.6955198615 0.7302776150 
-0.0001879935 -2.6973333737 0.8264101899 0.0019760668 -2.6959592758 0.7304462562 
-0.0005740835 -2.6976476186 0.8279075873 -0.0014162128 -2.6976908711 0.7353358571 
0.0001191884 -2.6982449829 0.8274997382 0.0033859608 -2.6953901735 0.7326199478 
-0.0038192974 -2.7000113917 0.8283639348 -0.0008929064 -2.6972920625 0.7323946845 
0.0012593274 -2.6963831569 0.8296363106 0.0021744192 -2.6954816700 0.7299264167 
0.0072988224 -2.6933574473 0.8314601342 0.0081684616 -2.6924859655 0.7333690742 
0.0005652729 -2.6967302418 0.8292850928 0.0032987405 -2.6949182969 0.7302427936 
0.0131677140 -2.6904081972 0.8311988845 0.0070989131 -2.6930290507 0.7346834472 
0.0045125343 -2.6949844175 0.8299669204 0.0126861729 -2.6893047076 0.7335487415 
0.0030534968 -2.6961424226 0.8290984252 0.0042399047 -2.6953274728 0.7322189883 
-0.0010831882 -2.6987646258 0.8264339610 0.0031653925 -2.6955092939 0.7340367990 
0.0020786493 -2.6963762235 0.8314950524 0.0009178944 -2.6973983113 0.7315610025 
0.0025997107 -2.6964125200 0.8331827207 0.0063367385 -2.6941038891 0.7327350689 
0.0082765857 -2.6931562041 0.8322165551 0.0061768050 -2.6936526228 0.7289044078 
0.0044692525 -2.6942716418 0.8285716498 0.0034651867 -2.6958520447 0.7315247879 
0.0044375612 -2.6943215240 0.8255085612 0.0034494868 -2.6958767564 0.7300073353 
-0.0004826701 -2.6990662928 0.8295618976 0.0005221023 -2.6978096735 0.7290875693 
-0.0116918252 -2.7051425507 0.8227159490 0.0103656465 -2.6911547446 0.7331121599 
END
