0.2103767381 0.1967437097 1.4894961709 0.8767644016 0.2022958169 1.4900285599 
11 11
image_id_list 1 39 58 59 64 85 87 8 18 90 93 
line_id_list 111 92 108 57 72 92 78 79 69 51 6 
line2d_list
617.3177490234 182.3054504395 477.3634033203 156.0620117188 
746.4486694336 302.6101684570 699.2069702148 287.3588867188 
509.0784912109 209.7400054932 478.0117797852 208.6611938477 
762.0264892578 122.7539367676 586.0421752930 119.0149002075 
799.2214965820 206.9209899902 757.1661987305 202.4402465820 
734.1738891602 62.2755775452 678.1385498047 56.6260108948 
576.9760742188 230.3279113770 457.1027526855 221.5901641846 
769.1317749023 310.5899658203 733.2981567383 299.0722961426 
671.1641235352 49.5873680115 658.2224121094 44.4407653809 
799.3013305664 151.9272308350 726.1038208008 141.2859497070 
529.9899291992 35.8773689270 377.8662109375 48.3711280823 
node_id_list 1767 1768 1769 1770 1771 1772 1773 4719 9063 9064 12052 
score_list 5.4392370322 6.2293204423 4.3265561443 5.6910441677 8.2146712763 4.3624112766 3.9871848417 1.6738689211 3.8585996642 7.1388511433 3.8179737913 
line3d_list
0.9471575801 0.1988651106 1.4907914177 0.2084525805 0.1924060263 1.4905451524 
0.6700283312 0.2059775399 1.4899951226 0.2267894120 0.1967586043 1.4893532742 
0.5800902483 0.2009073333 1.4903659142 0.2452124483 0.2079832116 1.4876822694 
0.8631749338 0.2022965992 1.4900303525 0.2556108718 0.1985926444 1.4894342154 
0.3690947729 0.1948357209 1.4901408458 0.2428510339 0.1973763771 1.4894998847 
0.6749837334 0.1949748228 1.4910801398 0.2336853005 0.1966543181 1.4895417318 
0.8767636928 0.2023794417 1.4900436857 0.2269057238 0.1984176462 1.4894060501 
0.6229934445 0.1909687411 1.4921240821 0.1715085030 0.2168712475 1.4859436912 
0.3687554232 0.1985718672 1.4895226678 0.2288593366 0.1962398889 1.4893384322 
0.5410735157 0.2036310686 1.4898190441 0.2152777645 0.1977645093 1.4893761511 
0.9332751980 0.2275823400 1.4878505691 0.2103758629 0.1968715539 1.4892583606 
END
