3.0603282162 -1.5509242863 1.6685122412 3.0175924178 -1.5524068115 1.6683791198 
3 3
image_id_list 81 82 97 
line_id_list 102 46 66 
line2d_list
97.9980621338 74.9602355957 0.9844473600 79.6803436279 
0.8899263740 106.0610733032 25.8979244232 103.1292953491 
192.9975585938 224.8755035400 263.0098266602 223.5004577637 
node_id_list 13474 13475 13476 
score_list 0.9235065330 2.4425423102 3.1371446739 
line3d_list
3.0175924178 -1.5524068115 1.6683791198 3.0830727527 -1.5501352674 1.6685830900 
3.0602697659 -1.5492237933 1.6683386724 3.0109778650 -1.5506120472 1.6681523661 
3.1544185692 -1.5476602470 1.6688053311 3.0168074711 -1.5524340417 1.6683766747 
END
