0.0025428570 -1.2227613327 0.6661175252 0.0064322398 -1.0801611743 0.6685731148 
20 20
image_id_list 1 4 87 3 93 95 42 47 50 64 6 40 65 11 20 43 49 90 45 62 
line_id_list 225 127 303 209 202 147 66 122 156 164 66 70 128 216 233 190 118 228 209 127 
line2d_list
231.2717895508 346.2147827148 208.3028869629 351.3537597656 
307.7647399902 283.7442016602 283.7581787109 305.8243103027 
133.1631011963 447.9198303223 98.5423278809 454.0585632324 
705.0065307617 278.8276977539 683.9609375000 278.0292358398 
177.2468109131 318.4487609863 154.5207977295 330.9469909668 
780.0166015625 486.9468994141 736.5690917969 473.3799133301 
402.9817199707 332.3432312012 357.8965759277 329.9405822754 
80.3513717651 262.0288391113 39.0462074280 276.1353149414 
557.2635498047 309.3711853027 522.7380981445 303.5545654297 
173.0113525391 433.7961730957 121.9469757080 430.9520874023 
651.8338012695 371.4289550781 589.5031738281 347.2824707031 
148.1992492676 450.1383666992 118.0879669189 452.9440917969 
218.9659576416 52.4042778015 173.8647155762 48.6065864563 
131.8344573975 204.0856170654 104.7029037476 199.9482727051 
659.3093261719 376.5539855957 634.5010375977 369.8451538086 
721.9966430664 415.1944885254 689.9718017578 414.6459960938 
794.7442016602 410.6730041504 754.4793090820 395.3701171875 
377.0724792480 349.3192749023 347.1079711914 350.9655151367 
550.7817382812 410.6069946289 526.6638183594 401.9349365234 
487.4041748047 133.6470947266 449.3229370117 119.8716888428 
node_id_list 1987 1988 1989 3510 3511 3512 3786 3787 3788 3789 4042 4043 4044 6997 6998 9540 12343 12344 12547 12624 
score_list 5.7789183476 10.4856971250 3.0495087168 2.9092564230 5.6867662638 3.6023278449 13.0792724198 4.9490079833 4.3283731166 2.4673796808 10.2858404931 8.8033982663 7.2623877052 3.2437318218 1.7622746552 3.1680798288 1.5361757495 2.4151951891 3.6115780086 10.4997799537 
line3d_list
0.0189186482 -1.0875943423 0.6741667452 0.0161507346 -1.1953920787 0.6734627289 
0.0063576197 -1.0747150443 0.6687579561 0.0086124575 -1.1943774158 0.6690404375 
0.0136205728 -1.0913317517 0.6722059670 0.0265187459 -1.2104491198 0.6773675640 
-0.0037812201 -1.0898757487 0.6658830964 0.0332101590 -1.2055591810 0.6810276588 
0.0124346251 -1.0803792733 0.6717313739 0.0252276757 -1.1985258125 0.6768509029 
-0.0019378478 -1.0939851174 0.6643078140 0.0440494081 -1.2082935403 0.6869415708 
0.0081402553 -1.0966726830 0.6693325505 0.0034639395 -1.2227842557 0.6659898085 
0.0014854900 -1.0820147388 0.6654448530 0.0028242118 -1.1984469674 0.6669711411 
0.0075908690 -1.1029767943 0.6691071447 0.0097601521 -1.2081276929 0.6694311129 
0.0027929263 -1.0937213633 0.6671064684 0.0015927965 -1.2067333486 0.6653737662 
0.0059047728 -1.0894070494 0.6684984801 0.0025697007 -1.2227951266 0.6664556574 
0.0036534103 -1.1049939185 0.6681940729 0.0027903901 -1.2202846686 0.6668910418 
0.0096224425 -1.1016531169 0.6699330564 0.0080593134 -1.2164071159 0.6687021117 
0.0167807773 -1.1006739375 0.6718715387 0.0383902525 -1.1990622382 0.6863447683 
-0.0040739384 -1.1013178062 0.6649758808 0.0316610756 -1.2062155376 0.6859451207 
-0.0166808003 -1.1044008129 0.6592820717 0.0256757779 -1.2086617770 0.6773015832 
-0.0235333881 -1.0875331283 0.6563668154 0.0240217622 -1.2045904075 0.6765979249 
-0.0352754493 -1.0727303403 0.6487965346 0.0430929044 -1.2145696177 0.6869071005 
-0.0200955200 -1.1201897500 0.6572473595 0.0470115494 -1.2020911909 0.6877997497 
0.0067975544 -1.1101957260 0.6680186631 0.0121662012 -1.2276598664 0.6740777568 
END
