2.0416356486 0.0871367240 0.0628649181 2.8087889155 0.0875509388 0.0619326648 
5 5
image_id_list 28 67 69 75 66 
line_id_list 28 86 35 16 136 
line2d_list
262.1010437012 433.9222717285 171.4160461426 542.1860961914 
546.9793090820 545.1918945312 319.9782714844 541.2520141602 
196.4567718506 467.7001342773 80.7682952881 543.1776123047 
447.0506896973 325.8552551270 191.0232086182 332.8497009277 
799.4524536133 511.3261718750 655.5344848633 414.6933288574 
node_id_list 11271 11272 11273 11274 13283 
score_list 1.6879646736 3.5509922695 2.9239465341 2.9659708398 0.9986781167 
line3d_list
2.8112392756 0.0873670017 0.0639466205 2.0480040436 0.0858623704 0.0648489108 
2.8095108510 0.0951241144 0.0560044044 2.0397068554 0.0901686627 0.0604337266 
2.8087914683 0.0873621761 0.0639495142 2.0924023522 0.0859498966 0.0647964235 
2.8047342368 0.0844021876 0.0663767388 2.0405076699 0.0855741120 0.0650821931 
2.4473242771 0.0856365961 0.0634569061 2.0416345530 0.0877588971 0.0622397831 
END
