3.1172879617 -2.5753306929 0.8222184754 3.1149459380 -2.0033558507 0.8228339480 
13 13
image_id_list 26 28 30 44 48 54 55 69 70 73 89 52 71 
line_id_list 280 296 48 48 47 16 85 378 132 14 28 354 191 
line2d_list
595.9583740234 295.3293151855 739.9626464844 286.3973693848 
691.9564208984 222.6264038086 799.1309204102 210.1224060059 
380.4615173340 320.2300415039 452.7665405273 298.2326354980 
229.1703948975 204.9992065430 357.1989440918 183.1666412354 
38.4427947998 337.2014465332 175.2530059814 294.8166503906 
127.8089065552 430.3051147461 216.8235473633 367.7489013672 
298.2545166016 402.2971496582 374.8893737793 368.7472839355 
732.8692016602 415.5218200684 799.2123413086 432.1530761719 
612.9896240234 220.5713043213 794.0288696289 216.1933288574 
0.3191768229 119.9458694458 22.9295921326 105.3426666260 
10.6727705002 388.0827026367 134.3442077637 343.9649047852 
339.8988647461 350.0377502441 405.0202331543 343.1925048828 
336.9288635254 20.9200515747 469.0799865723 12.2140703201 
node_id_list 11112 11113 11114 11115 11116 11117 11118 11119 11120 11121 11122 11382 11383 
score_list 8.7648706890 4.6889232636 5.9387202520 3.5791080141 1.9554435103 4.4235835934 2.4483417076 6.9036875065 7.6467914172 0.9766168063 3.1722945827 5.7927725415 8.9593076217 
line3d_list
3.1123007376 -2.0156021688 0.8243074742 3.1161321585 -2.5667285604 0.8228488224 
3.1080209332 -2.0147654020 0.8255823794 3.1110037717 -2.3752458451 0.8244188552 
3.1079166099 -1.9909866524 0.8258030026 3.1224083553 -2.4395874202 0.8207543656 
3.1078915896 -2.0047154949 0.8256349562 3.1224444573 -2.5753066605 0.8195062773 
3.1186136987 -2.0076703628 0.8211075360 3.1274315588 -2.5777632434 0.8181027811 
3.1185721132 -2.0049817753 0.8211217066 3.1272664946 -2.5670915006 0.8181590280 
3.1171890305 -2.0033450097 0.8212946357 3.1102063073 -2.5507494494 0.8272800515 
3.1220797333 -2.0151178103 0.8205407668 3.1160858088 -2.2526201701 0.8227876616 
3.1081141711 -2.0134425062 0.8255412200 3.1224018178 -2.5736348440 0.8195242342 
3.1209113081 -2.4898551640 0.8201849660 3.1121019003 -2.5726226447 0.8233367674 
3.1216252123 -2.0108814050 0.8199707678 3.1216716705 -2.5759303058 0.8202794772 
3.0924820627 -1.9964017861 0.8335078239 3.1012975298 -2.4467020557 0.8296736858 
3.1166381627 -2.0185276419 0.8222931812 3.1137051307 -2.5655875619 0.8239762200 
END
