-0.1507654689 -1.8690005117 1.0835686628 -0.1619702537 -1.8709708799 1.0258372119 
3 3
image_id_list 17 81 37 
line_id_list 131 10 100 
line2d_list
39.2860755920 231.9004364014 43.7539939880 244.7375793457 
574.5217285156 177.8936157227 575.4359130859 190.9695281982 
375.7785949707 246.9557189941 376.4652404785 259.0303955078 
node_id_list 8968 8969 11866 
score_list 2.3145316717 6.8452138369 5.3228794071 
line3d_list
-0.1651085826 -1.8756463473 1.0865792618 -0.1900650957 -1.8813478633 1.0128112058 
-0.1501799528 -1.8688975483 1.0865854717 -0.1633074510 -1.8712060268 1.0189474465 
-0.1360967508 -1.8720784024 1.0925884180 -0.1478696868 -1.8755804706 1.0232578340 
END
