-0.0007006301 -0.2522000731 2.0499556402 0.0033185036 -0.0109660747 2.0481068827 
6 5
image_id_list 8 39 58 99 32 39 
line_id_list 86 98 167 119 14 216 
line2d_list
659.8861694336 165.5084533691 707.2007446289 176.1035308838 
619.0515136719 160.6930236816 666.0703735352 168.5803833008 
363.9612121582 68.3609924316 419.0772094727 74.2812271118 
663.9904785156 144.0178985596 704.9869384766 144.4008789062 
728.9856567383 75.7909393311 782.0106201172 72.1546249390 
664.8750000000 170.8041381836 618.7459106445 163.6347503662 
node_id_list 4734 4735 4736 4737 11725 11726 
score_list 1.8814946089 3.9305816239 3.8620716199 2.9009837193 1.6560520155 2.8862467549 
line3d_list
0.0085821133 -0.2512403445 2.0490881368 0.0102559923 -0.0128458869 2.0472552927 
0.0041145987 -0.2524655162 2.0494742736 0.0355059724 -0.0171953769 2.0451528730 
-0.0043246690 -0.2521379366 2.0501849527 0.0049276053 -0.0109960605 2.0476923443 
0.0190208308 -0.2536477857 2.0479182244 0.0061956927 -0.0790377508 2.0481728753 
-0.0065964280 -0.2480901062 2.0505971687 -0.0036242046 -0.0074537089 2.0492810320 
0.0090574145 -0.0106664962 2.0354197116 0.0031328416 -0.2506850965 2.0348406279 
END
