-0.0034730037 -2.1909988553 1.4993397009 0.0011152040 -2.1283486896 1.4975440821 
6 6
image_id_list 43 45 49 50 95 88 
line_id_list 47 114 71 141 101 119 
line2d_list
413.0675048828 193.0746307373 397.0194091797 193.5968627930 
325.7838439941 144.3073272705 311.8345336914 142.0007781982 
522.8710327148 26.5776309967 502.7572631836 22.0873394012 
255.9532012939 3.6077909470 238.9002990723 2.2947824001 
491.9286804199 164.4293365479 476.8465270996 161.9237213135 
655.6215820312 177.6984405518 640.6942138672 174.3725280762 
node_id_list 12289 12290 12291 12292 12524 12742 
score_list 1.8805364024 2.4457387234 3.1340492828 1.4914968569 2.3967698079 0.5884422719 
line3d_list
-0.0097127781 -2.1299221683 1.4961430825 -0.0093721658 -2.1910814061 1.4984119115 
-0.0098005624 -2.1319739349 1.4962221269 -0.0120136803 -2.1939724037 1.4985976418 
0.0021563563 -2.1257579838 1.4976494052 -0.0055541729 -2.1899024786 1.4993378207 
-0.0016470204 -2.1281558676 1.4972136508 -0.0023381012 -2.1910674940 1.4998447890 
-0.0016523698 -2.1286428477 1.4972340176 -0.0022996331 -2.1875656012 1.4996983302 
0.0058061267 -2.1173199551 1.4972801504 0.0063457819 -2.1822755171 1.4985238323 
END
