0.0026914275 -2.6954758964 1.3948468533 0.0009680614 -2.6971627588 1.4977477311 
37 37
image_id_list 3 8 32 37 43 45 49 50 76 79 81 84 86 95 96 98 9 19 20 31 16 33 38 57 60 97 14 15 21 51 53 80 82 88 41 56 77 
line_id_list 115 62 180 98 119 68 51 118 98 108 95 158 93 95 162 116 198 138 61 133 132 118 64 62 74 88 154 158 55 10 42 62 144 64 50 41 65 
line2d_list
354.4322814941 81.9851760864 354.6912231445 107.0031967163 
176.7114868164 169.9539489746 173.8105621338 188.1293640137 
272.0326843262 207.9967346191 273.7333068848 225.0266265869 
220.7611083984 178.0269012451 222.8991241455 197.0113677979 
273.3487243652 203.7731170654 277.4399108887 228.0942077637 
201.3892974854 129.0351257324 199.2166137695 153.1098022461 
349.0050354004 0.6651172638 345.0581359863 24.1776237488 
112.3209838867 0.8456754684 115.9611282349 32.0045394897 
231.2290649414 123.0500488281 232.5262451172 143.0307617188 
162.1442718506 79.8849639893 164.5729217529 104.0429382324 
398.9308166504 116.0108032227 401.8991088867 135.0157623291 
332.9445190430 91.9209060669 334.7116088867 113.0241470337 
259.0752563477 175.8951263428 260.8520202637 194.1119689941 
359.6143188477 149.9869842529 359.3793334961 175.0129547119 
395.4289855957 191.9927368164 395.5255737305 211.0074920654 
388.8320312500 183.9879760742 387.4693908691 203.0335845947 
393.4480895996 244.0110015869 393.7274475098 258.0253601074 
408.5375976562 148.9828033447 407.9420776367 164.9978485107 
379.0904846191 176.9932403564 378.9641723633 194.0071563721 
364.9344787598 240.8923645020 365.8312988281 257.0093994141 
469.2373962402 59.8855247498 470.9139709473 78.0079574585 
419.7020568848 227.0278167725 421.2925109863 244.0660400391 
491.4339904785 188.9494476318 489.5573120117 209.9604644775 
504.1473388672 166.8341522217 501.1537170410 182.2244110107 
679.8548583984 203.9639892578 679.2863769531 222.0404510498 
598.3140869141 235.0138244629 597.6073608398 251.0707550049 
584.2801513672 45.9779968262 584.5900268555 64.0070495605 
171.9444274902 3.0123052597 176.1891326904 22.1795692444 
669.6537475586 57.9254951477 664.9525756836 79.7746353149 
679.5710449219 97.9672927856 676.9822387695 131.9224090576 
619.8944091797 172.9873962402 616.6755371094 199.9612884521 
689.6321411133 130.1277008057 684.3896484375 156.0787048340 
468.4460754395 73.0188903809 469.0251159668 89.9991455078 
549.5539550781 156.9219665527 544.4819946289 185.9093627930 
216.5325317383 202.8856811523 220.6515808105 222.0747833252 
744.6616821289 128.9606628418 741.2808227539 158.0326538086 
548.6501464844 114.0248641968 550.7111206055 143.0205383301 
node_id_list 3219 3220 3221 3222 3223 3224 3225 3226 3227 3228 3229 3230 3231 3232 3233 3234 4668 4669 4670 4671 5972 5973 5974 5975 5976 5977 8467 8468 8469 8470 8471 8472 8473 8474 8650 9601 9602 
score_list 13.9386020155 10.6176811645 10.7784750058 11.8281113216 9.4815634977 11.1321394298 12.9308132310 8.3090561866 7.3427235052 11.4179480859 16.3374902564 13.2168887811 10.6920972376 12.7348049675 12.7722151360 10.3282216177 10.2019086982 9.6317943832 9.2534111329 13.2155192567 10.3429566310 15.5336007909 11.8748490670 5.4238440427 9.4302438265 12.9748847221 7.3224099227 10.1422570153 11.7947454974 11.5666753057 16.7124882419 12.3507073972 5.8182892344 17.2880706908 16.2209341608 7.6184405728 13.8427837836 
line3d_list
0.0008227555 -2.6973348327 1.4974102501 0.0005953413 -2.6964067892 1.3983353083 
-0.0022061320 -2.6986553752 1.4963710985 -0.0006830945 -2.6972243319 1.3984163583 
-0.0024380331 -2.7000261033 1.4961341763 0.0034759013 -2.6957677859 1.3977980065 
-0.0072279033 -2.7019460073 1.4967401233 -0.0021289283 -2.6979184837 1.3935516557 
0.0039621243 -2.6951092123 1.4948944803 0.0042701450 -2.6943893204 1.3994500152 
-0.0007807948 -2.6978354901 1.4959506022 0.0048685946 -2.6940376456 1.3979674001 
0.0052616501 -2.6938434394 1.4721105850 0.0049265529 -2.6938153057 1.4019550228 
0.0000560601 -2.6973515913 1.4952606841 0.0015218099 -2.6959529103 1.3972190360 
-0.0037650557 -2.7012133225 1.4967811670 0.0066478720 -2.6929037550 1.3986763414 
-0.0005984324 -2.6981278018 1.4953222063 0.0078291704 -2.6922545820 1.3981055329 
-0.0025393759 -2.6992436939 1.4955517171 0.0038952527 -2.6945353817 1.4003586273 
-0.0013582420 -2.6984637377 1.4965353985 0.0064303601 -2.6938129804 1.3954551033 
-0.0023992014 -2.7000342696 1.4921488581 0.0042722838 -2.6950473039 1.3981491977 
0.0015564242 -2.6974055865 1.4942278338 0.0007540064 -2.6959027285 1.3992066073 
0.0039618755 -2.6951097936 1.4949715474 0.0042652187 -2.6944008339 1.4009764839 
-0.0027346197 -2.6997761786 1.4952603228 -0.0008294837 -2.6991359794 1.3977291546 
-0.0022453900 -2.6999341277 1.4953468665 0.0052107443 -2.6950780205 1.3978682542 
-0.0026999952 -2.6997645435 1.4934877636 -0.0007943728 -2.6991241807 1.3959316918 
-0.0018135355 -2.6988454556 1.4916092966 0.0078256110 -2.6927635533 1.3986807152 
-0.0009414588 -2.6987041425 1.4938378625 0.0009096973 -2.6980993316 1.3957495259 
0.0048493275 -2.6952229245 1.4929428315 0.0041365511 -2.6961559912 1.3959185695 
0.0036673850 -2.6952425105 1.4953877053 0.0033332668 -2.6957926343 1.3977503315 
0.0050203730 -2.6950680161 1.4981764107 0.0186959069 -2.6846601907 1.3993282627 
-0.0098630467 -2.7052608557 1.4943705018 0.0012882856 -2.6989599948 1.3997322558 
0.0063103282 -2.6928624230 1.4948438417 -0.0018819294 -2.6999363513 1.3982664708 
-0.0004882389 -2.6982835702 1.4950127244 0.0089559265 -2.6908127172 1.3999674332 
0.0050910531 -2.6936102440 1.4949546960 0.0029411725 -2.6962442064 1.3966833908 
0.0047909423 -2.6947090422 1.4969506497 -0.0093931238 -2.7059062153 1.3969349931 
-0.0007990832 -2.6995379045 1.4969626374 0.0028798746 -2.6955376984 1.3996636409 
-0.0002100444 -2.6983634284 1.4977083177 0.0036459325 -2.6941263440 1.3970849736 
0.0019859751 -2.6969318048 1.4957853961 0.0011987492 -2.6979144266 1.3978488478 
0.0041123321 -2.6934052540 1.4972311100 0.0039215114 -2.6942470039 1.3980864520 
0.0045129905 -2.6942691906 1.4973624833 -0.0010210466 -2.7007893927 1.3964750741 
0.0019806623 -2.6962637382 1.4980698379 0.0025588588 -2.6953548617 1.3966468369 
0.0024789614 -2.6964346485 1.4953339323 0.0041214760 -2.6944996768 1.3946682795 
0.0039535240 -2.6933880810 1.4953758702 0.0024814821 -2.6956044978 1.3976681752 
0.0027947881 -2.6952768089 1.4968981282 -0.0003726903 -2.6967112778 1.3947752842 
END
