-0.0103137255 -1.1213357608 0.6640259360 -0.0014071150 -1.2056731981 0.6733685243 
3 3
image_id_list 10 16 98 
line_id_list 273 223 221 
line2d_list
506.8991699219 362.2839050293 490.7991638184 356.5654907227 
768.7591552734 231.4179687500 744.7717285156 227.3441314697 
694.6788330078 407.1239013672 670.9053955078 400.3309936523 
node_id_list 6733 6734 6735 
score_list 2.2332753333 1.5819322247 2.4761960490 
line3d_list
0.0014441945 -1.1196136783 0.6683622944 0.0099630770 -1.2075683551 0.6778137326 
0.0025246637 -1.1075372242 0.6667002673 -0.0006712082 -1.2104205209 0.6739633744 
-0.0115921697 -1.1092300664 0.6626849122 -0.0014071150 -1.2056731981 0.6733685243 
END
