3.9588816387 -0.8422786886 0.1344579200 3.9584217277 -0.7042306257 0.1349155938 
3 3
image_id_list 24 25 70 
line_id_list 88 96 244 
line2d_list
622.9353027344 462.4571838379 499.8528442383 445.0399169922 
440.0753173828 526.4164428711 365.8914489746 516.8409423828 
305.0177612305 289.7391357422 276.0104675293 290.4358215332 
node_id_list 10509 10510 10511 
score_list 6.1669382623 7.1053443013 5.2270446118 
line3d_list
3.9593586739 -0.9854667728 0.1339832052 3.9582536514 -0.6537804222 0.1350828525 
3.9588816387 -0.8422786886 0.1344579200 3.9578742505 -0.5398985114 0.1354604078 
3.9566895344 -0.8437690166 0.1368881936 3.9577680764 -0.7042352053 0.1356400975 
END
