1.7712629906 -3.0068602493 1.6759534675 1.7685879310 -3.0027695139 1.9822932853 
13 9
image_id_list 38 51 53 53 38 53 56 89 48 55 83 54 83 
line_id_list 48 145 138 181 74 97 94 37 80 154 55 101 41 
line2d_list
105.0883407593 140.9958496094 101.7531814575 70.0115966797 
93.2564086914 3.8094859123 101.3146667480 56.9522857666 
120.1324386597 83.9940032959 120.4157409668 43.0028724670 
120.8107070923 41.0047721863 121.0168075562 6.0000991821 
99.1673583984 34.9687385559 102.0076446533 141.0265808105 
122.6020050049 5.0026669502 122.2431793213 86.0010757446 
188.1877441406 10.0793828964 193.5594482422 65.0430526733 
497.5748901367 67.9625625610 490.5295104980 147.9585571289 
595.3873291016 2.0384848118 590.9205322266 46.9921035767 
662.4664306641 131.0162506104 663.3804931641 161.0188751221 
509.7839355469 176.0634460449 513.3477783203 132.0281524658 
555.0335693359 6.9419140816 559.5871582031 87.9670028687 
512.1477661133 123.9174957275 507.1141052246 175.9142456055 
node_id_list 11940 11941 11942 11943 11960 11961 11962 11963 12708 12709 12710 12843 12983 
score_list 0.9877638199 6.5091655751 4.2153041244 4.1984039122 1.3548595231 5.6274276767 6.0451756661 7.2583452840 6.3359282253 5.0657369307 3.5124728944 6.6774831924 3.3468045208 
line3d_list
1.7730832030 -2.9848581770 1.6757599301 1.7725502019 -2.9884934592 1.8833759283 
1.7697255123 -3.0016639199 1.8637053591 1.7704381534 -3.0019127767 1.7074653807 
1.7755539794 -2.9990050458 1.6758860427 1.7744258004 -2.9969438300 1.8124042296 
1.7735347936 -2.9991608880 1.8194742602 1.7727047928 -2.9973699786 1.9338220170 
1.7722305930 -2.9959062810 1.9822334454 1.7745206147 -3.0010454295 1.6743426224 
1.7687326087 -3.0039936993 1.9389640802 1.7703554401 -3.0091874805 1.6707673765 
1.7694752043 -3.0067554159 1.8405262001 1.7695552220 -3.0051189098 1.7079363854 
1.7687955457 -3.0024768710 1.9839320841 1.7715031999 -3.0058292232 1.7076704132 
1.7671542396 -2.9944307186 1.8274324101 1.7680725394 -2.9939098818 1.7005534212 
1.7704633993 -3.0069964644 1.8347662657 1.7723414056 -3.0070492880 1.7099117160 
1.7674068014 -2.9926365840 1.6776528130 1.7667916229 -2.9944050028 1.8799859902 
1.7679105999 -3.0074674454 1.9865238137 1.7703977415 -3.0108910701 1.7102108361 
1.7708509975 -3.0076096963 1.9169747259 1.7735283301 -3.0115345735 1.6774598837 
END
