0.0604247547 -2.7357560088 0.4509648854 0.3336170834 -2.9726458221 0.4369407263 
6 6
image_id_list 20 41 38 95 98 50 
line_id_list 195 86 185 135 182 158 
line2d_list
305.6459655762 362.8582763672 368.7462158203 355.7478942871 
180.5942077637 411.4463195801 244.6637573242 394.7126159668 
388.8453063965 393.9716796875 456.9346923828 391.8770446777 
258.5992736816 408.1004028320 333.7307128906 400.3795776367 
295.7488403320 384.3578796387 364.8340759277 379.5938720703 
33.4581794739 308.7704467773 123.4419937134 293.6739501953 
node_id_list 9519 9520 12008 12009 12155 12779 
score_list 2.1150699904 3.9996212723 3.2707576678 6.3390717157 1.4438307377 0.9679155503 
line3d_list
0.3428039215 -2.9727029489 0.4396284601 0.0879288266 -2.7090834401 0.4640582692 
0.3125915204 -2.9781303921 0.4315404011 0.0731543473 -2.7175635497 0.4583582672 
0.3424330175 -2.9628537729 0.4432732876 0.0500353104 -2.7473073475 0.4436972823 
0.3116701063 -2.9460835933 0.4409407461 0.0648224475 -2.7511360169 0.4465216653 
0.3411820711 -2.9745446590 0.4388112209 0.0647341528 -2.7269894979 0.4547014546 
0.3010657990 -2.9595585997 0.4323879290 0.0647606198 -2.7514516009 0.4463764198 
END
