3.7845309860 -0.7964382751 1.3813053493 3.7863033738 -0.6148737615 1.3804399259 
3 3
image_id_list 25 29 70 
line_id_list 32 55 9 
line2d_list
420.9980163574 206.9193725586 336.9504699707 208.9798736572 
518.9959716797 104.1786651611 478.0170898438 103.2479553223 
272.0262756348 13.7179088593 198.0156555176 16.4277038574 
node_id_list 10594 10595 10596 
score_list 1.6662027896 1.7714335936 1.5634077411 
line3d_list
3.8008344276 -0.8871893763 1.3792497429 3.7875262423 -0.6094961136 1.3802448809 
3.7845309860 -0.7964382751 1.3813053493 3.7863033738 -0.6148737615 1.3804399259 
3.7987462857 -0.8786325608 1.3792611111 3.7923966597 -0.6053722185 1.3803179361 
END
