2.1058494895 0.0883019681 0.7677277673 2.7357757186 0.0893727719 0.7669908600 
7 7
image_id_list 26 29 67 68 69 75 28 
line_id_list 106 60 93 40 129 46 111 
line2d_list
120.5432281494 363.8168029785 18.7004261017 431.5495605469 
224.8243408203 292.3657531738 112.9379196167 359.8971557617 
553.0688476562 351.0727844238 348.0089721680 343.7484741211 
595.2965087891 102.7739410400 415.4862670898 171.6589813232 
206.2373809814 318.8048400879 105.8289947510 348.4202270508 
454.0015869141 141.0163421631 165.0007171631 141.4635925293 
204.7526855469 319.6918334961 114.3757934570 392.2221984863 
node_id_list 10841 10842 10843 10844 10845 10846 11288 
score_list 3.9663382544 5.9363092324 7.9670996487 4.9447260998 4.7292296270 3.9735369154 4.9029278938 
line3d_list
2.7280103321 0.0884157989 0.7673007876 2.1059624108 0.0858902226 0.7690689921 
2.7214063854 0.0880807659 0.7674667967 2.1065372044 0.0881141190 0.7680061167 
2.7386806654 0.0891590852 0.7672286956 2.1074800656 0.0885340926 0.7675000715 
2.7357742200 0.0899563639 0.7665578479 2.1021338105 0.0868076077 0.7686342142 
2.7217648715 0.0877175756 0.7680605976 2.1150240063 0.0866486586 0.7682473822 
2.7401924754 0.0901155852 0.7664652165 2.1042644295 0.0878743143 0.7680259228 
2.7264575387 0.0884967183 0.7672090084 2.1058559547 0.0856237694 0.7693626706 
END
