3.7910968007 -0.8856919556 1.2192829278 3.7929863344 -0.6100380680 1.2188278858 
8 7
image_id_list 24 28 29 69 70 25 27 25 
line_id_list 44 70 181 118 22 25 195 255 
line2d_list
799.2492065430 76.4222335815 629.8935546875 49.6738891602 
444.1675720215 132.8842163086 395.8194580078 142.0474853516 
534.9897460938 142.2889251709 475.9576110840 140.1957702637 
493.8728027344 244.5925750732 446.8910827637 234.5073699951 
279.0150146484 59.4279556274 205.9645843506 61.9904785156 
425.0001831055 258.0133972168 340.9998168945 257.9967346191 
610.0189208984 200.1935729980 558.0276489258 205.2822875977 
341.9951782227 254.3551483154 424.0048217773 254.6470947266 
node_id_list 10442 10443 10444 10445 10446 10588 10589 10736 
score_list 3.1774837823 3.5901953630 3.3053485269 4.1801803616 4.5268574994 4.4668532543 3.5045039952 3.9479394608 
line3d_list
3.7858542388 -0.8599869960 1.2207106479 3.7959378351 -0.6041451255 1.2180522162 
3.7930905054 -0.8857065000 1.2187509670 3.7902692324 -0.6143895672 1.2195798139 
3.7766748477 -0.8779608328 1.2218859377 3.7999322063 -0.6102751905 1.2176215937 
3.7934797531 -0.8654435313 1.2188548723 3.7894895807 -0.6145788215 1.2195041440 
3.7937933797 -0.8851614376 1.2188038397 3.7893683173 -0.6069549148 1.2195238757 
3.7916907725 -0.8933732571 1.2189825865 3.7833802527 -0.6099701925 1.2200566384 
3.7990581519 -0.8802325444 1.2171414644 3.7897576718 -0.6196204085 1.2197166033 
3.7921858277 -0.6108204586 1.2302956092 3.7922062637 -0.8905887409 1.2297079890 
END
