0.6010499303 -2.9998576831 1.3930746836 0.6006397750 -2.9977407256 1.4967488342 
34 34
image_id_list 9 16 19 20 84 10 15 37 45 76 81 86 96 98 13 14 21 38 51 56 60 78 80 83 97 31 53 82 88 41 99 77 43 95 
line_id_list 181 145 102 173 157 92 122 117 22 97 80 113 52 79 23 93 23 59 119 83 100 12 7 10 118 121 22 136 17 43 58 80 90 83 
line2d_list
302.3488159180 262.0115661621 302.4689941406 247.9954528809 
357.0708312988 98.7956161499 355.2136840820 79.9789123535 
303.7781982422 165.0978851318 304.7202453613 147.9846038818 
262.2628479004 200.0295104980 262.7081298828 180.9698181152 
206.4158782959 128.9512481689 203.7289276123 106.0317764282 
162.5261993408 165.0389099121 163.7929687500 147.9107360840 
48.5348587036 38.1233673096 42.9367866516 17.0167655945 
103.5614852905 209.9384155273 101.2616424561 188.9712982178 
20.4828815460 128.9740905762 21.9876079559 98.9492645264 
99.1635513306 146.0633239746 97.4151153564 122.9685745239 
290.3276062012 158.9443969727 286.6136474609 137.0655822754 
136.9492950439 208.1137542725 134.6673126221 187.0360260010 
260.6066589355 217.0048980713 260.5328369141 196.0016479492 
265.1934204102 197.9556884766 266.3496093750 176.9093322754 
759.9981079102 154.7192230225 766.1513061523 132.7621612549 
474.5941162109 77.9613952637 473.3646850586 59.0412826538 
521.4446411133 67.9202346802 524.6213989258 45.8019943237 
358.5634460449 208.1239013672 360.3210449219 185.9461975098 
466.4568481445 137.9981079102 466.5610656738 107.9950027466 
547.5677490234 163.0267486572 548.9375000000 133.9499511719 
552.1771850586 222.0446777344 552.8258666992 204.9554290771 
712.8890380859 190.9833679199 716.1812744141 169.0271759033 
512.6677856445 139.9557495117 516.1408081055 113.8855438232 
716.8663330078 241.9767150879 720.1969604492 222.8600921631 
493.7260742188 252.1203918457 494.9206237793 234.9944610596 
255.8609008789 264.0029296875 255.5222320557 247.9889526367 
438.3611145020 188.0333862305 440.7781372070 161.8870544434 
366.5129699707 101.9674530029 365.4387207031 85.0356140137 
359.5526123047 161.9500885010 362.6872253418 133.8535461426 
83.1433181763 247.2122192383 78.3618392944 227.9103698730 
121.3382415771 242.9450836182 122.8352737427 224.9033508301 
370.9973754883 176.1390075684 367.0941162109 147.9869537354 
107.9985885620 268.2263488770 101.6369476318 240.0820617676 
180.6744384766 179.9729309082 179.5125732422 151.0195617676 
node_id_list 5920 5921 5922 5923 5924 6404 6405 6406 6407 6408 6409 6410 6411 6412 7432 7433 7434 7435 7436 7437 7438 7439 7440 7441 7442 8363 8364 8365 8366 8623 8624 9586 11876 11951 
score_list 4.4104438601 4.6108502259 5.5004521608 4.3567611395 5.3727258156 5.7448032199 9.5117527929 7.5683921897 7.0525497154 5.5972828024 13.8030062257 7.4550924939 10.9979315428 5.6469741930 6.2254126928 4.9446325320 12.1716209417 9.6335287691 13.1998659963 12.4991847616 12.0758915789 7.1430530118 11.2417057882 8.6230100990 10.9924620615 9.4596148599 14.3014923152 6.3956797811 14.2590290454 15.1367027994 6.0546644097 13.2923773968 5.5122239168 10.4749636543 
line3d_list
0.6016214361 -2.9996307998 1.4021706254 0.5763389951 -3.0178850188 1.4927670949 
0.6190932462 -2.9840784965 1.3989035483 0.5910845125 -3.0059755279 1.4918406847 
0.6146206599 -2.9879012937 1.4008835128 0.5745356452 -3.0202179448 1.4953098743 
0.6144254098 -2.9891192264 1.3991884051 0.5811378264 -3.0139333567 1.4920558682 
0.6058068089 -2.9972199372 1.3962660871 0.5946130538 -3.0029413636 1.4948682605 
0.5969290737 -3.0038176102 1.4024883357 0.6066123056 -2.9924615779 1.4938012739 
0.5953145255 -3.0077756807 1.3971500830 0.6039879056 -2.9932840249 1.4980585292 
0.6046997958 -2.9978842485 1.3960808934 0.5988183557 -2.9985963558 1.4956248143 
0.5944984363 -3.0055333742 1.3927074106 0.6025427016 -2.9959955926 1.4941190159 
0.5909247662 -3.0091594103 1.3973836040 0.5902553337 -3.0069395493 1.4969103150 
0.6055563964 -2.9968515814 1.3949114513 0.5980465506 -2.9997970687 1.4928006576 
0.5931585758 -3.0067381963 1.3987338980 0.5931822789 -3.0038672735 1.4952792607 
0.6035204980 -2.9991565013 1.3998350343 0.5976218417 -3.0001152061 1.4961620710 
0.6011654317 -2.9996530274 1.3969304174 0.5986002855 -2.9994249184 1.4935112854 
0.6013807560 -2.9987770710 1.3965679348 0.6021689285 -2.9957534383 1.4948387522 
0.5992658858 -3.0015648085 1.3935312326 0.6011361410 -2.9984897667 1.4941079933 
0.5984329014 -3.0036529268 1.3951359712 0.6001486074 -2.9987334937 1.4956704656 
0.6009565680 -3.0012364450 1.3976659345 0.6001633302 -2.9986991741 1.4962950753 
0.6034515998 -2.9963574460 1.3969556455 0.6007736184 -2.9975832464 1.4961142295 
0.6003626172 -3.0000172229 1.3961998725 0.6009688535 -2.9972254079 1.4939201728 
0.5978919525 -3.0049088201 1.4017602353 0.6024168992 -2.9950476750 1.4949624858 
0.6007208479 -2.9993375285 1.3966787131 0.6007848661 -2.9975447216 1.4954321683 
0.6003692997 -2.9997012413 1.3942174268 0.6027515434 -2.9957613112 1.4948921383 
0.5940112582 -3.0093274434 1.3930183886 0.5970134767 -3.0006266288 1.4928995918 
0.6059001671 -2.9961432709 1.3986587302 0.6002207786 -2.9967383888 1.4961104676 
0.6085556638 -2.9946349173 1.4005490829 0.5983523602 -2.9991391106 1.4913242608 
0.6014862013 -2.9994422019 1.3942908032 0.6004183861 -2.9978095523 1.4951276304 
0.6029188045 -2.9999263985 1.4000175439 0.5986453643 -2.9988273307 1.4955392068 
0.6005657916 -3.0005272755 1.3930864409 0.6004845196 -2.9981681443 1.4938214246 
0.6002197870 -3.0007945243 1.3984008521 0.6020117253 -2.9954065745 1.4929471895 
0.5909450368 -3.0092266285 1.3943698999 0.5902657176 -3.0069739827 1.4953665038 
0.5994699764 -3.0016111203 1.4008965104 0.6004498177 -2.9981810339 1.4949487060 
0.6010813377 -2.9990274434 1.4027844594 0.6014035615 -2.9978005018 1.4967530764 
0.6003822201 -3.0003595639 1.3958137872 0.6025852435 -2.9959659153 1.4938366326 
END
