-0.3022515082 -0.9168411094 0.4267441800 -0.2246401769 -0.3737127294 0.4532328128 
23 23
image_id_list 0 12 46 58 87 90 1 3 17 8 84 85 86 10 20 11 18 93 19 32 37 76 98 
line_id_list 54 16 115 142 2 21 11 113 45 149 54 5 30 154 104 27 52 20 143 133 33 57 162 
line2d_list
161.0016937256 349.9740600586 226.1806640625 354.2393188477 
335.7487182617 159.9696655273 434.5960998535 147.7363128662 
256.7701416016 392.0054626465 376.7540283203 382.7954101562 
198.9368743896 420.4762878418 312.9405822754 417.6244201660 
169.7006225586 470.4252624512 287.2541503906 448.0768127441 
401.8550720215 369.1593017578 510.7311706543 360.5860290527 
249.8143310547 359.1518249512 317.2114868164 344.3979492188 
723.9848632812 304.6069335938 799.0158691406 305.3129882812 
254.6682739258 302.4721374512 343.3937072754 283.2077026367 
461.3385314941 419.5875854492 550.4898681641 440.9563598633 
709.1070556641 315.0767211914 799.1713256836 325.5226135254 
429.7036743164 296.2463989258 488.0650024414 286.3845825195 
612.2201538086 375.2423400879 725.2977294922 384.2707214355 
551.6544799805 401.7316284180 650.5042114258 430.2525024414 
711.2850341797 412.7181091309 799.3770751953 432.3039245605 
196.1736297607 234.3873901367 310.4637145996 246.6931610107 
355.0568847656 270.1966552734 468.1021118164 273.7629699707 
201.5091552734 327.0675659180 267.1614990234 292.5074768066 
697.3126831055 367.6353759766 799.4492797852 391.0392761230 
590.0078735352 372.9964599609 685.0177001953 373.7422485352 
557.0554809570 360.6665954590 659.1284179688 364.9159851074 
584.1605834961 346.5540161133 698.3075561523 359.2307434082 
744.2949829102 450.6973571777 799.1971435547 463.1293029785 
node_id_list 481 482 483 484 485 486 1594 1595 1596 3208 4893 4894 4895 6525 6526 6771 8925 8926 9284 9429 9430 9431 9432 
score_list 5.8986512438 7.0004872792 7.5353903044 6.5559311100 11.3851746104 10.8580034469 10.7619784125 4.1532058847 7.4167534163 8.9374821332 6.6435830355 8.9457883754 7.9910175429 2.9529047235 6.9346988385 7.8083926613 8.1219866019 10.1894095692 1.7613926682 12.0306221229 4.8245936968 6.1563636364 3.1440596441 
line3d_list
-0.2618504788 -0.7622439649 0.4444519715 -0.2290919817 -0.3568592543 0.4487514736 
-0.2952743594 -0.8645193584 0.4293762309 -0.2319715619 -0.3716745537 0.4503437995 
-0.2899262295 -0.9187839815 0.4304683334 -0.2411092790 -0.3837416919 0.4477005534 
-0.2875105747 -0.9105309132 0.4334464466 -0.2392063220 -0.3805319834 0.4464938359 
-0.3021752141 -0.8744966479 0.4272966058 -0.2170796604 -0.3749007921 0.4554408860 
-0.2892472772 -0.8725561581 0.4319284943 -0.2105077309 -0.3784234619 0.4599979002 
-0.2831777118 -0.7461333258 0.4330636108 -0.2054487268 -0.3812901499 0.4615780856 
-0.2665492061 -0.8353511492 0.4387086785 -0.2451337145 -0.4621494800 0.4483071488 
-0.2924444361 -0.9093712885 0.4292626843 -0.2270175893 -0.3837709307 0.4539967839 
-0.2815873338 -0.8931553402 0.4348357044 -0.2586220827 -0.3693647364 0.4420462522 
-0.2904131480 -0.8994497809 0.4309343121 -0.2892092762 -0.5288883517 0.4315915413 
-0.2666266524 -0.9018888986 0.4394318221 -0.2723674190 -0.5910132209 0.4377570986 
-0.3041252918 -0.9040384327 0.4264655991 -0.2670532738 -0.3743211068 0.4389173679 
-0.3094780841 -0.9193278106 0.4234093581 -0.2899093534 -0.3881936214 0.4313849390 
-0.2919657608 -0.9061715405 0.4304238856 -0.2909418175 -0.5288751852 0.4310273398 
-0.2927983397 -0.9122143394 0.4291288938 -0.2268145264 -0.3821396439 0.4540735502 
-0.2859875083 -0.9077065707 0.4323696354 -0.2129542142 -0.3791906662 0.4565315167 
-0.2869815543 -0.7422751957 0.4317409898 -0.2051255042 -0.3808079099 0.4616931883 
-0.3212123267 -0.9215567199 0.4187827706 -0.2905948394 -0.4255832767 0.4310962969 
-0.2706417495 -0.8983946438 0.4377937144 -0.2833626111 -0.3653083787 0.4337428152 
-0.2813854576 -0.9039609128 0.4333778728 -0.2890530153 -0.3730906326 0.4313934169 
-0.3041374402 -0.9042120201 0.4264615187 -0.2669732108 -0.3731770974 0.4389442594 
-0.2998379748 -0.9026459548 0.4272175900 -0.2782763948 -0.6850311784 0.4358241688 
END
