2.4709833277 0.1105782127 0.4695472668 2.7444134655 0.1109159315 0.4691040076 
3 3
image_id_list 26 29 67 
line_id_list 301 169 261 
line2d_list
68.2031555176 475.0209655762 135.9219818115 419.9041442871 
230.5402984619 361.6851806641 185.7755126953 396.9834899902 
380.9851989746 429.5218200684 541.9692382812 434.0857849121 
node_id_list 11135 11136 11137 
score_list 1.7281048087 1.7874482567 3.3733136979 
line3d_list
2.2783677025 0.1105165989 0.4696795274 2.7444179293 0.1093714911 0.4706808634 
2.7748378667 0.1207768764 0.4637905742 2.4709593503 0.1219752481 0.4634398856 
2.2227515577 0.1102716168 0.4699496768 2.7457006896 0.1109175214 0.4691019209 
END
