2.0557847407 -2.9991349731 0.6643740516 2.5306263577 -2.9994983278 0.6644460879 
26 21
image_id_list 9 14 16 19 82 13 23 78 57 30 48 54 55 73 89 94 30 54 78 51 56 56 80 80 53 83 
line_id_list 40 22 26 7 31 106 9 13 22 143 87 45 139 105 131 133 160 66 102 88 103 105 85 106 102 115 
line2d_list
101.1124496460 426.4124450684 65.7425994873 436.0559387207 
269.0323181152 268.1094055176 230.5494995117 279.4745788574 
148.0021057129 327.0047912598 103.7527923584 346.4370727539 
70.8486328125 342.3945617676 23.5546798706 354.2188415527 
171.0482635498 293.1380920410 131.6223907471 306.9197692871 
443.9977416992 304.4025573730 397.9946289062 304.5757446289 
352.9143981934 142.2929229736 313.8812255859 147.0191345215 
416.8515014648 371.6787719727 368.8953552246 377.0690002441 
149.9354248047 298.9663696289 105.9197998047 301.7163391113 
777.1384887695 375.4463195801 715.7281494141 360.0870361328 
480.0295410156 349.8418273926 370.9143981934 329.4583129883 
501.0096435547 360.3229675293 452.9629211426 361.7590332031 
606.1126708984 391.7679443359 521.0014648438 383.9840087891 
391.1681213379 124.9518280029 268.7876586914 105.3238906860 
399.2793273926 396.8167114258 306.9927978516 375.0305480957 
707.4731445312 59.3558311462 628.0067138672 0.9908200502 
710.9931640625 359.0265808105 649.6629638672 343.3157043457 
450.0133666992 361.8927612305 397.9801330566 362.6712341309 
346.1513977051 381.3092651367 301.1746215820 386.5101318359 
63.9944877625 371.9287109375 2.9726581573 376.6463317871 
125.1640319824 457.7160644531 40.2665634155 477.1636657715 
39.1365470886 477.5984497070 0.6313364506 486.3842773438 
115.0147705078 322.8086853027 48.0188636780 324.0326232910 
45.0236511230 323.9274597168 0.9503075480 325.0513916016 
34.9989814758 363.3970336914 0.9973867536 363.4545288086 
431.0816345215 380.8621826172 339.0393066406 384.8967590332 
node_id_list 5350 5351 5352 5353 5354 7902 7903 7904 8724 11579 11580 11581 11582 11583 11584 11585 11593 11594 11595 12712 12713 12714 12715 12716 12828 13008 
score_list 2.8708027515 5.8757443543 5.6627435367 2.3300758128 2.5331749037 4.4847046458 4.1610451991 3.2521997431 3.5722104445 5.3488388922 8.5380941247 4.3602282345 5.8676835323 12.6522411698 9.1591810237 8.8382948480 6.8652774314 5.9714533443 2.3857608831 5.4564837290 3.8807746398 2.6195539022 2.8604040475 1.8621762436 2.0182515840 1.6567691339 
line3d_list
2.0648147431 -3.0135009576 0.6700328204 2.2546485082 -2.9970784376 0.6745431042 
2.0640010400 -3.0003208949 0.6737662022 2.2710539399 -2.9840902387 0.6782093757 
2.0512783060 -3.0032016730 0.6726745333 2.2598264393 -2.9953903972 0.6744716676 
2.0520307704 -3.0102866017 0.6709526531 2.2683569593 -2.9869457491 0.6774026556 
2.0580511788 -3.0038215517 0.6730251822 2.2670904756 -2.9970146955 0.6745276599 
2.0598734357 -2.9832450131 0.6791560704 2.2641414042 -2.9788199660 0.6798635974 
2.0636490069 -2.9831632231 0.6791691480 2.2766927826 -2.9785480660 0.6799070719 
2.0557819421 -3.0009651812 0.6735898276 2.2658188595 -2.9845006110 0.6780970355 
2.0638287064 -2.9828261412 0.6792872221 2.2535014030 -3.0124853393 0.6680406938 
2.0611699761 -2.9975263734 0.6653787721 2.2744461485 -3.0000063987 0.6640129059 
2.0713092525 -3.0021676631 0.6630152383 2.5270790206 -2.9994697981 0.6646268996 
2.0740267103 -2.9957904783 0.6666161127 2.2791483986 -3.0032710705 0.6617359661 
2.0821735662 -3.0014047393 0.6630677522 2.5272991887 -2.9995435453 0.6645734419 
2.0755842900 -2.9976493667 0.6653176912 2.5306246642 -3.0019835066 0.6630734883 
2.0722953130 -2.9856209218 0.6707762999 2.5402110386 -3.0073862324 0.6609241245 
2.0694619439 -3.0004144837 0.6635259105 2.3725610637 -2.9965938294 0.6657775562 
2.2915808078 -2.9995891087 0.6636136582 2.5278668962 -2.9965917575 0.6653839177 
2.2922464162 -3.0043659887 0.6609923053 2.5225027296 -3.0020188419 0.6630346645 
2.3496757353 -3.0065288791 0.6623770507 2.5288550290 -2.9955678369 0.6647040075 
2.0644118912 -2.9996267474 0.6638082739 2.2737024676 -3.0042593873 0.6625949082 
2.0618196148 -3.0032671964 0.6629049126 2.2748308898 -3.0037066043 0.6627318583 
2.2771226778 -2.9943952710 0.6667023798 2.3668923349 -2.9986193298 0.6647969008 
2.0730465564 -2.9973190555 0.6646523699 2.2798680256 -2.9965520760 0.6653659143 
2.2900624964 -3.0104129615 0.6615427177 2.4182122246 -3.0027712190 0.6631568747 
2.0649206623 -2.9929923964 0.6661833317 2.1859798643 -3.0189419889 0.6571547750 
2.1021318979 -2.9476001627 0.6886304597 2.5361817189 -3.0357045998 0.6476399353 
END
