-0.1900471373 -0.9052720173 2.1579496634 -0.1951084049 -0.9055715992 2.2746261590 
5 5
image_id_list 10 32 39 58 87 
line_id_list 276 272 265 307 282 
line2d_list
614.3947753906 73.0922393799 620.0230102539 49.0053787231 
589.3116455078 69.9991378784 589.2481689453 46.9965553284 
491.7103271484 122.2735214233 495.4215393066 99.0674133301 
204.7833099365 33.0132904053 204.9920959473 4.9999408722 
157.8368225098 34.0067558289 156.4675598145 0.9392313361 
node_id_list 6738 6739 6740 6741 6742 
score_list 3.2022375672 3.9566934229 5.0149463919 3.5855034117 5.6622932619 
line3d_list
-0.2064910141 -0.9083299688 2.1613503642 -0.2097515708 -0.9048756220 2.2739927454 
-0.1929147278 -0.9056918721 2.1529389009 -0.2092884452 -0.9047835653 2.2737616548 
-0.1913915445 -0.9051779970 2.1578915862 -0.2086228785 -0.9043682150 2.2810891871 
-0.1920968356 -0.9051289012 2.1615500674 -0.1969651216 -0.9058143441 2.2756854399 
-0.1867988309 -0.9061115996 2.1564295913 -0.1933609219 -0.9058597749 2.2726522864 
END
