3.7753948309 -0.8911362075 0.4508890587 3.7750018127 -0.6146001819 0.4513243512 
5 5
image_id_list 24 29 35 69 71 
line_id_list 70 325 126 324 143 
line2d_list
642.9533081055 429.3261108398 510.9402770996 410.4169921875 
468.9342041016 300.6075439453 526.0227050781 306.7901916504 
799.0831909180 248.3664398193 698.9705200195 235.2243499756 
418.9151000977 374.3142089844 467.8546752930 387.5377807617 
89.9979324341 67.9691925049 140.9694366455 64.5451049805 
node_id_list 10488 10489 10490 10491 10492 
score_list 6.8659820923 4.1962914355 4.2163225811 7.0761094192 4.0173957312 
line3d_list
3.7761908400 -0.8893470615 0.4499657340 3.7753975932 -0.5992404260 0.4507915743 
3.7733031010 -0.6146050560 0.4528870521 3.7751211110 -0.8911368288 0.4510366259 
3.7784778514 -0.8681767525 0.4493048988 3.7778267858 -0.6038795247 0.4500352467 
3.7754467071 -0.6172023662 0.4507404424 3.7761961255 -0.8912800946 0.4499602313 
3.7754120897 -0.6187984876 0.4507749299 3.7735556582 -0.8935969071 0.4526037978 
END
