2.3555712912 0.0885457239 0.5380824675 2.2588142367 0.0890305322 0.5377680164 
3 3
image_id_list 29 67 66 
line_id_list 178 27 105 
line2d_list
230.5162811279 349.6786193848 172.5764770508 393.7577514648 
544.0283203125 418.0042114258 345.9608764648 412.3770141602 
799.5036010742 349.0866699219 731.2109375000 311.4310913086 
node_id_list 11435 11436 13274 
score_list 1.9988643002 5.9795445075 1.9841974234 
line3d_list
2.7262376568 0.0869851444 0.5391366280 2.3555706924 0.0884558033 0.5381280742 
2.7376970242 0.0866310547 0.5393243394 2.1092977579 0.0897796956 0.5372821022 
2.2588107210 0.0885025607 0.5380357971 2.1038773838 0.0896421993 0.5373479986 
END
