-0.1873209961 -1.7190074113 1.0174443970 -0.1924146908 -1.2774034372 1.0112970954 
67 45
image_id_list 0 3 0 1 12 90 93 8 79 85 1 8 12 32 59 79 85 90 43 81 6 95 17 37 45 93 9 16 17 96 99 10 16 10 15 20 31 57 11 46 58 58 76 76 14 82 37 82 81 98 84 18 45 19 20 38 98 86 33 49 86 40 46 64 87 7 49 
line_id_list 234 182 275 173 148 163 155 259 181 228 186 200 77 121 93 142 138 185 96 66 154 141 85 91 159 118 214 212 169 139 123 232 153 256 206 239 191 189 167 270 229 311 194 120 141 230 172 190 163 210 124 191 187 243 214 167 157 171 173 117 194 26 105 170 96 128 138 
line2d_list
88.8459625244 229.5836334229 107.1542282104 234.4156494141 
639.9246826172 193.9390869141 661.0296020508 195.6311645508 
40.0894737244 220.5092773438 70.1830139160 225.9962615967 
87.2041320801 266.7506713867 130.0874938965 261.7503356934 
148.1129760742 55.2773361206 195.0114288330 51.1291999817 
224.9895019531 254.7978363037 276.0077209473 252.1484832764 
0.2674146593 273.1360168457 36.0314521790 259.0800170898 
354.0178833008 295.9310607910 377.7194824219 302.0811462402 
411.8785705566 198.4602050781 442.0028991699 200.9652709961 
260.2422180176 218.5865478516 290.0064392090 214.0421752930 
134.9931030273 260.8541870117 162.9777679443 259.5301818848 
394.7221374512 306.2032165527 415.0249633789 310.8918762207 
206.9938659668 49.8465652466 237.9842376709 48.6063156128 
498.9949340820 280.8546447754 520.0739135742 280.1196289062 
0.9869198799 263.7671203613 21.0164928436 263.5546264648 
463.9426879883 201.6994171143 491.0068054199 203.9167785645 
309.9216918945 210.4677429199 333.0104980469 207.0713806152 
283.0033569336 251.5404968262 317.0088500977 251.7892608643 
562.0028686523 304.2362976074 664.0121459961 303.0021972656 
674.9412231445 184.0016479492 702.0826416016 182.4044799805 
452.9095153809 115.3613510132 501.8464050293 127.6134872437 
616.6624755859 313.7196655273 735.8611450195 341.5938110352 
136.0528869629 227.2904663086 157.2602386475 223.4294433594 
457.9969482422 259.5255432129 476.0079650879 259.6302795410 
494.7110290527 294.5412597656 521.2770996094 299.5221252441 
43.8676300049 256.6109313965 73.8047409058 246.4260711670 
538.9136962891 317.0895996094 560.9338989258 318.8343200684 
661.9288330078 140.6541290283 698.9892578125 142.2491607666 
87.9486312866 235.6781768799 116.0312728882 231.1959533691 
595.5198364258 310.4731140137 671.9397583008 325.3102722168 
387.7781677246 329.4949340820 439.1313476562 337.1147766113 
474.0386657715 280.7851867676 488.1222534180 283.3210754395 
710.9992065430 142.4676971436 730.0036010742 142.4395294189 
434.4117431641 270.4930419922 456.1546325684 276.4340209961 
354.9115295410 88.0601272583 376.0148925781 89.8214645386 
560.7366333008 277.2355041504 587.7866210938 283.0010986328 
530.9227905273 319.1743774414 554.0202026367 320.6925354004 
653.5274658203 279.7603149414 677.2351074219 286.1240234375 
2.8009221554 90.6626129150 76.1856460571 99.4495620728 
49.9435882568 277.5993041992 85.0075378418 276.1871032715 
75.0043716431 299.8467712402 101.9823989868 300.6167907715 
9.9454126358 298.2665710449 48.0040130615 299.9068603516 
434.8710021973 224.6836090088 463.0122680664 226.8396911621 
483.9269714355 228.3484344482 503.9764709473 229.4344024658 
777.9937133789 123.6285629272 799.0070190430 123.5320968628 
636.9399414062 151.8775482178 661.8915405273 153.5847778320 
414.9193420410 258.5464477539 440.0075683594 259.8549804688 
680.9947509766 154.4638061523 696.0226440430 154.3167877197 
621.9628906250 187.1902923584 652.0372314453 185.8118286133 
585.6926879883 300.7525634766 615.9887084961 306.0644836426 
594.9598999023 191.7324981689 619.0519409180 193.0510864258 
166.9777984619 150.9420776367 244.0248870850 151.8231353760 
433.6295776367 282.8054199219 468.0280761719 289.8630981445 
566.6861572266 242.6992797852 589.9990844727 247.0050354004 
605.9960327148 285.0268859863 625.1683349609 287.8614196777 
706.5433349609 329.8420104980 797.6464233398 352.4263610840 
637.9245605469 309.5209350586 662.9786376953 313.1477661133 
508.9057922363 265.4587097168 529.0156860352 266.7573547363 
591.9345092773 308.8096008301 615.1064453125 310.6836853027 
723.7030639648 248.9871978760 766.3562011719 261.8157348633 
461.9269104004 263.7860412598 489.0043334961 264.8939819336 
0.9982078671 354.9689025879 70.0570678711 350.9906005859 
109.0103836060 274.1270751953 89.8928909302 275.6893920898 
39.7552909851 253.4168243408 106.8270721436 265.0012207031 
21.9747200012 353.6311035156 60.0017318726 351.0252685547 
701.8896484375 9.8414964676 751.9468383789 16.4052696228 
642.9013061523 226.3532104492 688.9402465820 239.2139282227 
node_id_list 1307 1308 1433 1434 1435 1436 1437 1903 1904 1905 1927 1928 1929 1930 1931 1932 1933 1934 3464 3465 4169 4170 5001 5002 5003 5004 6044 6045 6046 6047 6048 6680 6681 6712 6713 6714 6715 6716 6936 6937 6938 6939 6940 7143 8451 8452 8677 8832 8865 8866 8949 9155 9156 9336 9526 9527 9528 11743 11830 12003 12004 12108 12109 13071 13072 4440 4441 
score_list 4.9809370705 3.7398464214 4.8846222902 6.6290177907 4.6193181025 7.2244240459 6.2953620182 3.8176797444 6.2810049830 7.5510598979 8.1775875704 4.9332907508 5.1746607777 5.3927247603 2.6183463818 5.1736820765 6.6010998748 8.9264556422 11.1592423476 4.7222546519 6.4323146162 9.7202213940 5.0396255037 5.5163876402 8.6597895633 5.7238778439 3.7860237303 5.7580901427 5.2563709314 8.6556841428 12.1526503081 2.2988570571 3.0472643464 4.7127933144 8.1588111999 11.5697362266 5.3965926194 4.7013062629 6.7591374006 5.6849016629 3.6613371973 3.7761623706 3.3738928053 5.2271421932 6.0713133057 4.6192539753 2.5620753703 2.3841659359 5.9225027618 5.1286683302 5.7885221609 7.0411510818 6.7952996316 5.0139859586 5.2196556008 6.8646473904 4.2302004609 4.7032576871 2.4075977963 4.9212863133 5.8619970212 5.4105354075 2.3006665062 3.6830683365 4.0609235428 2.6566893816 3.7208895119 
line3d_list
-0.1756929697 -1.3731471766 1.0170209408 -0.2115351044 -1.2643273484 1.0036352076 
-0.1793700858 -1.3828781666 1.0171016130 -0.2101748184 -1.2701774619 1.0042629195 
-0.1769952225 -1.5816845306 1.0162354393 -0.1801987747 -1.4538211584 1.0163826484 
-0.1768467689 -1.5876097609 1.0162286176 -0.1809938616 -1.4220868574 1.0164191840 
-0.1835168855 -1.6350697109 1.0136807658 -0.1884711146 -1.4547357333 1.0137500533 
-0.1484372682 -1.6287799834 1.0222422170 -0.1990354436 -1.4364870758 1.0114662208 
-0.1740760221 -1.5495728014 1.0170373979 -0.1883978396 -1.4165762877 1.0149328532 
-0.1533391223 -1.6442855076 1.0243930863 -0.1765325502 -1.5092197237 1.0170466309 
-0.1700470177 -1.6445270303 1.0196051117 -0.1869944853 -1.5106164004 1.0128106301 
-0.1620763494 -1.6539788982 1.0216789277 -0.1894771326 -1.5140484470 1.0130170937 
-0.1977059343 -1.3930303486 1.0126634797 -0.1515622015 -1.3031537953 1.0203634645 
-0.1920957514 -1.4118861338 1.0135423344 -0.1627557420 -1.2938522904 1.0184968224 
-0.2078994152 -1.4054837809 1.0102497418 -0.1560151790 -1.2885355331 1.0178534132 
-0.1988485516 -1.4158521983 1.0122044453 -0.1490266582 -1.2931639705 1.0220080234 
-0.1706770337 -1.3634837175 1.0168104741 -0.1500786661 -1.3108388858 1.0205730207 
-0.2085388725 -1.4138108998 1.0108485246 -0.1470392096 -1.2922806267 1.0210712523 
-0.1933559190 -1.4169557445 1.0133295367 -0.1648932416 -1.3024513774 1.0181358745 
-0.2000827319 -1.4098416929 1.0125441052 -0.1436749693 -1.2910402100 1.0217535405 
-0.1611805091 -1.6422095849 1.0219477267 -0.1977210948 -1.2837002420 1.0102452941 
-0.1986839327 -1.4098908620 1.0119447093 -0.2061263305 -1.2913696536 1.0090032526 
-0.1812579627 -1.6920948939 1.0173368441 -0.1814102252 -1.5621342292 1.0145971010 
-0.1880469736 -1.6945116571 1.0171459636 -0.1752068550 -1.3083655356 1.0169190954 
-0.2119106525 -1.4241614532 1.0095287278 -0.1904391748 -1.3122802054 1.0134928911 
-0.1968092049 -1.4284745947 1.0135711145 -0.1780961707 -1.3270703967 1.0169254049 
-0.1969985883 -1.4237530562 1.0125634353 -0.1820882116 -1.3160961290 1.0141651664 
-0.1826369710 -1.3912769636 1.0151170855 -0.1548157371 -1.2934532489 1.0197969170 
-0.2175920822 -1.7024993083 1.0136714019 -0.2193498989 -1.5523954580 1.0114788165 
-0.2163268477 -1.6964564347 1.0133394802 -0.2075261218 -1.5080665720 1.0106157996 
-0.2129257680 -1.6674616749 1.0123116453 -0.1988931902 -1.5245280025 1.0113207295 
-0.2106573710 -1.7013782226 1.0147176185 -0.2438854420 -1.3752272663 0.9994776468 
-0.2359807621 -1.7157159511 1.0101352542 -0.2139889587 -1.3786841328 1.0043882208 
-0.2199274133 -1.4506063684 1.0075355527 -0.1610439392 -1.3471842052 1.0220455769 
-0.2174136896 -1.4547746248 1.0083124005 -0.1401988643 -1.3400265262 1.0277223965 
-0.2348397126 -1.7035054882 1.0124232509 -0.1613277441 -1.5369223724 1.0202847512 
-0.2359986181 -1.7227340589 1.0115660735 -0.1730977808 -1.5554156601 1.0174747017 
-0.2589662273 -1.7051112146 1.0063150973 -0.1651868176 -1.5261195237 1.0181867214 
-0.2396835919 -1.7202288827 1.0105672148 -0.1873308416 -1.5544288361 1.0140774809 
-0.2419329338 -1.7144290753 1.0097310135 -0.1608802290 -1.5398732728 1.0195216494 
-0.1920670852 -1.6457914175 1.0153150483 -0.2207921106 -1.3733907722 1.0070860203 
-0.1878825407 -1.6869791137 1.0165179842 -0.2137345042 -1.5572538217 1.0094313359 
-0.2116316521 -1.4262022781 1.0104773456 -0.1998402290 -1.3171588050 1.0104860115 
-0.1719738299 -1.6667563215 1.0194149436 -0.2023013668 -1.5297076202 1.0100713887 
-0.1913039538 -1.6719675238 1.0157786429 -0.1975593504 -1.5282093316 1.0128944347 
-0.2086417114 -1.4247350269 1.0102056239 -0.1846568549 -1.3207074873 1.0149806973 
-0.2135987394 -1.7010846406 1.0141671317 -0.1874741207 -1.5918707656 1.0161008507 
-0.2133531941 -1.7000581394 1.0141853068 -0.1751236491 -1.5402396631 1.0170150206 
-0.2328612805 -1.6784605451 1.0112848240 -0.1760711433 -1.5235226154 1.0151296474 
-0.2204749643 -1.4534725208 1.0076473263 -0.1341209018 -1.3413922484 1.0275402394 
-0.2237631590 -1.6552066260 1.0104987814 -0.2274825006 -1.5152837257 1.0060175501 
-0.2154079767 -1.6767869247 1.0130551047 -0.2085727332 -1.5304705179 1.0109397087 
-0.2014323438 -1.4358759083 1.0120028370 -0.1966245130 -1.3261047255 1.0122011717 
-0.2268427984 -1.6987682032 1.0103035168 -0.2527229941 -1.3668965641 1.0017712691 
-0.2210821433 -1.6833392978 1.0114821174 -0.2238228632 -1.5383310705 1.0080590244 
-0.2636514517 -1.7179820253 1.0058098509 -0.2018355170 -1.5485772750 1.0124851472 
-0.2026866595 -1.4457146756 1.0118714093 -0.1989383547 -1.3491548858 1.0119794980 
-0.1851830199 -1.6650458173 1.0176008757 -0.2029057418 -1.3157911389 1.0100618621 
-0.2062482341 -1.4292983840 1.0108776289 -0.1811722617 -1.3144152576 1.0159759490 
-0.2062885613 -1.4247525464 1.0112027294 -0.1331450838 -1.3122539330 1.0233196068 
-0.2066184297 -1.7192477283 1.0161707198 -0.2403894489 -1.6125881669 1.0048049255 
-0.2033683934 -1.4015908358 1.0106220187 -0.2151974061 -1.2777335400 1.0064613989 
-0.1672558916 -1.6598956553 1.0208284587 -0.2011494920 -1.5261141810 1.0120988755 
-0.2201506568 -1.7084477149 1.0123231778 -0.1967267148 -1.4155708666 1.0083362855 
-0.1945633609 -1.4526958216 1.0141312458 -0.2071593492 -1.5348187987 1.0110804098 
-0.2164357628 -1.4460250306 1.0099541142 -0.1835924463 -1.2948633810 1.0115558043 
-0.2195598000 -1.4023958551 1.0071412240 -0.1878072554 -1.2844472253 1.0099827895 
-0.2236106669 -1.6519806411 1.0052673448 -0.2078242530 -1.5074296782 1.0087021017 
-0.2124474485 -1.6454939050 1.0087728668 -0.2005921435 -1.5042495357 1.0109846575 
END
