1.7679726064 -3.0897268416 1.0043164192 1.7386544556 -3.0929212950 1.2820221105 
25 25
image_id_list 9 13 14 16 19 20 23 31 33 34 38 57 60 82 83 97 21 52 54 55 78 80 89 53 98 
line_id_list 171 133 76 188 178 209 154 151 104 36 183 146 113 112 137 120 161 158 116 81 148 152 80 139 198 
line2d_list
141.3626098633 302.9651184082 140.3816986084 349.0081176758 
523.4931640625 160.6287536621 507.8871459961 223.9721984863 
297.1548156738 127.9205017090 301.0884399414 185.0627441406 
164.7073974609 173.8766174316 175.0488739014 233.1658935547 
114.7896728516 199.9972839355 114.0393066406 258.0005187988 
38.4163551331 255.9589843750 40.3577079773 322.9896545410 
403.0924072266 11.9036931992 397.1383361816 68.0146789551 
47.6503143311 314.9976806641 47.8438568115 368.9969787598 
86.5490875244 310.0175781250 88.7303771973 366.0104980469 
330.1658630371 62.9765548706 331.2927856445 119.0142211914 
103.5557632446 259.9759521484 99.3325347900 338.0180053711 
211.7508087158 176.9574432373 203.2564544678 226.7022705078 
347.9845581055 250.9988861084 344.2422790527 303.0174255371 
194.4097595215 155.8565216064 200.0321502686 211.0985107422 
501.1123046875 256.0192260742 491.8812866211 309.9797058105 
323.3807373047 286.9489440918 318.6725769043 344.0554504395 
280.8989257812 79.7663497925 274.2104492188 139.9122009277 
710.8871459961 265.8076477051 701.0887451172 322.4967956543 
576.5318603516 201.9333648682 573.4023437500 270.8820800781 
681.3164672852 257.8771972656 676.9370117188 317.9224853516 
484.2660522461 216.0393676758 474.4964294434 282.0734558105 
215.6922760010 146.6882019043 205.5434722900 221.8032073975 
496.6278686523 259.7141418457 482.8673095703 325.7640075684 
135.1197204590 197.7847900391 126.9818954468 268.8834838867 
14.0711555481 239.6837310791 8.4081993103 310.0328674316 
node_id_list 5886 5887 5888 5889 5890 5891 5892 5893 5894 5895 5896 5897 5898 5899 5900 5901 7987 7988 7989 7990 7991 7992 7993 8323 8844 
score_list 8.9445791412 13.1771110555 14.6522483693 10.7798914178 8.7019677837 7.2437810540 11.5346384033 10.8834558664 11.6446967124 15.6402890231 7.5503694406 9.1541455173 16.3579093011 9.7478419291 16.5242389311 14.7704450470 15.7933315646 9.8078731319 12.8292219354 11.8651317243 12.7965976608 13.7336410107 10.8264864154 11.7954251759 5.1206243900 
line3d_list
1.7331595955 -3.1058484283 1.2502241516 1.7655364718 -3.0935734728 1.0060492948 
1.7387791108 -3.0926396124 1.2820385109 1.7668506616 -3.0898317806 1.0094802772 
1.7415256346 -3.0884642199 1.2743787617 1.7673217061 -3.0909265000 1.0046801566 
1.7372188591 -3.0961932493 1.2744534971 1.7676178990 -3.0903369879 1.0068892286 
1.7406098214 -3.0902532830 1.2788707903 1.7670094421 -3.0919845118 1.0049983101 
1.7405889149 -3.0912109132 1.2740708713 1.7668662292 -3.0918326084 1.0043774941 
1.7408867607 -3.0907990372 1.2756804992 1.7643323091 -3.0949819550 1.0060433003 
1.7442778063 -3.0886496980 1.2477409318 1.7676370973 -3.0909433443 1.0030973525 
1.7421057852 -3.0903817579 1.2632692313 1.7673706673 -3.0909543132 1.0041055877 
1.7382539977 -3.0949582535 1.2723401139 1.7680171026 -3.0901208182 1.0043165849 
1.7391671982 -3.0925024538 1.2774882922 1.7669096982 -3.0908243293 1.0077285074 
1.7446386325 -3.0875661054 1.2536261191 1.7671019850 -3.0900099202 1.0066076317 
1.7426429016 -3.0884368024 1.2721865730 1.7669494904 -3.0905418827 1.0065772721 
1.7409864120 -3.0889271287 1.2786230498 1.7671607540 -3.0914120059 1.0050062103 
1.7411671258 -3.0897378463 1.2838660145 1.7663814119 -3.0918630232 1.0085200035 
1.7394866615 -3.0925437535 1.2784753569 1.7655727454 -3.0952039122 1.0048338643 
1.7394153279 -3.0931356160 1.2763773797 1.7675189184 -3.0889539209 1.0105759357 
1.7386575040 -3.0945358085 1.2813609968 1.7676378835 -3.0836098260 1.0184857261 
1.7390855406 -3.0926089621 1.2790632576 1.7672823595 -3.0897886004 1.0052887448 
1.7388742541 -3.0931531302 1.2815286614 1.7675148800 -3.0885461267 1.0106826509 
1.7391797736 -3.0931706655 1.2786052330 1.7679799616 -3.0888853196 1.0062154265 
1.7380267387 -3.0951384391 1.2782973243 1.7676537095 -3.0887103600 1.0106963683 
1.7384445116 -3.0952529648 1.2822127354 1.7681544144 -3.0855603099 1.0101615192 
1.7388237974 -3.0925232259 1.2808274193 1.7664260592 -3.0908535843 1.0124312687 
1.7480219329 -3.0807962036 1.2469652903 1.7595395077 -3.1061579264 1.0055789915 
END
