2.9843069411 -2.7981277428 -0.0075489847 2.9838352750 -2.7984311385 2.1176922349 
12 12
image_id_list 22 30 44 48 52 54 55 63 71 73 94 89 
line_id_list 105 50 25 64 64 23 51 79 65 88 68 36 
line2d_list
800.1185302734 165.4638366699 757.5722656250 268.0666503906 
563.0394287109 0.7742075920 508.9742736816 470.2273559570 
435.9969177246 0.8434376717 408.0032653809 359.0002441406 
232.6108398438 0.9350042939 251.7392272949 475.0105285645 
468.7436218262 109.9773178101 461.9913635254 483.9998474121 
216.9788360596 19.0037498474 305.9002075195 520.8405151367 
396.5977478027 106.0413665771 437.8031311035 506.7117309570 
18.9341773987 0.6543880701 65.3908843994 126.2253494263 
531.6998901367 0.9229809642 520.0246582031 198.0014648438 
70.2932968140 0.4047181904 191.8624725342 264.5235900879 
447.0853881836 0.9325367808 443.7007446289 96.9894561768 
187.3257598877 20.9908161163 200.8590087891 501.0321655273 
node_id_list 10201 10202 10203 10204 10205 10206 10207 10208 10209 10210 10211 11515 
score_list 8.9212844614 11.9035435952 9.4182153296 9.1584855672 6.7592167238 8.2990163664 8.5026515725 7.7906012749 9.9551047488 9.6243758274 9.8291710372 7.4520942494 
line3d_list
2.9828039658 -2.7974179153 0.4803908036 2.9840595682 -2.7990049534 -0.0263586483 
2.9825634665 -2.7971214412 1.9348566614 2.9826183872 -2.7962479188 -0.0066456306 
2.9847362093 -2.7992645510 1.5049440793 2.9851137786 -2.7989402336 -0.0036815427 
2.9850427850 -2.8000510730 1.8549659731 2.9856029115 -2.7998214754 -0.0057489047 
2.9852548915 -2.7991323439 2.1153903363 2.9847912096 -2.7976329516 -0.0048775263 
2.9845911594 -2.7994112624 2.1176922628 2.9848572889 -2.7984748306 -0.0075489121 
2.9872975074 -2.8019566754 2.1196472834 2.9870744598 -2.8007859186 -0.0102188915 
2.9808626027 -2.7936497715 0.5796489108 2.9808258051 -2.7943745867 0.0009337737 
2.9840201414 -2.7983613812 0.8930441442 2.9842408846 -2.7981927457 -0.0017971412 
2.9847239191 -2.7989441198 1.0575076032 2.9848562902 -2.7984783447 0.0004263750 
2.9849607445 -2.7989377104 0.4068002228 2.9857363206 -2.8000641877 -0.0027769469 
2.9861672966 -2.8008909018 2.1193110603 2.9854383823 -2.7992475288 -0.0009277156 
END
