0.1999711472 0.1853710359 1.6357687443 0.2068710175 0.1762756324 1.9803976930 
8 8
image_id_list 0 1 39 59 87 90 58 93 
line_id_list 265 289 277 264 331 285 146 287 
line2d_list
409.6623229980 194.8773193359 430.8437194824 136.5798950195 
479.7731628418 125.9655456543 491.0295410156 51.8526039124 
700.8702392578 259.1835327148 716.2070922852 186.4654846191 
575.4003906250 58.0388908386 577.6416625977 34.9651908875 
450.6996459961 186.2108306885 452.1211242676 168.0094604492 
727.8497314453 99.1669769287 731.6304931641 79.9273910522 
469.6531066895 210.0310974121 475.5154418945 86.8817291260 
370.9591064453 14.1148557663 369.5057983398 0.9441872239 
node_id_list 1404 1405 1406 1407 1408 1409 13054 13055 
score_list 5.8575424997 5.0162209302 3.5578823575 3.1510188739 1.9803815145 5.2169652240 4.0097974309 4.4738826022 
line3d_list
0.2014971903 0.1824454120 1.6356609785 0.2056632943 0.1795914467 1.9797395926 
0.2025481207 0.1821175361 1.6356580272 0.2035687029 0.1802412132 1.9805684683 
0.1925822933 0.1894319332 1.6261928960 0.2099668558 0.1759802830 1.9848501153 
0.2090563129 0.1725621284 1.6538012426 0.2099325144 0.1712110652 1.7147316439 
0.2106960601 0.1701792847 1.6360564340 0.2042565346 0.1795307646 1.7114396949 
0.2051119339 0.1777700262 1.6414015866 0.2050046370 0.1784224051 1.7096139317 
0.2107801573 0.1842426344 1.4800704202 0.2246456444 0.1693292177 1.9802849960 
0.2115926168 0.1711246659 1.6365024968 0.2131612085 0.1694072528 1.6906695066 
END
