1.4843404916 -2.4912739299 0.0018110816 2.1218791744 -1.8545218752 0.0012187417 
66 29
image_id_list 7 15 15 76 81 84 7 84 9 10 13 16 16 19 23 23 34 57 57 82 83 9 10 13 19 60 76 82 97 97 99 81 14 21 73 73 73 73 78 80 80 14 44 78 21 20 20 16 16 72 94 94 44 71 72 73 94 44 71 72 94 44 91 91 72 91 
line_id_list 1 95 120 42 60 46 26 76 97 67 36 82 83 125 109 145 134 107 134 49 133 106 73 44 121 143 76 66 110 126 120 94 19 162 7 18 31 45 97 88 92 50 43 94 177 87 92 18 95 52 74 75 53 135 85 4 82 79 107 84 61 105 16 37 66 66 
line2d_list
144.0388183594 585.0006713867 145.4602661133 505.9902954102 
53.4251060486 381.0978698730 35.2469444275 460.0568542480 
28.4889831543 479.8830871582 50.9375152588 381.7569274902 
78.8930740356 599.0715942383 76.6258697510 564.0242309570 
370.1472473145 592.9205932617 350.8323059082 557.0903930664 
212.2561492920 599.0638427734 206.7529144287 534.9353637695 
147.6741790771 505.9963989258 146.8366394043 582.0092163086 
209.0887756348 534.9923706055 214.5813903809 599.0358886719 
261.1279602051 599.0100708008 264.5120849609 555.8832397461 
49.2048721313 586.7853393555 72.7242355347 499.6556396484 
561.1684570312 574.6194458008 594.6772460938 501.3946838379 
339.1701354980 498.0902709961 344.4259948730 429.9557189941 
346.2223815918 432.0158386230 342.0910034180 490.0064697266 
236.5321502686 535.7245483398 249.0844116211 468.8282165527 
457.7136840820 346.4008178711 487.9417419434 281.5070495605 
489.2100524902 284.0985107422 460.1513061523 346.0709533691 
436.2271728516 349.1250000000 417.0267639160 384.0147399902 
262.5696411133 533.2387084961 296.4612426758 452.3552246094 
298.2454223633 454.1027832031 266.3925476074 530.1643676758 
340.4705810547 460.9635009766 343.3672180176 418.9563598633 
543.3359375000 599.2505493164 576.2189941406 555.1633300781 
267.8854675293 539.9151000977 263.3825378418 599.0291137695 
67.0268325806 530.0072631836 53.2589607239 581.0698242188 
596.5084228516 503.2325744629 563.9387207031 574.4294433594 
250.7877044678 469.9621582031 239.0159149170 536.0028076172 
383.6189880371 598.6767578125 419.9000854492 555.9152221680 
78.8896026611 563.9342651367 81.4839859009 599.0381469727 
345.2803955078 416.9473266602 342.2004089355 459.0146789551 
447.1704711914 571.9913330078 448.5480041504 599.0230102539 
447.0420837402 598.9979858398 445.7147216797 571.0135498047 
12.9801340103 599.3750610352 24.6537532806 568.8674926758 
352.2894287109 555.8455200195 371.4593811035 591.7547607422 
443.0273437500 453.9659423828 445.4067382812 386.0142517090 
324.0295104980 419.0357360840 282.9572753906 452.9482421875 
334.7044677734 515.1837158203 409.9754333496 487.9321289062 
513.7853393555 449.4187622070 445.1725158691 474.7594604492 
416.0857543945 488.2349243164 218.4954833984 560.3574829102 
447.0192565918 477.0524291992 514.4655151367 452.2668151855 
592.4690551758 599.0922241211 598.8236083984 566.7687377930 
266.3476257324 592.3532104492 303.1866149902 555.1936645508 
304.3619079590 557.3609619141 267.4090576172 594.4080200195 
447.7428283691 386.0294799805 445.0049743652 455.0398559570 
552.0995483398 598.0905151367 482.9430236816 590.5205078125 
600.8384399414 567.9696044922 594.9943847656 598.9989624023 
235.2077178955 490.2500305176 280.0179443359 453.0216064453 
207.9106750488 593.1218872070 212.2240753174 560.8961181641 
213.5756225586 561.9437255859 209.5976867676 591.9466552734 
337.5954589844 519.9660644531 333.8155212402 564.9844970703 
336.8711242676 564.0581054688 340.3403320312 512.0227050781 
247.9986877441 153.5843048096 308.9980773926 153.3916473389 
528.7828369141 419.9333496094 434.7549438477 398.0531311035 
434.9026489258 395.4120483398 513.0310668945 413.8686218262 
358.1214904785 576.9370727539 467.1827087402 589.4013061523 
304.2767639160 331.6083374023 359.3400573730 370.5187988281 
161.0049133301 154.4478607178 214.0095062256 153.8663940430 
218.7721405029 557.3704833984 330.5999450684 516.8947143555 
325.0476379395 369.7979125977 431.0504455566 394.7860412598 
444.0084228516 588.9227905273 358.9289550781 579.6520996094 
356.7461853027 371.3598327637 301.6500244141 332.4961242676 
206.0098266602 155.8160705566 156.9928436279 156.4059906006 
429.8085937500 396.8210144043 324.6935424805 372.3145141602 
488.9079895020 593.9260864258 545.9412231445 599.5918579102 
142.5810394287 323.4573364258 60.5861473083 386.7592468262 
63.2505836487 388.3225402832 149.9632720947 320.9527282715 
315.0022888184 155.1547241211 250.0017395020 156.1177215576 
37.2494468689 408.3190612793 0.8350780606 436.7890625000 
node_id_list 4221 4222 4223 4224 4225 4226 4308 4309 5553 5554 5555 5556 5557 5558 5559 5560 5561 5562 5563 5564 5565 5597 5598 5599 5600 5601 5602 5603 5604 5605 5606 6368 7549 7550 7551 7552 7553 7554 7555 7556 7557 7605 7606 7607 8253 8598 8599 8622 8788 12386 12387 12388 12416 12417 12418 12419 12420 12435 12436 12437 12438 12454 13394 13395 13399 13400 
score_list 2.7905681218 10.6675125395 11.5364276245 4.6540423327 7.9076916076 7.8917207227 2.6710941452 5.4360331624 2.7775447785 5.8613800474 7.7905351473 9.2899589218 10.2622229415 6.2217623312 11.8932757256 11.8384852865 8.8798652382 9.5080882862 10.5003078820 5.1588565495 11.0090955569 4.1866556797 3.5513009290 9.1458564055 7.0686985036 8.3176281834 2.9500866989 6.7016497408 9.4683739985 8.6722771020 5.0283785947 7.6484021222 7.8536996256 7.7111194328 5.2618985279 3.2385062319 5.4671418408 2.7477608601 6.7795941487 6.8241810951 6.3858715657 10.6197951345 4.5611606030 7.5318663571 3.9260893525 3.6192846107 4.1247645356 0.9607340719 1.4304746767 1.9563680932 2.5239968547 1.9801558270 2.6722307104 1.9665014453 2.7522581941 2.9469968096 2.9609126288 1.8878193818 1.7461374644 2.9358725559 3.3627624361 4.0712481594 0.7777108663 0.8143389091 1.8977202434 0.9883731009 
line3d_list
1.6577508441 -2.3173888692 0.0020958530 1.4931734805 -2.4816335667 -0.0002635990 
1.4987799039 -2.4642679769 0.0007673651 1.9232326773 -2.0425871308 -0.0016623307 
2.0136636745 -1.9634025518 -0.0009499671 1.5098626041 -2.4663716576 0.0035898720 
1.6425554080 -2.3336975786 0.0026402526 1.4971321609 -2.4787082313 0.0007407426 
1.6564548662 -2.3194551495 0.0042083050 1.4981928850 -2.4773554854 0.0018242983 
1.7429622259 -2.2340431180 0.0022567972 1.4957797690 -2.4806171692 -0.0013087137 
1.4920565217 -2.4740963462 0.0033139785 1.6488150986 -2.3177952716 0.0015758355 
1.4921295416 -2.4722630355 -0.0016124722 1.7379120511 -2.2287366455 -0.0000323708 
1.9250619642 -2.0550139505 -0.0057076964 1.6408068393 -2.3375447345 -0.0017432703 
1.9186058380 -2.0583034122 -0.0000933844 1.4992110819 -2.4770055901 0.0036858547 
1.8665287894 -2.1106696616 -0.0020786612 1.4859526186 -2.4938387855 -0.0092030416 
1.8616066463 -2.1147576223 0.0050320713 1.5064140826 -2.4690972108 0.0061298439 
1.5067601107 -2.4578308085 -0.0013392305 1.8119234450 -2.1536701973 -0.0044092505 
1.8974704400 -2.0799152047 0.0044855181 1.4962637404 -2.4801343891 -0.0013017326 
1.9784271590 -1.9990505327 0.0009755043 1.5028941414 -2.4765424490 0.0010649343 
1.5069543152 -2.4571730663 -0.0043045779 1.9659926478 -1.9981306015 -0.0000609498 
1.6645071131 -2.2986089092 0.0012904887 1.8885671125 -2.0766691514 0.0008984607 
2.0101404649 -1.9685687864 -0.0029957302 1.5089965888 -2.4660401500 0.0110037399 
1.4924084658 -2.4717472670 -0.0045047986 1.9880260810 -1.9764635863 -0.0007114306 
1.9169763747 -2.0593532391 -0.0005148869 1.6604748132 -2.3131163573 0.0036111616 
1.7808602816 -2.1988270261 -0.0065676108 1.4915235937 -2.4872757597 -0.0076538546 
1.5143465158 -2.4471470507 0.0029160529 1.9200968844 -2.0458356309 -0.0052646183 
1.6469144656 -2.3196828513 -0.0096554279 1.8789749997 -2.0897163948 -0.0131293542 
1.4942399821 -2.4701528205 -0.0008815487 1.8584297206 -2.1067958231 0.0007164554 
1.4945272858 -2.4695898267 -0.0043800752 1.8875769080 -2.0764427616 -0.0003902084 
1.9289510813 -2.0311024740 0.0150384848 1.6807031208 -2.2780323237 0.0177529818 
1.4789366621 -2.4875284155 -0.0134319588 1.6260129614 -2.3402494066 -0.0113082300 
1.6421929571 -2.3185889707 0.0042124115 1.9024837747 -2.0634330827 0.0001287203 
1.4912117103 -2.4742269126 -0.0022078786 1.6465627552 -2.3195593725 0.0000000590 
1.6537684025 -2.3217388256 0.0020821976 1.4951389010 -2.4798987547 0.0016829341 
1.6781738280 -2.2986983227 -0.0046493636 1.4886506904 -2.4874542311 -0.0036896046 
1.5087242950 -2.4627875562 0.0179867409 1.6631028915 -2.3090328023 0.0167598180 
1.9531760488 -2.0218625006 0.0042514517 1.5019834358 -2.4795568609 -0.0050725088 
1.6706938228 -2.3097330130 -0.0134753018 1.8786254858 -2.1008067985 -0.0113057185 
1.8869857537 -2.0892691862 0.0015862682 1.7300346639 -2.2470549288 -0.0003939896 
1.5042191907 -2.4716913564 0.0045438208 1.6542058403 -2.3219341799 0.0025287502 
1.7126625119 -2.2517158466 0.0021968200 2.1168222968 -1.8494599509 -0.0000716842 
1.6467100299 -2.3178292838 0.0014236404 1.4997664835 -2.4651195414 0.0018372677 
1.6496984937 -2.3261246825 0.0057824099 1.4993032559 -2.4765546820 0.0050743656 
1.6496966153 -2.3265643943 0.0012718192 1.4967539051 -2.4795613440 0.0003571879 
1.4877550079 -2.4947130883 -0.0201440262 1.6435411396 -2.3374925373 -0.0157053055 
1.4980615005 -2.4668349791 -0.0029749503 1.9533290999 -2.0102289062 0.0038963722 
1.7190617663 -2.2425959973 0.0135088396 1.8590168963 -2.1031810942 0.0132144769 
1.4873263821 -2.4780832637 -0.0038281275 1.6327469364 -2.3321496198 -0.0022771770 
2.0815311966 -1.8792990567 0.0147689005 1.8962316993 -2.0641605594 0.0158266028 
1.6430662617 -2.3321939144 -0.0001062434 1.4907375332 -2.4836147793 -0.0050755982 
1.4962023529 -2.4685090305 -0.0007989138 1.6358712644 -2.3305974516 0.0014287230 
1.9528370535 -2.0242307465 0.0014190735 2.1219146974 -1.8580936093 -0.0017094383 
2.1234668873 -1.8348831951 0.0167256622 1.9252633970 -2.0346033987 0.0161667205 
1.8819540547 -2.0924569776 0.0038157524 1.7294892615 -2.2447224654 0.0031302293 
1.6910351188 -2.2750918127 0.0000379344 1.8796573638 -2.0834155664 0.0038375455 
1.8876626274 -2.0888547796 0.0012686769 1.7270933504 -2.2466344482 0.0037087929 
2.1206410605 -1.8528876072 0.0043130310 1.8985346062 -2.0811451222 -0.0027647017 
2.1149705806 -1.8596933790 0.0033658161 1.9005598954 -2.0781347207 -0.0019722196 
2.0983733167 -1.8795758549 -0.0002671188 1.9657745768 -2.0082511658 0.0036897190 
2.1198119069 -1.8559495290 0.0025550991 1.8963518002 -2.0812799373 -0.0011821743 
2.1213567480 -1.8541834714 0.0027441405 1.8955561399 -2.0808066757 -0.0001959900 
1.9395285246 -2.0268893994 -0.0005518513 2.1146265660 -1.8514605189 -0.0003618777 
1.8860063070 -2.0706015513 0.0093021172 2.1160092474 -1.8487708504 -0.0014819690 
1.9818088314 -1.9846299453 -0.0002905018 2.1036301753 -1.8653906831 -0.0034489537 
1.8884006843 -2.0722025772 0.0078441593 2.1172254267 -1.8503427253 -0.0024835966 
1.8563870658 -2.1307054424 -0.0171476164 1.7381160976 -2.2445685916 -0.0114660339 
1.6770194823 -2.3085914415 -0.0049622558 1.8871849366 -2.0937897016 -0.0006527621 
1.8779384002 -2.0856641508 0.0022282679 1.6584429260 -2.3263242217 -0.0172650566 
1.7105732790 -2.2558454295 -0.0003178642 1.8763537685 -2.0951382195 -0.0065377272 
1.9388097877 -2.0261706003 0.0014983836 2.0206040504 -1.9475638780 -0.0024138504 
END
