-0.1869074054 0.9784546804 0.7080991302 -0.2062484894 1.2463770848 0.7005304103 
4 3
image_id_list 12 74 74 93 
line_id_list 43 16 41 21 
line2d_list
664.2958374023 74.3121185303 711.1896972656 70.1234817505 
316.1563110352 139.0805664062 338.3994140625 126.7186737061 
343.4337158203 117.7688140869 312.9733276367 134.9527130127 
406.8075866699 173.8133239746 426.9332275391 164.8500366211 
node_id_list 7093 7094 7095 7096 
score_list 0.8277364889 4.1113588646 2.8185666878 2.2484290143 
line3d_list
-0.1834845093 0.9122857098 0.7056110300 -0.2072383321 1.2460406056 0.6911489448 
-0.1880191457 0.9981836231 0.7028306055 -0.2121542329 1.2682323091 0.6881973928 
-0.2238496923 1.3479530142 0.7132818765 -0.1925483243 0.9786197191 0.7283560635 
-0.1869073065 0.9610094762 0.7035145346 -0.1794610990 1.2013962202 0.7011710991 
END
