# Image list with two lines of data per image:
#   IMAGE_ID, QW, QX, QY, QZ, TX, TY, TZ, CAMERA_ID, NAME
#   POINTS2D[] as (X, Y, POINT3D_ID)
# Number of images: 98, mean observations per image: 0.0
0 0.6527587382617137 0.6667106712864672 0.34894551775621835 -0.08740672773630519 -0.7546689510345459 0.8381020426750183 4.119839668273926 0 image00000000.png

1 0.5742223336100324 0.7381575209861833 0.3149362704429899 -0.16188678560784697 -0.07989338040351868 0.6695898771286011 3.853541851043701 0 image00000001.png

2 0.26081334372236886 0.5386046095791821 0.6959968121259191 -0.3968247872638156 2.976686716079712 0.48383378982543945 1.8772891759872437 0 image00000002.png

3 0.41109100986622676 0.5850043090653029 0.5808245200357046 -0.3891233954769189 2.476212501525879 0.5391849279403687 3.4509763717651367 0 image00000003.png

4 0.4303855571874777 0.8481231659123136 0.18195825277525488 -0.2496929351308822 0.451817125082016 -0.1071091890335083 3.1632494926452637 0 image00000004.png

5 0.2795418394525005 0.8256890562897945 -0.4655469996170656 0.1528395677379684 -1.020495057106018 0.8742517828941345 1.2438446283340454 0 image00000005.png

6 0.19752295845533707 0.40070566043160505 0.7894583547807317 -0.42092179873228563 1.3915494680404663 1.0428693294525146 1.2088751792907715 0 image00000006.png

7 0.24297961224981285 0.44560906111396875 0.7684361589487888 -0.3897426616423837 2.2364413738250732 0.5338506102561951 1.9152467250823975 0 image00000007.png

8 0.4972106012104026 0.45831099986476703 0.6045477290042122 -0.4210162571716172 1.1092231273651123 1.35700261592865 3.7840113639831543 0 image00000008.png

9 0.2944846588657407 0.3460142665883134 0.6606500199498628 -0.5975738148131374 2.1740469932556152 1.2194269895553589 3.4279651641845703 0 image00000009.png

10 0.369045278153151 0.3666120159964892 0.688368047929274 -0.5055201707052789 1.4459134340286255 1.215165138244629 3.2618231773376465 0 image00000010.png

11 0.41066170123801027 0.5948402781112471 0.6144919069615238 -0.3161039495982731 -0.08203873038291931 0.2949812412261963 3.2397584915161133 0 image00000011.png

12 0.39007020270233167 0.7244540688446643 0.5026392711892145 -0.26526458896081007 0.598226010799408 -0.3323138952255249 3.6256449222564697 0 image00000012.png

13 0.13066000866203556 0.09173370135358538 0.8035177916690769 -0.5734736686576446 2.9548468589782715 1.6364766359329224 1.082265853881836 0 image00000013.png

14 0.15895283951478606 0.3088389303292074 0.748820125840508 -0.5644651708117193 2.953418016433716 0.4181721806526184 2.4234132766723633 0 image00000014.png

15 0.24698037883333396 0.462426690037753 0.7168236211191853 -0.4597022351671237 1.2513062953948975 0.09458506107330322 3.3394570350646973 0 image00000015.png

16 0.16716669587311714 0.36524040106292954 0.7464837154885003 -0.5304873304167956 2.5407679080963135 0.4909358024597168 2.6077404022216797 0 image00000016.png

17 0.4129150474484836 0.6769527564608436 0.4723217374386554 -0.38490038380548824 0.15108825266361237 0.3110489845275879 4.124124526977539 0 image00000017.png

18 0.35708659071812343 0.5835382469017774 0.618087090465396 -0.3872216803487756 0.6800789833068848 0.3911217451095581 3.1483845710754395 0 image00000018.png

19 0.2751298605886686 0.33943417550539245 0.7185707033597524 -0.5410583559880626 2.130025863647461 1.0022778511047363 3.0874900817871094 0 image00000019.png

20 0.28696909044184826 0.3672212860024722 0.7017389328175627 -0.5388503859196325 2.097768783569336 1.1618621349334717 2.762120485305786 0 image00000020.png

21 0.12048309548277553 0.11104109604605392 0.8217790835494536 -0.5457406311906782 1.9871912002563477 1.2808635234832764 1.4375855922698975 0 image00000021.png

22 -0.1605235184227031 -0.36799021260909687 0.7971354997502388 -0.45098824651541064 1.6383262872695923 2.050520896911621 -0.23074227571487427 0 image00000022.png

23 0.12883091494573634 0.1937650842734824 0.841128272440481 -0.48822220020399176 2.9289817810058594 0.711209774017334 2.4034039974212646 0 image00000023.png

24 0.28108015518173696 0.6743631396555115 -0.5902687865966472 0.34323616040081434 -0.6682711839675903 2.781130075454712 -1.2532620429992676 0 image00000024.png

25 0.5044492182820183 0.6314922874771082 -0.48436178580360056 0.3348763017663945 -1.8515609502792358 2.0586509704589844 -0.6674884557723999 0 image00000025.png

26 0.5037154223292832 0.6093564055866858 -0.5268856441038641 0.3120049075180751 -1.7608622312545776 1.9040110111236572 0.8881126046180725 0 image00000026.png

27 0.5172457816543286 0.6000744908086693 -0.5151027589430947 0.3271644151962907 -0.5634112358093262 1.7742871046066284 0.5943236947059631 0 image00000027.png

28 0.511323934168367 0.6364656607286135 -0.5283443295024056 0.23304842102560264 -1.5469996929168701 1.9564059972763062 1.1812708377838135 0 image00000028.png

29 0.4599357948353867 0.6565606641120834 -0.4871131718846485 0.3465658909158806 -1.3321518898010254 1.577121376991272 0.2884328365325928 0 image00000029.png

30 -0.17846577907855915 -0.28218348281650113 0.7439231744270403 -0.5788788804869528 1.0516018867492676 1.8645724058151245 -0.8093863725662231 0 image00000030.png

31 0.26994022493520203 0.3353399104921333 0.6579231761807505 -0.6179130308039261 1.9654203653335571 1.1561061143875122 2.6484689712524414 0 image00000031.png

32 0.39240172445044286 0.49916507899035756 0.5824941623122346 -0.5074994201346804 1.9762269258499146 0.9007152318954468 3.7457399368286133 0 image00000032.png

33 0.19212614799645208 0.28068082820117435 0.686112829538427 -0.6430824216841272 1.9652220010757446 1.1042513847351074 2.0260250568389893 0 image00000033.png

34 0.09334513312769462 0.21584673935896637 0.8173729980562033 -0.5259260910794301 2.69195818901062 0.6269974708557129 2.0897789001464844 0 image00000034.png

35 0.18846892413305183 0.7208389004079251 -0.6318717863192557 0.21356214540160431 -0.2648650109767914 3.132911205291748 0.12680327892303467 0 image00000035.png

37 0.36152424947472744 0.4867766954856954 0.615980624800019 -0.5029080787228813 1.6829701662063599 0.8408684134483337 3.4226303100585938 0 image00000037.png

38 0.2812440314148898 0.315951321886781 0.7292123120646711 -0.5378902870705075 2.3939003944396973 1.5054177045822144 2.0868589878082275 0 image00000038.png

39 0.5003945677156203 0.5065638566967113 0.5690801774908084 -0.41127373764474834 1.0559827089309692 1.3229998350143433 3.885526657104492 0 image00000039.png

40 0.3697378234069038 0.5804738688329006 0.558949122234665 -0.4625147654914244 0.26269981265068054 1.0643811225891113 2.623856782913208 0 image00000040.png

41 0.22430235992709052 0.3910805606634153 0.6701994001746828 -0.5895567915034328 1.4150831699371338 0.936124324798584 2.2481935024261475 0 image00000041.png

42 0.23632923394957644 0.5555788379912676 0.6795027755482307 -0.4168412479341866 1.1489989757537842 0.6719166040420532 1.8124510049819946 0 image00000042.png

43 0.31457814927742617 0.49218458096811907 0.6272319168148948 -0.5151456578319761 2.2176930904388428 1.0150126218795776 2.1783254146575928 0 image00000043.png

44 -0.19894684246453526 -0.3697681136328464 0.7615764519371109 -0.493652715852632 -0.15681412816047668 2.0309295654296875 -0.5189151763916016 0 image00000044.png

45 0.4128616283482051 0.40057609304848807 0.6480817629533064 -0.4990732391573523 1.4926725625991821 1.247283697128296 2.237781286239624 0 image00000045.png

46 0.44689180331286615 0.5769315565257517 0.5160099805734566 -0.448521343043036 0.3204543888568878 0.8249666690826416 2.9363677501678467 0 image00000046.png

47 0.471806351775809 0.8092417043635047 0.30311454677779326 -0.17506627851915016 -0.19112195074558258 0.07016217708587646 2.9865362644195557 0 image00000047.png

48 -0.1327124723259873 -0.1933798314880578 0.7739774729861207 -0.5881755790346903 0.7538334727287292 1.8168787956237793 -0.7638441324234009 0 image00000048.png

49 0.3803700703786757 0.39170914901386905 0.7170330925240077 -0.43329677631435193 1.9397401809692383 1.2669739723205566 1.8045521974563599 0 image00000049.png

50 0.31959164878046864 0.4527361885832915 0.6944809806302696 -0.4588979070770261 1.4744259119033813 0.8320481777191162 1.9587253332138062 0 image00000050.png

51 0.012569714175795386 0.05542136845690496 0.7958639997250619 -0.602802594673853 1.2026317119598389 1.5429188013076782 -0.06068351864814758 0 image00000051.png

52 -0.2738394281302089 -0.30199283026541746 0.6675168398849431 -0.6230839161297795 0.2676466405391693 1.3561162948608398 -0.08396343886852264 0 image00000052.png

53 0.09260053276008133 0.05618425906236753 0.7625484384926888 -0.6377996153326873 1.2520503997802734 1.4916493892669678 0.19308489561080933 0 image00000053.png

54 -0.13419554155970298 -0.07303721127397667 0.7858884186561841 -0.5991965585823245 1.650406002998352 1.6068894863128662 -0.3600844442844391 0 image00000054.png

55 -0.2402642172660795 -0.20413394296945914 0.7317875132972887 -0.6042263438575233 0.94830322265625 1.66435706615448 -0.21376347541809082 0 image00000055.png

56 0.13693354179611325 0.19726409777623558 0.7702555114138437 -0.5907982125872572 2.468320846557617 1.4604629278182983 0.45814988017082214 0 image00000056.png

57 0.2795938598214287 0.24386216556112364 0.7411511751998867 -0.5595117990336052 2.248469352722168 1.3113781213760376 2.720082998275757 0 image00000057.png

58 0.5320991765524665 0.5872980643101453 0.4734646946626023 -0.3844250679622654 -0.015456125140190125 1.0506634712219238 3.2800846099853516 0 image00000058.png

59 0.5132054411286979 0.6375349731822936 0.4663449539565413 -0.33569586992488026 0.17681969702243805 0.8733985424041748 2.4903364181518555 0 image00000059.png

60 0.11266951296887844 0.1351890166598928 0.7413051667555726 -0.6476852324728267 2.4506876468658447 1.3010568618774414 1.4143747091293335 0 image00000060.png

62 0.11783004028750897 0.39867774776829745 0.8301638274546507 -0.37148372053979306 1.1241368055343628 0.5021929740905762 1.635326623916626 0 image00000062.png

63 -0.08740965425779017 -0.13214540247358464 0.8915304827590076 -0.4243471965962763 0.34745654463768005 1.3320571184158325 0.5021318197250366 0 image00000063.png

64 0.570535404230561 0.5803719500092491 0.4932228834647554 -0.3072278297756318 0.3341459333896637 1.1103143692016602 2.1412761211395264 0 image00000064.png

65 0.2493152406759798 0.6097237365695338 0.702543395890855 -0.2692798780460757 0.6362984776496887 -0.03152906894683838 2.105673313140869 0 image00000065.png

66 0.3330435390993039 0.8593318071526465 0.3556225666421539 -0.15544592749513966 -0.7756041884422302 -0.6283620595932007 2.963834762573242 0 image00000066.png

67 0.5900579063999337 0.80641692389102 -0.003647158984340436 0.038860136237726155 -2.2984068393707275 0.8054700493812561 2.0992233753204346 0 image00000067.png

68 0.44804108561760236 0.821564543091874 -0.3171630322665409 0.15394316514978448 -1.4658498764038086 1.2116434574127197 0.6927208304405212 0 image00000068.png

69 0.46426520691085865 0.6520099761479173 -0.4129273900959672 0.43454778697416335 -1.623741865158081 1.2056242227554321 0.3996768891811371 0 image00000069.png

70 0.3719857994781775 0.6133669284804225 -0.6092165116857327 0.3380278360173034 -1.4045288562774658 2.0481042861938477 -0.03509867191314697 0 image00000070.png

71 -0.3169264533762454 -0.629794574283854 0.6516621790586418 -0.27973705821273726 -2.2083005905151367 1.577359676361084 1.0866495370864868 0 image00000071.png

72 -0.08028900448953447 -0.34498605536903604 0.8911991830415104 -0.28337662836786026 -0.513115644454956 1.8111510276794434 0.8897344470024109 0 image00000072.png

73 -0.1454923847823681 -0.1904172179939418 0.9031861145808479 -0.35612931849278945 0.5537180304527283 2.4608969688415527 -0.05211639404296875 0 image00000073.png

74 0.48510283555346695 0.8489989701237527 0.18098771348744885 -0.10544873272533059 -0.6455482244491577 0.31920135021209717 2.8986594676971436 0 image00000074.png

75 0.32903442443695996 0.9429826017586387 -0.027230704011136083 0.042174033183999905 -2.6442108154296875 0.25256413221359253 1.84368896484375 0 image00000075.png

76 0.3584505476950111 0.45921793466216115 0.6470287257077163 -0.491920645481377 1.6848771572113037 0.8060646653175354 3.058485984802246 0 image00000076.png

77 0.16263468064127665 0.34533553722832416 0.7420788870313993 -0.5510102111596251 2.5990099906921387 1.1513196229934692 1.0522147417068481 0 image00000077.png

78 0.14122000643497737 0.14690720206414118 0.7669997172266539 -0.6084296323638614 3.1184041500091553 1.480682611465454 1.0339646339416504 0 image00000078.png

79 0.38241022487094317 0.5285257463824738 0.626643004470297 -0.42631150614713975 1.6241122484207153 0.6882541179656982 3.075545310974121 0 image00000079.png

80 0.15021726063071986 0.11925845341247344 0.7838473145146369 -0.5905891832961888 1.9661757946014404 1.5193235874176025 0.6748359799385071 0 image00000080.png

81 0.2775353549835221 0.4756010333552456 0.6477273525581195 -0.526523561252146 2.656794548034668 0.45883631706237793 2.83886981010437 0 image00000081.png

82 0.1963051920813026 0.3543000582085612 0.7409935185243128 -0.5355971861579295 2.5374577045440674 0.4729149341583252 3.018742561340332 0 image00000082.png

83 0.0874466061477289 0.06669510924332774 0.7708902991928155 -0.6274017852115789 2.792738437652588 1.680083990097046 1.125003457069397 0 image00000083.png

84 0.27596723416663793 0.4425922043594954 0.6944391395162374 -0.49568993112082327 2.1460933685302734 0.6770722270011902 2.777815818786621 0 image00000084.png

85 0.36153558196137114 0.6338859768101124 0.5357074761515715 -0.4248506695000676 1.1289442777633667 0.3324853181838989 3.550107717514038 0 image00000085.png

86 0.34432490871529675 0.4697654016790443 0.6360179383500353 -0.5062035230226072 1.8731417655944824 0.9198476672172546 3.128836154937744 0 image00000086.png

87 0.5804388698182037 0.668413222453644 0.36000903442772825 -0.29446218362247567 -0.08710779249668121 1.1220444440841675 3.225210666656494 0 image00000087.png

88 0.14443162073371502 0.09058322070471314 0.7884025026119434 -0.5910631784625211 1.1907020807266235 1.702114224433899 0.37524205446243286 0 image00000088.png

89 -0.1139153604536252 -0.18925471860678295 0.7715228755043586 -0.5966224892771593 0.5557631254196167 2.0203750133514404 -0.38378065824508667 0 image00000089.png

90 0.4856468189405348 0.651426819589164 0.4841921397916971 -0.32457393262063383 0.9059184193611145 0.7543932795524597 3.2210946083068848 0 image00000090.png

91 0.060015955421687715 0.058839950913381026 0.9387426189962254 -0.3342128671242933 1.194192886352539 1.72929048538208 0.9911664128303528 0 image00000091.png

92 0.41792963583526654 0.7436515645492952 0.48111088762890813 -0.20211255240313775 0.45437443256378174 0.7738577127456665 2.1872026920318604 0 image00000092.png

93 0.5170521097125783 0.8107127291678328 0.19610883013819297 -0.1922064342025141 -0.2194213569164276 0.26228606700897217 3.7070388793945312 0 image00000093.png

94 -0.15900588224503465 -0.4759585336632695 0.8270729970867915 -0.2532407177656481 -0.7760783433914185 2.4820003509521484 0.47010254859924316 0 image00000094.png

95 0.28776595000292526 0.3588915441484945 0.7221107628340357 -0.5166659111620102 1.9796785116195679 1.4115222692489624 1.646345853805542 0 image00000095.png

96 0.25519730553799674 0.3233295073381857 0.7151870484789954 -0.5646590569702175 2.0032858848571777 1.3307844400405884 2.053926706314087 0 image00000096.png

97 0.24317790184961455 0.27221991765526043 0.7090575335676382 -0.603322665391215 2.9930217266082764 1.4229769706726074 2.416154384613037 0 image00000097.png

98 0.3424654963616267 0.36304240293868134 0.676900201460162 -0.5410394761322733 2.162569046020508 1.2767233848571777 2.5329103469848633 0 image00000098.png

99 0.39566304636240424 0.3656387064480744 0.6236319243555412 -0.5664294422210109 1.3000192642211914 1.3384634256362915 3.2190399169921875 0 image00000099.png

