386
398.1372375488281 420.22308349609375 426.0358581542969 278.0070495605469
35.891571044921875 236.775634765625 57.03750228881836 239.73171997070312
80.5754165649414 229.86288452148438 78.05916595458984 256.0057067871094
357.2807922363281 412.86810302734375 420.1827392578125 69.85013580322266
56.61174774169922 255.91287231445312 67.7733383178711 206.1735382080078
102.17436218261719 262.8030090332031 58.090110778808594 256.38140869140625
450.9464416503906 0.6133666038513184 362.3717346191406 471.0699768066406
77.85298919677734 281.07415771484375 0.8881359696388245 293.2955322265625
79.04887390136719 13.685253143310547 74.42439270019531 57.04526138305664
467.2478942871094 117.04962158203125 439.6103820800781 255.12217712402344
786.25634765625 98.07292938232422 644.9000244140625 594.9715576171875
538.1292114257812 119.02830505371094 503.1239013671875 278.8080749511719
429.3541564941406 261.2649841308594 459.7462463378906 105.95034790039062
0.9114494919776917 296.4893493652344 106.84720611572266 278.118896484375
101.18631744384766 15.01714038848877 96.13526916503906 69.92044830322266
209.83209228515625 383.97686767578125 196.59942626953125 480.08251953125
496.13519287109375 266.8150329589844 525.878173828125 127.76005554199219
66.973388671875 221.98768615722656 80.04322052001953 221.6441192626953
82.48859405517578 532.1965942382812 190.085205078125 463.7048034667969
422.7674865722656 69.14159393310547 370.77490234375 350.9584655761719
525.1064453125 54.63880157470703 518.970947265625 86.80370330810547
114.82284545898438 223.9813995361328 105.76921844482422 310.1858215332031
509.8822021484375 187.09686279296875 456.1113586425781 186.4005889892578
28.863845825195312 195.20632934570312 83.0209732055664 197.50608825683594
293.56982421875 57.93578338623047 249.55479431152344 352.7842712402344
499.56805419921875 295.1236877441406 468.0674133300781 439.79693603515625
65.5660629272461 205.53048706054688 54.709808349609375 237.5791778564453
146.94668579101562 81.99396514892578 137.89913940429688 161.8753204345703
466.9336853027344 143.39141845703125 516.0484008789062 151.71435546875
784.4019165039062 80.83108520507812 637.9754638671875 599.2755126953125
77.05328369140625 59.093109130859375 80.95150756835938 14.995713233947754
132.8892364501953 231.0966033935547 139.96112060546875 165.9957733154297
156.04135131835938 0.8887835144996643 147.10736083984375 77.89643859863281
279.4249572753906 381.3381042480469 212.34829711914062 369.783203125
31.98418426513672 259.865234375 0.9422800540924072 263.5081481933594
196.45677185058594 467.70013427734375 80.76829528808594 543.1776123046875
660.1383056640625 158.3162078857422 673.73486328125 109.37076568603516
84.05010986328125 461.81536865234375 1.0562565326690674 466.91546630859375
29.93793296813965 185.84161376953125 84.08592224121094 189.83497619628906
474.90869140625 365.9801330566406 488.666015625 302.7099304199219
470.98876953125 125.06661224365234 521.08056640625 133.52291870117188
468.9593505859375 134.244384765625 517.9346313476562 142.39280700683594
68.44259643554688 82.88004302978516 67.3529052734375 97.02718353271484
95.72177124023438 518.5289916992188 48.963951110839844 531.8737182617188
113.21595001220703 265.26580810546875 150.51829528808594 276.2379455566406
432.7602233886719 288.9521484375 407.778076171875 414.1552429199219
32.011253356933594 245.4097137451172 14.94172477722168 245.8786163330078
102.15874481201172 599.1431884765625 92.64313507080078 543.2308959960938
137.67868041992188 164.8518524169922 130.36961364746094 230.04144287109375
211.2300567626953 305.8678283691406 103.38639068603516 334.45751953125
651.9378662109375 112.38662719726562 630.9966430664062 109.02081298828125
669.0084838867188 114.94883728027344 655.0602416992188 112.63658142089844
61.91284942626953 320.6949157714844 21.940643310546875 321.7489318847656
27.992908477783203 212.75819396972656 47.035186767578125 212.19969177246094
113.39460754394531 261.5767822265625 153.8862762451172 272.803466796875
149.6813507080078 79.07549285888672 158.34042358398438 0.9269170165061951
370.4609680175781 353.0858459472656 360.4068603515625 407.0757751464844
567.9351806640625 578.9832153320312 692.4060668945312 97.84635162353516
42.987937927246094 532.8690185546875 0.9682713150978088 532.2857666015625
107.03520965576172 277.4215393066406 70.86487579345703 275.2199401855469
140.48831176757812 162.05450439453125 149.30828857421875 83.03440856933594
174.2283477783203 164.9048309326172 165.8179473876953 233.1008758544922
488.56024169921875 301.86932373046875 433.7694396972656 288.98016357421875
469.1023864746094 129.39974975585938 519.0147094726562 137.9136199951172
649.2508544921875 589.0714111328125 788.16796875 101.04781341552734
698.8621826171875 84.9618148803711 756.958740234375 93.28795623779297
25.99927520751953 227.9839324951172 45.05070877075195 227.12588500976562
80.89055633544922 11.29419994354248 53.0264778137207 0.9288240671157837
461.7773742675781 428.9541015625 473.9316101074219 369.98590087890625
526.6717529296875 126.93965148925781 467.6692199707031 116.95460510253906
468.17852783203125 138.92254638671875 517.9713745117188 147.1728973388672
81.0291976928711 543.0032348632812 76.2784423828125 586.1408081054688
152.31375122070312 274.9418640136719 113.1949462890625 263.342529296875
619.4404296875 598.1215209960938 768.4188842773438 58.11555862426758
757.017578125 90.87660217285156 698.0723266601562 82.49163818359375
64.2718276977539 123.9991455078125 64.31597137451172 138.00531005859375
0.8738940358161926 461.3013916015625 103.06195831298828 457.8172302246094
146.9840087890625 80.05718231201172 131.7747344970703 75.80587768554688
170.0316619873047 164.53964233398438 141.03126525878906 162.54531860351562
208.3043670654297 313.0833740234375 105.69389343261719 341.910400390625
486.9856872558594 215.07589721679688 452.8793029785156 208.63963317871094
574.504150390625 497.6224365234375 606.4379272460938 371.1009216308594
69.8794937133789 268.7220458984375 101.07661437988281 270.90521240234375
94.75103759765625 543.0443115234375 104.75565338134766 599.2216186523438
464.4872741699219 155.079833984375 513.7821044921875 163.3056182861328
673.6162109375 106.9008560180664 701.0374145507812 0.7513447403907776
94.1639633178711 85.93034362792969 92.82621765136719 101.98551940917969
101.90419006347656 558.1856689453125 188.87686157226562 547.953369140625
105.81220245361328 310.1431884765625 225.21316528320312 283.9725646972656
440.2701416015625 254.78378295898438 496.1773376464844 267.20159912109375
36.11566925048828 338.76788330078125 68.97264862060547 333.8184509277344
61.24833297729492 158.99624633789062 61.414859771728516 170.02394104003906
47.02610778808594 0.9297161102294922 81.69904327392578 13.810138702392578
206.06231689453125 278.8604431152344 111.90443420410156 285.6806335449219
109.71184539794922 302.67486572265625 206.1529541015625 281.7033996582031
200.251220703125 375.568603515625 181.0273895263672 384.0619812011719
503.3463134765625 278.4659729003906 430.234619140625 261.9607238769531
182.92982482910156 89.27017974853516 148.88870239257812 80.42850494384766
189.6549072265625 464.9518737792969 198.54574584960938 401.2156066894531
224.99774169921875 24.004867553710938 175.08299255371094 0.8213186264038086
32.764163970947266 152.7390899658203 87.05052947998047 157.4131317138672
182.82144165039062 94.85346984863281 174.5883026123047 161.07315063476562
202.5672149658203 368.2021484375 204.89991760253906 350.1160583496094
377.3585205078125 73.06214904785156 357.5896911621094 187.1022186279297
394.03631591796875 576.2463989257812 458.95294189453125 566.6807250976562
644.5594482421875 216.55767822265625 620.9164428710938 212.48504638671875
622.9862060546875 99.08795928955078 673.1622314453125 106.96678924560547
205.14797973632812 329.4659729003906 101.15542602539062 362.48944091796875
302.4645080566406 0.7682190537452698 295.327392578125 48.04942321777344
516.9572143554688 150.25633239746094 466.85125732421875 141.8909912109375
465.91729736328125 147.46510314941406 513.9974365234375 156.0143585205078
518.0079345703125 140.95362854003906 467.9375 132.36427307128906
522.0993041992188 131.39060974121094 470.83123779296875 123.03547668457031
701.953369140625 12.728290557861328 663.5497436523438 160.6619110107422
768.8193359375 57.248390197753906 799.1961669921875 61.64475631713867
84.00161743164062 192.97055053710938 29.89031219482422 189.99415588378906
203.94534301757812 339.84136962890625 128.0040740966797 366.0118103027344
192.48681640625 19.18291664123535 184.5198974609375 83.94093322753906
493.872802734375 244.5925750732422 446.8910827636719 234.5073699951172
26.9252986907959 220.07940673828125 46.971275329589844 220.79954528808594
44.729671478271484 460.3376770019531 161.1432647705078 422.614013671875
204.25082397460938 344.70269775390625 138.1112060546875 368.3115539550781
495.014404296875 239.929443359375 447.9341735839844 230.3226318359375
485.9141540527344 233.43309020996094 448.9778137207031 226.1118927001953
468.4126281738281 440.5744323730469 399.1380615234375 420.5230407714844
510.888916015625 169.66969299316406 463.366943359375 161.7876434326172
662.613525390625 163.3982696533203 611.3804321289062 366.5916442871094
76.2732925415039 585.9540405273438 56.486881256103516 599.7008056640625
205.37960815429688 324.2371826171875 103.8159408569336 355.400146484375
206.2373809814453 318.8048400878906 105.82899475097656 348.42022705078125
337.48382568359375 304.08380126953125 321.71563720703125 395.12396240234375
477.17681884765625 340.2950744628906 427.7733154296875 327.90380859375
482.17547607421875 306.285888671875 434.83935546875 294.6537170410156
483.9009094238281 251.46517944335938 444.9636535644531 243.17068481445312
519.1373901367188 87.20226287841797 488.8306884765625 81.98326110839844
611.6529541015625 270.5190124511719 626.7774047851562 273.9743347167969
35.202354431152344 362.8428649902344 17.219568252563477 345.8246765136719
47.02708435058594 216.33074951171875 26.99492835998535 216.5635223388672
35.680564880371094 117.30127716064453 90.02161407470703 124.8442611694336
200.34359741210938 365.8425598144531 170.07579040527344 378.1858825683594
212.35153198242188 259.2417907714844 186.84754943847656 266.46148681640625
297.1313171386719 49.14429473876953 377.0897216796875 61.41537857055664
492.0996398925781 257.5191650390625 444.08917236328125 247.5697021484375
519.9263916015625 136.4417266845703 469.8184509277344 128.08905029296875
585.0701904296875 93.5445556640625 620.1614990234375 98.95183563232422
606.492431640625 279.12030029296875 627.712646484375 284.20025634765625
616.5380249023438 236.1811065673828 638.8097534179688 240.89828491210938
200.37490844726562 360.9476318359375 162.04440307617188 376.11224365234375
488.9768371582031 248.10797119140625 445.81732177734375 238.8517303466797
476.8494873046875 344.5923767089844 427.2562561035156 331.9914855957031
481.6629638671875 511.1503601074219 597.455078125 0.6495864391326904
519.0350341796875 145.78994750976562 467.9550476074219 137.2694854736328
460.71893310546875 105.7076187133789 537.7711181640625 118.39037322998047
615.3331298828125 366.08538818359375 667.2948608398438 163.33184814453125
752.3716430664062 365.51727294921875 798.79052734375 208.93789672851562
131.801513671875 77.76639556884766 146.8294677734375 81.65847778320312
204.2349853515625 334.7083435058594 115.99359130859375 363.9806823730469
202.1300506591797 355.3396911621094 154.2558135986328 373.668212890625
356.96893310546875 191.16717529296875 339.02410888671875 295.17669677734375
469.15618896484375 381.41070556640625 419.90557861328125 368.356201171875
409.112548828125 414.60198974609375 461.1896667480469 429.3293151855469
471.9091796875 369.34619140625 422.183349609375 356.3011474609375
426.6153564453125 277.64373779296875 499.5969543457031 294.72235107421875
611.7870483398438 430.7884826660156 655.1361694335938 442.4956970214844
0.8262211680412292 275.3891906738281 24.97667121887207 272.78375244140625
85.02291107177734 185.61827087402344 29.921300888061523 182.31130981445312
132.23513793945312 64.13296508789062 137.86038208007812 11.87732219696045
463.1119079589844 409.5960388183594 414.93084716796875 396.2496643066406
475.26434326171875 365.99713134765625 422.9456787109375 352.2061462402344
461.0958557128906 421.661865234375 411.8041687011719 407.6909484863281
478.2194519042969 336.12164306640625 428.80615234375 323.77587890625
82.97862243652344 199.6204071044922 57.009456634521484 198.72557067871094
465.8396911621094 397.59063720703125 416.9151611328125 384.3126220703125
483.0289611816406 310.8800354003906 433.7609558105469 298.9905700683594
466.8293151855469 393.63165283203125 417.8899841308594 380.40716552734375
480.02874755859375 327.8843688964844 430.837646484375 315.6529541015625
594.7821044921875 333.06121826171875 613.236083984375 336.8499755859375
618.1834106445312 226.12950134277344 640.2570190429688 230.78004455566406
29.9096736907959 178.08499145507812 84.11673736572266 182.59776306152344
140.92518615722656 164.90708923339844 169.97500610351562 167.30311584472656
149.79840087890625 82.7827377319336 182.67784118652344 91.25084686279297
213.22384643554688 277.1786193847656 217.61544799804688 247.08982849121094
464.8506164550781 401.5482482910156 415.93963623046875 388.22149658203125
482.915771484375 315.34375 432.7431640625 303.0479736328125
622.7523803710938 207.23155212402344 645.6317749023438 211.8315887451172
64.1076431274414 118.6621322631836 36.99252700805664 110.02345275878906
32.84111022949219 143.30177307128906 88.11614990234375 150.0484161376953
200.38258361816406 351.0349426269531 146.92478942871094 370.7965393066406
473.2520751953125 361.03009033203125 423.9439697265625 348.2156066894531
462.1312255859375 413.5267028808594 413.9533386230469 400.1683044433594
461.1217041015625 417.5698547363281 412.74957275390625 403.88519287109375
513.9036254882812 159.53346252441406 466.8143310546875 151.02798461914062
602.7899780273438 176.20314025878906 571.744140625 296.9342041015625
599.6998291015625 322.3647766113281 614.8468017578125 325.696533203125
603.0701904296875 297.6131896972656 621.0232543945312 300.8720397949219
700.7385864257812 70.80253601074219 760.2276611328125 79.43014526367188
799.5392456054688 83.86912536621094 784.7169799804688 80.1183090209961
24.09062957763672 539.9141235351562 18.694067001342773 597.0655517578125
46.00638961791992 224.9033660888672 26.891592025756836 223.63926696777344
37.86211395263672 99.77934265136719 56.001991271972656 102.98875427246094
31.060131072998047 170.33560180664062 85.07025146484375 175.22381591796875
92.30043029785156 104.55171966552734 37.942771911621094 93.27587890625
148.92677307128906 505.23870849609375 172.99266052246094 502.9237365722656
469.2075500488281 377.222900390625 420.913330078125 364.324462890625
464.10540771484375 405.6180725097656 414.9831848144531 392.0608825683594
474.77685546875 352.8587951660156 425.955078125 340.17291259765625
51.01345443725586 277.27740478515625 35.98142623901367 276.99749755859375
90.66674041748047 121.0650405883789 48.08147048950195 107.73963928222656
94.05870819091797 85.7386474609375 39.87264633178711 73.56695556640625
147.24722290039062 277.13824462890625 113.18204498291016 267.3654479980469
475.1342468261719 348.4715270996094 426.24102783203125 336.0511779785156
468.1529846191406 385.4265441894531 418.9218444824219 372.29302978515625
479.2091979980469 332.1743469238281 429.8319091796875 319.6634216308594
467.1367492675781 389.4966125488281 418.89373779296875 376.3912048339844
473.9994201660156 357.002197265625 424.9562683105469 344.1670837402344
613.8677978515625 261.8284606933594 630.0928955078125 264.417724609375
627.8793334960938 184.8910369873047 651.8461303710938 188.13644409179688
682.685302734375 600.0313110351562 649.9837036132812 590.053466796875
14.578441619873047 252.28668212890625 32.2974853515625 258.0920104980469
190.15354919433594 550.3841552734375 111.01811981201172 559.163330078125
222.83062744140625 291.8337707519531 214.6904754638672 349.09814453125
389.0749816894531 579.5191040039062 354.0828552246094 584.5736083984375
481.1745910644531 319.277587890625 432.13873291015625 307.426025390625
601.799072265625 314.0396423339844 617.0042114257812 316.9781494140625
383.0811462402344 62.4899787902832 419.9435729980469 68.3545913696289
469.2740478515625 372.9647521972656 421.8885803222656 360.4209289550781
94.86683654785156 78.55021667480469 39.93798065185547 65.2562484741211
593.7767944335938 340.88458251953125 608.8276977539062 344.6827087402344
703.1170043945312 275.4339599609375 656.82177734375 265.8620910644531
64.99517822265625 104.22946166992188 36.986534118652344 103.64106750488281
103.1400146484375 334.1122741699219 100.3804702758789 362.13592529296875
122.06647491455078 159.11660766601562 131.03269958496094 77.1129150390625
186.79200744628906 266.8870544433594 121.34232330322266 251.54010009765625
620.0450439453125 216.772216796875 642.9410400390625 221.29823303222656
699.1341552734375 80.05644226074219 757.099853515625 88.29788970947266
15.057686805725098 308.3088073730469 64.21044921875 299.1265563964844
34.79894256591797 135.48489379882812 88.17440032958984 142.71197509765625
85.97317504882812 178.3760223388672 30.825788497924805 174.44232177734375
120.14995574951172 254.3661651611328 187.4580535888672 270.2906494140625
343.16107177734375 584.1727905273438 374.9730224609375 579.8036499023438
480.1351013183594 323.4506530761719 431.8579406738281 311.57757568359375
447.03936767578125 232.81993103027344 494.9363098144531 243.29132080078125
589.6663818359375 363.3573303222656 604.259521484375 366.94403076171875
672.0907592773438 109.4045639038086 621.736572265625 101.72767639160156
799.4349365234375 586.5717163085938 688.10107421875 552.6680297851562
57.09807586669922 0.7366316914558411 80.24034118652344 9.354592323303223
81.00102996826172 216.93545532226562 68.99884033203125 216.94866943359375
430.8713073730469 313.5208740234375 480.0796203613281 325.6777648925781
434.02740478515625 296.8868103027344 483.0573425292969 308.7633361816406
619.14013671875 99.95833587646484 582.1372680664062 94.97990417480469
602.8489990234375 305.7792053222656 619.0169677734375 308.912353515625
443.7869873046875 250.01019287109375 481.9862365722656 258.0652770996094
424.9821472167969 342.0685119628906 474.0359802246094 354.8620910644531
617.135009765625 595.5905151367188 570.281982421875 580.1447143554688
605.865234375 289.6873779296875 623.9541625976562 293.2338562011719
648.9464721679688 442.2002868652344 611.9175415039062 432.3086242675781
28.18726921081543 363.76971435546875 12.19302749633789 350.76263427734375
30.53957748413086 375.64849853515625 -0.7353870272636414 353.4443054199219
219.72694396972656 347.3498840332031 286.885498046875 365.7718811035156
411.7601013183594 409.83892822265625 460.36138916015625 423.7361755371094
610.5950927734375 341.64959716796875 594.32958984375 337.6572265625
607.4365844726562 349.4583740234375 593.42724609375 345.4912109375
629.3756103515625 175.70364379882812 653.29296875 178.42892456054688
6.2795329093933105 349.59661865234375 38.61256408691406 372.0021667480469
39.85224151611328 70.93771362304688 70.50920867919922 75.76838684082031
86.77484893798828 161.88833618164062 85.95304107666016 170.90457153320312
95.4209213256836 70.39175415039062 40.027801513671875 55.893775939941406
419.7003173828125 69.48973083496094 378.9299011230469 64.582275390625
431.8890686035156 309.4521484375 480.8841857910156 321.4720153808594
429.7701110839844 321.9212951660156 478.9517517089844 334.193359375
656.1596069335938 173.3697967529297 633.8836059570312 171.18881225585938
798.5443725585938 221.86402893066406 757.843505859375 358.2517395019531
188.30905151367188 456.50408935546875 147.6512908935547 481.4312438964844
426.9747619628906 334.099609375 475.87640380859375 346.4879150390625
591.58447265625 507.3819580078125 630.9357299804688 519.2138671875
640.1228637695312 233.41964721679688 617.8506469726562 228.70553588867188
112.92216491699219 269.2223815917969 139.2025909423828 278.42120361328125
206.3333740234375 339.1872863769531 211.01443481445312 305.861572265625
430.09088134765625 317.6360778808594 479.9762268066406 330.09515380859375
546.6353759765625 476.1321716308594 569.711669921875 493.0279846191406
641.8765258789062 225.6650848388672 619.463134765625 221.5048370361328
41.29646682739258 258.8744201660156 42.62154006958008 240.8983917236328
52.990726470947266 121.06684875488281 35.903358459472656 118.69673156738281
62.1793212890625 135.54147338867188 37.18824768066406 132.46888732910156
196.36575317382812 0.2610318064689636 276.9321594238281 40.13706970214844
289.7962341308594 332.7300109863281 312.0187072753906 338.9330139160156
412.9917907714844 406.0290222167969 461.1053771972656 419.6271057128906
433.9447021484375 301.2265319824219 483.1837463378906 313.2472839355469
593.3184814453125 330.83380126953125 586.48046875 358.873291015625
621.2659301757812 297.8910827636719 604.7754516601562 293.93621826171875
653.9854736328125 184.08836364746094 629.8168334960938 180.11395263671875
189.28211975097656 451.4663391113281 157.73052978515625 470.5545959472656
195.72964477539062 553.7218627929688 208.3629913330078 586.8616333007812
337.0052795410156 295.00091552734375 354.5320129394531 192.91964721679688
384.97064208984375 574.0223388671875 356.0209045410156 535.984130859375
428.7708435058594 325.91156005859375 477.9322814941406 338.2694396972656
416.2083740234375 386.2308044433594 465.1392517089844 399.4859619140625
445.6640319824219 241.54380798339844 479.99664306640625 249.0154571533203
625.5263061523438 290.858642578125 604.8114013671875 285.7674255371094
614.0233764648438 252.87850952148438 632.1235961914062 256.3568115234375
718.3121948242188 233.08717346191406 709.6310424804688 264.17620849609375
91.05305480957031 112.74331665039062 65.88802337646484 107.54175567626953
424.9149475097656 346.3272399902344 473.0430908203125 358.834228515625
414.9697570800781 394.1085205078125 463.13128662109375 407.52880859375
459.05169677734375 568.3298950195312 428.0301208496094 573.1922607421875
417.1888122558594 382.3036193847656 466.1169738769531 395.56854248046875
634.2489624023438 253.88864135742188 613.9247436523438 249.33607482910156
40.242828369140625 61.909053802490234 79.3105239868164 70.60491180419922
88.06452941894531 153.419189453125 32.85719299316406 147.2853240966797
230.98260498046875 463.75494384765625 204.97174072265625 465.60205078125
413.962890625 398.13525390625 462.85040283203125 411.5453186035156
415.9220886230469 390.2839660644531 464.13427734375 403.5105895996094
419.1795959472656 370.3199768066406 468.1941223144531 383.2649230957031
759.0029296875 81.97911071777344 702.8367919921875 74.17460632324219
38.01175308227539 91.93867492675781 51.88548278808594 94.5975341796875
211.7138671875 599.109375 194.40956115722656 553.8434448242188
254.20262145996094 496.8829650878906 298.12725830078125 572.926513671875
421.1777648925781 362.32891845703125 467.8187561035156 374.6842041015625
413.947998046875 402.18548583984375 462.0896301269531 415.6802978515625
420.185791015625 366.2980041503906 469.1936950683594 379.2680969238281
427.9842224121094 330.0622863769531 477.12371826171875 342.51165771484375
661.0556030273438 163.56515502929688 635.8287963867188 160.33889770507812
86.99076080322266 160.07325744628906 61.025474548339844 156.79803466796875
423.92431640625 350.2868347167969 473.1887512207031 363.2845458984375
418.91510009765625 374.314208984375 467.85467529296875 387.53778076171875
417.922119140625 378.28790283203125 467.10919189453125 391.5964050292969
425.9920654296875 338.0306396484375 475.0695495605469 350.7312316894531
432.91326904296875 305.3570251464844 481.93505859375 317.2673034667969
636.3226318359375 163.71200561523438 654.9522094726562 166.33905029296875
799.326416015625 438.7294006347656 726.96435546875 420.13873291015625
0.8976373076438904 453.9390563964844 21.997207641601562 455.0528869628906
55.91451644897461 330.5975036621094 37.878517150878906 334.4280090332031
421.9003601074219 358.37908935546875 470.683837890625 371.2027893066406
515.7395629882812 47.18505096435547 522.9467163085938 57.3272590637207
799.2374267578125 573.2098388671875 702.9183349609375 544.2719116210938
693.5344848632812 548.5390014648438 799.4320068359375 580.57177734375
273.9766845703125 540.7756958007812 243.98867797851562 543.8909301757812
358.02337646484375 173.00405883789062 375.2308044433594 73.86648559570312
591.9332275390625 9.564970016479492 513.0889892578125 0.24686795473098755
647.0730590820312 208.6084747314453 622.9793090820312 204.11099243164062
0.9635570645332336 266.77587890625 28.060102462768555 262.3695983886719
799.1571044921875 99.95689392089844 787.81201171875 98.24832153320312
88.96672821044922 146.26437377929688 33.83314895629883 139.32579040527344
678.0155029296875 177.9142608642578 724.1343383789062 186.25755310058594
484.8274230957031 62.41478729248047 491.41839599609375 49.20881271362305
56.02455520629883 255.0039520263672 53.408592224121094 271.2271423339844
422.9086608886719 354.34881591796875 473.1310729980469 367.4993896484375
799.3583984375 464.6360778808594 720.7425537109375 443.9797058105469
45.404850006103516 241.96717834472656 44.463905334472656 259.0256042480469
9.526238441467285 331.7898254394531 36.65497970581055 338.2491149902344
311.9955749511719 408.26873779296875 293.000732421875 407.9559631347656
631.0407104492188 262.83441162109375 611.7319946289062 258.0908508300781
34.95447540283203 275.0257873535156 35.95458221435547 237.998779296875
611.024658203125 369.2319030761719 576.8283081054688 501.6975402832031
302.054443359375 592.421875 279.05035400390625 595.39013671875
52.971588134765625 156.28912353515625 32.87089538574219 154.31369018554688
48.789485931396484 79.08210754394531 66.88288116455078 82.6020278930664
154.014404296875 279.9386901855469 174.80599975585938 284.825439453125
291.7791748046875 327.8078918457031 312.16912841796875 333.3813171386719
368.93017578125 432.4169616699219 335.0431823730469 426.7421569824219
368.92041015625 414.16888427734375 387.2593994140625 314.2311096191406
355.4443359375 532.6655883789062 386.7137756347656 574.2153930664062
602.8663330078125 176.96820068359375 609.042236328125 151.01004028320312
799.2968139648438 424.80364990234375 742.0960693359375 410.61273193359375
276.2242736816406 537.869140625 252.71432495117188 497.5831298828125
421.13330078125 137.67532348632812 431.1012268066406 80.36547088623047
799.1549682617188 477.4268493652344 727.7003173828125 458.1083679199219
69.76016235351562 138.08297729492188 71.1390609741211 125.45184326171875
68.1834487915039 171.02252197265625 68.04617309570312 159.94984436035156
610.3331909179688 256.8640441894531 606.6102294921875 275.1244201660156
648.6634521484375 593.1171875 670.7662353515625 599.77587890625
60.08631896972656 168.4759521484375 37.10340881347656 167.1742401123047
388.2539978027344 312.6964416503906 397.96881103515625 256.8207092285156
399.1149597167969 255.1931915283203 408.6585388183594 200.11410522460938
409.7150573730469 198.7782745361328 420.02923583984375 139.0050506591797
89.98007202148438 127.11322784423828 64.07856750488281 122.5536880493164
614.787353515625 314.69769287109375 599.6679077148438 310.0895690917969
73.67023468017578 98.07089233398438 75.17900848388672 83.80738067626953
732.8692016601562 415.5218200683594 799.2123413085938 432.153076171875
758.0431518554688 562.8535766601562 795.9901733398438 574.0333862304688
528.8088989257812 484.4360656738281 492.2548828125 468.4183349609375
501.85595703125 43.51786422729492 514.9551391601562 47.16139221191406
313.9981689453125 330.00665283203125 291.5058898925781 323.78680419921875
728.2460327148438 455.0759582519531 799.269775390625 473.9869079589844
434.9790954589844 63.99689483642578 442.9954833984375 9.999329566955566
598.3276977539062 308.8438720703125 594.818115234375 323.957763671875
