290
536.3480834960938 214.05873107910156 534.6043090820312 165.01406860351562
368.95013427734375 482.7973937988281 250.9582061767578 511.8301696777344
389.8179626464844 541.3037109375 268.7286376953125 572.9620971679688
521.5031127929688 244.0293426513672 520.4371337890625 225.9741973876953
228.4745635986328 445.1543273925781 187.40541076660156 276.41455078125
538.1296997070312 272.9957275390625 536.552978515625 225.0146942138672
529.9899291992188 35.87736892700195 377.8662109375 48.37112808227539
533.7694091796875 158.0065460205078 533.6150512695312 128.99671936035156
691.9011840820312 67.27703094482422 647.9310913085938 69.79857635498047
580.1163330078125 293.9998474121094 580.2263793945312 377.00103759765625
270.0549011230469 598.9873657226562 253.3980255126953 526.677978515625
383.09454345703125 54.26211929321289 531.0880737304688 43.175960540771484
533.0205688476562 168.03465270996094 428.9612731933594 165.818359375
753.2053833007812 124.90892791748047 727.3934936523438 130.74136352539062
185.2760772705078 271.5881652832031 250.51467895507812 240.96604919433594
235.05712890625 131.19692993164062 147.58660888671875 156.5751953125
688.0803833007812 67.00898742675781 766.0634765625 60.796810150146484
685.0014038085938 0.9304838180541992 683.7447509765625 18.98223114013672
766.0701293945312 64.09989929199219 704.9996337890625 67.99468231201172
773.4669799804688 0.9470720291137695 759.8589477539062 137.98599243164062
201.5091552734375 327.06756591796875 267.1614990234375 292.5074768066406
406.8075866699219 173.81332397460938 426.9332275390625 164.85003662109375
389.02581787109375 111.12174224853516 533.0415649414062 107.80522918701172
697.981201171875 138.409912109375 709.07177734375 84.80795288085938
105.33716583251953 252.3386993408203 0.3005134165287018 294.246826171875
689.0048828125 152.63446044921875 602.9935302734375 151.48699951171875
767.0455322265625 57.904327392578125 690.017822265625 59.7456169128418
365.16741943359375 18.576101303100586 528.0293579101562 1.2764760255813599
405.3265380859375 258.5893249511719 537.2660522460938 271.2214050292969
674.0042724609375 137.22030639648438 612.9496459960938 138.40408325195312
716.0164794921875 147.2921142578125 757.0098266601562 146.7685089111328
534.0341186523438 162.35801696777344 392.0123596191406 159.4050750732422
531.9976196289062 100.92221069335938 384.95245361328125 105.45962524414062
410.4319763183594 206.1851806640625 406.6083679199219 173.81004333496094
430.03826904296875 166.52183532714844 435.6309814453125 202.05807495117188
108.21927642822266 94.188720703125 91.2435073852539 97.3200912475586
246.96920776367188 187.92056274414062 163.35125732421875 220.3260040283203
271.51763916015625 296.1706237792969 206.43231201171875 334.02392578125
267.9462585449219 294.6111755371094 236.59532165527344 137.68128967285156
419.99383544921875 157.47372436523438 534.0135498046875 158.96002197265625
580.6008911132812 214.00360107421875 580.9609985351562 153.99977111816406
718.0048217773438 152.88526916503906 697.998291015625 152.04075622558594
0.6440861225128174 171.61233520507812 79.12401580810547 151.4835205078125
149.27313232421875 163.59877014160156 234.5411376953125 137.78768920898438
268.2317810058594 575.8689575195312 390.0970458984375 543.3638916015625
585.9324340820312 301.2130432128906 552.2561645507812 239.31655883789062
693.7064208984375 118.7336196899414 687.930908203125 146.77984619140625
797.8389282226562 405.9754333496094 795.5333251953125 421.0813903808594
180.41244506835938 285.8704833984375 205.80674743652344 366.7467041015625
503.89794921875 0.056928571313619614 375.88201904296875 13.909810066223145
29.87342071533203 342.7144775390625 10.194499969482422 351.438720703125
232.75831604003906 24.601911544799805 284.89483642578125 305.3908996582031
403.07257080078125 552.9743041992188 337.9574279785156 369.01507568359375
606.9862670898438 25.85318946838379 582.0171508789062 28.183948516845703
624.9951171875 145.85134887695312 675.0107421875 146.13970947265625
239.8452606201172 214.03170776367188 245.39657592773438 241.12364196777344
250.32559204101562 514.34423828125 323.1696472167969 496.7004089355469
433.48223876953125 199.0462188720703 430.89019775390625 170.00979614257812
403.0298767089844 207.48526000976562 537.1005249023438 215.26797485351562
747.0184326171875 140.7381134033203 698.0503540039062 137.28585815429688
704.6948852539062 85.1117172241211 700.9642333984375 108.31580352783203
650.0949096679688 24.1513729095459 771.0969848632812 14.17630672454834
145.44198608398438 449.4860534667969 160.72032165527344 435.5927429199219
183.0906524658203 120.34178161621094 143.680419921875 130.79513549804688
642.6121215820312 310.95208740234375 640.194091796875 381.0067138671875
228.06381225585938 112.15633392333984 231.06954956054688 130.15538024902344
338.2298278808594 364.919921875 399.8239440917969 541.7129516601562
110.98946380615234 255.97413635253906 0.5809504985809326 300.9718017578125
76.50106811523438 159.82696533203125 107.00354766845703 251.9988250732422
159.37258911132812 554.21923828125 232.71861267089844 569.5654296875
400.8611145019531 263.01593017578125 389.61956787109375 165.0436553955078
403.1286926269531 214.9848175048828 408.3187255859375 258.9623718261719
635.7728881835938 556.1923217773438 714.9771728515625 533.9189453125
686.3670654296875 18.026269912719727 687.587646484375 0.9704923629760742
124.10224914550781 345.1905517578125 74.39160919189453 371.8662414550781
143.03114318847656 135.10069274902344 228.57876586914062 108.63822174072266
187.73486328125 287.4319763183594 200.91368103027344 326.02947998046875
382.4078063964844 46.95183181762695 379.0910949707031 18.871126174926758
392.7484130859375 164.78353881835938 398.1122131347656 208.1099090576172
406.2028503417969 259.97552490234375 400.64630126953125 213.92202758789062
788.65380859375 429.0821533203125 799.463134765625 343.0581970214844
0.5392020344734192 179.2838897705078 79.30461120605469 158.13442993164062
70.70331573486328 373.4555969238281 0.7658846974372864 411.5704040527344
164.56727600097656 307.86773681640625 158.5594482421875 282.10272216796875
190.19505310058594 87.9475326538086 135.45616149902344 99.2159423828125
172.33966064453125 256.9197692871094 164.3094940185547 222.9268798828125
267.4585266113281 574.91357421875 271.9972839355469 599.00048828125
286.8812561035156 101.54600524902344 303.0807189941406 97.30862426757812
399.9134216308594 207.00955200195312 395.2753601074219 164.96961975097656
521.30615234375 419.52960205078125 491.0836486816406 379.9361572265625
731.1824340820312 529.6506958007812 799.1660766601562 510.5924377441406
173.11964416503906 223.30247497558594 246.50393676757812 194.2739715576172
255.22137451171875 247.1532745361328 264.6537780761719 295.0681457519531
362.5125732421875 0.8202059268951416 364.3125305175781 15.962851524353027
395.0416259765625 158.1112518310547 389.56500244140625 110.93441009521484
648.3121948242188 0.9724218249320984 647.5484008789062 20.021987915039062
48.3599853515625 46.188087463378906 78.33760070800781 148.19467163085938
82.32952880859375 65.1886978149414 87.50463104248047 83.5765380859375
92.05180358886719 413.9350891113281 125.06129455566406 412.1063232421875
336.2535705566406 365.3208923339844 212.24642944335938 463.3118591308594
282.5560302734375 101.07811737060547 319.5378723144531 311.25726318359375
402.0051574707031 539.9364013671875 404.50054931640625 500.9041442871094
582.7745971679688 359.99786376953125 582.6015625 296.99835205078125
724.784912109375 13.980095863342285 725.9945068359375 0.9069654941558838
20.31843376159668 275.9831237792969 58.52127456665039 263.6094055175781
125.20338439941406 439.568115234375 83.07164764404297 442.90472412109375
283.5550537109375 304.2715759277344 209.6454620361328 349.41961669921875
261.5632629394531 294.0865478515625 252.68109130859375 249.26133728027344
717.964111328125 197.8044891357422 681.9910278320312 196.20057678222656
116.52903747558594 126.12139129638672 108.53807067871094 95.11906433105469
376.4867248535156 49.81215286254883 372.69287109375 19.786102294921875
404.95086669921875 490.0833740234375 407.947265625 455.90771484375
448.0093994140625 208.06808471679688 447.11065673828125 194.99240112304688
568.0281982421875 446.8782653808594 412.9990234375 411.0042724609375
581.00927734375 30.0946102142334 607.0535888671875 27.547962188720703
612.4386596679688 110.008544921875 614.5619506835938 0.9914683699607849
641.6170654296875 375.9780578613281 644.6520385742188 323.0373840332031
800.7850341796875 234.22329711914062 776.3970336914062 429.1747741699219
43.86763000488281 256.6109313964844 73.80474090576172 246.4260711669922
104.18138885498047 80.19873809814453 99.77645874023438 62.05427169799805
161.9574737548828 81.7522201538086 141.22503662109375 85.31098937988281
232.93133544921875 138.21099853515625 242.61849975585938 187.2727813720703
398.47894287109375 213.7115936279297 403.96759033203125 260.8874206542969
530.6417846679688 1.0013214349746704 530.7708740234375 36.00453567504883
578.4406127929688 136.99684143066406 577.4672241210938 0.9966558814048767
648.206787109375 70.03888702392578 649.657470703125 25.02118682861328
250.70863342285156 240.26058959960938 245.43238830566406 214.1145477294922
244.255615234375 195.1570587158203 253.77163696289062 240.25917053222656
339.068603515625 492.272216796875 370.1132507324219 484.449462890625
388.93316650390625 104.00777435302734 383.2134094238281 54.858787536621094
397.91778564453125 164.90994262695312 402.0475769042969 206.99533081054688
615.5255126953125 222.44850158691406 566.0064086914062 231.65704345703125
653.5787353515625 313.3847351074219 703.6536254882812 304.82305908203125
40.32550048828125 371.23150634765625 30.67376708984375 343.1119689941406
0.8409484624862671 50.72108459472656 111.98736572265625 36.8984375
302.0623779296875 562.9905395507812 293.2823791503906 504.957275390625
522.1995849609375 225.98521423339844 523.2369384765625 239.98243713378906
557.0650634765625 227.40536499023438 560.8245239257812 236.0760955810547
681.7634887695312 117.90619659423828 676.8698120117188 95.0278549194336
144.0948486328125 289.24822998046875 150.89137268066406 314.02978515625
163.86935424804688 437.594970703125 147.6898956298828 450.6146240234375
242.93838500976562 242.8377685546875 189.93089294433594 238.93972778320312
495.78240966796875 383.39898681640625 523.0816040039062 418.93731689453125
713.3185424804688 291.0244445800781 709.478515625 341.0367431640625
91.6171875 98.55712890625 99.95723724365234 129.01170349121094
216.9977264404297 70.98881530761719 166.63893127441406 81.22340393066406
312.4173583984375 255.92691040039062 270.959716796875 19.18216896057129
290.5394592285156 505.22308349609375 299.5507507324219 564.2213745117188
538.1158447265625 277.90655517578125 402.0537414550781 263.4926452636719
463.95880126953125 167.9954376220703 472.41033935546875 209.71429443359375
558.92529296875 249.04225158691406 584.0889282226562 293.5155029296875
584.9954223632812 153.3087921142578 719.995361328125 155.31170654296875
673.3352661132812 96.11290740966797 677.3255004882812 119.60499572753906
727.0166015625 136.9970245361328 751.9930419921875 136.5812530517578
10.603218078613281 352.1469421386719 21.254127502441406 380.9058837890625
0.2674146592617035 273.1360168457031 36.03145217895508 259.08001708984375
71.91416931152344 375.3693542480469 82.70751953125 407.0994873046875
86.69389343261719 411.7672119140625 74.62431335449219 375.7905578613281
235.5806121826172 111.2806625366211 272.1396789550781 296.17010498046875
683.0234985351562 193.4937744140625 719.0850830078125 195.16871643066406
159.99998474121094 263.0443115234375 196.99996948242188 263.0599365234375
134.53866577148438 424.60479736328125 168.83200073242188 437.8450622558594
223.03126525878906 266.7414245605469 251.97080993652344 270.24139404296875
307.80865478515625 599.0314331054688 302.6893310546875 567.88671875
300.2359619140625 569.1240234375 305.1099853515625 599.1444702148438
365.8770446777344 296.59771728515625 324.5143127441406 0.7882547378540039
404.50823974609375 550.555908203125 514.8614501953125 589.3937377929688
598.2691650390625 134.05581665039062 597.1946411132812 119.98513793945312
382.6888427734375 106.15050506591797 376.7064208984375 54.03369903564453
0.5852457284927368 486.3359069824219 75.8360366821289 439.338623046875
525.5457153320312 326.9815979003906 526.2203979492188 346.9925842285156
617.9521484375 26.50402069091797 643.9992065429688 23.99175453186035
134.8884735107422 95.44500732421875 208.91329956054688 80.568603515625
376.3822326660156 18.956157684326172 379.704345703125 47.91920852661133
575.19287109375 41.99775314331055 576.3124389648438 138.01968383789062
638.098876953125 309.9132385253906 636.8402709960938 322.984619140625
655.2473754882812 44.07194137573242 653.9219970703125 67.05317687988281
35.571231842041016 0.8300409913063049 46.93385314941406 39.01968002319336
81.11331939697266 150.96688842773438 51.290794372558594 48.91501998901367
190.71791076660156 276.45263671875 160.5329132080078 261.83465576171875
252.14772033691406 277.3747863769531 209.97325134277344 275.6563415527344
292.5263366699219 500.9223937988281 289.5763244628906 480.9150085449219
389.1807556152344 159.97767639160156 383.265869140625 112.09068298339844
378.7281188964844 9.755029678344727 452.9713439941406 0.7633633613586426
468.85772705078125 207.5834197998047 450.09600830078125 168.953369140625
654.9183959960938 66.16732025146484 684.1278686523438 63.30438232421875
663.7991333007812 216.00384521484375 663.2229614257812 185.95736694335938
788.156982421875 599.8345336914062 589.6630249023438 399.3336181640625
799.0689697265625 497.9156799316406 706.0929565429688 421.88629150390625
453.5804443359375 189.21351623535156 463.92718505859375 209.54592895507812
412.7826232910156 398.9598388671875 562.789306640625 432.93048095703125
626.1348266601562 308.4404602050781 589.1151733398438 299.52191162109375
591.806396484375 398.1997985839844 791.5274658203125 599.4688720703125
555.9424438476562 321.3746032714844 578.1857299804688 324.7905578613281
703.9841918945312 142.4969024658203 714.0057373046875 142.18177795410156
709.2218017578125 421.7267761230469 799.1947021484375 494.7601623535156
147.58934020996094 156.8533935546875 114.21604919433594 22.69748878479004
134.7731170654297 333.181884765625 132.92440795898438 290.2184143066406
371.70733642578125 92.02423095703125 373.2010192871094 110.06614685058594
454.0386047363281 208.20909118652344 452.0021667480469 189.1063690185547
640.0714721679688 331.4989013671875 601.990234375 326.0685729980469
773.190673828125 428.004638671875 362.9227600097656 349.4031677246094
177.24681091308594 318.4487609863281 154.5207977294922 330.9469909667969
380.15472412109375 53.743408203125 386.1514587402344 104.10104370117188
386.6698303222656 110.91963958740234 392.32769775390625 158.08065795898438
398.31829833984375 599.0315551757812 402.7762145996094 554.0769653320312
412.03143310546875 415.873779296875 573.2444458007812 456.0184326171875
677.228271484375 146.0536346435547 675.4108276367188 119.9019546508789
25.445110321044922 329.1899719238281 19.912919998168945 313.0298156738281
114.92801666259766 22.310195922851562 146.00698852539062 19.066923141479492
242.15182495117188 107.36088562011719 221.36911010742188 0.9279241561889648
723.9763793945312 171.88442993164062 799.0296630859375 173.89028930664062
0.6279640793800354 324.11077880859375 4.782663822174072 338.064697265625
408.71893310546875 447.0624694824219 411.1639709472656 418.9273376464844
544.235107421875 323.27703857421875 363.9081726074219 298.6730651855469
717.9085693359375 14.910009384155273 688.9446411132812 17.339950561523438
253.35128784179688 376.9275817871094 261.388916015625 415.9198303222656
545.2391967773438 292.912841796875 391.08642578125 275.24603271484375
645.9644775390625 22.60928726196289 619.0055541992188 25.060888290405273
603.1380004882812 328.0306091308594 640.1007690429688 333.2919616699219
658.3021850585938 599.5308837890625 594.36083984375 515.4862670898438
390.2367858886719 274.84722900390625 356.3721618652344 0.706965446472168
708.012451171875 538.0443115234375 636.9910278320312 557.9679565429688
579.9100952148438 493.3444519042969 409.0621032714844 448.7619934082031
595.338623046875 512.7413330078125 661.513671875 599.3715209960938
595.5089111328125 549.64990234375 405.66021728515625 493.1415100097656
579.2682495117188 155.99960327148438 579.3507080078125 211.99948120117188
127.91172790527344 56.450462341308594 168.97654724121094 49.854007720947266
411.1266784667969 452.5527038574219 586.5032958984375 502.22283935546875
70.58895111083984 245.80880737304688 55.745262145996094 200.0826873779297
690.278564453125 84.01658630371094 688.310302734375 117.07801055908203
135.4691925048828 550.3749389648438 126.40089416503906 561.7220458984375
161.19790649414062 567.6242065429688 163.03810119628906 558.7994384765625
238.826416015625 505.5804748535156 195.86956787109375 455.3995666503906
325.9986572265625 314.9980163574219 214.93914794921875 388.903076171875
795.994384765625 512.9804077148438 753.0811767578125 525.2831420898438
626.5361328125 0.9992177486419678 626.5437622070312 16.000232696533203
170.7684783935547 438.2918701171875 144.8199005126953 328.8056945800781
582.4287109375 170.99969482421875 582.457275390625 210.9996795654297
212.16622924804688 383.7848205566406 223.657470703125 446.0632019042969
798.0057373046875 175.7824249267578 748.987060546875 174.49290466308594
205.00498962402344 5.05341100692749 156.15025329589844 9.610719680786133
717.0297241210938 183.74072265625 692.9722900390625 183.17247009277344
194.04527282714844 17.39618492126465 169.1419677734375 20.242271423339844
408.267822265625 496.17205810546875 604.1239013671875 559.5254516601562
748.6981201171875 238.53541564941406 738.2340698242188 252.17950439453125
83.70043182373047 468.43310546875 106.6367416381836 456.3125915527344
135.9173126220703 290.48944091796875 140.7632293701172 281.4072265625
144.002685546875 598.171875 162.0024871826172 598.2301635742188
112.24281311035156 20.959056854248047 108.82551574707031 0.6921901702880859
220.5369110107422 78.89157104492188 226.67124938964844 109.2683334350586
126.27240753173828 562.0128173828125 125.8467788696289 571.0399169921875
151.6670684814453 266.6510009765625 139.3912811279297 278.3619384765625
167.93753051757812 17.441692352294922 206.1306915283203 13.167939186096191
210.01284790039062 197.68612670898438 190.962890625 196.90603637695312
655.9896240234375 170.99307250976562 673.0084228515625 170.817626953125
691.9093017578125 246.32814025878906 672.7174072265625 241.02206420898438
672.9628295898438 238.1312255859375 708.9110107421875 248.31419372558594
576.0213623046875 1.000468373298645 575.407958984375 29.008934020996094
679.6736450195312 122.9769515991211 679.99072265625 146.0001220703125
762.9178466796875 137.08689880371094 771.3490600585938 48.03304672241211
82.97501373291016 447.8042297363281 127.52560424804688 442.1180419921875
520.04833984375 590.8644409179688 543.8702392578125 599.3636474609375
529.2084350585938 130.70831298828125 452.1154479980469 153.392333984375
162.7935791015625 215.51962280273438 149.74496459960938 166.80047607421875
612.9949340820312 142.9499969482422 622.1040649414062 142.02926635742188
595.0396728515625 262.3542785644531 650.95166015625 265.7876892089844
207.12478637695312 12.974766731262207 218.7091827392578 70.26102447509766
222.03887939453125 501.9997253417969 244.89205932617188 548.5811157226562
174.0069580078125 47.60038757324219 192.01889038085938 47.913719177246094
156.67092895507812 396.77166748046875 142.5110626220703 355.1664123535156
263.04998779296875 160.99061584472656 237.3087158203125 23.9420166015625
283.1186828613281 410.15509033203125 297.2569885253906 399.3358154296875
563.6537475585938 431.1211242675781 568.8740844726562 446.0440673828125
453.01666259765625 148.7135009765625 429.95916748046875 149.25221252441406
647.5768432617188 194.07357788085938 646.1642456054688 205.14849853515625
351.59698486328125 289.06103515625 309.038818359375 7.9941205978393555
763.0595092773438 37.7026481628418 660.035888671875 46.42415237426758
124.98677825927734 345.2932434082031 146.02761840820312 417.99200439453125
178.62042236328125 340.2898254394531 170.48251342773438 329.631591796875
219.91656494140625 444.0167236328125 207.69754028320312 383.0606384277344
218.0435028076172 11.582157135009766 237.60755920410156 107.2623519897461
201.13829040527344 49.19856262207031 206.10336303710938 70.74575805664062
372.87835693359375 283.218017578125 546.4280395507812 305.6947937011719
183.0691375732422 226.00863647460938 166.9392852783203 227.11422729492188
293.5219421386719 23.915475845336914 331.4201354980469 257.93194580078125
572.5494995117188 458.45623779296875 582.8049926757812 491.06134033203125
370.9591064453125 14.114855766296387 369.50579833984375 0.9441872239112854
587.0538940429688 504.98272705078125 599.6043701171875 544.1268310546875
345.46026611328125 1.5635864734649658 379.14013671875 272.85845947265625
