267
12.632420539855957 273.63226318359375 139.85018920898438 239.44256591796875
799.024169921875 146.68800354003906 726.9933471679688 145.35955810546875
632.5264892578125 44.96913146972656 630.2418212890625 80.01576232910156
219.9442138671875 138.7527313232422 186.824951171875 146.22402954101562
362.7653503417969 394.7691345214844 347.6902770996094 344.7917785644531
624.381103515625 128.96957397460938 620.6470336914062 204.93348693847656
194.65628051757812 222.0292510986328 0.5589930415153503 290.7544860839844
456.7267761230469 83.99418640136719 457.0228576660156 120.99981689453125
425.54656982421875 401.79705810546875 405.7084655761719 348.36566162109375
138.0686798095703 232.272216796875 13.898782730102539 263.59881591796875
620.075439453125 204.61727905273438 370.0014343261719 190.97377014160156
656.84765625 269.9855041503906 658.9492797851562 247.90000915527344
704.2335205078125 318.0262145996094 725.6577758789062 127.07379913330078
417.0610046386719 166.91783142089844 418.62457275390625 187.1065216064453
464.36614990234375 156.7796630859375 461.4446105957031 191.70257568359375
349.912841796875 343.444580078125 364.2784729003906 392.9191589355469
630.6889038085938 86.05560302734375 627.70263671875 123.05670928955078
714.3043823242188 150.03684997558594 717.225830078125 125.9062728881836
623.823486328125 206.99087524414062 632.1494140625 45.90435028076172
656.1922607421875 58.94240188598633 655.183837890625 73.08441162109375
481.2989807128906 191.95303344726562 476.20001220703125 159.49725341796875
545.3530883789062 112.0280990600586 545.8525390625 87.9761734008789
662.378173828125 407.81463623046875 707.2921752929688 1.0322608947753906
726.373291015625 149.13209533691406 721.1808471679688 203.11358642578125
0.6399549245834351 192.4326934814453 184.28599548339844 150.24493408203125
553.5782470703125 484.36505126953125 746.8721313476562 434.5041809082031
799.1021728515625 216.24168395996094 720.9592895507812 211.70079040527344
421.8702697753906 587.5398559570312 484.9324035644531 569.7601928710938
458.9383544921875 120.97654724121094 457.98907470703125 83.00027465820312
364.99407958984375 127.11406707763672 623.9920654296875 128.49154663085938
685.5550537109375 332.1554260253906 718.6657104492188 0.866641640663147
721.0153198242188 202.70150756835938 799.0662841796875 206.7094268798828
740.9281616210938 495.74578857421875 799.0883178710938 479.3126220703125
184.82286071777344 145.03016662597656 179.8824920654297 116.02001190185547
607.3460083007812 395.8647155761719 619.7691040039062 243.98110961914062
654.725341796875 85.97441864013672 652.3912353515625 111.03643798828125
799.0517578125 210.06581115722656 720.958984375 205.74119567871094
83.02137756347656 167.09275817871094 29.849700927734375 179.347900390625
531.1231079101562 88.00353240966797 530.46240234375 111.01327514648438
542.6820068359375 259.029541015625 543.593994140625 237.98240661621094
567.657958984375 121.01178741455078 566.1067504882812 75.99632263183594
730.193603515625 0.8067809343338013 717.3222045898438 121.14143371582031
717.962158203125 125.16770935058594 799.0103149414062 126.13530731201172
38.33001708984375 327.7725830078125 22.27027130126953 334.6327209472656
1.110047698020935 83.19149017333984 212.06532287597656 63.70730972290039
186.2039337158203 148.90692138671875 220.0658416748047 141.29283142089844
212.2561492919922 599.0638427734375 206.75291442871094 534.9353637695312
413.990478515625 192.25706481933594 448.9847412109375 191.80860900878906
575.880126953125 428.4964904785156 622.8375854492188 417.3177185058594
741.8563842773438 154.21002197265625 726.713623046875 152.41250610351562
140.1374053955078 154.77520751953125 131.42987060546875 110.71739959716797
182.65501403808594 152.25979614257812 196.15731811523438 222.1627655029297
669.3576049804688 111.03597259521484 671.97705078125 84.99769592285156
799.16455078125 275.1914367675781 714.8616943359375 267.5199890136719
709.1070556640625 315.07672119140625 799.1713256835938 325.5226135253906
731.97216796875 89.37651062011719 799.0210571289062 88.22647857666016
369.01275634765625 190.99917602539062 364.9464416503906 127.87461853027344
642.7791748046875 245.9838409423828 641.234130859375 267.09033203125
672.0637817382812 84.72130584716797 655.0501098632812 85.35198974609375
14.934246063232422 309.0164794921875 18.47480583190918 323.1317443847656
461.995849609375 193.86627197265625 478.9793701171875 193.33755493164062
500.6313171386719 173.9909210205078 500.2860412597656 188.00704956054688
553.8800659179688 357.2287292480469 531.2918701171875 373.407470703125
630.6975708007812 123.98238372802734 625.8585205078125 207.05001831054688
723.0282592773438 443.1091613769531 559.132080078125 485.5105285644531
799.1533203125 269.1571350097656 714.9044799804688 262.1484069824219
715.0274658203125 258.6669616699219 799.1152954101562 265.6022644042969
739.971923828125 152.13711547851562 799.03466796875 153.59434509277344
113.19017791748047 120.22616577148438 99.21614074707031 122.39353942871094
117.90478515625 146.20982360839844 113.0722427368164 120.98616027832031
385.4693298339844 151.98095703125 386.6471862792969 181.01431274414062
88.36174011230469 166.13922119140625 70.26192474365234 83.16099548339844
410.0866394042969 121.9406509399414 407.1916809082031 68.9349136352539
531.558349609375 62.99126434326172 531.2808227539062 77.02532958984375
567.8721313476562 74.00118255615234 568.0573120117188 93.99946594238281
732.6851806640625 378.0866394042969 727.6431884765625 417.9548645019531
209.08877563476562 534.9923706054688 214.58139038085938 599.035888671875
214.7873077392578 572.1862182617188 282.8428955078125 554.39892578125
547.6178588867188 404.9306335449219 558.927734375 342.62384033203125
579.015380859375 431.3164978027344 620.0620727539062 432.2396545410156
709.4285888671875 0.8502110838890076 684.4544677734375 262.8526916503906
69.34639739990234 353.9124755859375 82.23733520507812 404.9400329589844
120.9083251953125 536.6109008789062 161.0369873046875 527.1570434570312
178.08792114257812 116.98704528808594 182.37686157226562 146.09182739257812
438.5130920410156 112.00509643554688 438.28289794921875 89.99703979492188
596.19677734375 537.6618041992188 663.8640747070312 517.5429077148438
684.0531616210938 270.90545654296875 676.945556640625 342.0943908691406
722.01171875 501.0406494140625 687.0325927734375 511.1131896972656
719.8036499023438 205.08448791503906 714.1337890625 259.0140686035156
799.0111083984375 122.54358673095703 726.0077514648438 121.98567199707031
128.32861328125 265.132080078125 130.8280029296875 277.83709716796875
545.9498901367188 340.39752197265625 565.232421875 338.7931213378906
712.9269409179688 261.9929504394531 707.8037719726562 315.07757568359375
799.2774047851562 331.6838073730469 707.0433349609375 320.6380310058594
110.1615219116211 599.0158081054688 118.2812728881836 515.9297485351562
120.54792022705078 515.0512084960938 112.69918060302734 599.0653076171875
129.9206085205078 113.01414489746094 137.4207305908203 155.1032257080078
114.74080657958984 598.0054321289062 206.74679565429688 574.0283813476562
207.10548400878906 576.4060668945312 120.94448852539062 598.7862548828125
317.391357421875 599.16650390625 304.70745849609375 552.8064575195312
305.6534729003906 548.6549682617188 467.7169494628906 506.9013671875
668.0031127929688 343.16119384765625 657.7259521484375 407.11663818359375
740.929931640625 21.863128662109375 785.0089721679688 19.1452579498291
789.3141479492188 528.5862426757812 754.1090087890625 501.8564453125
93.21817016601562 95.17027282714844 96.47286987304688 110.11479949951172
372.1571350097656 411.20721435546875 354.4369201660156 340.6391906738281
487.95318603515625 381.6444091796875 544.4271240234375 339.93218994140625
314.013916015625 56.295143127441406 696.0602416992188 38.27779006958008
745.5692749023438 498.8916320800781 788.581298828125 530.906005859375
138.7503662109375 226.156494140625 163.91397094726562 218.70928955078125
306.3637390136719 553.8969116210938 319.2075500488281 599.2245483398438
546.3086547851562 76.01078796386719 546.764892578125 62.95683288574219
68.88282775878906 86.02434539794922 85.76074981689453 167.25747680664062
51.07136154174805 553.297119140625 113.81453704833984 538.227783203125
135.46755981445312 225.4577178955078 98.4747314453125 232.49537658691406
799.0103759765625 91.77043151855469 732.009033203125 92.6722640991211
180.92384338378906 145.65020751953125 142.77276611328125 153.956298828125
405.9549560546875 86.00180053710938 407.39520263671875 122.02417755126953
573.9894409179688 198.49168395996094 599.0201416015625 197.97288513183594
764.0298461914062 23.405561447143555 740.0126953125 25.172191619873047
44.77423858642578 353.5616455078125 38.49003219604492 328.1260070800781
114.00125122070312 540.0052490234375 78.12247467041016 548.5162963867188
98.97150421142578 122.78572845458984 104.97505950927734 150.0054931640625
141.32029724121094 388.81585693359375 186.82513427734375 362.69537353515625
594.9598999023438 191.7324981689453 619.0519409179688 193.05108642578125
773.77099609375 202.94863891601562 776.9522094726562 188.76498413085938
27.552043914794922 179.86146545410156 3.7021074295043945 84.82380676269531
443.6837158203125 250.01129150390625 442.96978759765625 230.00108337402344
471.9571228027344 505.83660888671875 544.9179077148438 486.6872863769531
509.8742980957031 86.99871063232422 509.6898193359375 104.99681854248047
670.4222412109375 364.9920349121094 669.9951171875 395.98614501953125
22.153791427612305 335.6916198730469 28.92337417602539 361.0204772949219
72.26431274414062 359.9335021972656 52.208072662353516 280.1991882324219
133.14736938476562 288.1695251464844 137.69857788085938 311.0599365234375
325.902099609375 312.4848937988281 298.7427978515625 317.6466979980469
799.2066040039062 481.7162170410156 753.0123291015625 495.042724609375
149.2768096923828 305.77789306640625 145.33474731445312 283.11572265625
216.0084991455078 252.9987030029297 219.06455993652344 273.14190673828125
393.9572448730469 532.0204467773438 421.16571044921875 588.9207763671875
472.9163818359375 574.7161865234375 427.06549072265625 588.2223510742188
549.260498046875 439.13092041015625 552.9205932617188 403.8879089355469
615.1629028320312 421.7153625488281 575.1865844726562 430.81927490234375
672.9449462890625 72.99600982666016 674.0307006835938 58.00222396850586
781.0134887695312 80.70572662353516 735.9725952148438 81.5655517578125
95.95748138427734 225.7576904296875 133.84373474121094 219.10948181152344
371.07550048828125 391.9971618652344 371.78680419921875 411.0079650878906
374.8218688964844 185.48873901367188 414.9744873046875 182.64047241210938
423.4960021972656 599.2374877929688 391.6634521484375 531.6873779296875
512.0240478515625 265.88177490234375 508.6441345214844 208.02078247070312
193.0347137451172 107.82820129394531 196.75050354003906 130.20745849609375
570.0057983398438 3.9999914169311523 570.0460205078125 30.998443603515625
345.778076171875 113.01383972167969 344.4656982421875 91.97095489501953
559.9068603515625 305.06024169921875 569.8590087890625 320.4443054199219
356.07598876953125 241.9957275390625 355.0086975097656 222.99951171875
346.335205078125 345.9100646972656 363.3610534667969 409.36651611328125
441.20672607421875 187.00181579589844 441.3730773925781 167.9945068359375
799.1267700195312 10.21802806854248 741.91357421875 13.487448692321777
206.41587829589844 128.9512481689453 203.7289276123047 106.03177642822266
332.94451904296875 91.92090606689453 334.71160888671875 113.0241470336914
408.6086730957031 359.6177062988281 418.312744140625 400.4503479003906
543.3021240234375 228.00148010253906 543.3561401367188 216.99192810058594
1.090394377708435 83.97762298583984 25.155982971191406 181.2089080810547
430.5469055175781 229.0292205810547 431.775634765625 248.0789794921875
799.1734008789062 347.62237548828125 684.2322998046875 333.1545715332031
154.9949493408203 430.1213073730469 225.99688720703125 433.07489013671875
141.48870849609375 416.60009765625 229.83702087402344 429.1475830078125
402.9620666503906 407.0704040527344 429.0410461425781 406.005859375
425.2508850097656 90.96221160888672 425.88653564453125 112.00342559814453
679.7761840820312 253.13653564453125 677.9187622070312 277.30120849609375
227.79220581054688 269.91864013671875 225.64785766601562 249.03616333007812
300.0388488769531 552.146728515625 218.21356201171875 573.8067626953125
344.0750427246094 222.8942413330078 345.7698669433594 240.1210174560547
449.1401062011719 161.37860107421875 417.8534851074219 164.5583038330078
657.5529174804688 380.8892822265625 651.4306640625 405.6113586425781
669.615966796875 405.0039367675781 669.88525390625 362.999267578125
665.2468872070312 519.8339233398438 602.1520385742188 538.5135498046875
254.9767303466797 427.6091003417969 284.0522766113281 425.8782043457031
393.06500244140625 528.2498779296875 311.1451721191406 549.55810546875
417.65777587890625 590.799072265625 388.0659484863281 599.2314453125
619.0093383789062 435.5593566894531 579.9844970703125 434.73345947265625
636.850341796875 237.59324645996094 657.7798461914062 242.87281799316406
545.0000610351562 331.02435302734375 568.0020751953125 330.9758605957031
731.349365234375 24.833234786987305 737.8613891601562 -0.5733988285064697
163.91409301757812 218.42974853515625 157.22328186035156 185.95399475097656
272.2182312011719 0.8647748231887817 303.6385498046875 283.9291076660156
449.4507141113281 183.84222412109375 447.19354248046875 163.08770751953125
692.302978515625 533.771240234375 673.8856201171875 517.1265258789062
678.162841796875 515.609130859375 729.004150390625 502.0155029296875
121.45733642578125 435.69647216796875 80.49069213867188 422.5921936035156
536.5989990234375 599.2721557617188 517.5971069335938 571.2734375
529.4573974609375 237.99899291992188 529.42236328125 257.00262451171875
545.9422607421875 87.53582000732422 531.9620361328125 87.01022338867188
747.0973510742188 433.4615783691406 639.1904296875 413.9471130371094
5.166353225708008 561.7130737304688 0.35617199540138245 542.1583862304688
477.083740234375 512.3053588867188 508.9549560546875 562.0288696289062
757.0505981445312 163.64207458496094 742.9803466796875 164.75064086914062
756.97314453125 296.4498291015625 776.9615478515625 297.643798828125
211.96505737304688 65.14886474609375 242.16665649414062 275.119873046875
542.9481811523438 237.66107177734375 529.9496459960938 236.64239501953125
225.3686981201172 321.42626953125 237.18116760253906 311.20947265625
41.1843376159668 252.62889099121094 97.99333190917969 235.9772491455078
529.4656982421875 215.9990692138672 529.4464721679688 227.00253295898438
797.9777221679688 395.81646728515625 791.3238525390625 432.87860107421875
637.0608520507812 413.66802978515625 574.1591186523438 402.1324462890625
654.8663940429688 215.5060272216797 641.064697265625 219.23927307128906
179.78343200683594 370.6081237792969 144.92840576171875 389.8704528808594
285.4242248535156 341.9011535644531 367.5614318847656 326.63958740234375
374.7869873046875 409.9227600097656 373.2220764160156 393.97821044921875
570.01318359375 438.365478515625 549.9310302734375 439.0908203125
334.1335754394531 414.373291015625 317.7291259765625 420.24298095703125
798.9757690429688 443.1274108886719 753.8956909179688 434.54815673828125
332.21490478515625 424.2043762207031 373.78363037109375 416.7873229980469
745.9767456054688 53.497833251953125 799.0018920898438 51.04148483276367
274.33843994140625 305.7451477050781 339.6875 292.46258544921875
746.2230834960938 200.0884246826172 750.1920776367188 190.0761260986328
37.17261505126953 448.9491271972656 6.366275787353516 344.4184875488281
315.0840148925781 414.1852111816406 303.7038269042969 419.3470153808594
546.0904541015625 488.3472595214844 520.0352783203125 495.1354064941406
555.0919799804688 433.8849792480469 570.9838256835938 435.1961669921875
467.87774658203125 508.53936767578125 438.1161804199219 516.4378051757812
592.0127563476562 192.3270263671875 577.9561157226562 192.8756103515625
744.9733276367188 533.4788208007812 799.08740234375 530.7068481445312
763.6541748046875 599.3727416992188 745.466064453125 582.4976806640625
498.9786682128906 322.1628723144531 520.9644165039062 321.6026611328125
725.2410278320312 87.81961059570312 739.9379272460938 25.98524284362793
615.8291625976562 242.80764770507812 613.8272705078125 275.8075256347656
799.0079345703125 80.79582214355469 785.9893188476562 80.92520904541016
343.9952392578125 91.53144836425781 333.9870910644531 91.44184112548828
358.97430419921875 407.8643798828125 345.8759765625 410.3451232910156
750.9945678710938 189.45074462890625 767.0042724609375 189.64427185058594
459.0025939941406 305.9734802246094 538.0314331054688 313.6776123046875
726.9954223632812 118.4093017578125 732.0425415039062 93.8036117553711
504.62835693359375 189.013427734375 504.0830993652344 173.9247283935547
630.7772827148438 578.3035888671875 607.6134643554688 552.4503784179688
663.1190795898438 233.74827575683594 637.1637573242188 231.27894592285156
798.9498291015625 163.3214874267578 761.9664306640625 162.8919219970703
334.1910400390625 309.70001220703125 337.8137512207031 299.9309387207031
799.4105834960938 378.1519470214844 671.3333740234375 359.6876220703125
671.9242553710938 538.846923828125 731.9280395507812 534.9049682617188
98.91394805908203 223.54830932617188 70.01041412353516 229.05467224121094
233.60670471191406 309.50146484375 216.5100555419922 325.39752197265625
483.0659484863281 186.09927368164062 498.0588073730469 187.19696044921875
544.8510131835938 188.80393981933594 574.9758911132812 191.29164123535156
720.2820434570312 129.2058563232422 716.7376708984375 151.27902221679688
6.723964691162109 376.8160400390625 0.9307276606559753 354.0176086425781
443.8929443359375 190.77194213867188 459.8676452636719 182.72171020507812
615.99951171875 155.02362060546875 391.03399658203125 150.36007690429688
261.3590393066406 336.4855041503906 268.6531066894531 355.75274658203125
213.0102996826172 334.0499267578125 242.00421142578125 334.2031555175781
266.16119384765625 357.93359375 257.9565124511719 338.0179138183594
435.9756774902344 516.9061279296875 397.9383544921875 526.7621459960938
304.0964050292969 284.1419982910156 337.1288146972656 287.8536682128906
677.21044921875 340.559814453125 799.3779907226562 358.4134216308594
507.9587707519531 187.58750915527344 520.0380249023438 186.380126953125
342.9320373535156 289.5423889160156 458.00469970703125 303.96246337890625
387.23126220703125 325.18170166015625 390.74798583984375 340.0595703125
661.8892822265625 282.0654296875 633.8626098632812 280.56298828125
743.7081909179688 436.976806640625 726.0072021484375 442.025146484375
0.8922225832939148 269.720947265625 9.534220695495605 266.3831787109375
242.71253967285156 333.67706298828125 253.2580108642578 324.28985595703125
730.57470703125 537.83154296875 723.3262939453125 599.15673828125
268.63983154296875 380.6234436035156 259.5880432128906 365.242431640625
595.017822265625 545.244384765625 649.0946044921875 541.296142578125
401.99945068359375 308.86505126953125 452.0026550292969 308.6669006347656
266.3045349121094 362.8868103027344 272.585205078125 379.782470703125
738.9505615234375 599.1320190429688 743.2888793945312 535.01953125
526.9466552734375 549.3179321289062 570.9901123046875 545.8738403320312
