103
102.75911712646484 254.94456481933594 57.81775665283203 265.20147705078125
392.994384765625 290.8382873535156 294.904296875 294.2395324707031
222.36972045898438 507.9753112792969 218.83444213867188 455.01104736328125
354.3598327636719 55.2343635559082 172.10574340820312 108.36276245117188
70.02600860595703 117.43134307861328 0.9755858778953552 121.59512329101562
143.9098358154297 245.60244750976562 105.82752990722656 254.23956298828125
296.075439453125 291.79888916015625 256.9346008300781 293.4403991699219
291.81402587890625 266.6111755371094 296.3809509277344 287.9183349609375
135.0266876220703 113.49449920654297 122.0106201171875 114.19686126708984
71.4058837890625 334.123779296875 2.650239944458008 355.89544677734375
244.0928192138672 232.97811889648438 381.0928039550781 219.97813415527344
291.9322204589844 292.634033203125 331.07135009765625 285.38519287109375
376.04400634765625 185.99276733398438 389.407958984375 267.26177978515625
57.21607208251953 267.94403076171875 145.185302734375 247.8096160888672
328.9178161621094 253.0958251953125 332.1120300292969 289.16717529296875
354.8192443847656 217.8578643798828 348.4413757324219 181.096923828125
157.04776000976562 445.79571533203125 153.35989379882812 499.0940856933594
188.55615234375 527.63134765625 1.3733478784561157 550.1090698242188
332.9214782714844 290.2865905761719 349.8267822265625 288.4261474609375
407.2576904296875 444.7187194824219 309.00433349609375 490.17108154296875
361.0203857421875 597.6902465820312 434.21240234375 542.947021484375
325.3295593261719 258.76348876953125 291.2128601074219 265.1390380859375
350.9075622558594 288.026611328125 341.4850158691406 255.28485107421875
104.162109375 258.219482421875 136.85906982421875 383.03692626953125
163.09376525878906 448.9834899902344 162.47923278808594 519.9782104492188
216.96273803710938 464.9856262207031 216.4076385498047 505.01953125
0.8205831050872803 201.80767822265625 88.10140991210938 188.67391967773438
198.13990783691406 171.74343872070312 364.2784118652344 140.4794158935547
10.207127571105957 344.7403869628906 51.75313949584961 333.1175842285156
439.14593505859375 570.9407348632812 404.1359558105469 599.1686401367188
0.7001011371612549 281.7190246582031 54.275352478027344 269.1761169433594
55.66304397583008 266.09210205078125 39.03697204589844 205.26321411132812
62.478302001953125 544.4488525390625 234.930908203125 510.7662048339844
262.9718933105469 289.8849792480469 292.43377685546875 282.6835632324219
404.9270324707031 552.7406616210938 312.56134033203125 601.9317016601562
53.455623626708984 270.4311828613281 71.26140594482422 334.2062072753906
96.22809600830078 224.16639709472656 102.71892547607422 254.2761688232422
150.74835205078125 503.05419921875 154.63040161132812 521.07958984375
283.2183837890625 193.73898315429688 287.5783386230469 214.09033203125
390.72076416015625 272.044189453125 396.42681884765625 308.0907287597656
296.7413635253906 213.21389770507812 293.1603698730469 192.1427001953125
364.17529296875 182.7998504638672 367.9854736328125 205.1727752685547
401.6765441894531 336.05169677734375 416.076171875 426.14764404296875
83.14331817626953 247.21221923828125 78.3618392944336 227.91036987304688
159.54930114746094 519.9945068359375 160.41940307617188 448.9683837890625
277.93597412109375 254.190673828125 282.9530334472656 282.1876220703125
64.81098937988281 229.7757568359375 70.7022933959961 251.0823211669922
116.8288345336914 377.8034973144531 112.4044189453125 359.1412048339844
256.6280822753906 293.86785888671875 243.9874725341797 233.79222106933594
45.40345764160156 233.8993377685547 53.15382385253906 264.96160888671875
216.53253173828125 202.88568115234375 220.65158081054688 222.0747833251953
14.080464363098145 415.2562255859375 8.73532485961914 396.0737609863281
373.24505615234375 170.11932373046875 374.96575927734375 181.0054168701172
389.41748046875 330.749267578125 392.99945068359375 351.0000915527344
52.06990051269531 332.97906494140625 43.08050537109375 302.97589111328125
405.7926025390625 0.3743411600589752 351.4643859863281 18.384319305419922
0.9123074412345886 535.5462036132812 69.93376159667969 537.92333984375
160.26016235351562 116.1672592163086 221.46339416503906 386.8952331542969
309.5885925292969 327.8812561035156 313.46697998046875 347.1075134277344
351.99639892578125 281.2050476074219 363.028076171875 281.3984069824219
111.33384704589844 428.598876953125 130.0821533203125 418.1473693847656
174.56858825683594 445.7990417480469 255.78062438964844 429.8807678222656
398.5224609375 510.7747802734375 404.8995056152344 440.6272277832031
322.8326416015625 348.0302429199219 319.2376403808594 328.1377868652344
228.35450744628906 220.9338836669922 224.6488494873047 201.06549072265625
183.23001098632812 509.71954345703125 169.69509887695312 514.0462036132812
541.9786987304688 568.0824584960938 438.64703369140625 541.3651123046875
109.50457000732422 444.4732666015625 145.403564453125 432.1783447265625
354.1732177734375 56.13814163208008 370.88922119140625 156.1855926513672
313.8336486816406 285.20635986328125 310.4525451660156 266.09686279296875
327.5451354980469 280.2112121582031 324.61907958984375 260.0552978515625
243.05352783203125 325.98748779296875 247.0762176513672 343.2156982421875
254.6487274169922 343.0724792480469 251.12118530273438 325.9750061035156
413.7629089355469 428.8855895996094 435.1011047363281 530.9788818359375
0.8664289116859436 2.990685224533081 113.96114349365234 10.579119682312012
276.5025634765625 444.09674072265625 275.2758483886719 425.11138916015625
343.11968994140625 413.0050048828125 381.10296630859375 415.28363037109375
430.1098937988281 547.098876953125 409.911865234375 549.1187133789062
410.63995361328125 439.9246826171875 406.7471923828125 510.2075500488281
127.55120086669922 416.1700744628906 106.34485626220703 427.6377258300781
436.6374206542969 545.06201171875 445.89825439453125 599.1884765625
398.54241943359375 320.8918762207031 400.3825378417969 330.1230773925781
411.604248046875 507.0710754394531 418.197265625 543.7849731445312
378.98077392578125 245.75631713867188 284.7780456542969 253.1858673095703
352.6383972167969 21.90437126159668 419.6049499511719 -0.1969829797744751
221.11695861816406 388.020751953125 400.0724182128906 409.3935241699219
180.59420776367188 411.4463195800781 244.66375732421875 394.7126159667969
665.7393188476562 599.9954833984375 544.9078979492188 568.3516845703125
436.7025451660156 535.15673828125 692.5032348632812 600.931884765625
264.0058898925781 434.00140380859375 261.1371765136719 446.03271484375
5.524495601654053 490.8936462402344 105.53205108642578 447.9112243652344
409.0979309082031 549.0325927734375 409.7513122558594 506.9805908203125
404.0116882324219 429.3168640136719 416.0321960449219 428.873779296875
369.7176818847656 281.3107604980469 366.4090576171875 267.65850830078125
151.94134521484375 492.7434997558594 146.0157012939453 470.9957275390625
380.9951477050781 418.1338195800781 352.95947265625 417.1147155761719
411.4295349121094 464.8547668457031 413.8304748535156 438.891845703125
421.0936584472656 542.3228149414062 435.81219482421875 544.3582153320312
278.67767333984375 424.9679260253906 279.52996826171875 442.97491455078125
151.74571228027344 465.03045654296875 149.56422424316406 446.81268310546875
344.6011047363281 0.6668201088905334 349.4376220703125 23.908931732177734
172.28240966796875 466.909423828125 182.33404541015625 498.25146484375
0.6474575400352478 499.5726623535156 13.121442794799805 496.49169921875
