163
625.9813232421875 264.03802490234375 779.0067749023438 263.0717468261719
756.8718872070312 264.92974853515625 388.0466003417969 287.75286865234375
550.9902954101562 0.9427962899208069 226.81454467773438 55.81243896484375
762.114990234375 125.34217834472656 741.0979614257812 127.1430435180664
799.1500244140625 262.51959228515625 764.9893798828125 265.8924865722656
792.8949584960938 68.18961334228516 712.9420776367188 78.55302429199219
306.06561279296875 132.51654052734375 799.1112670898438 69.87599182128906
228.79351806640625 57.698974609375 563.0428466796875 1.2537171840667725
777.0179443359375 254.77159118652344 629.9852905273438 255.7219696044922
580.1134643554688 209.8054656982422 594.1173706054688 207.83323669433594
378.1271667480469 210.42002868652344 799.154052734375 172.7203826904297
607.1370239257812 142.373291015625 589.1168823242188 144.17132568359375
761.635986328125 154.0607452392578 762.6783447265625 125.9880599975586
472.85888671875 183.08883666992188 470.9061584472656 158.00730895996094
637.7672729492188 174.96656799316406 634.3707885742188 97.02742004394531
589.1259765625 144.9302520751953 590.8035278320312 172.01217651367188
127.80890655517578 430.30511474609375 216.82354736328125 367.7489013671875
224.74716186523438 45.31576919555664 481.96282958984375 0.7852408289909363
576.3070678710938 357.0462951660156 577.4075317382812 325.97900390625
73.20233917236328 556.0780029296875 118.73150634765625 516.6896362304688
712.143798828125 78.0010986328125 712.4947509765625 32.01140594482422
760.8460693359375 339.0157775878906 761.3317260742188 312.9875183105469
789.93896484375 355.9754333496094 788.7340698242188 408.0169982910156
216.9788360595703 19.00374984741211 305.90020751953125 520.8405151367188
489.0706787109375 346.99334716796875 486.8009948730469 322.9244689941406
41.649776458740234 440.425537109375 93.4974594116211 408.8159484863281
249.19415283203125 500.17132568359375 167.1572723388672 593.1387939453125
222.97445678710938 370.9639892578125 129.49099731445312 437.2825012207031
269.6384582519531 528.718505859375 214.19532775878906 599.9306640625
465.9954528808594 277.8741455078125 422.9793701171875 279.4292297363281
630.2979125976562 4.989068508148193 632.9771728515625 78.00083923339844
710.383544921875 32.99275207519531 709.8427734375 78.99815368652344
617.364013671875 343.02685546875 616.3070068359375 317.9870300292969
575.72021484375 361.85595703125 586.218994140625 487.2328796386719
792.3731689453125 71.9901351928711 790.8622436523438 167.98208618164062
616.0455932617188 317.5608825683594 599.0308837890625 318.0578308105469
645.4816284179688 355.88787841796875 640.0357055664062 283.921630859375
709.6699829101562 82.01106262207031 710.4435424804688 175.012939453125
714.6090698242188 355.9857177734375 715.5230712890625 394.98773193359375
761.3529052734375 300.0070495605469 761.6327514648438 285.9727478027344
351.9918518066406 430.7373352050781 457.0121765136719 431.89923095703125
713.1417846679688 275.998291015625 713.9441528320312 342.00067138671875
740.997314453125 98.99124908447266 741.0674438476562 114.99532318115234
226.6387481689453 394.54205322265625 137.61021423339844 464.7735290527344
348.92974853515625 598.8349609375 298.5947570800781 534.316162109375
501.0096435546875 360.3229675292969 452.9629211425781 361.759033203125
761.943603515625 112.05438232421875 762.87255859375 95.93502807617188
119.42340850830078 519.4921264648438 74.85839080810547 557.8353881835938
143.32640075683594 471.1614990234375 222.1001434326172 407.8798522949219
224.0847930908203 410.1045227050781 146.10638427734375 473.3638000488281
420.975830078125 282.3373107910156 467.9862976074219 280.6237487792969
598.8281860351562 318.9114990234375 599.9964599609375 343.048583984375
741.2958984375 127.9994125366211 741.2723999023438 156.00106811523438
786.9121704101562 167.0808868408203 730.9454345703125 172.42929077148438
165.88755798339844 585.0012817382812 244.4440155029297 497.5008544921875
351.85516357421875 196.0197296142578 348.4574890136719 171.07388305664062
469.4853820800781 145.14271545410156 468.15142822265625 130.98573303222656
213.84791564941406 362.7765808105469 131.7646026611328 418.6542053222656
373.2413330078125 348.1036682128906 370.3507385253906 326.9520568847656
713.1043701171875 174.00399780273438 712.6979370117188 82.99687957763672
526.7662353515625 490.02490234375 509.5273132324219 328.1568298339844
530.0081787109375 274.080322265625 545.0560913085938 272.5521240234375
575.9456176757812 271.3343811035156 602.9288330078125 269.12921142578125
636.040283203125 508.0224304199219 324.9914245605469 495.2083435058594
59.72774887084961 294.20843505859375 22.950958251953125 306.857421875
31.82375144958496 38.71373748779297 177.92396545410156 53.73933029174805
450.01336669921875 361.89276123046875 397.9801330566406 362.6712341308594
548.115234375 570.8460083007812 496.7197265625 532.3744506835938
608.62060546875 170.0107879638672 607.852294921875 143.0041961669922
225.61585998535156 53.6279182434082 538.9058837890625 0.4455406367778778
244.78286743164062 60.1993293762207 257.2176513671875 136.1281280517578
300.6104431152344 533.518310546875 350.4329528808594 596.6583862304688
454.118408203125 159.8818359375 456.879150390625 186.0127716064453
715.8441772460938 349.0110168457031 715.137939453125 274.9891357421875
463.7337341308594 599.279296875 387.9605712890625 527.0413208007812
470.99884033203125 323.892822265625 473.3783874511719 346.06671142578125
643.4509887695312 360.9778747558594 645.51025390625 402.9749755859375
741.474853515625 286.9944763183594 741.3273315429688 301.01397705078125
93.54727172851562 411.8981018066406 42.58169937133789 442.95458984375
224.21820068359375 300.3454284667969 268.4138488769531 528.3074951171875
761.0300903320312 312.3720397949219 742.0172729492188 312.7889404296875
776.119873046875 244.68017578125 730.0777587890625 246.73902893066406
0.26945221424102783 571.2186889648438 8.701933860778809 599.3885498046875
729.916748046875 240.20408630371094 775.9568481445312 238.06935119628906
177.16232299804688 55.16121292114258 222.97293090820312 293.1976623535156
333.6489562988281 173.04989624023438 337.07232666015625 197.13186645507812
479.0263366699219 4.150615692138672 351.0914306640625 26.522804260253906
551.9019775390625 571.1328125 589.8822021484375 599.15966796875
741.4430541992188 313.0029296875 741.580322265625 339.0022277832031
388.93707275390625 525.0664672851562 467.00372314453125 598.99609375
424.015869140625 271.28790283203125 467.05047607421875 268.9157409667969
540.8824462890625 301.7410888671875 512.8154907226562 315.6270751953125
289.20562744140625 38.92772674560547 225.39820861816406 45.73344802856445
258.1732177734375 140.14019775390625 295.82708740234375 362.1988830566406
420.12109375 566.2593383789062 356.0779724121094 596.1669311523438
466.93499755859375 265.97283935546875 424.9134216308594 268.6317443847656
583.0031127929688 555.006103515625 555.924560546875 568.8524169921875
793.8193969726562 167.01197814941406 795.2225341796875 71.00325012207031
213.6636199951172 304.07208251953125 218.59629821777344 327.0865173339844
397.0392150878906 242.10252380371094 400.3212585449219 272.8590087890625
484.1361389160156 20.988704681396484 490.357421875 95.97034454345703
555.0335693359375 6.941914081573486 559.587158203125 87.96700286865234
615.5894775390625 306.9954833984375 615.48193359375 292.9963073730469
22.7324275970459 8.817012786865234 98.74455261230469 313.0638122558594
348.0171813964844 27.096036911010742 291.0522766113281 37.29207992553711
496.9502258300781 530.0673217773438 550.3382568359375 569.5425415039062
210.09237670898438 175.98260498046875 186.576904296875 51.07965850830078
210.81155395507812 36.26033401489258 22.827619552612305 8.152883529663086
218.6697540283203 599.5213623046875 271.6297302246094 531.490234375
279.3422546386719 417.937744140625 210.08404541015625 37.166603088378906
356.183349609375 327.8294982910156 359.24932861328125 349.108154296875
493.0726013183594 599.139892578125 544.669189453125 572.362548828125
123.27030944824219 -0.3467211425304413 216.71707153320312 18.40961265563965
585.7821044921875 599.2907104492188 550.413818359375 572.7821044921875
11.42512321472168 599.177490234375 0.3200226426124573 563.2099609375
370.0542907714844 326.3572082519531 357.0351257324219 326.8780212402344
576.5318603515625 201.93336486816406 573.40234375 270.882080078125
597.9602661132812 266.3829040527344 579.970458984375 267.5414123535156
637.355224609375 440.0057067871094 637.0804443359375 409.0081481933594
497.17401123046875 190.16448974609375 490.5868225097656 117.03721618652344
780.8966674804688 261.0738525390625 780.2169189453125 250.91854858398438
224.03427124023438 323.9949951171875 220.6763153076172 301.04736328125
463.9985656738281 432.2431945800781 505.0030212402344 432.4826965332031
81.40811157226562 599.1630859375 -2.41060209274292 294.9396667480469
242.205078125 343.9609375 210.97445678710938 180.00486755371094
471.07733154296875 255.15904235839844 417.9136962890625 258.7068176269531
222.780029296875 277.8495788574219 193.47764587402344 125.90788269042969
708.9521484375 79.62545776367188 686.070068359375 82.54846954345703
100.15657806396484 309.7194519042969 53.38676834106445 116.90618133544922
487.0224914550781 322.1557312011719 472.0086975097656 322.4477844238281
793.3662719726562 35.98846435546875 792.7840576171875 67.97786712646484
645.7886352539062 551.303466796875 639.86328125 469.0819091796875
545.200927734375 574.38671875 497.177490234375 599.341552734375
262.95037841796875 485.81597900390625 228.90835571289062 310.01776123046875
469.4522399902344 280.0730285644531 473.1478576660156 257.1853332519531
551.1856079101562 569.3677978515625 594.6998291015625 547.4053344726562
664.7555541992188 455.2784118652344 730.8693237304688 533.4916381835938
688.8554077148438 426.6722106933594 713.8853149414062 423.94659423828125
184.85333251953125 51.38095474243164 31.87961196899414 35.133487701416016
296.051025390625 528.1141967773438 282.9217834472656 527.3577880859375
147.7909698486328 599.301025390625 -0.3357790410518646 4.332563400268555
192.8018341064453 122.85228729248047 187.29258728027344 92.94609832763672
354.336669921875 594.5497436523438 401.0777587890625 573.1700439453125
550.9017333984375 360.5890197753906 522.3613891601562 355.8288879394531
584.1109008789062 516.816162109375 645.195068359375 553.6766967773438
30.76972198486328 20.724227905273438 158.03721618652344 37.721343994140625
710.9841918945312 417.6432189941406 798.9955444335938 416.619384765625
783.4201049804688 567.5869140625 799.510009765625 583.4838256835938
605.4739990234375 267.9129943847656 594.6384887695312 208.88279724121094
566.208251953125 350.3786315917969 550.8921508789062 358.803955078125
42.04941177368164 210.2313232421875 62.465816497802734 294.1300048828125
259.4884948730469 134.91802978515625 250.10340881347656 78.98265075683594
455.0021667480469 433.7916259765625 354.0027160644531 432.7400207519531
500.9925231933594 0.9183297753334045 481.96905517578125 2.6626498699188232
585.3173828125 238.00027465820312 585.3377685546875 213.9994354248047
102.9029312133789 288.0220642089844 89.03052520751953 226.99305725097656
46.03182601928711 16.7766170501709 27.831369400024414 14.18363094329834
485.9989013671875 433.9373474121094 464.00579833984375 434.3272705078125
758.9794311523438 235.43569946289062 726.9854736328125 236.6008758544922
790.4302368164062 347.0128479003906 791.5957641601562 308.017822265625
619.965576171875 278.3348083496094 575.9799194335938 280.6117858886719
505.0 434.0 488.0 434.0
706.1063232421875 430.1409606933594 692.9367065429688 428.5113220214844
