229
532.5601196289062 157.98785400390625 531.3989868164062 200.03863525390625
548.0560913085938 262.175048828125 524.5817260742188 269.6941833496094
524.411376953125 268.22210693359375 547.1871948242188 260.55609130859375
66.8210678100586 47.0456428527832 27.87761688232422 54.34727096557617
542.1791381835938 428.6100158691406 523.98583984375 433.9517517089844
110.17073059082031 547.6134643554688 9.86888313293457 575.5288696289062
119.82132720947266 481.29827880859375 30.97943878173828 503.91925048828125
409.8547668457031 103.00895690917969 405.22332763671875 27.924541473388672
548.6780395507812 238.9882049560547 549.2294311523438 223.93515014648438
449.58465576171875 251.0089569091797 450.8262634277344 169.99732971191406
407.0497741699219 99.37223815917969 253.06710815429688 96.45612335205078
402.62188720703125 31.024141311645508 407.02972412109375 100.06195068359375
529.0274658203125 502.0910949707031 454.8371276855469 524.4597778320312
286.2321472167969 61.04286575317383 288.0780029296875 94.1072998046875
154.33851623535156 473.3706359863281 120.19818878173828 481.8024597167969
44.58323669433594 122.48210144042969 0.6038950681686401 134.55734252929688
140.0854949951172 285.4580383300781 231.08811950683594 268.4720764160156
304.99896240234375 93.00023651123047 298.0176086425781 62.313480377197266
439.9902038574219 530.9667358398438 511.0143737792969 510.04876708984375
121.35646057128906 440.9621276855469 124.5924301147461 385.97601318359375
249.1415252685547 70.80168151855469 252.66085815429688 91.05892181396484
235.94688415527344 270.2034606933594 387.68841552734375 208.127197265625
552.0299682617188 212.8116455078125 544.5186157226562 131.8590850830078
548.0693359375 222.36920166015625 480.22918701171875 214.91432189941406
547.9047241210938 335.9954833984375 545.3482666015625 389.9691467285156
164.73895263671875 256.050048828125 158.6085205078125 224.07505798339844
459.697998046875 236.9578094482422 453.83306884765625 0.9544466137886047
551.95263671875 101.29329681396484 494.9924011230469 99.20765686035156
497.93902587890625 155.2736053466797 533.0022583007812 156.95248413085938
0.7237595319747925 62.6197624206543 67.068359375 49.341575622558594
316.2308044433594 26.971834182739258 313.04571533203125 0.8723845481872559
757.74658203125 554.6199340820312 659.75244140625 565.671630859375
785.8475952148438 499.69915771484375 776.5363159179688 537.6227416992188
201.0293426513672 35.376251220703125 403.0440979003906 31.068809509277344
523.8470458984375 435.4638366699219 541.8117065429688 430.33990478515625
550.556884765625 480.9583740234375 557.7838134765625 443.19317626953125
25.228776931762695 507.89447021484375 156.58740234375 474.2966003417969
288.97735595703125 94.38089752197266 303.9573059082031 93.83301544189453
544.425537109375 388.7032775878906 517.246826171875 383.66766357421875
508.41827392578125 389.82171630859375 543.8788452148438 396.6309814453125
338.66644287109375 561.9059448242188 384.93878173828125 547.7991943359375
222.57455444335938 268.59814453125 212.20004272460938 227.94894409179688
387.4129943847656 210.5218048095703 369.046142578125 225.0583038330078
556.0963134765625 0.9803145527839661 554.7232055664062 64.01575469970703
407.1649475097656 27.9277286529541 411.8229675292969 103.010986328125
495.999755859375 50.56817626953125 553.9998779296875 50.57737731933594
534.454833984375 63.89772033691406 533.0842895507812 98.00338745117188
657.9942626953125 172.08433532714844 554.99658203125 165.05007934570312
797.7610473632812 506.10845947265625 783.0936279296875 542.6434326171875
8.160820960998535 578.5810546875 88.12458801269531 556.4501342773438
269.7674560546875 0.904972493648529 273.3795166015625 30.076828002929688
553.0242309570312 44.19459533691406 493.9673767089844 45.393611907958984
517.5838623046875 381.5704040527344 543.6996459960938 373.9681091308594
533.0101318359375 99.15696716308594 553.1200561523438 97.85706329345703
747.6912231445312 563.0143432617188 791.4629516601562 522.76611328125
275.337646484375 28.952917098999023 271.4313049316406 0.939857542514801
340.7162170410156 17.02434539794922 339.3316955566406 0.8857539296150208
516.0507202148438 239.93702697753906 459.0849914550781 237.218994140625
560.3425903320312 443.3997497558594 579.3677368164062 427.0953369140625
685.1030883789062 354.8747863769531 709.5231323242188 179.9334259033203
164.86610412597656 220.83749389648438 175.02723693847656 274.9949035644531
232.65940856933594 593.9065551757812 276.7430725097656 580.1751098632812
460.8746643066406 390.866943359375 504.0158996582031 393.7633972167969
538.1170654296875 206.2540283203125 494.0469665527344 203.29946899414062
709.7814331054688 176.9698486328125 734.0701293945312 0.8717432618141174
4.542501926422119 579.9089965820312 0.7552316784858704 598.9512939453125
15.66650676727295 533.9193725585938 5.060591220855713 577.7728271484375
126.89076232910156 386.0540771484375 123.61405944824219 440.0372619628906
175.10484313964844 276.7851257324219 164.2093963623047 220.76478576660156
25.772531509399414 53.76543426513672 17.03512191772461 24.989336013793945
464.65789794921875 588.176513671875 412.56341552734375 487.22528076171875
489.98931884765625 247.09231567382812 548.8961791992188 253.89877319335938
552.8790893554688 91.92842864990234 554.1509399414062 72.00963592529297
24.859140396118164 59.68242645263672 44.84138870239258 122.36932373046875
394.5035705566406 298.6934509277344 409.6491394042969 274.1658630371094
552.0623779296875 107.12732696533203 533.9405517578125 105.83168029785156
554.891357421875 167.70130920410156 707.0372314453125 177.41717529296875
791.07275390625 517.7885131835938 782.2476196289062 473.5516052246094
31.53338050842285 19.14041519165039 37.82616424560547 40.052310943603516
244.94149780273438 0.6675034761428833 248.4400177001953 21.095901489257812
347.28521728515625 599.2236938476562 311.8614807128906 486.0433654785156
258.6300354003906 20.05621337890625 255.69534301757812 0.7423951029777527
317.8088073730469 76.21245574951172 320.0868225097656 88.98451232910156
354.7149963378906 151.0291748046875 352.8603820800781 132.91192626953125
452.273681640625 263.052978515625 421.0186767578125 290.7654113769531
483.9953918457031 26.681018829345703 554.0241088867188 25.667407989501953
538.0717163085938 152.70962524414062 495.0378723144531 150.3182830810547
540.6403198242188 200.97210693359375 540.3114013671875 217.0063934326172
554.0227661132812 22.13930892944336 490.9880065917969 23.39977264404297
679.157958984375 400.881591796875 684.7705078125 360.9677429199219
280.1087341308594 64.78443908691406 249.14915466308594 69.0760269165039
551.2532958984375 147.0413818359375 552.4110107421875 111.98055267333984
0.6486854553222656 125.48043823242188 20.731225967407227 120.83746337890625
452.3896179199219 215.00474548339844 451.9638671875 250.01171875
547.2554321289062 298.0115966796875 548.02880859375 280.9559631347656
53.425106048583984 381.0978698730469 35.246944427490234 460.0568542480469
248.9688262939453 95.80802154541016 286.44219970703125 89.7232666015625
317.1976013183594 495.93804931640625 337.9183654785156 562.0255737304688
428.1807861328125 136.8964385986328 429.94451904296875 157.00486755371094
441.65753173828125 157.0176239013672 440.62811279296875 137.01914978027344
496.95965576171875 104.92134094238281 533.96435546875 105.69839477539062
773.9214477539062 535.080322265625 756.5894775390625 549.863525390625
210.1650848388672 457.1045837402344 201.13177490234375 384.9834899902344
212.6876678466797 94.86878204345703 201.58729553222656 36.69710922241211
776.4775390625 501.4995422363281 769.783203125 481.7347412109375
529.815185546875 500.4268798828125 505.7398376464844 466.1828918457031
374.9960021972656 95.86581420898438 397.03607177734375 95.20758819580078
494.206298828125 201.99656677246094 491.3219299316406 28.977962493896484
500.9648742675781 526.7460327148438 743.1320190429688 598.5547485351562
709.0365600585938 177.44178771972656 799.0435180664062 183.33572387695312
791.063232421875 483.7409973144531 796.284423828125 505.17431640625
55.136592864990234 0.7229559421539307 66.44933319091797 47.13422393798828
248.00791931152344 94.54691314697266 213.00350952148438 94.35598754882812
412.3731994628906 481.8086853027344 466.23779296875 586.8781127929688
753.6802978515625 486.0892639160156 759.4807739257812 506.86578369140625
0.8107838034629822 286.51470947265625 57.863990783691406 290.8075866699219
113.24999237060547 599.0134887695312 115.30213928222656 561.0162963867188
327.3605651855469 0.7978938817977905 329.91766357421875 18.012229919433594
339.08709716796875 565.9720458984375 349.63232421875 598.796875
479.5274963378906 215.98046875 476.77728271484375 0.9644764065742493
28.488983154296875 479.8830871582031 50.93751525878906 381.7569274902344
387.00274658203125 547.0093994140625 414.0399475097656 539.13720703125
48.53485870361328 38.12336730957031 42.93678665161133 17.016765594482422
548.9625244140625 334.2159118652344 799.0623168945312 377.6410217285156
798.9307250976562 380.3960876464844 551.7928466796875 337.18475341796875
202.4747772216797 381.07452392578125 206.84535217285156 411.88006591796875
358.416259765625 306.06512451171875 359.254150390625 274.9798889160156
541.7760009765625 260.5219421386719 532.2440185546875 256.4314270019531
598.8408813476562 408.87841796875 629.0833129882812 404.5871276855469
93.01795196533203 289.1257019042969 128.15814208984375 284.107421875
8.909245491027832 575.2006225585938 23.74907112121582 507.94464111328125
70.26233673095703 151.63096618652344 75.3919448852539 169.17776489257812
269.9139709472656 89.13367462158203 267.70166015625 71.15980529785156
639.4788208007812 551.7293701171875 578.1254272460938 510.25213623046875
756.4586181640625 544.5428466796875 766.2896118164062 535.2485961914062
272.2615051269531 354.91912841796875 282.4476623535156 387.861572265625
352.2047119140625 276.7899475097656 358.53192138671875 222.71124267578125
361.3253479003906 274.0672607421875 364.2073669433594 302.9793395996094
228.16905212402344 595.1080322265625 214.8936004638672 493.0138244628906
229.51651000976562 59.0726432800293 233.5718536376953 86.06432342529297
389.35247802734375 280.39306640625 368.26904296875 299.3000183105469
405.90570068359375 135.0013885498047 406.3034973144531 162.0396728515625
483.58477783203125 462.8570251464844 521.0886840820312 393.5071716308594
563.7938842773438 504.029296875 552.4786376953125 479.7767028808594
781.6228637695312 541.467529296875 772.60546875 547.8547973632812
85.11920928955078 166.2351531982422 80.30052185058594 148.18675231933594
207.10101318359375 413.98785400390625 212.03118896484375 454.9962463378906
221.08531188964844 522.989013671875 230.48277282714844 595.9378051757812
342.134765625 132.86204528808594 344.2297058105469 150.09364318847656
705.9984130859375 471.99273681640625 694.66455078125 474.45751953125
3.4355556964874268 599.2857666015625 7.455525875091553 579.0906982421875
117.43670654296875 551.9799194335938 115.75814056396484 599.0270385742188
120.73418426513672 455.9850769042969 119.38343048095703 480.02154541015625
120.37024688720703 510.01556396484375 121.42045593261719 485.0176696777344
130.36825561523438 0.6874328255653381 171.31423950195312 179.92822265625
377.0738525390625 304.6908874511719 357.8657531738281 306.7440185546875
365.5875244140625 219.64309692382812 356.91241455078125 278.2829284667969
514.0494995117188 461.715576171875 482.99066162109375 463.8649597167969
171.94442749023438 3.01230525970459 176.1891326904297 22.179569244384766
504.3944396972656 467.72320556640625 524.9583740234375 497.0292053222656
20.305227279663086 120.58740997314453 9.735368728637695 90.09172058105469
76.83168029785156 82.04613494873047 101.45375061035156 171.87562561035156
184.74478149414062 22.048755645751953 180.882568359375 1.8313989639282227
196.88401794433594 124.82176971435547 200.1791534423828 141.16549682617188
434.81634521484375 15.001535415649414 434.69921875 0.9857977032661438
0.4520043730735779 265.6489562988281 28.67595863342285 254.2010955810547
119.26665496826172 485.9540710449219 117.44961547851562 514.9655151367188
217.01882934570312 491.8662414550781 220.71705627441406 520.0371704101562
265.28277587890625 128.76124572753906 268.32843017578125 145.125
509.778076171875 393.2164611816406 464.8930969238281 463.21392822265625
208.7845458984375 142.04405212402344 205.2874755859375 124.94121551513672
333.5841979980469 326.7052001953125 355.3436279296875 369.82659912109375
449.06805419921875 303.15496826171875 470.3544616699219 293.80712890625
495.7038269042969 21.0119686126709 495.8444519042969 0.9918830990791321
657.229248046875 564.0731201171875 636.041259765625 558.8331909179688
83.2491226196289 225.86074829101562 115.17928314208984 216.61944580078125
706.5428466796875 220.07501220703125 687.747314453125 356.103271484375
306.8587646484375 87.91097259521484 318.01953125 88.73575592041016
121.96659088134766 480.0415954589844 123.04411315917969 455.00189208984375
663.0767822265625 445.1722412109375 649.0122680664062 443.86749267578125
84.02252960205078 212.04013061523438 98.08190155029297 204.14585876464844
219.90077209472656 90.19911193847656 248.0876007080078 86.70704650878906
494.51727294921875 101.01033782958984 494.25164794921875 140.001708984375
549.3862915039062 211.8899688720703 550.2727661132812 223.05772399902344
282.0771179199219 86.19817352294922 278.1618347167969 67.96524810791016
305.0108947753906 205.36395263671875 334.0096130371094 205.55703735351562
278.037841796875 194.51922607421875 351.05780029296875 200.26556396484375
190.63311767578125 150.07760620117188 159.29461669921875 1.9376754760742188
170.7666473388672 223.18963623046875 217.0291748046875 217.22630310058594
466.580322265625 0.9199110865592957 473.469970703125 222.89230346679688
472.2694396972656 221.51039123535156 514.6646118164062 226.09869384765625
754.918701171875 183.20791625976562 711.91162109375 180.31301879882812
235.81092834472656 232.04176330566406 232.3009796142578 216.15443420410156
124.3938217163086 245.20521545410156 118.91714477539062 229.02804565429688
471.00543212890625 296.0080871582031 441.9782409667969 315.4765625
24.8350887298584 250.5472869873047 80.14549255371094 230.39939880371094
235.8667755126953 214.87484741210938 238.1707000732422 230.83096313476562
21.93364906311035 264.55426025390625 0.8063788414001465 267.6993103027344
434.3291320800781 372.8382263183594 451.0334777832031 386.2076416015625
252.22604370117188 473.25262451171875 187.28147888183594 491.976318359375
449.330322265625 132.15428161621094 456.6726379394531 161.06735229492188
482.4241027832031 0.9969968795776367 482.37835693359375 25.002626419067383
483.51361083984375 33.99541473388672 483.36273193359375 50.00341796875
189.10337829589844 269.6332702636719 179.85997009277344 271.14227294921875
228.22474670410156 219.8069610595703 225.1775360107422 232.04420471191406
135.37940979003906 281.30645751953125 119.93603515625 250.03158569335938
354.9115295410156 88.06012725830078 376.014892578125 89.82146453857422
150.36380004882812 267.2471008300781 142.227783203125 246.29994201660156
323.9652404785156 90.2129898071289 320.9974365234375 75.79469299316406
702.9793090820312 175.2854766845703 662.0494384765625 172.3183135986328
400.00262451171875 56.35956954956055 234.98951721191406 57.56758499145508
729.384521484375 20.05146026611328 718.9532470703125 97.99374389648438
123.87921905517578 249.08763122558594 138.5272216796875 279.2585144042969
333.0473327636719 208.2650146484375 317.99188232421875 210.95455932617188
354.9859619140625 379.876220703125 399.09857177734375 374.8684387207031
464.0674743652344 464.6486511230469 408.1524658203125 470.4656066894531
457.1509094238281 0.9727296233177185 456.82904052734375 10.99450969696045
391.1659240722656 470.5686340332031 332.9708557128906 476.7245178222656
121.75389862060547 227.65696716308594 127.47822570800781 240.23741149902344
490.0376892089844 20.006380081176758 489.91162109375 0.9939559698104858
408.04339599609375 468.7431640625 463.81298828125 390.44232177734375
310.99188232421875 478.4020690917969 261.97149658203125 477.4128723144531
295.7086486816406 386.3346862792969 337.98907470703125 378.9375305175781
221.94662475585938 231.13027954101562 223.48809814453125 219.92955017089844
486.5045166015625 158.048583984375 490.9220275878906 203.10568237304688
451.9521789550781 385.96533203125 391.2908630371094 469.660400390625
416.0124816894531 374.2120056152344 434.94683837890625 373.0970153808594
333.4365539550781 473.22113037109375 417.3779296875 374.4712219238281
438.0838928222656 312.04205322265625 445.2997741699219 297.6489562988281
