127
86.57679748535156 506.4487609863281 55.12467575073242 546.875
94.02165985107422 580.0631713867188 112.86454772949219 573.6047973632812
769.232177734375 18.178428649902344 750.1539306640625 82.45204162597656
91.02714538574219 599.0914306640625 92.544189453125 582.0484619140625
799.0254516601562 90.78894805908203 571.02099609375 86.00033569335938
782.1503295898438 82.19923400878906 793.0064697265625 19.520736694335938
712.0552978515625 79.01005554199219 719.9127807617188 35.802284240722656
67.72581481933594 572.7967529296875 82.38287353515625 553.025146484375
0.10390689224004745 218.5271453857422 301.6480407714844 35.065147399902344
108.35077667236328 554.2604370117188 78.77666473388672 594.0916748046875
267.0224304199219 339.7693786621094 252.35214233398438 359.2649841308594
669.07568359375 27.692752838134766 656.2564086914062 84.60728454589844
775.197509765625 572.2544555664062 799.861572265625 553.1099853515625
84.94803619384766 550.3261108398438 97.19756317138672 531.2047119140625
94.96060943603516 582.9967041015625 93.6113052368164 599.0513916015625
324.7977294921875 191.8208770751953 278.3304443359375 244.29263305664062
302.4060974121094 35.080989837646484 322.7374267578125 184.17218017578125
181.52865600585938 46.005367279052734 201.77340698242188 36.411624908447266
322.9387512207031 184.0399169921875 -0.5424717664718628 541.6045532226562
570.5095825195312 86.11164855957031 576.8110961914062 0.9120659232139587
112.88473510742188 575.673583984375 94.42133331298828 582.1931762695312
207.10902404785156 325.0958251953125 123.8275146484375 419.848388671875
275.9319152832031 246.93972778320312 215.33285522460938 315.4095458984375
118.90705871582031 424.91796875 0.7653865218162537 558.79296875
183.70578002929688 55.41944885253906 205.25318908691406 44.49959182739258
799.0271606445312 97.83951568603516 566.9903564453125 92.41098022460938
708.9255981445312 150.28662109375 685.9446411132812 148.95785522460938
728.4661865234375 418.26507568359375 802.2493896484375 488.59088134765625
711.8310546875 134.9688262939453 715.3211059570312 116.05925750732422
750.50830078125 599.4345703125 767.988037109375 578.9898071289062
158.0536346435547 266.27667236328125 -0.11004612594842911 393.6213073730469
299.0205383300781 369.9962158203125 276.6336975097656 248.0672607421875
351.65008544921875 207.9829864501953 351.048583984375 184.9987335205078
661.02734375 83.20759582519531 723.0214233398438 83.81483459472656
718.0014038085938 34.59274673461914 673.00146484375 34.54758071899414
684.72802734375 149.95321655273438 679.5446166992188 180.09365844726562
690.5302124023438 115.91100311279297 687.0654907226562 134.2018280029297
702.443115234375 182.8879852294922 708.9013671875 150.77902221679688
790.10302734375 18.289339065551758 773.886962890625 19.585407257080078
253.06027221679688 358.9870300292969 261.68255615234375 399.06829833984375
205.0816650390625 36.74955749511719 196.7635040283203 0.8232228755950928
240.64744567871094 55.88228988647461 230.6480255126953 0.8821840286254883
340.7933654785156 196.022216796875 343.0603332519531 217.10105895996094
672.69287109375 36.963348388671875 668.0338745117188 76.00404357910156
788.8932495117188 556.085205078125 730.343994140625 604.2775268554688
243.4178009033203 315.1095886230469 248.09951782226562 339.98126220703125
532.4193115234375 128.015625 533.0531005859375 111.0019760131836
723.0095825195312 83.99480438232422 714.7132568359375 68.6978530883789
297.8128662109375 373.035400390625 311.41229248046875 444.9219970703125
510.55010986328125 142.99087524414062 509.9815368652344 171.01991271972656
562.9481201171875 91.99653625488281 569.0230712890625 0.9348266124725342
275.3155517578125 378.1294860839844 267.9162902832031 339.0158386230469
246.637939453125 453.8335876464844 212.05076599121094 321.24761962890625
188.12620544433594 598.9503784179688 120.13651275634766 425.94635009765625
155.31138610839844 104.91761779785156 127.76351165771484 0.7979903817176819
241.5807342529297 460.73760986328125 178.09585571289062 562.1825561523438
156.24952697753906 106.4385757446289 301.4662170410156 23.819461822509766
717.0 85.0 690.0 85.0
53.11703109741211 546.41650390625 67.1982650756836 573.3740844726562
345.45623779296875 233.94973754882812 349.20440673828125 267.97747802734375
674.0120849609375 29.5234317779541 707.9939575195312 28.739320755004883
117.8903579711914 427.43829345703125 185.83523559570312 599.4600830078125
248.75205993652344 339.8202819824219 262.9461669921875 320.2362060546875
209.90472412109375 323.29010009765625 264.614013671875 529.8373413085938
511.3638000488281 109.99361419677734 511.1829528808594 128.01187133789062
530.2266235351562 172.0637969970703 531.7390747070312 142.98643493652344
580.9140625 6.904471397399902 575.7973022460938 65.07013702392578
170.11691284179688 0.743432343006134 180.7053985595703 46.83795928955078
545.1712036132812 328.8219909667969 467.4407043457031 373.5525817871094
0.40256649255752563 195.95945739746094 151.53341674804688 109.18736267089844
576.0003662109375 66.85527801513672 653.9974365234375 67.04510498046875
227.8710479736328 0.8350690603256226 238.34002685546875 56.124961853027344
301.5672607421875 599.2542114257812 296.193115234375 568.9657592773438
356.6837463378906 264.9190979003906 355.41949462890625 222.9873504638672
531.8436279296875 142.845947265625 510.9091491699219 141.07252502441406
98.83837890625 532.53369140625 86.70951843261719 506.1334533691406
263.18475341796875 320.14971923828125 258.75811767578125 296.04443359375
339.8871765136719 307.01531982421875 324.6863098144531 195.04258728027344
408.4080810546875 0.9252282977104187 421.2646789550781 243.03904724121094
24.219362258911133 180.52593994140625 0.39163079857826233 119.23651885986328
393.98779296875 368.564697265625 367.0090026855469 369.32073974609375
659.5370483398438 589.32373046875 681.0088500976562 596.833740234375
364.9024353027344 366.9923095703125 367.91094970703125 328.8352966308594
124.72345733642578 0.8045129776000977 153.20651245117188 106.21440887451172
716.9910278320312 68.38377380371094 752.009033203125 68.6115493774414
777.9547729492188 49.991600036621094 783.180908203125 21.847900390625
0.3548795282840729 126.25289916992188 21.841054916381836 181.0623016357422
804.0906982421875 512.5791015625 731.0553588867188 428.47821044921875
745.0252685546875 84.7983627319336 792.0465087890625 85.78656005859375
129.70407104492188 599.1356201171875 109.18964385986328 554.3713989257812
345.2551574707031 3.974541664123535 370.79345703125 259.92083740234375
401.968017578125 377.9727783203125 414.9107666015625 362.7756652832031
655.92724609375 576.0693359375 666.680908203125 587.3509521484375
711.0126342773438 25.51865005493164 668.0380859375 26.56458854675293
772.005126953125 464.30560302734375 800.2246704101562 505.1539611816406
206.73703002929688 209.8675994873047 243.1181182861328 178.96188354492188
784.0820922851562 423.9058532714844 799.4888305664062 439.5176086425781
687.992919921875 134.49258422851562 699.0186157226562 134.3392791748047
255.81675720214844 253.61810302734375 240.0564422607422 223.44813537597656
480.876708984375 86.0101318359375 481.85919189453125 0.9868174195289612
664.9402465820312 62.82212448120117 669.8388671875 33.63726043701172
799.2568359375 407.501220703125 786.11962890625 414.2334899902344
751.0663452148438 80.45962524414062 727.9776611328125 81.50901794433594
41.69160079956055 353.79046630859375 153.69564819335938 255.7950897216797
786.9588623046875 69.76924896240234 799.045654296875 69.3649673461914
799.4917602539062 558.6400146484375 779.6696166992188 573.8713989257812
422.1369934082031 242.38636779785156 799.05224609375 274.3844299316406
262.8753662109375 516.0325927734375 247.72561645507812 458.07171630859375
363.1324157714844 326.42706298828125 349.5909729003906 370.5677490234375
364.99615478515625 371.54278564453125 394.9959716796875 371.617431640625
769.934326171875 582.8558349609375 754.6236572265625 599.5712280273438
242.62152099609375 178.2802734375 228.55364990234375 109.09075164794922
688.2931518554688 581.9610595703125 659.4830322265625 573.8321533203125
527.08251953125 290.24749755859375 511.0205078125 291.3101806640625
505.29693603515625 475.7863464355469 592.2401123046875 440.64581298828125
462.65625 294.4117126464844 451.09698486328125 301.1659851074219
661.6537475585938 567.8807373046875 689.4061279296875 576.4417114257812
436.5917053222656 548.498291015625 486.61395263671875 501.5883483886719
488.3864440917969 505.34637451171875 440.91436767578125 549.9087524414062
449.8388671875 300.8027648925781 445.67120361328125 283.0773010253906
507.8114318847656 460.7682800292969 531.5510864257812 441.4483947753906
537.1903686523438 445.2528991699219 510.34527587890625 465.458740234375
426.0127258300781 599.353759765625 435.30328369140625 572.7566528320312
437.75286865234375 417.48809814453125 391.83428955078125 439.65673828125
534.229736328125 474.1007995605469 520.7199096679688 485.6730041503906
415.3038024902344 364.48907470703125 431.5494689941406 387.6139831542969
0.3982408344745636 418.1312255859375 15.859721183776855 422.496826171875
