203
513.6860961914062 195.9701385498047 532.2376098632812 0.9274857044219971
231.37355041503906 118.8723373413086 234.36502075195312 151.05902099609375
46.32591247558594 477.07965087890625 42.32944107055664 393.0794677734375
530.5115966796875 0.9541692137718201 524.2183837890625 68.02049255371094
440.3791809082031 0.9619412422180176 438.7226867675781 27.98299789428711
518.3820190429688 77.85948181152344 508.559326171875 190.96173095703125
297.77606201171875 106.57588958740234 292.54718017578125 158.6533203125
660.2412719726562 140.04017639160156 650.3843994140625 199.2305450439453
151.93673706054688 440.8669738769531 147.12513732910156 406.98223876953125
400.979248046875 519.9254150390625 520.625732421875 486.65411376953125
651.146728515625 198.70513916015625 799.1725463867188 215.47703552246094
619.648681640625 359.1078186035156 664.9098510742188 86.81878662109375
225.1617431640625 157.96441650390625 292.23486328125 154.30477905273438
481.1748352050781 461.7813415527344 506.02020263671875 254.40338134765625
430.9294738769531 598.7667236328125 670.77685546875 526.2617797851562
646.282958984375 120.05379486083984 653.3157348632812 83.06002044677734
665.6639404296875 0.7895580530166626 653.6438598632812 77.1014175415039
148.14566040039062 403.9874572753906 154.970947265625 483.26080322265625
152.51821899414062 406.08123779296875 165.474365234375 482.9200134277344
348.8798522949219 137.98983764648438 346.5820007324219 165.13392639160156
671.2640380859375 528.8726196289062 437.2120056152344 599.7006225585938
512.519775390625 199.94781494140625 510.1220703125 222.0132598876953
590.458984375 268.5074157714844 582.4135131835938 307.4980163574219
799.14013671875 124.03526306152344 663.1187133789062 114.33548736572266
508.152099609375 190.713134765625 244.1754608154297 159.51536560058594
358.1073303222656 0.980557918548584 357.3884582519531 33.9866828918457
635.2852783203125 281.0436096191406 623.955078125 355.1460266113281
565.1159057617188 11.012614250183105 560.8618774414062 50.093814849853516
538.593505859375 253.95872497558594 535.4374389648438 285.0444030761719
799.1307983398438 85.53374481201172 665.9749145507812 78.4730224609375
363.8952331542969 599.0476684570312 349.25634765625 566.8833618164062
521.0791015625 490.3140563964844 417.12420654296875 516.4932861328125
523.9119262695312 231.97300720214844 557.9122924804688 230.9839324951172
285.3230895996094 56.99292755126953 284.2729187011719 9.015915870666504
568.6771240234375 383.93438720703125 548.52392578125 483.1064758300781
585.206787109375 54.02543258666992 590.4004516601562 11.803244590759277
648.9904174804688 203.15895080566406 636.95458984375 278.1531982421875
653.5580444335938 446.1062927246094 641.0076904296875 512.00146484375
350.4960632324219 565.7669677734375 366.26776123046875 599.3439331054688
638.1852416992188 277.77215576171875 799.29052734375 302.073974609375
162.4105987548828 485.195068359375 152.167236328125 401.7340087890625
589.9655151367188 11.55563735961914 564.9378051757812 10.001655578613281
799.2288818359375 306.4976806640625 636.7344360351562 281.7431335449219
743.8814697265625 467.97003173828125 726.6905517578125 535.9216918945312
265.41607666015625 200.11065673828125 264.3586730957031 184.97494506835938
382.73345947265625 230.99752807617188 382.4641418457031 260.0043029785156
635.7406616210938 0.5435300469398499 581.1548461914062 390.3017883300781
799.2091064453125 219.1686553955078 648.9982299804688 202.01553344726562
257.94384765625 40.003292083740234 255.89207458496094 5.0063276290893555
518.5403442382812 235.64463806152344 497.245361328125 263.189697265625
549.11279296875 232.98143005371094 517.1895141601562 236.64939880371094
799.297607421875 316.1346435546875 635.8317260742188 290.0547180175781
238.51898193359375 3.9064464569091797 240.68157958984375 39.01961135864258
268.9798889160156 145.0006866455078 268.3600769042969 126.98760986328125
408.0060119628906 6.836946487426758 387.9595031738281 6.096708297729492
527.7163696289062 70.9739761352539 516.142822265625 197.1048583984375
156.93862915039062 56.061798095703125 518.943115234375 76.98438262939453
556.7354125976562 289.9682312011719 560.5928955078125 257.83111572265625
770.19873046875 599.5287475585938 799.2315673828125 588.6160888671875
799.2105102539062 229.2405548095703 649.8365478515625 211.36619567871094
147.8608856201172 184.1576690673828 145.88424682617188 169.8776092529297
576.0052490234375 239.23260498046875 592.9896850585938 261.4810485839844
588.4241943359375 558.6217651367188 622.80078125 597.1776123046875
165.75668334960938 151.0237274169922 156.57186889648438 56.84669876098633
266.4101257324219 126.99388885498047 266.7082824707031 147.0043487548828
389.66265869140625 532.2115478515625 298.3812561035156 600.8372192382812
400.30474853515625 263.9682922363281 401.6739807128906 233.93954467773438
445.463134765625 524.681640625 484.5847473144531 581.5980834960938
481.7734680175781 582.1531372070312 442.6343688964844 524.2471313476562
652.7799072265625 82.50507354736328 799.0821533203125 91.69196319580078
45.5809211730957 393.0120849609375 47.97703552246094 476.0295104980469
236.95774841308594 155.7815704345703 167.0 151.99990844726562
579.5077514648438 552.4380493164062 532.9104614257812 500.0796813964844
533.816650390625 498.25897216796875 581.8208618164062 551.16259765625
387.437744140625 7.013052940368652 386.3941650390625 42.01175308227539
522.3876953125 66.9423599243164 528.59912109375 0.9622628688812256
593.1849975585938 377.1773681640625 649.5249633789062 0.779216468334198
96.07762908935547 524.4013671875 0.774590790271759 542.8345947265625
155.0112762451172 484.1214904785156 117.0599136352539 487.6452331542969
277.0001220703125 55.99740982055664 222.93270874023438 53.401241302490234
389.0256652832031 384.72894287109375 415.9735107421875 387.2799377441406
438.066162109375 514.758056640625 494.2264099121094 517.7499389648438
661.9017333984375 124.26587677001953 799.084228515625 134.91455078125
56.8289680480957 479.13677978515625 51.28302764892578 391.1081848144531
218.14344787597656 52.99174118041992 216.0164794921875 16.056638717651367
423.33099365234375 333.87396240234375 431.4540710449219 355.2078552246094
511.1656494140625 197.6128387451172 166.0716094970703 156.40037536621094
9.916333198547363 150.54904174804688 43.073726654052734 144.39739990234375
401.70953369140625 219.9854278564453 402.6099548339844 202.0305938720703
407.1605529785156 46.005435943603516 408.4488220214844 7.947491645812988
281.01983642578125 116.2457275390625 232.01632690429688 117.02571105957031
799.330322265625 397.28863525390625 623.9169921875 363.4299621582031
676.947021484375 29.59442138671875 799.0115966796875 33.65087890625
279.6384582519531 149.01412963867188 278.42742919921875 118.02237701416016
568.792724609375 423.9919738769531 566.9329223632812 471.9586181640625
44.58559036254883 0.9121196866035461 86.04019927978516 277.14404296875
358.985595703125 59.999794006347656 359.7983093261719 3.0113842487335205
383.4461975097656 200.9961395263672 383.33447265625 217.00930786132812
620.0603637695312 596.9450073242188 584.8132934570312 558.259033203125
799.0364990234375 37.879661560058594 681.96533203125 34.064109802246094
55.02866744995117 390.9321594238281 63.0670051574707 512.7976684570312
282.3007507324219 26.99344253540039 282.9554138183594 57.02277374267578
290.00225830078125 162.94525146484375 319.0352783203125 164.14952087402344
560.841064453125 256.9937744140625 538.9219970703125 253.48785400390625
151.95301818847656 224.0054168701172 148.8379669189453 197.01870727539062
248.18612670898438 183.93118286132812 249.05691528320312 198.9386749267578
565.5763549804688 478.0344543457031 564.4152221679688 430.06256103515625
131.68511962890625 168.04415893554688 133.78668212890625 183.0299072265625
197.68678283691406 98.08466339111328 200.4557342529297 141.03509521484375
214.78614807128906 21.003265380859375 215.27513122558594 53.026336669921875
264.5807800292969 153.0180206298828 263.2471008300781 121.9893798828125
266.8748779296875 243.0037841796875 265.99725341796875 214.0000762939453
377.0219421386719 61.61936950683594 522.058837890625 69.97911834716797
478.84075927734375 172.36651611328125 509.013671875 175.88279724121094
134.96273803710938 195.00436401367188 138.0057373046875 220.99932861328125
799.2175903320312 419.92926025390625 593.1918334960938 378.0561218261719
250.0904998779297 211.99583435058594 251.33416748046875 239.03062438964844
413.0633850097656 390.5910339355469 389.02093505859375 386.8649597167969
112.32098388671875 0.8456754684448242 115.96112823486328 32.004539489746094
274.8510437011719 123.00704193115234 275.9879455566406 147.04786682128906
646.7708740234375 95.81470489501953 644.0509033203125 113.85692596435547
39.721923828125 389.0940246582031 44.83943557739258 513.0891723632812
401.7191162109375 233.6401824951172 383.73284912109375 230.56002807617188
449.9537353515625 163.80111694335938 472.93487548828125 165.12789916992188
748.6591796875 599.3790283203125 688.1380004882812 544.9586181640625
94.03093719482422 492.14141845703125 71.7830810546875 497.0084533691406
412.6512145996094 403.1261901855469 397.2457580566406 482.6289367675781
691.0319213867188 544.9639282226562 752.6161499023438 599.4340209960938
174.8781280517578 146.26959228515625 230.85586547851562 143.7709197998047
130.94332885742188 33.00649642944336 127.25810241699219 0.8557922840118408
104.50970458984375 489.7685546875 96.3067855834961 507.14483642578125
145.13746643066406 505.7835998535156 178.5137481689453 499.9285583496094
281.8949890136719 153.70755004882812 269.1075134277344 158.29937744140625
322.8480224609375 155.26026916503906 345.0081481933594 157.93234252929688
428.1170654296875 280.0102844238281 428.5352478027344 193.9928741455078
446.9775085449219 179.3496551513672 483.0008239746094 179.95022583007812
584.2010498046875 248.65383911132812 549.9598388671875 231.12498474121094
645.9597778320312 301.2453918457031 662.020751953125 300.3895263671875
474.0844421386719 172.94064331054688 451.9857482910156 171.17892456054688
750.0084228515625 19.61636734008789 682.0191650390625 18.12540626525879
148.66122436523438 196.70790100097656 135.77166748046875 194.15110778808594
255.9532012939453 3.607790946960449 238.90029907226562 2.2947824001312256
373.99029541015625 173.2080535888672 403.9718322753906 174.60470581054688
521.7940673828125 486.76513671875 438.62774658203125 464.3832092285156
713.9008178710938 329.18121337890625 733.8504028320312 326.7648010253906
313.5284423828125 154.014404296875 313.9111633300781 139.97032165527344
667.1708374023438 525.3597412109375 526.7620239257812 487.8917541503906
66.68359375 506.1748352050781 57.701839447021484 387.1734619140625
180.01145935058594 444.5346374511719 173.54869079589844 456.7614440917969
396.9627990722656 368.9801330566406 427.0333557128906 370.1212158203125
531.3115844726562 242.24575805664062 560.062255859375 251.05911254882812
666.6072998046875 34.098323822021484 671.9921875 0.8368427157402039
10.322583198547363 155.9429473876953 23.438495635986328 230.0993194580078
392.5418701171875 527.2571411132812 401.2774658203125 474.8794860839844
403.20843505859375 474.9650573730469 401.26171875 519.0557250976562
494.0235290527344 522.5964965820312 437.92266845703125 519.3264770507812
557.2635498046875 309.3711853027344 522.7380981445312 303.5545654296875
591.2077026367188 269.9935302734375 582.8316650390625 251.62083435058594
33.45817947387695 308.77044677734375 123.4419937133789 293.6739501953125
402.9817810058594 330.3456115722656 419.9871826171875 331.2427062988281
355.4693298339844 166.20045471191406 351.6345520019531 136.91690063476562
774.1878051757812 363.5158386230469 767.25244140625 375.1504821777344
398.9938049316406 171.12387084960938 381.0386962890625 170.22604370117188
688.0468139648438 159.68960571289062 674.1111450195312 160.63621520996094
20.53186798095703 520.6458740234375 4.3401312828063965 508.9104309082031
40.61492919921875 503.7900695800781 16.799386978149414 511.3696594238281
645.15380859375 307.3745422363281 676.0662841796875 310.2994689941406
549.0882568359375 452.7278747558594 541.0345458984375 479.71185302734375
100.07806396484375 513.5753173828125 120.1162109375 510.8564453125
357.4141540527344 185.99256896972656 356.95751953125 221.9994659423828
681.9364013671875 190.3159637451172 700.0391235351562 191.1909942626953
496.8404846191406 263.95001220703125 498.75439453125 296.133544921875
58.431373596191406 514.08203125 55.54460144042969 494.065673828125
680.912353515625 315.3418273925781 701.9532470703125 316.7159729003906
799.3409423828125 560.7311401367188 676.7841796875 527.8031616210938
374.05322265625 158.4384765625 379.7539978027344 169.1311492919922
407.67120361328125 162.83203125 447.8139953613281 170.03634643554688
772.91552734375 323.32745361328125 799.2279663085938 330.11639404296875
86.94221496582031 278.2811584472656 390.0847473144531 340.5876159667969
591.5594482421875 253.60202026367188 579.497314453125 236.6461944580078
547.182861328125 211.76583862304688 534.6973876953125 220.03260803222656
567.9097290039062 457.9893798828125 571.3338623046875 428.9215393066406
0.8061704635620117 536.4510498046875 18.747169494628906 530.115966796875
316.058349609375 340.7151184082031 364.2879333496094 350.5943908691406
163.87440490722656 364.9732971191406 166.8946075439453 350.7650451660156
421.00274658203125 526.2833251953125 392.98602294921875 526.5543212890625
655.7794189453125 91.15908813476562 649.8168334960938 120.37084197998047
734.0599365234375 163.49606323242188 702.9058227539062 159.79241943359375
268.1094665527344 459.23773193359375 284.3500061035156 451.76019287109375
418.24884033203125 396.0386962890625 419.81414794921875 385.9710998535156
694.8822631835938 322.7686767578125 714.8728637695312 325.830322265625
44.00221633911133 524.3700561523438 66.0074234008789 524.2381591796875
583.1124877929688 389.4915771484375 724.0709228515625 420.6795349121094
125.74009704589844 499.25372314453125 113.8857650756836 487.1115417480469
775.6052856445312 162.23355102539062 755.3946533203125 155.76657104492188
173.1350860595703 457.3963317871094 164.8772735595703 455.5484619140625
10.627076148986816 476.17388916015625 2.1256229877471924 457.9414367675781
536.2265625 220.5449981689453 532.227294921875 229.54534912109375
363.99493408203125 353.0579528808594 339.0110778808594 350.8734130859375
187.40374755859375 342.03216552734375 188.69723510742188 366.0163269042969
185.38404846191406 366.1095275878906 181.7830047607422 345.8607482910156
276.9795227050781 148.944580078125 267.76025390625 152.3511505126953
7.6816229820251465 366.89935302734375 4.156588077545166 378.04949951171875
