165
799.0171508789062 84.09117126464844 709.0084838867188 101.04489135742188
460.8817443847656 298.17987060546875 190.787353515625 315.7268371582031
396.6460266113281 235.99253845214844 395.930419921875 173.9892578125
523.9550170898438 294.3155212402344 472.91253662109375 297.66827392578125
220.9934844970703 311.8581237792969 264.132080078125 309.87884521484375
384.9953918457031 58.112098693847656 356.00341796875 56.917198181152344
587.9102783203125 407.7773742675781 575.7391967773438 467.3553161621094
581.3837280273438 468.89935302734375 591.1610717773438 409.02630615234375
637.3578491210938 476.9496765136719 640.958740234375 430.99676513671875
262.99853515625 306.9703369140625 222.94773864746094 308.9342346191406
525.5955810546875 237.97979736328125 524.7756958007812 294.9823913574219
348.2925720214844 236.9957275390625 347.3717041015625 173.99456787109375
377.977783203125 299.09197998046875 474.99310302734375 296.7186584472656
486.451416015625 233.00531005859375 485.9477233886719 180.99082946777344
638.3488159179688 437.8818359375 632.4721069335938 470.2671203613281
729.4215087890625 264.9552917480469 727.2525634765625 293.01953125
745.6240234375 277.9854736328125 744.771484375 300.02984619140625
738.9799194335938 304.0257873535156 787.0398559570312 304.96795654296875
178.99566650390625 91.09402465820312 64.00965118408203 85.79072570800781
393.9938049316406 101.13196563720703 180.99288940429688 91.15191650390625
297.4155578613281 237.94805908203125 295.25213623046875 178.99075317382812
473.84613037109375 287.7546691894531 380.1490478515625 294.1751403808594
397.0179138183594 361.0001525878906 397.5129699707031 307.9954528808594
564.9967651367188 232.791015625 528.9899291992188 233.3438720703125
122.99215698242188 168.7674102783203 567.986572265625 173.31539916992188
190.00534057617188 245.2011260986328 528.0588989257812 236.21481323242188
344.8895568847656 173.01194763183594 345.58868408203125 238.00442504882812
484.37640380859375 184.0027313232422 484.01348876953125 233.9928436279297
529.9961547851562 235.8466339111328 565.0242919921875 234.97132873535156
276.58038330078125 228.97840881347656 275.7630615234375 207.00881958007812
364.86505126953125 206.93438720703125 365.53631591796875 226.0163116455078
391.9906005859375 235.6668701171875 350.9668273925781 236.82252502441406
379.38665771484375 357.0052490234375 379.2241516113281 337.9980773925781
442.4688720703125 233.9977569580078 442.201171875 177.99903869628906
388.9527893066406 490.70233154296875 100.90068817138672 536.3736572265625
440.1639709472656 177.99935913085938 440.1206970214844 234.00009155273438
566.0149536132812 235.00022888183594 564.1726684570312 353.018310546875
669.0116577148438 172.17539978027344 799.1016235351562 163.5286865234375
701.9195556640625 236.61520385742188 799.0770263671875 241.4527130126953
92.80074310302734 565.7620239257812 72.83512115478516 568.9756469726562
188.0526885986328 387.5602722167969 138.92298889160156 392.1811218261719
393.67547607421875 174.9937744140625 394.2378234863281 236.00701904296875
472.01019287109375 104.67506408691406 443.00732421875 103.76654815673828
526.99267578125 107.18049621582031 492.009521484375 105.7649154663086
698.2579956054688 298.070556640625 701.6781005859375 237.09413146972656
795.5635986328125 271.5675048828125 787.1685180664062 299.44854736328125
347.97515869140625 302.3330993652344 361.99298095703125 301.8111877441406
396.984619140625 369.0093994140625 396.6695556640625 402.0063781738281
440.9989318847656 103.02813720703125 409.00726318359375 101.80919647216797
594.0 110.0 578.0 110.0
682.1246337890625 346.0615234375 683.1151123046875 327.95159912109375
688.03466796875 223.04733276367188 688.9082641601562 203.95005798339844
139.0868682861328 460.6944274902344 215.02438354492188 451.1949462890625
542.3180541992188 205.01622009277344 541.3997192382812 223.0203857421875
674.2451171875 326.9623718261719 673.3976440429688 343.969970703125
786.51953125 236.0445556640625 788.4991455078125 212.95706176757812
458.0521240234375 205.99314880371094 458.1156311035156 224.99961853027344
749.34619140625 343.0184631347656 748.2818603515625 362.961669921875
757.892822265625 202.9945831298828 756.8289794921875 224.04190063476562
768.23974609375 226.01895141601562 770.0586547851562 203.004638671875
799.2642822265625 312.695556640625 740.8382568359375 308.0226135253906
190.6805419921875 318.8741455078125 187.06704711914062 241.9029541015625
63.07743453979492 75.51786041259766 209.0447235107422 83.14382934570312
194.8904266357422 307.6850891113281 215.08352661132812 306.0024719238281
284.9311828613281 378.2838134765625 194.09735107421875 387.01300048828125
446.0023498535156 282.2491760253906 472.9999694824219 281.99542236328125
469.1549072265625 225.03024291992188 469.6542663574219 205.96475219726562
744.9143676757812 302.8206481933594 698.1107788085938 297.938232421875
759.4235229492188 366.0294494628906 760.8856811523438 344.9920654296875
20.232507705688477 0.900551974773407 33.476707458496094 165.04222106933594
261.517333984375 207.9185028076172 262.6000061035156 228.0751953125
568.5047607421875 173.98072814941406 566.2092895507812 232.96923828125
644.653076171875 116.98640441894531 634.3418579101562 380.0525817871094
266.237060546875 346.92010498046875 267.4715881347656 366.03411865234375
679.8548583984375 203.9639892578125 679.286376953125 222.0404510498047
155.22662353515625 355.06024169921875 156.85836791992188 376.0110168457031
293.11370849609375 104.99693298339844 293.0272521972656 130.00009155273438
593.0018920898438 232.64517211914062 568.0025634765625 232.51373291015625
366.4394836425781 338.9819030761719 366.6785888671875 358.0040283203125
442.1593933105469 358.0009460449219 442.201416015625 305.9993591308594
785.9854125976562 277.5081481933594 745.9609985351562 276.35736083984375
478.0003356933594 291.0245361328125 506.995361328125 290.64532470703125
507.66705322265625 290.00396728515625 507.5869140625 263.001220703125
120.14714050292969 132.06712341308594 122.65631866455078 163.94834899902344
163.89598083496094 231.0566864013672 162.71275329589844 208.01475524902344
180.16598510742188 99.94845581054688 182.95327758789062 163.00205993652344
527.9744873046875 232.99378967285156 527.6875610351562 187.99562072753906
766.2500610351562 301.9486389160156 767.6907348632812 280.91033935546875
63.71464157104492 599.1024169921875 16.046730041503906 0.9165887236595154
312.0775451660156 488.06585693359375 301.8670654296875 345.0809020996094
568.9996337890625 234.9244384765625 594.0089721679688 234.7999267578125
787.9827880859375 310.2118225097656 799.0720825195312 311.1121520996094
356.8262634277344 55.76099395751953 354.04119873046875 22.827383041381836
377.4447021484375 226.0107879638672 377.5942687988281 205.989501953125
710.0086669921875 295.5826721191406 741.0160522460938 296.2246398925781
147.1758270263672 208.9265899658203 148.4936065673828 230.0316162109375
224.9408721923828 301.8381652832031 264.09393310546875 299.8455810546875
43.72592544555664 599.1060180664062 5.6004791259765625 141.0332489013672
54.97074508666992 369.0024719238281 50.753055572509766 319.10540771484375
140.92384338378906 467.0046081542969 144.13296508789062 519.991943359375
552.1771850585938 222.044677734375 552.8258666992188 204.95542907714844
675.0597534179688 486.4173583984375 641.997314453125 483.0259094238281
0.9341099262237549 545.5773315429688 34.21654510498047 540.38916015625
57.95564651489258 63.02550506591797 22.216136932373047 0.8757092952728271
395.48052978515625 307.9997253417969 395.45989990234375 344.99969482421875
541.9828491210938 466.1139221191406 650.925537109375 482.4950866699219
799.0231323242188 489.9643249511719 724.0099487304688 490.8467712402344
39.7132568359375 152.02223205566406 50.724586486816406 294.0213623046875
468.21160888671875 350.0367431640625 468.790283203125 330.9632873535156
661.754638671875 351.0331115722656 669.392333984375 177.01722717285156
682.7003784179688 448.95855712890625 685.3729248046875 429.6366271972656
343.56793212890625 550.62060546875 318.5533142089844 573.5119018554688
50.04148483276367 310.996826171875 31.620975494384766 70.02897644042969
347.98455810546875 250.99888610839844 344.2422790527344 303.0174255371094
353.4072570800781 433.00628662109375 352.44024658203125 341.9953308105469
42.03506851196289 275.99725341796875 67.416015625 599.1243896484375
269.0398254394531 288.38031005859375 218.0822296142578 289.850341796875
290.0048522949219 89.90092468261719 237.93392944335938 87.3470458984375
568.001708984375 103.96629333496094 291.99761962890625 90.04741668701172
234.99212646484375 87.15812683105469 63.96815872192383 78.63923645019531
424.7724609375 422.4521179199219 472.3077087402344 446.37554931640625
314.1370849609375 578.1516723632812 290.4833679199219 599.5347290039062
134.76368713378906 390.95343017578125 121.59627532958984 174.96365356445312
266.43499755859375 310.1376953125 267.6893005371094 297.0661315917969
645.8453369140625 408.6451721191406 607.9918212890625 405.0870056152344
651.86279296875 481.7220458984375 799.0291137695312 485.9974365234375
238.04397583007812 568.0582885742188 201.48446655273438 595.64208984375
457.40997314453125 331.9918212890625 457.51434326171875 350.0028076171875
365.4706726074219 301.0578918457031 359.9830017089844 250.89247131347656
665.0718994140625 444.0331726074219 670.6923828125 431.8580017089844
320.576171875 316.55255126953125 294.8889465332031 340.88275146484375
782.4616088867188 300.0777893066406 783.5343627929688 279.9219970703125
561.1756591796875 427.0379638671875 561.7261962890625 409.99114990234375
294.5785827636719 191.98159790039062 296.00927734375 236.9678955078125
381.14251708984375 25.471126556396484 367.5694885253906 29.576736450195312
19.566638946533203 141.95352172851562 57.05569076538086 598.9954223632812
316.1992492675781 573.099853515625 342.5701599121094 549.6409301757812
558.81005859375 431.8927001953125 561.2220458984375 450.10302734375
478.13470458984375 -0.2697241008281708 630.0167236328125 15.842306137084961
674.8358764648438 433.9071350097656 667.995849609375 445.9976501464844
689.0435180664062 430.0071716308594 685.8825073242188 449.145751953125
349.6976318359375 23.015111923217773 351.44744873046875 58.02761459350586
367.7751770019531 54.20891189575195 360.5071105957031 46.387210845947266
383.6189880371094 598.6767578125 419.90008544921875 555.9152221679688
557.7807006835938 451.5015869140625 554.5962524414062 431.0628967285156
600.0816650390625 467.523681640625 588.8961791992188 465.6053771972656
548.8685913085938 378.38543701171875 529.8814086914062 382.4453125
424.1025390625 553.5369873046875 457.9909362792969 561.0409545898438
341.26177978515625 365.73101806640625 325.517822265625 374.8901062011719
262.9742126464844 297.458984375 225.9629669189453 299.2227783203125
197.19654846191406 596.2651977539062 237.5325927734375 566.369384765625
288.5740661621094 598.5259399414062 313.84185791015625 575.823974609375
506.1307067871094 456.87762451171875 538.0471801757812 460.5948181152344
780.1629028320312 283.0086975097656 779.3646240234375 297.9660949707031
345.69989013671875 341.0245361328125 344.92742919921875 363.0675354003906
598.0997314453125 418.0832824707031 643.0035400390625 422.9674072265625
299.79266357421875 367.0036926269531 299.89666748046875 486.0000915527344
76.8443603515625 336.0111999511719 69.4288101196289 233.0411376953125
454.00482177734375 405.0544128417969 523.9000244140625 398.8703308105469
773.9931030273438 441.0257263183594 799.3193359375 447.80731201171875
441.0263977050781 410.5440673828125 459.0204772949219 410.8702697753906
710.0008544921875 598.9867553710938 671.9002685546875 596.5756225585938
391.3184509277344 31.469072341918945 381.6117858886719 25.647254943847656
394.0 170.0 361.0 170.0
354.808837890625 59.90200424194336 382.7278137207031 62.70802307128906
