134
343.8676452636719 527.0140380859375 339.2854919433594 158.0088653564453
464.7848815917969 138.52719116210938 389.52874755859375 172.76620483398438
467.56207275390625 233.73825073242188 399.7115478515625 257.2877502441406
336.4833068847656 91.99217224121094 335.0577697753906 4.015267372131348
0.4114329516887665 315.81915283203125 96.93383026123047 1.6724175214767456
479.8456115722656 222.5595703125 386.4080505371094 255.3112030029297
344.0108642578125 530.2262573242188 213.0245361328125 536.511474609375
337.70819091796875 154.00814819335938 336.0597839355469 94.99832916259766
117.44766235351562 309.0870666503906 132.68319702148438 230.74391174316406
221.1789093017578 409.9281311035156 256.9793701171875 0.9106656908988953
345.8663330078125 599.0215454101562 344.57440185546875 531.008056640625
204.61505126953125 599.0546875 214.3152618408203 489.9391174316406
233.97654724121094 309.86212158203125 315.9829406738281 308.172119140625
224.96864318847656 411.1192321777344 340.0008544921875 407.0242919921875
457.2336120605469 141.2147979736328 493.2707824707031 145.93069458007812
44.99156188964844 228.5721893310547 131.99716186523438 226.8558807373047
426.0199890136719 526.454833984375 347.0405578613281 529.9235229492188
133.40512084960938 227.88328552246094 177.9586944580078 0.7957010269165039
340.01708984375 409.4675598144531 226.0233154296875 413.63751220703125
212.94972229003906 533.9423828125 343.9863586425781 527.7131958007812
347.9703063964844 527.3107299804688 425.9548034667969 523.9507446289062
342.5450439453125 297.0088195800781 346.99737548828125 527.0000610351562
346.8461608886719 529.9810791015625 348.39166259765625 599.0136108398438
643.1550903320312 576.6731567382812 660.9041137695312 572.5839233398438
400.3680725097656 260.3752746582031 460.2543029785156 237.08279418945312
222.9955291748047 312.7767028808594 126.99395751953125 314.6979064941406
232.15049743652344 313.09991455078125 223.6499786376953 410.9696044921875
388.5443115234375 190.0353240966797 465.01434326171875 153.9133758544922
316.00537109375 310.19256591796875 233.01400756835938 312.5030212402344
212.5130615234375 537.0429077148438 207.3303680419922 599.0276489257812
462.9163818359375 147.6485595703125 495.154052734375 151.80506896972656
259.49114990234375 0.9554058313369751 232.49102783203125 309.04302978515625
132.00306701660156 229.17181396484375 34.99830627441406 230.90521240234375
337.5871887207031 159.01258850097656 338.2549743652344 233.9977264404297
375.20611572265625 160.3988800048828 366.2681884765625 172.20306396484375
180.30043029785156 0.863123893737793 118.39234161376953 317.2724304199219
95.42957305908203 14.131512641906738 7.273794174194336 302.0838317871094
241.00180053710938 225.12106323242188 278.00164794921875 225.19676208496094
57.764381408691406 0.4814290702342987 4.342604637145996 24.75404167175293
123.9677505493164 312.3679504394531 227.98641967773438 310.3124084472656
317.011474609375 226.59600830078125 242.02001953125 228.03982543945312
375.0128173828125 408.2982177734375 347.0216064453125 409.5023193359375
799.7254638671875 483.4024963378906 735.4510498046875 599.250244140625
346.95867919921875 407.0397033691406 374.9499206542969 405.8356018066406
437.42547607421875 13.343753814697266 452.92596435546875 -0.22676977515220642
474.0196228027344 254.0845489501953 491.2520751953125 250.0864715576172
757.278076171875 91.15097045898438 742.7694702148438 117.87486267089844
205.0166473388672 228.1134796142578 139.986328125 229.08529663085938
500.4251403808594 149.03125 463.8856506347656 143.79847717285156
218.7005615234375 483.835693359375 212.49261474609375 532.9358520507812
495.0693054199219 154.15863037109375 465.9375 151.75857543945312
771.5465698242188 446.4237060546875 781.556640625 386.2590026855469
247.99868774414062 153.5843048095703 308.9980773925781 153.3916473388672
400.9882507324219 188.00193786621094 410.3239440917969 244.4502716064453
116.00550842285156 315.2311706542969 88.99700927734375 315.8745422363281
742.0736694335938 119.80567932128906 700.9219360351562 104.20585632324219
485.98822021484375 143.09524536132812 464.0765075683594 140.38204956054688
233.0006561279297 39.49018096923828 178.9994659423828 39.42076110839844
337.2349548339844 4.99606990814209 339.7269287109375 153.9878387451172
433.9188232421875 0.8797436952590942 432.331787109375 15.148130416870117
700.8704833984375 101.44854736328125 714.4065551757812 75.1789321899414
715.8027954101562 75.56977844238281 756.1596069335938 89.53884887695312
479.61224365234375 244.47329711914062 488.79095458984375 237.71603393554688
178.9993133544922 37.62257385253906 248.0009002685547 37.49681091308594
391.4508972167969 172.45053100585938 383.86578369140625 160.45265197753906
114.99651336669922 91.66187286376953 156.00245666503906 91.23881530761719
315.0022888183594 155.15472412109375 250.00173950195312 156.1177215576172
255.006591796875 91.45292663574219 309.99859619140625 92.115478515625
85.9776611328125 313.3141174316406 116.94482421875 312.3056640625
147.9964141845703 226.54574584960938 206.0006866455078 226.08694458007812
220.04823303222656 432.0034484863281 221.2575225830078 415.0183410644531
341.46807861328125 228.00946044921875 342.64215087890625 294.0063781738281
405.7958984375 246.64599609375 398.39605712890625 188.20309448242188
490.71295166015625 240.04237365722656 481.3195495605469 246.4672088623047
21.998308181762695 91.57757568359375 64.00164031982422 91.40936279296875
537.9964599609375 584.9978637695312 558.5906982421875 550.7538452148438
56.99913787841797 540.9259033203125 84.99996185302734 540.914306640625
171.00088500976562 91.59601593017578 245.0005340576172 91.7581558227539
308.99981689453125 93.88815307617188 255.9999542236328 93.97560119628906
288.99981689453125 38.980587005615234 328.0154724121094 38.60446548461914
79.00142669677734 91.73094940185547 110.00055694580078 91.89491271972656
462.289794921875 245.5534210205078 473.2267761230469 252.6505126953125
407.56097412109375 38.76237487792969 341.2452087402344 0.5741628408432007
466.0029296875 156.97760009765625 494.9035949707031 160.740478515625
206.00982666015625 155.81607055664062 156.9928436279297 156.40599060058594
161.00491333007812 154.44786071777344 214.00950622558594 153.86639404296875
378.26190185546875 150.70431518554688 384.6853332519531 112.94647216796875
699.0341186523438 106.50235748291016 739.8941650390625 122.27421569824219
97.98168182373047 155.08656311035156 118.9932861328125 154.6652374267578
280.0102844238281 225.4558868408203 326.98638916015625 224.3963165283203
140.00233459472656 93.3385009765625 115.99658966064453 93.50355529785156
341.00640869140625 38.674102783203125 364.0171813964844 39.1265983581543
490.5895690917969 249.60232543945312 496.9931945800781 242.99339294433594
77.99845886230469 542.9727172851562 57.00876998901367 544.1556396484375
482.3006896972656 140.6738739013672 494.03765869140625 118.0195083618164
101.99906158447266 93.28845977783203 77.99931335449219 93.21037292480469
474.05450439453125 225.5627899169922 489.1932373046875 227.44993591308594
191.1422576904297 413.5937805175781 220.9051513671875 410.93731689453125
494.07257080078125 227.8341064453125 479.751220703125 221.5686492919922
7.1870198249816895 27.410499572753906 69.16752624511719 -0.8272342085838318
121.0173110961914 155.39309692382812 143.0186767578125 154.42410278320312
293.99578857421875 40.36104965209961 262.0001220703125 39.988590240478516
475.5010681152344 299.8036804199219 493.7611999511719 308.379150390625
47.00178527832031 93.34928131103516 23.00241470336914 93.47207641601562
0.9866890907287598 91.58222961425781 22.021419525146484 92.06312561035156
21.9930477142334 231.39576721191406 0.9995255470275879 231.02700805664062
83.9972915649414 156.3067626953125 60.99908447265625 156.1035919189453
446.1230773925781 467.91107177734375 505.15771484375 549.608642578125
792.8176879882812 187.63914489746094 722.412353515625 167.554443359375
559.2890625 550.8115844726562 546.681396484375 598.3855590820312
750.2482299804688 172.09750366210938 777.1389770507812 179.4946746826172
491.52532958984375 312.9518737792969 471.9357604980469 303.133056640625
397.6746520996094 278.88995361328125 403.4498596191406 261.8139343261719
369.0099792480469 94.43643951416016 344.0001220703125 93.99346160888672
569.2166748046875 548.6834106445312 583.4111938476562 558.3992919921875
365.54345703125 264.22882080078125 373.55889892578125 280.2210693359375
20.991052627563477 93.28517150878906 1.0107232332229614 92.65824890136719
72.9726333618164 537.9949951171875 76.98390197753906 515.9970703125
329.0007629394531 40.08469009399414 296.0034484863281 40.382930755615234
485.9886474609375 453.7598571777344 432.6727294921875 362.52886962890625
494.78912353515625 15.190155029296875 512.130615234375 18.262887954711914
589.27197265625 497.1689147949219 548.4129638671875 502.29290771484375
424.09716796875 386.4152526855469 398.85260009765625 331.5277099609375
19.0020694732666 157.20877075195312 1.0038361549377441 157.38711547851562
374.9158020019531 281.2451477050781 393.9639587402344 282.533203125
479.33990478515625 591.8291625976562 501.67864990234375 599.8905029296875
496.8562927246094 566.2772216796875 534.5986328125 585.8453979492188
436.67626953125 360.2679138183594 479.3374938964844 438.4527893066406
187.02557373046875 414.9965515136719 174.008544921875 414.664794921875
798.546875 331.85870361328125 793.8412475585938 346.95050048828125
532.2125854492188 591.9390869140625 518.3289794921875 597.2437744140625
518.559814453125 598.7749633789062 485.45001220703125 579.96826171875
763.0650634765625 338.24566650390625 797.3109130859375 329.1737060546875
633.739501953125 328.9874572753906 633.552978515625 317.9906311035156
