208
451.4915771484375 128.06558227539062 454.9874572753906 101.86489868164062
456.5901794433594 88.7879867553711 458.8402099609375 73.82559204101562
439.1939392089844 99.01908874511719 436.53253173828125 126.05242919921875
442.6170349121094 70.95648193359375 440.7839050292969 87.08907318115234
565.8689575195312 137.97645568847656 570.3779296875 112.88819885253906
644.0757446289062 234.10865783691406 423.0299072265625 225.25379943847656
544.1565551757812 223.2765350341797 653.0753173828125 233.1707763671875
482.2170104980469 57.89458465576172 470.78118896484375 142.83590698242188
473.58056640625 142.07791137695312 484.84869384765625 58.113895416259766
676.0220336914062 111.24871063232422 679.0585327148438 98.77088928222656
710.0586547851562 236.3798828125 648.0675659179688 234.13455200195312
430.893310546875 292.9851379394531 434.2467956542969 268.8951416015625
530.7451782226562 148.11924743652344 543.8649291992188 66.13842010498047
541.6077880859375 64.77323150634766 528.208740234375 147.03399658203125
572.4666748046875 100.90308380126953 575.169189453125 86.03074645996094
412.6388244628906 138.06919860839844 421.9631652832031 51.996009826660156
636.1836547851562 156.0377197265625 650.9813232421875 83.99617004394531
668.2232055664062 146.28408813476562 673.4805908203125 123.64712524414062
684.812744140625 159.1759796142578 691.5380859375 128.11651611328125
594.3656616210938 88.06999969482422 582.3070678710938 151.05877685546875
584.979248046875 151.17868041992188 598.706787109375 75.94649505615234
726.9804077148438 168.75234985351562 710.4371948242188 236.86329650878906
754.5711669921875 130.88693237304688 748.7574462890625 152.93603515625
759.9981079101562 154.71922302246094 766.1513061523438 132.7621612548828
770.06787109375 168.18621826171875 731.088623046875 164.93661499023438
649.587646484375 83.91276550292969 634.3648071289062 155.86561584472656
556.1153564453125 111.18446350097656 552.145263671875 135.1894073486328
419.1462097167969 268.8917236328125 416.22802734375 291.902099609375
660.5211181640625 121.9004135131836 655.6875 145.14297485351562
723.47802734375 293.85125732421875 729.2001953125 273.7720642089844
266.98529052734375 382.6031188964844 348.0222473144531 379.60009765625
538.6809692382812 292.93865966796875 543.087890625 270.01690673828125
635.5806274414062 293.90252685546875 640.5193481445312 272.65582275390625
306.53240966796875 85.97623443603516 305.10528564453125 114.0561752319336
349.82757568359375 138.2039337158203 726.9446411132812 167.70758056640625
653.7918090820312 226.2144775390625 547.8816528320312 216.2587127685547
561.16845703125 574.6194458007812 594.67724609375 501.3946838378906
689.4212646484375 131.10157775878906 682.711181640625 158.93035888671875
792.6959228515625 95.91551971435547 762.8768310546875 203.2436065673828
295.55780029296875 265.9745788574219 294.23004150390625 289.0707092285156
419.79974365234375 50.86626052856445 410.2117919921875 136.91217041015625
426.5250244140625 2.071692705154419 423.5209045410156 24.071130752563477
490.4286804199219 3.914860725402832 482.9873352050781 53.849090576171875
529.3179931640625 269.8862609863281 525.7752075195312 291.1292724609375
596.5084228515625 503.2325744628906 563.938720703125 574.429443359375
799.0635375976562 10.642096519470215 743.0540161132812 0.6958410739898682
397.0472412109375 269.11053466796875 387.5639953613281 358.9539794921875
437.7356262207031 418.9645080566406 447.3930358886719 347.05279541015625
424.0146484375 209.63368225097656 380.0049743652344 207.8751678466797
524.060302734375 146.1571044921875 474.1015625 142.58114624023438
322.575927734375 116.97073364257812 324.5821838378906 87.90214538574219
394.38604736328125 306.0403137207031 401.61181640625 236.85501098632812
407.9924011230469 378.0351257324219 429.0068359375 377.8698425292969
523.9864501953125 437.80218505859375 260.92034912109375 455.8384704589844
0.8932732939720154 579.0076293945312 246.17514038085938 552.6285400390625
279.9745178222656 130.3307342529297 337.0210266113281 134.72726440429688
310.5217590332031 291.0446472167969 312.5892333984375 266.8793029785156
325.6532287597656 73.97493743896484 326.7419738769531 58.909088134765625
426.31158447265625 223.20960998535156 427.5052795410156 210.0458221435547
436.6336975097656 587.7402954101562 533.7178344726562 450.7999572753906
556.3649291992188 305.25262451171875 568.9967041015625 236.9993896484375
718.1682739257812 272.7787780761719 712.9862060546875 292.2622985839844
423.0180969238281 230.79554748535156 341.3045654296875 223.56028747558594
454.8548583984375 100.92698669433594 439.75531005859375 98.56260681152344
267.4760437011719 213.06922912597656 249.37208557128906 599.0643310546875
421.0184020996094 221.63021850585938 373.9855651855469 219.289794921875
674.8204345703125 566.1824340820312 667.4984130859375 599.11083984375
683.2626342773438 225.84375 689.6473999023438 195.71337890625
313.1162109375 255.0078125 314.0624084472656 240.93695068359375
283.7516784667969 32.00538635253906 792.8698120117188 95.05108642578125
251.0867919921875 504.9581298828125 264.38812255859375 214.9260711669922
387.30364990234375 513.2945556640625 304.0877380371094 599.0851440429688
366.9157409667969 221.34817504882812 422.0752868652344 224.79527282714844
506.2910461425781 295.0502014160156 509.8946228027344 274.1542663574219
731.9503784179688 167.62109375 769.9475708007812 170.6564483642578
455.2078857421875 257.43463134765625 431.0472412109375 424.0068664550781
622.2234497070312 211.16317749023438 654.9819946289062 215.14781188964844
470.07501220703125 142.19740295410156 424.0100402832031 137.89247131347656
482.0166931152344 54.87449645996094 453.980712890625 51.14505386352539
628.39208984375 271.86834716796875 623.7789306640625 293.168701171875
723.9957885742188 162.0772705078125 687.9396362304688 160.1009063720703
324.8135070800781 87.47449493408203 306.8479309082031 85.20232391357422
447.07257080078125 429.09429931640625 458.61004638671875 297.8777770996094
525.1088256835938 467.07708740234375 435.10968017578125 594.0776977539062
762.6161499023438 205.89749145507812 735.95751953125 305.7215881347656
277.9824523925781 221.62686157226562 328.0272216796875 223.02737426757812
733.0010986328125 305.8843994140625 648.001220703125 305.7991943359375
730.0662231445312 0.6276512145996094 799.1914672851562 12.923494338989258
268.4747009277344 302.97515869140625 281.09283447265625 36.00438690185547
332.9076232910156 311.9087829589844 327.7933654785156 373.1497497558594
301.73822021484375 597.7661743164062 423.867431640625 472.870361328125
135.79824829101562 140.32925415039062 0.9047940373420715 134.04296875
313.16131591796875 484.2018127441406 264.2442932128906 523.3056030273438
624.911376953125 154.45518493652344 589.9193725585938 152.3236541748047
509.02581787109375 225.23974609375 531.034423828125 225.98741149902344
269.55731201171875 312.0261535644531 268.15081787109375 342.007080078125
264.8501281738281 210.9501953125 273.8986511230469 2.0389232635498047
653.980224609375 219.16574096679688 621.841064453125 215.33248901367188
128.66307067871094 464.40679931640625 0.8857777714729309 472.10382080078125
112.98882293701172 171.20509338378906 0.9401404857635498 165.0983123779297
586.958251953125 375.66400146484375 652.0958251953125 416.4441833496094
108.96649169921875 205.7790069580078 265.0218505859375 212.49172973632812
328.0171813964844 382.4440002441406 268.0296936035156 384.7667236328125
90.69637298583984 1.0089887380599976 92.26577758789062 54.02173614501953
0.8915084600448608 153.60243225097656 133.8688507080078 159.14605712890625
311.9814453125 265.5462646484375 295.9659729003906 265.0025634765625
443.99774169921875 304.4025573730469 397.99462890625 304.57574462890625
501.8876037597656 360.1322326660156 515.7462768554688 267.1111755371094
113.03868865966797 109.52926635742188 0.8921959400177002 100.31159210205078
147.9409942626953 400.3475036621094 254.98306274414062 396.52545166015625
253.0083465576172 399.2276916503906 161.0220184326172 402.60040283203125
0.9523454904556274 356.9945373535156 134.2217254638672 350.6781921386719
569.9344482421875 112.59402465820312 556.872802734375 111.15270233154297
378.02685546875 210.44688415527344 422.9694519042969 212.62908935546875
657.9126586914062 225.05528259277344 683.0714111328125 227.13714599609375
111.10785675048828 572.9721069335938 111.73802185058594 598.006591796875
257.62548828125 525.525634765625 331.9065856933594 466.8816833496094
329.00164794921875 306.693115234375 271.9979248046875 306.3858947753906
273.7815246582031 91.04869079589844 270.4185485839844 145.0260772705078
486.26080322265625 237.9625244140625 453.030517578125 261.63934326171875
602.0101928710938 358.2052917480469 643.003173828125 358.43780517578125
124.96414184570312 340.9988098144531 0.9681165814399719 343.2206726074219
471.9406433105469 223.4071807861328 484.045654296875 223.91787719726562
0.9593508243560791 229.63232421875 130.9438018798828 231.63958740234375
698.1203002929688 339.7158508300781 715.1436767578125 336.85479736328125
377.1943359375 198.6619873046875 371.41375732421875 217.82313537597656
562.4345703125 581.911865234375 603.3054809570312 598.235107421875
0.8820117115974426 121.07350158691406 136.01348876953125 128.76287841796875
0.9172526001930237 519.2039184570312 130.49221801757812 505.73541259765625
113.0753173828125 77.19303894042969 0.8397235870361328 66.71715545654297
431.8836669921875 200.29827880859375 372.6424865722656 194.9900665283203
450.8392028808594 301.0124816894531 466.1915588378906 261.148193359375
0.9690220355987549 542.7642822265625 136.18215942382812 524.9959106445312
523.4931640625 160.62875366210938 507.88714599609375 223.97219848632812
665.0291137695312 599.0066528320312 676.2587890625 549.8307495117188
105.99632263183594 277.8150634765625 0.9980694055557251 279.9029235839844
0.997639000415802 260.89776611328125 135.11085510253906 257.80072021484375
468.7326965332031 258.2495422363281 487.4900817871094 251.56842041015625
756.7144775390625 460.8521423339844 799.5962524414062 475.2205810546875
98.99195861816406 253.76377868652344 0.9817632436752319 252.73150634765625
132.27780151367188 361.8574523925781 0.9566370844841003 368.085693359375
110.2634506225586 599.0221557617188 109.50970458984375 573.9846801757812
504.186279296875 499.49688720703125 576.2972412109375 526.197265625
753.0680541992188 0.5875280499458313 799.1339721679688 8.188159942626953
0.9860970973968506 289.286376953125 133.09181213378906 286.7126770019531
0.987104058265686 435.851318359375 135.7082977294922 424.1659851074219
509.3310241699219 263.3578796386719 491.0376281738281 253.92703247070312
62.02967834472656 203.4053192138672 96.09455108642578 205.10548400878906
586.3694458007812 530.0136108398438 649.1741943359375 553.5349731445312
0.88524329662323 142.5685272216797 121.96874237060547 151.42723083496094
1.0068320035934448 496.0608825683594 132.81558227539062 481.26629638671875
0.9978640675544739 383.9637756347656 134.41845703125 376.09625244140625
0.9303043484687805 410.03399658203125 134.60528564453125 400.3895263671875
0.7688122987747192 51.17369079589844 135.16299438476562 65.46749114990234
679.7022094726562 427.6754150390625 712.03125 441.9291687011719
677.1663818359375 564.5455322265625 716.0761108398438 578.7920532226562
132.4208526611328 434.0658874511719 0.9161462783813477 444.9906311035156
710.839111328125 334.1890563964844 691.795166015625 337.9677734375
0.844241201877594 112.9730224609375 121.8793716430664 122.52806091308594
0.9287174344062805 213.30104064941406 137.39569091796875 220.7778778076172
265.5707092285156 392.02435302734375 264.29364013671875 421.9698791503906
0.9131629467010498 484.5632019042969 115.04022979736328 477.6656188964844
530.5078735351562 225.12326049804688 535.6636352539062 162.0542449951172
623.9739990234375 210.2226104736328 602.910888671875 207.76287841796875
342.6394958496094 134.9705047607422 335.11541748046875 226.92762756347656
130.28738403320312 386.9870910644531 0.9676756262779236 394.4390563964844
99.99180603027344 226.66690063476562 0.9821796417236328 225.45054626464844
249.305908203125 550.9614868164062 251.2989044189453 515.0166015625
634.0192260742188 362.68853759765625 602.017822265625 360.7115783691406
0.8713181614875793 462.63580322265625 130.92147827148438 455.5572814941406
140.812744140625 373.03265380859375 127.92530059814453 383.1756591796875
373.9096374511719 193.72650146484375 355.3689880371094 180.48341369628906
463.15777587890625 541.608642578125 412.8662109375 521.331787109375
130.4907684326172 490.5436706542969 0.8430839776992798 504.5472412109375
116.97810363769531 68.22512817382812 0.8125145435333252 56.92783737182617
138.4365234375 235.5886688232422 102.15337371826172 245.5581817626953
724.20361328125 391.0332946777344 724.7587280273438 370.9656677246094
131.53916931152344 533.5755615234375 0.9950791001319885 548.958251953125
130.24569702148438 410.3529357910156 0.9142563939094543 419.8298645019531
138.28497314453125 294.24615478515625 0.9860743284225464 299.6459045410156
140.86453247070312 349.4527282714844 130.19097900390625 357.5666809082031
67.00613403320312 273.5435791015625 85.00288391113281 273.7853698730469
0.6514856219291687 84.78718566894531 133.99465942382812 97.05803680419922
116.91056823730469 100.97161865234375 0.9723700284957886 90.30017852783203
141.42384338378906 499.0268859863281 117.55699920654297 515.7929077148438
728.8104858398438 370.9880676269531 727.5435180664062 391.0972595214844
116.05648040771484 266.21246337890625 0.9967172145843506 267.7551574707031
141.19607543945312 475.1888427734375 129.40707397460938 487.4289245605469
385.0129699707031 380.5286560058594 357.98016357421875 381.1925964355469
0.9988989233970642 332.31866455078125 133.0146026611328 332.77484130859375
140.8420867919922 397.01226806640625 128.24249267578125 407.49359130859375
0.992344319820404 243.209716796875 59.98673629760742 245.3633270263672
263.96710205078125 214.75375366210938 225.99578857421875 213.09645080566406
796.4220581054688 464.6394958496094 777.7383422851562 458.84356689453125
138.81968688964844 262.45794677734375 116.92033386230469 269.7611083984375
504.71405029296875 266.19329833984375 501.4217529296875 295.3858947753906
117.21380615234375 515.2079467773438 0.948348343372345 526.4666137695312
716.1807250976562 443.00579833984375 715.841552734375 395.0011291503906
308.1125793457031 72.58424377441406 324.091064453125 73.85498046875
439.9417419433594 214.22451782226562 468.97119140625 215.60574340820312
755.1292724609375 351.04852294921875 799.2655029296875 357.0462341308594
750.0017700195312 385.9908447265625 799.2999877929688 395.433837890625
141.52537536621094 419.59033203125 129.86288452148438 429.9695739746094
6.928130626678467 507.0438232421875 99.00922393798828 500.1227111816406
495.0728454589844 300.2864685058594 468.9964599609375 306.918212890625
721.4149169921875 395.98577880859375 720.246337890625 444.0303039550781
114.99813842773438 237.2483367919922 0.9970413446426392 236.39547729492188
744.014892578125 445.0012512207031 747.8157348632812 399.90020751953125
