380
136.4053955078125 468.9927978515625 130.25100708007812 122.99553680419922
276.704833984375 94.992919921875 205.92355346679688 115.73920440673828
174.4407958984375 124.52765655517578 275.91705322265625 95.24689483642578
73.93334197998047 305.56463623046875 0.9050801396369934 308.95611572265625
246.54270935058594 354.99560546875 246.2440643310547 385.9927062988281
759.0579833984375 93.3816909790039 589.0308227539062 119.20292663574219
0.9250339865684509 298.0994567871094 61.98780822753906 295.69085693359375
799.0613403320312 87.4108657836914 761.013916015625 93.09298706054688
62.962257385253906 296.0267639160156 58.989559173583984 142.00027465820312
198.9830322265625 284.734619140625 182.97250366210938 284.9493408203125
246.554931640625 389.9989318847656 246.50811767578125 453.9996337890625
472.8954162597656 136.04090881347656 799.5371704101562 87.6240005493164
64.13953399658203 334.9466857910156 0.8910670876502991 339.4802551269531
69.67144775390625 132.0080108642578 73.91841125488281 306.0263977050781
109.73553466796875 482.005615234375 99.98355865478516 22.97910499572754
132.18653869628906 120.97889709472656 138.51718139648438 476.9908142089844
248.76344299316406 387.00262451171875 248.42015075683594 355.995361328125
797.945556640625 502.4260559082031 742.1845092773438 539.78271484375
56.10669708251953 147.04547119140625 0.7918254137039185 140.8623504638672
57.05424499511719 182.22291564941406 0.9089978337287903 178.30364990234375
723.9949951171875 392.0734558105469 725.632080078125 369.8990173339844
739.1795654296875 536.1432495117188 798.1038818359375 498.5937194824219
57.04581069946289 192.263916015625 0.8899000287055969 188.76914978027344
56.08687973022461 157.16162109375 0.8510167598724365 151.43768310546875
76.4132080078125 441.23101806640625 0.49831774830818176 455.2912902832031
101.63268280029297 113.60762786865234 175.14610290527344 123.96281433105469
181.98793029785156 484.0001525878906 177.2862548828125 127.98301696777344
262.94317626953125 352.4512634277344 183.93673706054688 342.5024108886719
241.08004760742188 164.79391479492188 180.8853759765625 170.8631591796875
519.05419921875 191.7886962890625 799.106689453125 172.5528564453125
56.090885162353516 152.15098571777344 0.9731529355049133 146.25079345703125
58.05655288696289 222.8886260986328 0.8992394804954529 219.98013305664062
56.069671630859375 162.30284118652344 0.9209064841270447 156.7914276123047
60.01783752441406 281.7392578125 0.9798233509063721 283.163818359375
57.021583557128906 232.35287475585938 0.9838627576828003 230.48382568359375
59.01396560668945 242.36163330078125 0.9761118292808533 241.0919189453125
57.130802154541016 172.49681091308594 0.9471079111099243 167.6078338623047
57.06169128417969 167.3443145751953 0.9002469778060913 162.06021118164062
267.8919982910156 295.939208984375 183.04376220703125 291.2140808105469
433.501708984375 479.34600830078125 327.759765625 511.20257568359375
456.2481689453125 599.0411376953125 450.3940124511719 491.97845458984375
64.06499481201172 475.3327941894531 0.9341956377029419 487.6630859375
58.02988815307617 207.3970947265625 0.9718183875083923 204.56846618652344
74.31156921386719 323.99267578125 78.02851104736328 482.0228576660156
271.0461730957031 204.44052124023438 180.9784393310547 207.3275604248047
177.8032989501953 116.37824249267578 275.180908203125 85.57182312011719
244.3280792236328 109.00829315185547 245.01904296875 165.01210021972656
542.4703979492188 599.1592407226562 510.3118896484375 492.2069091796875
486.0682678222656 127.42430877685547 796.0865478515625 77.53776550292969
731.0581665039062 240.05203247070312 732.1936645507812 216.96034240722656
58.08668899536133 197.6697998046875 1.003280758857727 193.9496612548828
0.9009217023849487 328.4525146484375 74.1130142211914 323.7651062011719
183.69102478027344 346.865234375 238.0223388671875 355.8651428222656
312.97735595703125 102.1284408569336 278.0067138671875 95.9620132446289
625.2762451171875 240.04544067382812 625.9913330078125 219.96408081054688
725.943359375 358.9971008300781 726.56201171875 346.9263000488281
740.8030395507812 547.9306030273438 798.1837158203125 506.8595886230469
770.822998046875 588.7670288085938 799.174072265625 567.2291259765625
56.04093933105469 177.5548095703125 0.8638259768486023 172.4808349609375
60.00090408325195 267.0266418457031 0.9981650710105896 266.97174072265625
57.024620056152344 202.60400390625 0.9305757880210876 199.11671447753906
58.02383041381836 217.34873962402344 0.9538756608963013 215.26060485839844
60.017154693603516 271.8956298828125 0.9813521504402161 273.0264892578125
198.96841430664062 327.21539306640625 182.95411682128906 327.8599853515625
468.7436218261719 109.9773178100586 461.9913635253906 483.9998474121094
706.009765625 324.8681335449219 729.0315551757812 326.57470703125
797.6598510742188 494.660888671875 738.1437377929688 528.7601318359375
59.002525329589844 257.08880615234375 0.9974286556243896 256.9281005859375
64.05502319335938 413.461669921875 8.885180473327637 420.03656005859375
265.09075927734375 268.3222961425781 181.84266662597656 257.1749572753906
215.5783233642578 572.5180053710938 249.5623779296875 542.7858276367188
61.938560485839844 341.185302734375 0.9085805416107178 345.7877502441406
57.02509689331055 187.68756103515625 0.9052238464355469 183.17996215820312
64.05661010742188 456.31634521484375 0.9305132031440735 467.6116638183594
63.17647933959961 465.9220886230469 20.998918533325195 473.9943542480469
265.86993408203125 344.1611328125 183.23480224609375 334.90399169921875
200.9663543701172 204.64535522460938 232.96302795410156 201.61026000976562
279.9461669921875 467.77349853515625 309.19549560546875 460.8226013183594
716.8707275390625 217.99559020996094 716.151611328125 239.0393524169922
751.1388549804688 8.006183624267578 749.4035034179688 46.97343444824219
63.126708984375 404.14715576171875 8.904594421386719 410.13623046875
61.97165298461914 360.6976318359375 0.9454951882362366 366.4185791015625
0.8996554017066956 449.404052734375 75.96046447753906 436.7652282714844
249.00173950195312 455.008544921875 248.72836303710938 390.99688720703125
276.8616638183594 97.7770767211914 313.1361389160156 104.23534393310547
315.6339416503906 76.72748565673828 468.7516174316406 109.17215728759766
620.3726806640625 374.9600830078125 621.584716796875 355.9099426269531
799.1041870117188 335.8620910644531 554.143798828125 313.42987060546875
798.861083984375 562.8067626953125 767.5219116210938 585.3348999023438
62.052650451660156 365.5393981933594 0.9515501856803894 371.503662109375
58.06427001953125 212.8184051513672 0.9612484574317932 209.7124481201172
62.031734466552734 370.3047180175781 0.9650695323944092 376.66461181640625
64.97258758544922 408.7568359375 9.883501052856445 414.9664611816406
63.944183349609375 451.6777648925781 0.9295383095741272 462.5932312011719
0.536383867263794 495.70684814453125 108.5081558227539 480.5063781738281
132.95050048828125 110.35421752929688 175.10540771484375 116.24579620361328
181.993896484375 253.91981506347656 199.0064239501953 254.0327911376953
268.9981384277344 182.95999145507812 180.9567413330078 187.07435607910156
270.96221923828125 173.39183044433594 180.93690490722656 178.9842987060547
270.0193176269531 230.54478454589844 180.9957275390625 231.658203125
221.09609985351562 361.99981689453125 221.24639892578125 441.0014343261719
328.0029602050781 95.00000762939453 326.5584411621094 509.001953125
746.4711303710938 411.0173645019531 745.1441650390625 447.00531005859375
59.00569152832031 247.2487335205078 0.9938685297966003 246.80914306640625
0.9897281527519226 280.3855285644531 59.98995590209961 279.3992614746094
62.09464645385742 384.818359375 6.0349249839782715 391.3019714355469
57.98949432373047 227.37646484375 0.9780811667442322 225.785400390625
63.01483154296875 375.14056396484375 0.9670217037200928 381.68743896484375
267.8378601074219 313.1891784667969 184.00146484375 306.98016357421875
452.43310546875 491.9746398925781 458.7025146484375 599.0173950195312
63.07512283325195 461.4222717285156 0.9078842401504517 472.4822082519531
59.00662612915039 252.22193908691406 1.0023157596588135 251.72802734375
181.08213806152344 220.0189208984375 267.0185241699219 217.6806182861328
182.04502868652344 259.60107421875 271.0172119140625 262.46490478515625
182.9512176513672 311.7040710449219 272.0776672363281 317.8789367675781
198.99986267089844 250.8760223388672 241.0009307861328 250.8286590576172
271.9868469238281 395.043212890625 248.07150268554688 387.7650451660156
310.3385925292969 529.0734252929688 277.7917175292969 539.3396606445312
733.138671875 206.00595092773438 733.656494140625 193.9423370361328
798.8306274414062 570.7964477539062 773.6323852539062 591.7601318359375
63.130165100097656 431.819580078125 5.983434677124023 440.89569091796875
60.0189094543457 286.8116760253906 0.9810607433319092 288.18701171875
62.01112747192383 346.137451171875 0.9257475137710571 351.08282470703125
63.051944732666016 399.48370361328125 8.041969299316406 405.3908386230469
181.06495666503906 211.638671875 269.01165771484375 209.47357177734375
182.0602264404297 267.53094482421875 271.0746154785156 271.1802673339844
183.90029907226562 338.85528564453125 266.8226318359375 348.52154541015625
269.01092529296875 213.46107482910156 181.98870849609375 215.5233917236328
239.98004150390625 271.5207824707031 198.96363830566406 269.9483337402344
277.90380859375 396.39642333984375 309.2239074707031 391.4049072265625
531.2321166992188 222.97625732421875 530.6742553710938 241.02084350585938
710.4271850585938 366.9716796875 709.3367309570312 389.01666259765625
745.6403198242188 20.17832374572754 735.253662109375 43.452049255371094
749.0170288085938 327.8174743652344 799.1400756835938 332.50067138671875
62.00444030761719 351.0531311035156 0.9296162724494934 356.15789794921875
61.98857116699219 355.8714599609375 0.937741219997406 361.2998046875
55.89664077758789 423.3176574707031 0.9457107186317444 431.6416015625
58.87282180786133 141.2470245361328 0.8642654418945312 135.33090209960938
0.9788448214530945 217.41871643066406 58.03529357910156 220.30140686035156
269.01861572265625 221.94444274902344 181.9932861328125 223.65902709960938
273.1640930175781 89.53316497802734 175.5613555908203 119.57486724853516
238.57321166992188 358.7371826171875 202.8187713623047 353.1623229980469
421.1368713378906 447.545166015625 336.6856384277344 468.7479248046875
613.542724609375 220.9971923828125 613.4258422851562 240.00875854492188
61.0504150390625 427.32623291015625 2.8939499855041504 436.31378173828125
63.01036071777344 418.0793762207031 5.938719272613525 425.5306396484375
63.99931335449219 470.99591064453125 0.6050567626953125 481.6499938964844
62.96348571777344 389.6809997558594 11.071112632751465 395.6212158203125
62.1109619140625 379.9772033691406 0.8785167932510376 386.9301452636719
0.9923536777496338 275.66046142578125 59.00796890258789 274.3539123535156
208.666015625 492.82391357421875 255.98013305664062 535.4754638671875
435.2609558105469 295.9893493652344 432.6395263671875 477.99481201171875
685.933349609375 599.0001831054688 685.32470703125 361.9966125488281
556.9878540039062 253.82772827148438 799.0238037109375 257.37420654296875
63.068031311035156 394.62933349609375 4.001553058624268 401.0143737792969
0.9996916651725769 255.03448486328125 59.00399398803711 255.55311584472656
98.14666748046875 23.219226837158203 131.80145263671875 0.7032226920127869
528.5021362304688 343.9784240722656 527.8067626953125 360.0349426269531
710.8871459960938 265.8076477050781 701.0887451171875 322.4967956542969
41.00069046020508 97.99614715576172 2.521533250808716 91.09292602539062
0.9924967885017395 270.18218994140625 60.00587844848633 269.6407470703125
180.07424926757812 174.2333221435547 262.83447265625 169.25079345703125
183.04612731933594 303.3153076171875 269.0599670410156 309.10980224609375
799.1679077148438 325.0456848144531 751.8300170898438 320.9789733886719
0.9821903705596924 196.25048828125 57.05423355102539 200.2372589111328
65.81986236572266 407.9765625 63.76197814941406 335.97821044921875
181.06231689453125 183.1947479248047 246.88323974609375 179.7615966796875
336.1747741699219 464.8470458984375 417.86053466796875 443.4671630859375
420.9624938964844 363.7397766113281 338.7959899902344 375.5847473144531
517.0435180664062 126.39266967773438 472.02496337890625 127.79912567138672
761.7327880859375 98.03400421142578 758.3920288085938 170.0181884765625
0.9943419694900513 520.5187377929688 21.991439819335938 520.2719116210938
11.987820625305176 228.33631896972656 57.037384033203125 229.96771240234375
59.0001335144043 262.0489807128906 0.9978432655334473 262.2066650390625
5.09639310836792 388.8568420410156 62.05059051513672 382.44970703125
67.47913360595703 482.0384216308594 66.54397583007812 445.0115051269531
272.9923400878906 322.0546569824219 244.0001220703125 317.99908447265625
488.8490905761719 140.9764404296875 482.1528625488281 468.0031433105469
0.9392708539962769 143.55223083496094 56.15132141113281 149.62399291992188
0.9822618365287781 291.4019470214844 60.01930618286133 289.65087890625
59.01558303833008 276.822998046875 0.9795864224433899 277.9217834472656
58.01130676269531 237.4759063720703 0.9731324315071106 236.24530029296875
266.87152099609375 304.8331604003906 183.00314331054688 298.95513916015625
247.30860900878906 163.99627685546875 246.65797424316406 109.99207305908203
248.84457397460938 389.51019287109375 272.1214904785156 396.6012268066406
326.4692077636719 510.9581604003906 327.8121032714844 526.0167846679688
415.13482666015625 373.88214111328125 342.9859924316406 384.9083557128906
455.4421691894531 397.0186462402344 459.0098876953125 120.97428131103516
713.902099609375 272.3140563964844 726.05810546875 273.2199401855469
13.983443260192871 239.27793884277344 59.01475143432617 239.86135864257812
0.9188005924224854 191.18551635742188 57.06635284423828 195.03123474121094
0.895055890083313 358.8068542480469 62.03773880004883 353.4290466308594
421.06280517578125 346.5190734863281 338.068115234375 356.56280517578125
698.031494140625 96.19731140136719 518.6561889648438 124.84729766845703
566.93798828125 311.3486022949219 614.672607421875 319.8404846191406
681.7081909179688 364.98809814453125 680.2696533203125 520.9932861328125
730.0737915039062 561.8853149414062 731.5609130859375 536.914306640625
23.03226661682129 523.2896118164062 0.9710165858268738 523.841552734375
0.9922870993614197 154.0762939453125 56.1363639831543 159.65115356445312
2.9971256256103516 249.24856567382812 59.01276397705078 249.8963165283203
0.9481810331344604 206.8789520263672 58.04450607299805 210.24508666992188
8.83236312866211 417.5444641113281 65.00858306884766 411.0745544433594
276.3385925292969 386.99267578125 275.0634765625 327.9986267089844
416.0224914550781 337.20458984375 345.10980224609375 344.99908447265625
437.57171630859375 131.9814453125 435.5064392089844 291.006591796875
201.9737091064453 165.84109497070312 231.81857299804688 160.9033966064453
205.43179321289062 596.13037109375 225.40060424804688 583.0826416015625
684.6575927734375 488.1680603027344 735.0594482421875 453.3033752441406
0.7733689546585083 124.07513427734375 69.82347869873047 131.6162872314453
1.043475866317749 222.9097442626953 58.03260803222656 225.18228149414062
6.116765022277832 403.1092834472656 63.11676788330078 397.1092834472656
0.8981690406799316 363.8977355957031 61.03163146972656 358.3424072265625
183.00518798828125 287.8871765136719 269.0530700683594 291.846435546875
281.0009460449219 86.9951171875 312.1756286621094 93.10374450683594
498.8883972167969 34.61551284790039 619.5880126953125 -0.41936057806015015
0.7759291529655457 476.6323547363281 63.54850769042969 466.347900390625
0.9720454216003418 159.27626037597656 56.11574172973633 164.85617065429688
0.9105542302131653 374.1129455566406 62.095130920410156 367.9434509277344
0.887418806552887 353.64776611328125 62.04628372192383 348.555908203125
128.9667205810547 112.25880432128906 101.77338409423828 108.76266479492188
200.6195526123047 233.9996337890625 200.6171112060547 250.000244140625
235.7679443359375 319.8666076660156 199.82615661621094 315.3984069824219
415.0886535644531 439.3701171875 343.8639221191406 456.4319152832031
609.4469604492188 354.0212097167969 608.5449829101562 373.02587890625
747.8372802734375 600.7603149414062 688.1875 527.4752807617188
0.9355505108833313 148.57666015625 56.14009094238281 154.74655151367188
0.9615093469619751 233.08262634277344 57.960567474365234 235.10911560058594
0.957667887210846 180.52420043945312 57.076229095458984 185.05606079101562
181.00531005859375 233.95237731933594 198.00477600097656 233.85765075683594
182.96031188964844 295.73321533203125 269.0329284667969 300.3914489746094
180.95025634765625 190.03428649902344 198.00698852539062 190.85470581054688
183.91409301757812 330.8466491699219 268.85137939453125 339.46466064453125
459.8219909667969 119.91921997070312 328.70391845703125 94.52896118164062
342.8330383300781 381.92950439453125 415.2549743652344 370.63482666015625
620.0057983398438 316.1604919433594 667.010498046875 316.4861145019531
734.9536743164062 600.5406494140625 688.5208740234375 538.866455078125
704.714599609375 9.273664474487305 724.2366943359375 1.6023752689361572
0.9353150129318237 164.69325256347656 57.099491119384766 169.9337158203125
9.050821304321289 393.4381408691406 62.033939361572266 387.2926025390625
0.9222583770751953 384.2882385253906 62.06660079956055 377.6097412109375
1.1109858751296997 399.00457763671875 63.127384185791016 392.15301513671875
0.9702948331832886 285.7645568847656 60.008296966552734 284.34503173828125
0.960161566734314 348.4872131347656 62.057533264160156 343.7405700683594
175.15750122070312 118.89236450195312 132.0340576171875 112.76052856445312
430.51983642578125 314.099853515625 431.710205078125 295.98095703125
628.43701171875 599.3056030273438 583.8115234375 517.102294921875
724.7470703125 369.3314514160156 710.6846313476562 366.659912109375
11.914460182189941 412.22955322265625 63.06116485595703 406.5509033203125
199.06243896484375 265.02032470703125 181.88198852539062 266.07177734375
275.7138977050781 324.0021057128906 274.82940673828125 203.99388122558594
275.5113220214844 539.9984130859375 275.8473815917969 436.99951171875
315.4612121582031 529.9999389648438 315.445068359375 76.99991607666016
442.8960266113281 128.5877227783203 330.86395263671875 108.76908111572266
512.6267700195312 492.8100280761719 544.8302001953125 599.0514526367188
537.4866943359375 362.003662109375 537.62255859375 343.9971618652344
554.489501953125 313.0337219238281 555.8253173828125 254.0413360595703
734.724609375 541.0440673828125 733.4490966796875 562.0272827148438
0.9038256406784058 369.0116271972656 62.00642013549805 363.06597900390625
0.9133326411247253 342.7588195800781 61.03913116455078 338.5604248046875
0.916745126247406 379.2070617675781 62.0824089050293 372.78485107421875
244.83316040039062 320.0466613769531 273.072021484375 324.54815673828125
275.9202880859375 93.45106506347656 313.1708984375 100.03276062011719
778.1051025390625 593.11279296875 798.8226318359375 573.8096313476562
3.9964654445648193 259.85662841796875 59.00212097167969 259.6866149902344
200.6866455078125 270.88946533203125 201.68678283691406 286.1515808105469
313.04229736328125 535.0186767578125 284.62158203125 599.27490234375
797.2073364257812 80.35559844970703 760.984130859375 85.8963394165039
0.9334730505943298 169.68190002441406 57.08197021484375 175.1597900390625
8.968690872192383 407.7138366699219 63.086727142333984 401.7926940917969
0.9991430640220642 244.05743408203125 59.01606750488281 244.92312622070312
697.7530517578125 537.1322021484375 754.8645629882812 600.031005859375
744.8143310546875 408.0332336425781 747.6712036132812 338.02740478515625
206.68605041503906 332.0680236816406 205.9036407470703 316.9532165527344
239.88397216796875 352.1250915527344 271.0679626464844 355.34112548828125
204.9275665283203 203.0000762939453 204.9127960205078 187.9990997314453
369.68658447265625 598.9400024414062 388.09381103515625 502.8264465332031
329.3253479003906 514.074951171875 434.10931396484375 482.3611755371094
758.0505981445312 86.30529022216797 701.1224365234375 95.7387466430664
0.9322627782821655 212.37879943847656 57.99106216430664 215.1819610595703
132.18031311035156 481.0611267089844 207.29074096679688 495.48614501953125
201.47052001953125 187.85760498046875 199.8756103515625 204.98841857910156
740.9046020507812 409.52850341796875 693.814208984375 401.029541015625
799.272216796875 419.458984375 746.7901000976562 410.188232421875
0.9703237414360046 175.36045837402344 57.08395767211914 179.98023986816406
0.9390877485275269 185.80352783203125 57.07135772705078 190.0586700439453
0.8455161452293396 465.12310791015625 63.02958297729492 454.16790771484375
97.8112564086914 21.872352600097656 1.0153478384017944 0.9290654063224792
200.73519897460938 315.7593994140625 203.02520751953125 332.2738342285156
205.47787475585938 249.99522399902344 205.31805419921875 233.98684692382812
330.8515625 111.849609375 438.8739929199219 130.7213134765625
177.73287963867188 13.068138122558594 133.26329040527344 1.9471797943115234
425.4961242675781 296.99444580078125 425.42962646484375 315.0052795410156
438.6639709472656 175.95431518554688 445.02862548828125 129.1398468017578
642.9410400390625 298.42437744140625 579.9661865234375 295.81640625
683.989013671875 541.033203125 487.6788635253906 475.9689025878906
0.8768883943557739 490.38470458984375 64.14521789550781 477.7257995605469
196.6469268798828 123.99348449707031 196.44937133789062 165.00216674804688
271.04608154296875 165.6220703125 240.84144592285156 167.86001586914062
585.5910034179688 516.6744995117188 630.9464111328125 599.029541015625
5.033488750457764 90.86758422851562 17.025197982788086 93.90036010742188
0.8522722125053406 470.1894226074219 63.152252197265625 458.8354187011719
213.68496704101562 542.4255981445312 190.48301696777344 514.7564086914062
311.7945251464844 96.00318908691406 277.02423095703125 88.88166046142578
390.2380065917969 502.8551025390625 371.92303466796875 599.175537109375
177.05213928222656 599.1317749023438 198.2881622314453 590.7282104492188
308.97857666015625 392.85943603515625 277.9371643066406 397.5874938964844
282.85003662109375 598.93359375 311.29901123046875 534.6895751953125
6.868870735168457 422.972412109375 63.10165023803711 415.79656982421875
0.861007034778595 485.2879943847656 63.992977142333984 472.9640197753906
125.07152557373047 482.1854553222656 109.9455795288086 483.09808349609375
205.82223510742188 287.0072937011719 205.95513916015625 271.9996032714844
583.94970703125 306.59521484375 615.8908081054688 309.2930603027344
632.9763793945312 303.70037841796875 620.893798828125 304.6523742675781
220.65516662597656 189.85934448242188 219.4630126953125 201.2576141357422
662.1256713867188 331.9853515625 637.393798828125 353.2965087890625
751.8109130859375 48.98773193359375 754.4042358398438 9.02623462677002
11.259786605834961 86.92117309570312 1.822945237159729 69.09371948242188
337.1899719238281 224.9971923828125 336.83648681640625 326.9994201660156
339.0557556152344 340.0048828125 339.9813537597656 140.00454711914062
0.8523897528648376 460.14501953125 63.069664001464844 449.4035339355469
4.904384136199951 428.31341552734375 63.03045654296875 420.21868896484375
0.9513919353485107 201.90403747558594 58.055145263671875 204.97438049316406
199.12789916992188 354.977294921875 198.68417358398438 372.017822265625
199.76211547851562 437.99847412109375 199.44329833984375 487.9900817871094
311.8498840332031 232.00222778320312 311.97760009765625 298.0019836425781
361.1094665527344 107.38668060302734 403.02374267578125 114.8669204711914
2.0439915657043457 92.99813079833984 1.4491175413131714 78.98094177246094
219.06581115722656 273.1376647949219 219.99652099609375 286.2137756347656
463.9836730957031 591.3151245117188 484.0334777832031 592.3531494140625
198.2422637939453 376.994384765625 199.53948974609375 433.0106506347656
240.01527404785156 254.28952026367188 270.0229187011719 254.934814453125
760.8837280273438 581.4127807617188 755.60791015625 567.1449584960938
768.5613403320312 576.052734375 763.7334594726562 535.9118041992188
36.12569808959961 440.6803894042969 8.944914817810059 445.7018127441406
4.090976238250732 433.59820556640625 59.865562438964844 425.1159973144531
576.562255859375 285.99957275390625 576.568603515625 310.0001220703125
653.3945922851562 350.1901550292969 666.2838134765625 356.4699401855469
6.88596248626709 438.2753601074219 61.93888854980469 429.6116638183594
490.3382873535156 189.00186157226562 490.5030212402344 158.9972686767578
1.2626540660858154 430.11407470703125 8.901927947998047 412.52313232421875
236.96792602539062 234.42080688476562 268.97503662109375 233.7707977294922
211.6949462890625 560.2174072265625 213.07705688476562 543.0869140625
275.1005554199219 185.99769592285156 274.64208984375 165.98529052734375
625.99853515625 219.17295837402344 614.9907836914062 219.0792236328125
218.99246215820312 235.93856811523438 219.3986358642578 249.11105346679688
478.0066223144531 593.5115356445312 463.9956359863281 593.3214721679688
270.05865478515625 260.07049560546875 238.99302673339844 258.1104736328125
717.1744995117188 14.304580688476562 701.5682373046875 23.246496200561523
759.7904663085938 511.8785400390625 755.1953735351562 481.9700012207031
13.189963340759277 442.14166259765625 61.030174255371094 434.18133544921875
682.9954223632812 319.25274658203125 697.990478515625 319.5243225097656
397.3939514160156 -0.1809552013874054 478.9874267578125 27.03770637512207
731.439697265625 19.79408073425293 717.7123413085938 14.788979530334473
47.870513916015625 62.81803894042969 51.68476867675781 81.0658950805664
339.89886474609375 350.0377502441406 405.0202331542969 343.1925048828125
269.0047912597656 287.92523193359375 230.90499877929688 285.4807434082031
712.3096313476562 57.6099853515625 749.2880859375 50.498043060302734
26.227184295654297 50.42548370361328 45.631622314453125 59.6749153137207
8.478028297424316 410.66412353515625 0.5194029211997986 399.33770751953125
225.03488159179688 249.1249237060547 224.1957244873047 235.9239959716797
229.9980010986328 190.96383666992188 268.98944091796875 188.80897521972656
730.7886962890625 326.0213317871094 725.72265625 275.8261413574219
220.8206329345703 320.8781433105469 219.868896484375 330.08978271484375
742.9241333007812 450.9972229003906 744.3828125 410.9775085449219
9.62121295928955 55.740867614746094 25.948577880859375 50.829071044921875
689.1497802734375 400.0045471191406 688.1456909179688 433.0044250488281
227.2384033203125 581.0217895507812 216.6492919921875 573.12890625
717.0164184570312 471.717529296875 799.1458129882812 476.4912109375
0.9204121232032776 455.518798828125 64.0137710571289 445.0832824707031
107.71768188476562 197.98887634277344 108.3992691040039 241.9938201904297
224.47207641601562 285.0538330078125 224.87783813476562 273.9589538574219
616.0232543945312 306.7205505371094 583.995361328125 304.05560302734375
106.35242462158203 129.9801788330078 107.08543395996094 179.9840850830078
109.7114028930664 314.00531005859375 110.75888061523438 370.9860534667969
110.7135238647461 380.9728088378906 112.69393920898438 432.9354553222656
112.80213928222656 440.9931335449219 113.11080932617188 477.00762939453125
746.0874633789062 41.805450439453125 748.2018432617188 21.020532608032227
109.05064392089844 264.9989929199219 109.85197448730469 304.9829406738281
223.7432861328125 200.01904296875 223.9744415283203 190.9993438720703
224.91558837890625 329.1465148925781 226.23883056640625 320.878173828125
