165
459.5227355957031 152.07693481445312 463.8061218261719 122.97146606445312
625.8017578125 0.9246371984481812 530.4390258789062 251.78675842285156
205.16143798828125 191.3993682861328 221.4112548828125 144.14141845703125
465.14813232421875 123.0225830078125 460.71435546875 152.10888671875
130.89505004882812 325.5824890136719 221.49266052246094 85.80830383300781
218.9217529296875 293.6655578613281 239.06802368164062 228.7109375
712.955810546875 -0.01380463968962431 546.4474487304688 335.7259826660156
223.52532958984375 142.17593383789062 207.15591430664062 191.05221557617188
370.93341064453125 281.8926086425781 437.689697265625 240.49957275390625
509.8175048828125 307.7508239746094 573.7020263671875 260.95843505859375
747.135986328125 599.12109375 799.4364013671875 540.3886108398438
26.973093032836914 599.37060546875 54.59393310546875 526.8453369140625
508.9308166503906 0.7606666088104248 456.2608642578125 236.0583953857422
553.4945678710938 184.8089599609375 623.0994873046875 0.6596192717552185
799.3078002929688 544.2732543945312 750.4068603515625 599.3611450195312
56.534420013427734 521.4436645507812 125.35749816894531 340.1357116699219
568.5438232421875 268.7773132324219 465.10272216796875 341.1468505859375
507.9633483886719 446.95452880859375 656.4358520507812 327.3000183105469
224.2525177001953 183.06927490234375 217.26951599121094 208.52529907226562
439.3883972167969 242.6288299560547 375.177978515625 282.28814697265625
1.3784394264221191 213.23191833496094 36.22801971435547 156.3654022216797
165.38511657714844 471.1163024902344 178.3715057373047 428.1121826171875
419.3916931152344 531.6846923828125 473.7445068359375 599.2056274414062
794.2943115234375 87.51612854003906 660.9625854492188 281.974365234375
587.3055419921875 386.3811950683594 509.5589904785156 448.6974182128906
658.592041015625 328.7313537597656 590.6154174804688 383.76019287109375
744.1218872070312 407.12957763671875 608.0955810546875 535.1015625
112.14927673339844 20.535871505737305 67.5430679321289 102.29627990722656
178.37118530273438 426.50238037109375 214.33241271972656 308.7960510253906
208.0765838623047 128.4057159423828 156.5253448486328 265.1979675292969
65.10980987548828 101.0584716796875 118.74623107910156 0.3323706388473511
36.05517578125 154.48873901367188 177.01466369628906 426.992431640625
259.060302734375 481.0865478515625 319.3524475097656 439.07080078125
476.9446105957031 174.44583129882812 553.1353759765625 183.9101104736328
529.5498657226562 250.204345703125 553.0348510742188 187.01295471191406
489.0516052246094 78.79118347167969 506.218017578125 0.8278156518936157
513.4585571289062 311.51519775390625 544.1939086914062 343.81549072265625
454.0698547363281 571.9441528320312 421.5988464355469 531.3206787109375
585.8721923828125 96.95117950439453 495.884521484375 84.85945892333984
596.1604614257812 549.8561401367188 640.1195068359375 598.8928833007812
676.7055053710938 467.6857604980469 742.778564453125 405.76373291015625
799.3900756835938 355.4181823730469 748.67431640625 402.7229309082031
736.0808715820312 0.5163797736167908 574.6397094726562 307.3365783691406
352.65899658203125 280.3047180175781 306.4000549316406 228.53610229492188
799.7981567382812 277.7688293457031 771.3145141601562 307.3397216796875
505.8033447265625 306.1962890625 443.8592529296875 244.14048767089844
545.6417846679688 341.35546875 516.7531127929688 312.2449951171875
591.72998046875 550.7152099609375 540.3810424804688 599.4019165039062
240.59388732910156 231.18026733398438 223.31744384765625 288.0963439941406
306.7634582519531 225.2104034423828 355.27947998046875 279.75140380859375
416.9726257324219 136.30368041992188 440.0554504394531 138.38507080078125
452.9853210449219 389.8826599121094 504.6645812988281 449.2917785644531
509.3074951171875 451.7261657714844 592.7041015625 545.3729858398438
184.77035522460938 201.06466674804688 214.10728454589844 305.2513732910156
445.55242919921875 242.4502410888672 509.3958740234375 306.6012268066406
426.0672607421875 73.48731231689453 488.1788635253906 81.63680267333984
786.2346801757812 272.3011779785156 799.6575927734375 257.6004333496094
181.06996154785156 434.4757080078125 202.24542236328125 475.87445068359375
468.88043212890625 170.97402954101562 487.573486328125 84.90736389160156
496.03033447265625 82.76126861572266 587.08544921875 94.32745361328125
219.32676696777344 137.7611541748047 200.3900146484375 191.13836669921875
172.04666137695312 412.9761047363281 38.107479095458984 151.4571075439453
532.4710083007812 252.17945861816406 628.145751953125 1.0555346012115479
593.1040649414062 95.14080047607422 624.1333618164062 98.89864349365234
443.10369873046875 121.27328491210938 418.88336181640625 117.81755065917969
125.66053009033203 346.24951171875 58.9106559753418 522.9662475585938
236.6951141357422 373.464111328125 259.833740234375 288.9544677734375
352.2534484863281 443.8016052246094 399.99224853515625 504.7888488769531
407.43212890625 599.10107421875 410.3309326171875 558.0233764648438
550.134765625 346.86407470703125 586.2911376953125 382.706298828125
126.9372787475586 0.7306525111198425 155.16358947753906 98.95298767089844
263.7261657714844 381.8882141113281 300.509765625 398.11151123046875
486.8797912597656 83.90553283691406 395.89007568359375 71.82817840576172
637.8357543945312 289.5398254394531 784.2738037109375 62.82276153564453
746.1448974609375 402.15478515625 798.8341674804688 352.8229064941406
84.9429702758789 572.8246459960938 122.72515106201172 506.7001953125
384.6123046875 162.97019958496094 379.8449401855469 224.9880828857422
799.2056884765625 175.4270477294922 742.9901733398438 168.0749969482422
799.1552124023438 167.8328094482422 747.144287109375 160.9150848388672
799.15087890625 143.8094024658203 762.1119995117188 139.11618041992188
216.20045471191406 304.9425964355469 203.04046630859375 258.9884033203125
396.0269470214844 2.0639541149139404 393.5998840332031 41.037357330322266
588.7832641601562 544.1942749023438 506.0810546875 451.9273376464844
737.82373046875 401.195556640625 659.4812622070312 330.5754699707031
799.1914672851562 135.43167114257812 768.0452880859375 131.62892150878906
395.62860107421875 503.28955078125 349.63043212890625 444.2881164550781
412.8016357421875 555.9954223632812 411.8085021972656 599.041748046875
771.18310546875 307.6019592285156 639.0914306640625 290.30169677734375
771.032958984375 570.9602661132812 677.86328125 477.1357421875
690.8935546875 488.1080017089844 772.4793701171875 568.5136108398438
799.1458129882812 126.8611831665039 773.0612182617188 123.52198791503906
56.890228271484375 528.3382568359375 29.909969329833984 599.3457641601562
226.8655242919922 177.8129425048828 232.25048828125 202.72975158691406
320.3560485839844 441.51031494140625 262.5742492675781 481.8230895996094
462.50885009765625 359.3861999511719 456.22039794921875 323.4366760253906
551.949951171875 186.37416076660156 476.9544982910156 176.34011840820312
537.5634155273438 598.5302124023438 589.899658203125 549.8920288085938
667.5617065429688 467.43878173828125 588.0198364257812 387.98016357421875
775.9680786132812 273.2421569824219 680.9056396484375 260.7159729003906
799.126953125 152.0031280517578 757.1704711914062 146.6609344482422
501.6356201171875 442.31866455078125 468.9997253417969 405.000244140625
589.4112548828125 385.5911865234375 674.1561889648438 470.8447265625
799.13525390625 159.95169067382812 752.1433715820312 153.8889617919922
799.1605834960938 182.7506561279297 738.140380859375 174.90797424316406
799.1221313476562 197.07351684570312 730.0048217773438 187.96331787109375
799.1268920898438 190.0233612060547 734.05615234375 181.56781005859375
156.2327117919922 101.93356323242188 179.3470001220703 182.90093994140625
177.30494689941406 437.0937194824219 166.246337890625 473.0757141113281
212.9932861328125 473.9981994628906 225.62039184570312 427.1672668457031
799.1620483398438 210.75732421875 721.055908203125 200.57122802734375
799.1146240234375 118.13531494140625 779.0692138671875 115.477783203125
148.07366943359375 66.97906494140625 130.75999450683594 6.068220138549805
201.2124481201172 359.06317138671875 181.28692626953125 426.0852966308594
799.1117553710938 109.22774505615234 784.135986328125 107.06048583984375
208.1211700439453 0.9785374402999878 221.25552368164062 75.13186645507812
799.077880859375 242.40518188476562 701.9108276367188 229.68115234375
799.1306762695312 203.9981689453125 725.0860595703125 194.34039306640625
799.264892578125 598.7289428710938 774.9921264648438 575.008056640625
234.2451171875 366.92987060546875 218.7509002685547 312.7851257324219
776.2150268554688 572.777099609375 799.618896484375 595.3585205078125
235.7916259765625 395.2101745605469 214.8164825439453 474.2167663574219
660.1536254882812 327.8309020996094 740.3148803710938 400.6534118652344
799.08740234375 217.3274383544922 717.0433349609375 206.66636657714844
0.45107463002204895 480.6927795410156 92.98802947998047 554.01513671875
799.0858764648438 236.34344482421875 704.99560546875 224.03347778320312
799.101318359375 230.2252655029297 708.943359375 218.43316650390625
799.0831909179688 248.36643981933594 698.9705200195312 235.22434997558594
799.1536254882812 223.82635498046875 713.0582885742188 212.5546112060547
788.9205322265625 258.60076904296875 690.9158935546875 245.63572692871094
661.048828125 282.62640380859375 764.1173095703125 296.1026306152344
769.0469970703125 261.6459655761719 688.9968872070312 251.0236053466797
798.9737548828125 254.1986083984375 695.9224853515625 240.5868682861328
783.1517944335938 268.8468933105469 683.8973999023438 255.77914428710938
212.87046813964844 479.96856689453125 417.0963439941406 507.2794494628906
350.87640380859375 63.94965362548828 389.9945983886719 69.04146575927734
398.71209716796875 170.13522338867188 453.9218444824219 177.57962036132812
424.3614807128906 295.2029724121094 449.3900146484375 314.1653137207031
418.9690246582031 120.17938995361328 460.9261779785156 127.42731475830078
224.65249633789062 80.88163757324219 210.12489318847656 0.7959445118904114
774.9453735351562 278.4146728515625 683.9437866210938 266.42694091796875
463.18896484375 365.369873046875 435.39031982421875 402.7763671875
754.1153564453125 291.1206359863281 665.2020263671875 279.45977783203125
771.01220703125 282.901123046875 732.975830078125 278.1951904296875
55.4180908203125 520.4691772460938 1.1896311044692993 477.75921630859375
53.27161407470703 525.9214477539062 0.7069323062896729 484.3707580566406
462.2052917480469 355.10101318359375 461.38006591796875 364.94805908203125
718.1179809570312 276.0973815917969 673.9576416015625 270.3238830566406
201.23667907714844 191.69451904296875 218.3937225341797 261.1497802734375
276.7053527832031 385.4211730957031 259.94744873046875 370.15545654296875
454.9840087890625 168.20050048828125 403.91021728515625 164.1251983642578
36.994873046875 149.0026397705078 -0.23572398722171783 76.6357421875
31.097810745239258 157.48109436035156 18.6068172454834 179.19869995117188
353.34393310546875 444.8216857910156 256.466064453125 422.2964172363281
326.0696716308594 154.46141052246094 383.02197265625 161.83018493652344
312.9783020019531 59.19007873535156 346.9914855957031 63.07447052001953
418.9664001464844 115.2537841796875 437.0467224121094 117.64689636230469
396.0421142578125 69.69036865234375 423.08587646484375 73.36872100830078
-0.33227086067199707 84.68811798095703 34.145843505859375 151.44117736816406
783.8068237304688 62.18357849121094 799.2125244140625 64.69812774658203
623.0216674804688 100.79878997802734 592.9398193359375 97.55902099609375
221.00314331054688 256.7451477050781 204.3423614501953 191.16708374023438
382.8929138183594 163.81785583496094 325.9525451660156 156.3624267578125
389.03411865234375 70.72240447998047 358.9962158203125 67.03082275390625
565.2999877929688 243.2957000732422 623.1553344726562 103.6500473022461
260.9504089355469 370.83221435546875 258.83563232421875 358.85247802734375
