144
214.32058715820312 559.2279663085938 176.1427459716797 277.9806213378906
620.2307739257812 593.1051635742188 755.1264038085938 510.6619567871094
763.4421997070312 101.85147857666016 769.2430419921875 80.06471252441406
105.98359680175781 598.955322265625 214.32315063476562 559.157470703125
218.7721405029297 557.3704833984375 330.5999450683594 516.8947143554688
354.5329895019531 599.1314697265625 332.3124694824219 520.1935424804688
497.45758056640625 598.8041381835938 452.2941589355469 493.3021545410156
334.7044677734375 515.1837158203125 409.9754333496094 487.93212890625
417.4013671875 415.2571105957031 354.1281433105469 267.9449768066406
630.9853515625 597.3185424804688 760.775634765625 518.9993896484375
0.6969454288482666 529.1238403320312 88.56170654296875 498.7328186035156
219.65415954589844 599.1791381835938 214.84205627441406 563.02099609375
331.3675231933594 516.45654296875 306.3979797363281 427.1683654785156
727.7815551757812 116.41268157958984 719.7306518554688 151.16925048828125
0.3191768229007721 119.94586944580078 22.92959213256836 105.34266662597656
149.82728576660156 272.82525634765625 -0.02969009056687355 420.95831298828125
305.6726989746094 424.3693542480469 255.18820190429688 242.9476318359375
309.8944396972656 422.6794128417969 354.0462341308594 408.140380859375
513.7853393554688 449.41876220703125 445.1725158691406 474.75946044921875
109.93196868896484 249.925048828125 0.4039727747440338 349.3433532714844
207.5745849609375 457.76806640625 303.8363952636719 424.5262145996094
785.9326171875 186.9782257080078 764.5388793945312 253.17416381835938
213.97677612304688 561.9367065429688 111.23478698730469 599.6397705078125
178.59866333007812 278.91827392578125 216.57363891601562 557.0582275390625
677.3599853515625 164.24766540527344 698.3690185546875 48.885093688964844
29.97374725341797 109.96133422851562 0.3645769953727722 130.0640869140625
289.57073974609375 347.68450927734375 369.8349304199219 321.4941711425781
334.59210205078125 518.8333740234375 357.2112731933594 599.221923828125
748.6069946289062 156.89210510253906 758.5685424804688 120.60700988769531
91.35446166992188 599.0001831054688 91.39349365234375 347.9999084472656
217.01095581054688 560.9984741210938 222.35018920898438 599.091064453125
416.08575439453125 488.23492431640625 218.4954833984375 560.3574829101562
799.1297607421875 47.48799514770508 332.05157470703125 7.399036407470703
576.0968017578125 154.00582885742188 572.5450439453125 213.0327911376953
737.150634765625 76.27973937988281 731.8214721679688 98.19971466064453
93.36082458496094 247.28236389160156 0.2772071361541748 330.1884765625
196.54725646972656 378.6437683105469 283.5343322753906 349.60504150390625
515.2928466796875 307.4837646484375 427.6976013183594 290.565673828125
674.3087158203125 172.233642578125 663.99609375 229.99929809570312
0.15247108042240143 184.85348510742188 40.836647033691406 154.77902221679688
306.1071472167969 426.3108215332031 208.03939819335938 460.1142883300781
308.3688659667969 424.8969421386719 333.5045166015625 514.8590087890625
518.1167602539062 90.99091339111328 518.3771362304688 123.00506591796875
0.17145077884197235 340.07928466796875 102.77299499511719 247.74774169921875
472.833984375 128.24453735351562 491.552978515625 294.05047607421875
447.0192565917969 477.05242919921875 514.4655151367188 452.2668151855469
517.5598754882812 53.9988899230957 517.5974731445312 73.00079345703125
86.03372192382812 502.0976257324219 0.8370500802993774 531.5282592773438
754.6776733398438 513.6742553710938 620.8512573242188 597.1585083007812
758.8500366210938 120.1072998046875 728.8584594726562 116.04505920410156
97.08436584472656 496.2498474121094 143.8202667236328 480.4677429199219
257.41552734375 242.88343811035156 307.61383056640625 421.82781982421875
195.97653198242188 463.9331359863281 147.03799438476562 481.1082458496094
143.1789093017578 482.5238342285156 97.09028625488281 498.2643737792969
353.3628234863281 410.0561828613281 309.9854431152344 424.9576110839844
541.4910888671875 127.00614929199219 541.9046630859375 93.98628234863281
762.9744262695312 523.5751342773438 638.0780639648438 597.4411010742188
42.747093200683594 158.00723266601562 0.5083461999893188 189.337158203125
344.0842590332031 35.98339080810547 347.6117858886719 53.87940979003906
473.8758544921875 302.4792785644531 505.51470947265625 355.6939697265625
542.4600219726562 77.0088882446289 542.866455078125 55.97809600830078
297.01763916015625 4.773265838623047 242.03903198242188 0.49809107184410095
357.3948669433594 269.830322265625 420.38580322265625 416.4044494628906
699.9523315429688 47.528892517089844 235.93505859375 5.720841884613037
541.9047241210938 92.73939514160156 518.9000854492188 89.7753677368164
203.29466247558594 21.25297737121582 209.38088989257812 38.2220573425293
194.94503784179688 310.82568359375 265.8346862792969 288.47564697265625
356.9630126953125 327.8885498046875 289.13494873046875 350.40643310546875
375.34149169921875 103.11327362060547 370.0183410644531 72.16886901855469
147.7340850830078 478.22088623046875 198.60958862304688 460.8561706542969
191.97210693359375 264.9195251464844 181.67807006835938 274.7127380371094
410.60870361328125 387.8503723144531 474.97979736328125 365.940673828125
503.9571838378906 358.02520751953125 471.6764831542969 303.1904602050781
5.882540225982666 0.5361534357070923 148.65431213378906 272.18170166015625
225.67298889160156 40.107967376708984 219.72450256347656 22.090959548950195
283.96875 351.90545654296875 197.79856872558594 380.3906555175781
367.24493408203125 56.124305725097656 364.06756591796875 36.82424545288086
527.2669677734375 573.7022094726562 494.99041748046875 585.9747924804688
732.0628662109375 98.97429656982422 746.9456787109375 99.88645935058594
350.60394287109375 69.6938247680664 356.4105529785156 100.11251831054688
456.2868957519531 499.8752746582031 493.6166076660156 585.7318725585938
573.9904174804688 150.05816650390625 580.3431396484375 41.90268325805664
418.08099365234375 276.9899597167969 399.739501953125 129.03228759765625
491.7821350097656 271.94830322265625 480.0749206542969 94.86282348632812
98.6161117553711 410.84661865234375 185.02853393554688 382.0857238769531
45.757266998291016 137.66700744628906 0.6635071635246277 170.53839111328125
498.0152282714844 360.04400634765625 411.9456787109375 389.8430480957031
768.8797607421875 80.19783782958984 737.79150390625 77.07711791992188
70.29329681396484 0.40471819043159485 191.8624725341797 264.5235900878906
249.037353515625 296.11785888671875 188.13304138183594 315.4197692871094
598.9044799804688 554.2817993164062 623.1817626953125 584.8556518554688
695.8750610351562 49.97749328613281 680.0208740234375 138.00376892089844
799.13818359375 56.51454162597656 702.9473266601562 47.56649398803711
518.271240234375 73.2011489868164 542.1799926757812 76.80606842041016
152.0211944580078 272.9888916015625 9.23332405090332 0.8775655627250671
370.8111572265625 71.39714813232422 351.0372619628906 68.72431945800781
362.0662536621094 201.68519592285156 404.3005065917969 210.57179260253906
487.1905212402344 133.99136352539062 490.9969787597656 218.00013732910156
569.0001831054688 152.9989471435547 492.728271484375 140.68283081054688
229.83609008789062 53.94993209838867 214.76708984375 51.34983444213867
428.3739013671875 286.5582580566406 223.86497497558594 233.5206756591797
422.8023376464844 428.51373291015625 442.41986083984375 474.24884033203125
93.86865234375 360.0001525878906 94.16392517089844 599.0010375976562
308.96893310546875 276.903076171875 274.03173828125 288.09906005859375
242.94873046875 176.24063110351562 352.1070861816406 199.497314453125
391.1681213378906 124.95182800292969 268.78765869140625 105.32389068603516
379.807861328125 318.4066162109375 434.86395263671875 300.579833984375
625.0408325195312 262.25958251953125 591.9166870117188 267.47021484375
124.06654357910156 0.5700166821479797 156.42355346679688 80.82923889160156
239.18899536132812 83.2630844116211 229.82032775878906 54.38268280029297
273.69476318359375 286.0152893066406 325.9439392089844 269.819091796875
401.28826904296875 125.89747619628906 391.5499267578125 98.51571655273438
409.6291809082031 59.90406036376953 435.0712585449219 55.40277862548828
445.78497314453125 474.6620788574219 424.86248779296875 426.0592041015625
487.04730224609375 115.99522399902344 478.99267578125 36.20262908935547
-0.021528584882616997 425.9666442871094 151.84335327148438 275.841552734375
214.072509765625 52.641456604003906 223.59780883789062 81.13445281982422
185.13238525390625 384.404296875 100.08291625976562 412.2532043457031
16.21237564086914 45.88517379760742 0.26817044615745544 16.395681381225586
395.7038269042969 95.81855010986328 404.4414367675781 71.44135284423828
721.0271606445312 151.79872131347656 735.0416259765625 153.69175720214844
50.1988639831543 66.8966064453125 15.737394332885742 0.6166009902954102
128.48416137695312 167.76693725585938 47.979774475097656 0.5283618569374084
456.02069091796875 137.82908630371094 410.3060607910156 122.00473022460938
515.8109130859375 461.00823974609375 519.0858764648438 536.08349609375
280.9842834472656 1.3344637155532837 352.8257751464844 4.709094524383545
560.66259765625 557.4068603515625 571.3268432617188 582.705322265625
495.0169677734375 584.043212890625 526.82763671875 571.560791015625
621.333984375 585.7815551757812 594.115478515625 555.981201171875
534.9940795898438 4.369294166564941 500.01904296875 3.8097763061523438
436.0076599121094 34.02359390258789 424.2726745605469 37.838722229003906
350.9341125488281 201.3061065673828 293.9893798828125 189.04930114746094
405.23577880859375 71.5467300415039 421.7518310546875 64.42453002929688
479.4450988769531 89.95867919921875 436.1160888671875 55.124053955078125
732.724609375 534.5594482421875 717.8932495117188 543.8292236328125
570.8756713867188 211.993896484375 573.673583984375 154.98397827148438
432.04638671875 3.3514223098754883 457.0366516113281 2.8584229946136475
722.9961547851562 157.0345916748047 747.911865234375 159.79550170898438
563.6965942382812 600.5355834960938 521.3770141601562 481.93597412109375
478.7352294921875 89.81008911132812 487.1639099121094 122.44104766845703
497.083984375 9.442121505737305 542.2221069335938 6.813404560089111
775.4573974609375 524.6450805664062 770.079345703125 517.7144165039062
646.5569458007812 399.32855224609375 621.32568359375 415.9781494140625
617.9578857421875 410.9106140136719 632.7608642578125 396.75
