185
720.0804443359375 346.4561767578125 707.1565551757812 377.06610107421875
284.43408203125 477.7624206542969 231.81039428710938 561.6260375976562
343.59259033203125 537.2064819335938 309.0531005859375 598.4661254882812
216.8571014404297 147.9927215576172 218.4382781982422 116.9205322265625
610.2627563476562 289.4356994628906 603.1787719726562 326.2269592285156
73.25679779052734 242.3592071533203 230.93272399902344 257.69189453125
207.06028747558594 257.74371337890625 0.911130428314209 247.85211181640625
198.57420349121094 113.98214721679688 197.31350708007812 144.05506896972656
274.69085693359375 475.7626953125 224.11068725585938 551.0743408203125
639.6262817382812 308.1340637207031 635.3573608398438 328.0765075683594
674.690185546875 294.8514404296875 655.729248046875 334.3905944824219
305.9835205078125 599.5423583984375 341.6751403808594 534.8208618164062
199.93753051757812 82.95663452148438 199.23988342285156 100.05060577392578
345.7237548828125 297.0887451171875 347.444580078125 283.05450439453125
783.5072021484375 449.8545227050781 751.34814453125 558.8076171875
638.1498413085938 327.03411865234375 642.0775146484375 309.7898864746094
341.40380859375 334.0508728027344 344.4590759277344 309.8058166503906
359.5526123046875 161.95008850097656 362.6872253417969 133.85354614257812
738.4310302734375 471.85272216796875 743.8387451171875 450.9582824707031
723.1272583007812 526.0353393554688 733.2656860351562 489.51849365234375
590.6085815429688 329.70556640625 653.94482421875 344.2403564453125
647.2586669921875 214.05332946777344 654.7451782226562 177.7412872314453
656.3053588867188 337.9660339355469 655.4688110351562 355.07183837890625
217.51956176757812 551.1760864257812 207.81005859375 592.1917724609375
306.0333557128906 261.1717224121094 209.03504943847656 260.02801513671875
228.46438598632812 558.7291870117188 281.3572998046875 476.3758544921875
610.5545654296875 385.91357421875 614.0289306640625 368.005615234375
640.2974243164062 174.85153198242188 633.1205444335938 208.81414794921875
654.7470703125 330.57037353515625 665.10888671875 300.3515319824219
658.716796875 160.9394073486328 663.1890869140625 140.04046630859375
667.1435546875 237.25559997558594 676.8209838867188 193.95997619628906
548.278076171875 304.236328125 564.9645385742188 213.9934539794922
168.9672088623047 156.02685546875 171.5512237548828 62.9875373840332
172.7039794921875 4.973020553588867 171.95358276367188 41.01985168457031
219.63690185546875 102.98945617675781 220.1311492919922 85.97476196289062
554.7482299804688 127.95043182373047 551.7561645507812 143.14886474609375
600.8286743164062 429.9638977050781 607.1812744140625 399.8274230957031
15.938674926757812 170.94725036621094 36.97996520996094 172.30947875976562
561.830810546875 145.970703125 564.7769775390625 128.96136474609375
665.3630981445312 301.6947937011719 609.6396484375 288.5246887207031
647.7420654296875 138.73919677734375 643.7178955078125 158.14883422851562
719.3092651367188 368.56390380859375 724.6550903320312 346.6716003417969
785.935546875 202.98277282714844 774.337890625 246.35772705078125
28.362674713134766 95.98721313476562 28.663095474243164 127.9937744140625
248.6314697265625 68.9149398803711 242.72251892089844 163.98275756835938
245.49839782714844 164.03062438964844 251.27651977539062 70.01699829101562
312.5260009765625 176.87721252441406 305.43865966796875 261.9532470703125
364.0746154785156 120.00816345214844 365.8279724121094 103.9811782836914
739.2741088867188 259.4984130859375 768.3443603515625 126.8563003540039
347.7417297363281 101.98152160644531 346.6585998535156 117.11868286132812
522.1480102539062 367.21142578125 526.6527099609375 342.7518615722656
594.6387329101562 391.9281005859375 588.896484375 420.7803649902344
658.1012573242188 306.79766845703125 652.7174682617188 330.71124267578125
762.27294921875 160.07485961914062 735.3856201171875 258.10577392578125
207.1431121826172 332.0785827636719 208.9412078857422 305.9272155761719
317.3273620605469 170.1145477294922 325.0171813964844 81.00148010253906
345.0990295410156 131.00929260253906 342.4681701660156 159.04393005371094
517.9752807617188 337.157470703125 513.9901733398438 361.8369445800781
713.4029541015625 474.83935546875 703.8781127929688 510.2362976074219
723.1129760742188 438.02960205078125 717.8226928710938 458.2156066894531
161.16323852539062 349.00494384765625 159.8927764892578 390.99676513671875
799.2506103515625 153.0671844482422 791.7111206054688 181.1906280517578
189.9480743408203 305.958740234375 188.96426391601562 331.0378112792969
322.73388671875 78.88692474365234 314.5190124511719 170.86773681640625
549.553955078125 156.92196655273438 544.4819946289062 185.90936279296875
605.4083862304688 261.6695861816406 596.6777954101562 303.72552490234375
0.8777122497558594 148.3723602294922 312.895263671875 176.17547607421875
27.408212661743164 61.02275085449219 28.100631713867188 79.03457641601562
372.8773193359375 266.9856872558594 363.3128662109375 349.0364685058594
392.39154052734375 87.81817626953125 372.58111572265625 263.0657043457031
530.8101196289062 12.810318946838379 469.70867919921875 396.11297607421875
553.9014892578125 188.98170471191406 559.340087890625 159.69178771972656
227.80050659179688 248.92771911621094 77.95649719238281 233.42037963867188
185.0501708984375 230.06851196289062 229.13771057128906 232.4429168701172
327.6036682128906 308.9654235839844 325.502685546875 333.0438537597656
343.96514892578125 407.7358703613281 316.9085693359375 411.3072814941406
225.81761169433594 583.6646728515625 278.1387023925781 489.9607238769531
380.0335693359375 178.62998962402344 319.0818786621094 173.09796142578125
341.7178955078125 522.9236450195312 328.20892333984375 539.014892578125
233.25619506835938 350.0817565917969 231.04864501953125 384.003173828125
51.7011604309082 131.00140380859375 51.54644012451172 98.00212860107422
209.60366821289062 293.02008056640625 210.0707244873047 278.9691162109375
671.7922973632812 205.95126342773438 664.5323486328125 236.8902587890625
799.78271484375 457.66253662109375 586.1932373046875 332.6697692871094
51.772735595703125 97.59640502929688 28.81100845336914 94.32755279541016
53.65696334838867 330.9996643066406 53.68448257446289 301.9987487792969
403.2889099121094 4.0355963706970215 395.53857421875 66.94314575195312
800.0515747070312 448.1614990234375 549.1864624023438 304.6740417480469
32.13787841796875 301.9850769042969 32.49234390258789 329.00665283203125
311.78662109375 598.8897094726562 337.46929931640625 549.2086791992188
457.035888671875 185.60723876953125 386.98126220703125 179.20518493652344
628.520751953125 334.90020751953125 635.556884765625 301.115966796875
329.9366149902344 283.9261169433594 329.02337646484375 297.07110595703125
34.02406692504883 161.7179412841797 17.97030258178711 160.34800720214844
61.56928253173828 438.4371337890625 74.41999053955078 405.7718200683594
84.14530181884766 350.998779296875 84.47716522216797 390.99603271484375
315.011474609375 74.91722106933594 209.10757446289062 60.22456741333008
318.9443664550781 175.6097869873047 379.9837646484375 181.17788696289062
60.947288513183594 516.367919921875 0.864782989025116 521.3786010742188
0.8595348000526428 33.00177764892578 392.8644104003906 87.96710968017578
218.89935302734375 115.92020416259766 198.81153869628906 113.7231216430664
544.9140014648438 106.34838104248047 799.0285034179688 122.55333709716797
53.54456329345703 288.0162048339844 53.3771858215332 272.99578857421875
208.95620727539062 305.45941162109375 190.97239685058594 304.9197082519531
358.00140380859375 349.27557373046875 299.9989929199219 349.22869873046875
691.6328125 306.3918151855469 674.0640869140625 301.7569580078125
733.5740966796875 489.5672302246094 714.2215576171875 475.03680419921875
296.8246154785156 249.98980712890625 299.092041015625 210.947265625
731.2125244140625 257.3052062988281 671.031005859375 238.89866638183594
218.73333740234375 588.1085815429688 219.80987548828125 570.9254150390625
226.3448486328125 568.0745849609375 221.94361877441406 588.4204711914062
308.0016174316406 168.97943115234375 249.97023010253906 164.375244140625
433.9982604980469 270.8587951660156 424.4053649902344 338.91619873046875
471.01617431640625 5.147463798522949 459.58233642578125 83.93939208984375
84.01728820800781 257.61181640625 0.9593459367752075 253.91285705566406
310.0902404785156 390.76043701171875 337.9355163574219 387.45648193359375
599.901123046875 322.8019104003906 591.1573486328125 321.7237854003906
565.5570678710938 213.36293029785156 799.5213012695312 289.39581298828125
333.86279296875 543.53466796875 299.3537902832031 599.21923828125
655.62158203125 177.6984405517578 640.6942138671875 174.37252807617188
53.99773025512695 301.4676818847656 32.997779846191406 301.4351806640625
78.00179290771484 348.4219970703125 8.996249198913574 348.20770263671875
51.57528305053711 82.00602722167969 51.4991455078125 63.99789047241211
386.9100341796875 182.03688049316406 456.9897766113281 188.1178741455078
689.6849975585938 352.6260681152344 712.05908203125 363.88250732421875
2.2893378734588623 345.9825439453125 3.5074551105499268 435.9795837402344
65.66663360595703 572.6090698242188 0.9098585844039917 537.1646728515625
85.26940155029297 1.9995476007461548 85.3298568725586 37.999446868896484
654.0138549804688 341.3804931640625 626.9965209960938 341.65142822265625
1.174750566482544 534.680908203125 66.34391784667969 570.3720092773438
31.390640258789062 272.0107727050781 31.673439025878906 287.9880676269531
238.9656982421875 246.47247314453125 296.1001892089844 250.61972045898438
523.4341430664062 8.647165298461914 568.053955078125 1.328922152519226
28.08552360534668 79.90787506103516 39.096309661865234 80.7701187133789
197.16079711914062 601.47265625 91.41580200195312 522.8187255859375
358.216064453125 550.1299438476562 364.93304443359375 538.959716796875
551.9688720703125 303.50469970703125 601.15185546875 306.5367736816406
733.4417114257812 384.93536376953125 735.3875732421875 398.23590087890625
84.1512680053711 342.9958190917969 81.88768005371094 261.0307312011719
234.35597229003906 580.3931274414062 252.99537658691406 589.010009765625
607.349365234375 399.85333251953125 595.9036254882812 391.1264343261719
40.998260498046875 241.1632843017578 13.001439094543457 240.86495971679688
568.9981689453125 527.9127807617188 640.512451171875 596.3755493164062
438.9973449707031 270.0954895019531 467.9747314453125 270.90484619140625
295.0042724609375 348.8660888671875 232.99761962890625 348.6328430175781
722.7083740234375 370.33892822265625 740.5888671875 377.96405029296875
311.1153564453125 414.2051696777344 344.1003112792969 411.0479736328125
32.094112396240234 287.607177734375 53.06593322753906 289.0242004394531
644.4990844726562 356.03094482421875 681.224609375 365.0893859863281
167.01211547851562 261.74884033203125 87.00528717041016 257.89044189453125
343.9947509765625 308.44415283203125 328.9850158691406 308.26678466796875
767.84326171875 409.6129455566406 739.401611328125 402.3399658203125
228.7860870361328 238.99740600585938 184.79603576660156 235.85806274414062
163.62216186523438 266.98602294921875 162.51004028320312 297.0188903808594
175.1436309814453 601.4514770507812 99.25458526611328 543.984375
776.796630859375 245.85316467285156 798.9669799804688 251.13845825195312
7.006641387939453 244.230712890625 44.003883361816406 244.55010986328125
121.81010437011719 425.9554443359375 146.8902130126953 421.39605712890625
655.0485229492188 333.9781799316406 629.96142578125 335.2230529785156
83.64669036865234 38.00992202758789 84.18383026123047 3.0028207302093506
699.3968505859375 376.5708312988281 718.96728515625 384.0851745605469
469.8244323730469 397.1733093261719 669.530029296875 599.4639892578125
743.7491455078125 371.4877014160156 758.0742797851562 378.8555908203125
280.7594909667969 492.4427795410156 298.0004577636719 485.0010681152344
336.8803405761719 384.5749816894531 308.0833740234375 386.99285888671875
84.39173126220703 144.0131378173828 85.24166870117188 53.99283981323242
496.0743103027344 0.5557460188865662 522.9901733398438 5.058682441711426
750.6487426757812 378.61962890625 736.0830688476562 382.3263854980469
653.2477416992188 353.02691650390625 642.900146484375 350.3922119140625
484.4662170410156 515.7513427734375 496.17449951171875 490.615478515625
2.570810079574585 429.01214599609375 0.8161588907241821 367.00518798828125
199.2718963623047 100.14961242675781 219.13687133789062 103.0685043334961
723.6076049804688 403.6686096191406 768.7008056640625 414.2724304199219
318.73992919921875 505.05206298828125 321.9096374511719 459.99365234375
422.17950439453125 594.7598876953125 403.27764892578125 580.628662109375
501.2696533203125 493.5954895019531 488.46966552734375 516.706298828125
23.912233352661133 205.0663604736328 25.88186264038086 177.9914093017578
426.6855773925781 580.9150390625 423.45892333984375 592.853759765625
765.4979858398438 398.7380676269531 761.3349609375 390.82379150390625
470.2851257324219 495.259521484375 462.6331787109375 503.6661071777344
389.0433654785156 411.1260986328125 404.0560302734375 411.87091064453125
344.3229675292969 465.90179443359375 341.3990173339844 486.0578918457031
406.3249816894531 426.53765869140625 388.83050537109375 414.2411193847656
403.5474853515625 413.5610046386719 414.6849670410156 427.4507751464844
137.01109313964844 428.77789306640625 126.93630981445312 428.27435302734375
