181
0.9488145709037781 328.6327819824219 62.29025650024414 320.0823059082031
753.4236450195312 257.6846008300781 732.5700073242188 361.9139709472656
58.48508071899414 310.8686218261719 1.009455919265747 318.0754089355469
517.2725219726562 256.66436767578125 508.3695373535156 302.48895263671875
200.86053466796875 193.90011596679688 146.84146118164062 200.74969482421875
565.2128295898438 286.84649658203125 560.6724853515625 310.1311340332031
737.528076171875 368.9021911621094 761.3726196289062 253.86996459960938
454.541015625 258.97314453125 452.90179443359375 286.9942626953125
784.3988647460938 133.8767852783203 760.6146240234375 249.92100524902344
298.2200622558594 599.0977172851562 295.474853515625 521.0184936523438
533.0042114257812 1.2524209022521973 266.0777282714844 5.683045387268066
146.59945678710938 298.4394836425781 0.713461697101593 335.88360595703125
684.4274291992188 129.9056854248047 672.72509765625 200.95472717285156
373.9198303222656 138.04278564453125 374.5760498046875 123.93376922607422
489.9892578125 193.9990692138672 492.5038757324219 164.87083435058594
730.712646484375 420.6125183105469 756.5426025390625 410.7963562011719
55.24195098876953 376.789794921875 34.363285064697266 383.1858825683594
30.066801071166992 158.83189392089844 7.024509429931641 159.67213439941406
140.3358154296875 207.04730224609375 146.8184814453125 298.0841369628906
799.0112915039062 64.00228881835938 785.2033081054688 132.041259765625
475.6427001953125 162.97003173828125 473.21343994140625 191.9340362548828
621.4017333984375 179.91796875 617.0214233398438 211.86582946777344
626.17138671875 146.02523803710938 623.5137939453125 164.07565307617188
637.7413940429688 215.96035766601562 642.8218383789062 182.81939697265625
777.563720703125 464.6541748046875 784.7748413085938 434.70501708984375
380.6210021972656 550.1090698242188 384.5033874511719 599.1974487304688
256.0871887207031 7.582236289978027 608.0169677734375 2.0850424766540527
477.81982421875 131.9901885986328 476.8916320800781 149.04852294921875
515.097412109375 211.09922790527344 523.15234375 122.01377868652344
759.9501342773438 427.9892272949219 753.646728515625 457.1398620605469
143.0459442138672 198.99647521972656 137.83204650878906 130.93626403808594
482.2226867675781 292.0269775390625 485.4899597167969 265.0593566894531
34.0208740234375 193.892333984375 30.348052978515625 159.06875610351562
519.3081665039062 142.03103637695312 512.469482421875 209.9465789794922
367.3815612792969 341.0074157714844 367.8293151855469 317.97723388671875
445.10516357421875 291.4122619628906 488.50506591796875 299.1771240234375
615.5367431640625 557.3294677734375 549.3252563476562 601.0088500976562
777.430908203125 600.6727294921875 801.862060546875 506.74444580078125
0.7541661858558655 224.13121032714844 140.10523986816406 205.80001831054688
450.7649230957031 202.05296325683594 455.548095703125 132.9687042236328
608.224609375 413.8807678222656 612.3959350585938 386.75335693359375
596.380126953125 599.1729125976562 618.79443359375 549.906494140625
68.99878692626953 207.8990478515625 58.08195877075195 99.89064025878906
189.7870330810547 360.0480041503906 188.79617309570312 335.008056640625
391.4700622558594 598.912841796875 380.7413330078125 541.0479736328125
453.1729736328125 138.93035888671875 447.863525390625 201.98851013183594
493.6088562011719 286.0610046386719 496.33746337890625 258.8334045410156
593.0399169921875 381.0048522949219 589.8720092773438 407.1058349609375
305.02362060546875 517.9486083984375 309.09393310546875 599.0454711914062
461.6603088378906 343.9775390625 460.0671081542969 368.070556640625
475.1418762207031 373.0919494628906 477.087646484375 348.9265441894531
605.7020874023438 571.9535522460938 567.04345703125 600.4171752929688
541.8572387695312 600.451171875 608.3002319335938 561.2009887695312
614.5177612304688 372.9236145019531 616.9088745117188 357.8271789550781
163.02210998535156 151.93360900878906 164.90643310546875 180.9411163330078
298.29217529296875 520.9664916992188 300.3176574707031 599.069580078125
62.05955123901367 208.46505737304688 1.035770297050476 216.2793426513672
62.49966812133789 316.33026123046875 59.70289611816406 303.6251525878906
492.4356384277344 263.9529724121094 490.607666015625 285.8839416503906
493.9018859863281 150.9943084716797 494.8872375488281 133.99346923828125
705.4468383789062 3.0723772048950195 688.1229858398438 110.01992797851562
389.7366943359375 280.08099365234375 393.47088623046875 200.02195739746094
1.6079398393630981 121.91767120361328 4.472506999969482 143.07142639160156
6.867796897888184 160.77549743652344 11.114446640014648 196.1064453125
146.8571319580078 304.446044921875 0.7736712694168091 342.1224365234375
34.53114318847656 384.8155517578125 38.04610061645508 413.99444580078125
178.88194274902344 136.07164001464844 177.78903198242188 119.01351928710938
744.412353515625 405.7332763671875 789.4520874023438 411.4183044433594
135.94651794433594 199.56712341308594 74.02682495117188 207.21713256835938
372.3934020996094 177.9680938720703 373.8155212402344 150.93768310546875
642.8955078125 181.76937866210938 621.875732421875 178.9151153564453
645.2970581054688 166.0464630126953 648.1404418945312 147.86557006835938
764.1535034179688 253.0319366455078 739.792236328125 370.1647644042969
306.84246826171875 599.1149291992188 304.9234924316406 513.001708984375
483.0935363769531 298.1219787597656 507.2563171386719 286.459228515625
558.9421997070312 219.36428833007812 760.1111450195312 251.29974365234375
9.677183151245117 445.90423583984375 17.73760223388672 502.89569091796875
30.63731575012207 353.04571533203125 32.90159225463867 371.01239013671875
173.48275756835938 428.7466125488281 195.17347717285156 414.7217102050781
200.99151611328125 151.04953002929688 205.3129119873047 239.03375244140625
732.4259643554688 362.1988525390625 390.17633056640625 281.25445556640625
55.756866455078125 100.02352905273438 66.21271514892578 208.07618713378906
174.04129028320312 339.04071044921875 175.14353942871094 364.993896484375
180.6744384765625 179.97293090820312 179.5125732421875 151.01956176757812
136.54608154296875 141.02796936035156 140.12159729003906 199.0541229248047
146.06675720214844 203.51608276367188 201.05215454101562 196.4031524658203
179.02989196777344 150.1331787109375 164.0139617919922 150.52935791015625
625.184814453125 483.9340515136719 635.1771240234375 511.9367980957031
28.25298309326172 142.97412109375 26.10648536682129 121.98910522460938
58.12376022338867 406.0892639160156 55.16909408569336 377.08465576171875
161.21604919433594 119.91386413574219 162.42417907714844 136.96995544433594
199.82826232910156 98.00786590576172 201.9814453125 145.0008544921875
393.77880859375 199.37660217285156 753.8031005859375 257.2254333496094
667.8805541992188 233.80763244628906 685.559326171875 130.92428588867188
355.5607604980469 290.99835205078125 355.5469665527344 303.00177001953125
359.61431884765625 149.9869842529297 359.37933349609375 175.01295471191406
0.9924303293228149 96.03565979003906 199.9964141845703 97.49018096923828
205.58804321289062 244.0161895751953 210.49691772460938 368.98046875
88.5437240600586 408.8479309082031 80.58428192138672 328.04095458984375
726.3230590820312 424.5923767089844 716.1491088867188 441.4875793457031
800.2870483398438 421.5204162597656 753.2828979492188 408.0153503417969
491.9286804199219 164.42933654785156 476.8465270996094 161.92372131347656
614.1942138671875 4.15407657623291 601.1799926757812 105.02322387695312
734.6824340820312 369.3097839355469 576.0372314453125 330.84649658203125
784.8026733398438 434.6529235839844 760.5956420898438 427.33807373046875
88.50733184814453 414.8548278808594 93.42931365966797 465.9586486816406
355.4773254394531 314.9844665527344 354.8218078613281 337.0244445800781
372.8667297363281 150.88555908203125 360.8381652832031 149.0754852294922
420.24737548828125 230.94857788085938 417.5762023925781 270.03936767578125
10.725149154663086 440.7533264160156 0.8961274027824402 372.0148620605469
212.33558654785156 432.01275634765625 191.8603973388672 445.7925720214844
257.1954040527344 190.0006866455078 257.00714111328125 243.00003051757812
617.8837280273438 549.3641967773438 594.076171875 541.7615356445312
7.871397972106934 535.065185546875 72.44808959960938 500.1312561035156
292.82623291015625 513.0578002929688 295.1124572753906 599.0501708984375
279.035400390625 3.479489803314209 437.0032043457031 1.2250021696090698
47.627262115478516 3.9430534839630127 54.4459228515625 79.05030059814453
60.076080322265625 298.3523864746094 112.77833557128906 286.9733581542969
300.5144348144531 99.99822235107422 300.180419921875 379.0002136230469
593.9007568359375 539.3876342773438 620.9212036132812 546.3076171875
612.643798828125 386.1446228027344 593.6189575195312 380.22442626953125
360.51422119140625 121.99542236328125 360.3727722167969 137.01292419433594
533.8511352539062 261.30792236328125 521.0173950195312 259.84735107421875
698.2766723632812 335.53570556640625 667.851318359375 329.78692626953125
53.61225509643555 363.1527404785156 51.8363037109375 347.01800537109375
300.7300720214844 10.002767562866211 300.3964538574219 98.00150299072266
341.8802185058594 101.70584869384766 782.0971069335938 132.61692810058594
693.0313110351562 325.6016540527344 668.9442749023438 323.7091064453125
698.0943603515625 320.0716552734375 665.9185791015625 316.8011169433594
682.4417114257812 599.110107421875 716.0474243164062 464.2641906738281
784.0198364257812 129.004150390625 790.4884033203125 98.10224151611328
600.8479614257812 515.0426025390625 594.3623657226562 491.8984680175781
477.6311950683594 348.233642578125 462.76416015625 343.78887939453125
762.2061767578125 251.83831787109375 786.1992797851562 134.04058837890625
711.8475341796875 431.06072998046875 713.6399536132812 465.0716857910156
258.5992736816406 408.10040283203125 333.730712890625 400.37957763671875
204.8780059814453 194.00332641601562 204.142578125 166.99612426757812
468.03741455078125 255.7110137939453 490.0566711425781 258.5625
566.9623413085938 303.2293395996094 568.8474731445312 287.0990295410156
254.11502075195312 5.982082366943359 255.40101623535156 86.00962829589844
501.9781188964844 305.3235168457031 531.0480346679688 307.2900390625
616.6624755859375 313.71966552734375 735.8611450195312 341.59381103515625
537.958984375 297.18170166015625 560.180908203125 302.1986083984375
791.2348022460938 414.1848449707031 789.855712890625 401.0151062011719
786.8125610351562 132.64454650878906 799.1087646484375 134.04583740234375
112.9664306640625 286.202392578125 108.7684326171875 244.02304077148438
556.879638671875 312.7327575683594 569.2041625976562 314.7572937011719
780.0166015625 486.9468994140625 736.569091796875 473.3799133300781
774.1187744140625 388.3314514160156 760.1242065429688 393.3465576171875
191.09820556640625 449.1520080566406 213.4568328857422 434.70709228515625
597.8936767578125 519.3886108398438 625.04931640625 526.8198852539062
0.5978784561157227 382.0552062988281 7.86923885345459 435.0179443359375
44.180389404296875 517.277099609375 11.647147178649902 538.4580078125
532.0917358398438 480.78955078125 570.6174926757812 497.5833740234375
722.2155151367188 418.7770080566406 713.9580078125 431.6946716308594
759.0317993164062 248.0065460205078 778.1484375 155.030517578125
614.0181884765625 325.9064025878906 595.9238891601562 322.3919372558594
0.8654881119728088 580.1694946289062 26.069196701049805 600.1727905273438
570.0151977539062 499.95904541015625 544.2225952148438 490.39935302734375
191.90184020996094 412.3036193847656 170.0121612548828 426.4740295410156
589.1188354492188 325.31878662109375 615.028076171875 329.8391418457031
785.0072021484375 395.9671325683594 772.1846313476562 393.1573181152344
301.0538024902344 379.852783203125 594.0306396484375 486.91607666015625
168.81239318847656 442.6340637207031 190.40167236328125 449.0221252441406
494.7448425292969 258.7416687011719 487.69573974609375 265.7043762207031
663.833740234375 339.46759033203125 701.0359497070312 343.68292236328125
595.2870483398438 368.0185241699219 614.1370849609375 373.53131103515625
797.208984375 398.5873107910156 775.2658081054688 387.47515869140625
234.21336364746094 475.3597106933594 237.61497497558594 463.8858642578125
509.1872253417969 301.77752685546875 498.1400451660156 300.0856628417969
219.8769989013672 480.8671875 215.3679656982422 451.0957336425781
252.46444702148438 55.9903678894043 253.1116180419922 20.00200653076172
390.51788330078125 455.0003662109375 390.5367431640625 479.0003662109375
219.01718139648438 450.5852966308594 224.6671905517578 478.06842041015625
561.0866088867188 327.6531677246094 524.1427001953125 318.4284362792969
793.055908203125 566.673828125 799.2176513671875 567.7293701171875
253.5363311767578 97.99502563476562 253.8044891357422 72.9979019165039
491.8995666503906 286.845703125 482.8343505859375 292.7454528808594
216.0990753173828 507.971435546875 210.9221954345703 490.0224304199219
219.42259216308594 490.9316711425781 221.70494079589844 505.0476989746094
302.0 378.0 302.0 356.0
