244
651.9219970703125 391.8030700683594 658.4798583984375 355.90496826171875
611.5872802734375 454.05865478515625 615.2957763671875 416.9296569824219
197.38955688476562 467.9181213378906 195.4720458984375 411.9495544433594
460.02154541015625 519.8531494140625 476.6221618652344 409.24346923828125
678.365234375 404.0296325683594 672.5897216796875 475.21014404296875
615.9140014648438 411.9053955078125 619.7483520507812 367.8909606933594
628.290283203125 298.76580810546875 616.94140625 430.08135986328125
197.0514373779297 413.9808654785156 197.61566162109375 444.9888000488281
526.9419555664062 358.9944763183594 523.3116455078125 397.1248779296875
443.1846008300781 342.0160217285156 447.7008056640625 289.9740295410156
637.9894409179688 454.0853576660156 483.0526123046875 452.58111572265625
522.8033447265625 404.982177734375 519.0780639648438 446.0976867675781
616.2294311523438 436.02398681640625 614.4501953125 453.04705810546875
503.0 152.75025939941406 419.0 152.75250244140625
703.0000610351562 153.50926208496094 663.9999389648438 153.5063018798828
191.48928833007812 413.96783447265625 188.20896911621094 466.07611083984375
520.298583984375 443.8236389160156 610.2556762695312 452.28057861328125
0.9587435126304626 312.78533935546875 39.030845642089844 313.6651306152344
190.20729064941406 449.9968566894531 189.67611694335938 414.98974609375
627.7645874023438 356.8869934082031 632.6964111328125 302.97222900390625
635.010986328125 429.90972900390625 636.8212890625 410.074951171875
659.0883178710938 394.2127685546875 623.9693603515625 390.27294921875
732.6771240234375 598.9309692382812 740.7939453125 560.9559326171875
475.9938659667969 556.9122924804688 503.9967041015625 554.952880859375
92.93590545654297 311.8417663574219 0.9960880279541016 316.9292907714844
291.7889404296875 299.98687744140625 290.6017761230469 319.0994873046875
515.0790405273438 399.0065002441406 511.2088623046875 446.0171813964844
523.12841796875 398.1512145996094 615.1399536132812 412.0752868652344
642.4334716796875 352.0406799316406 668.5445556640625 73.86338806152344
447.5311279296875 278.7159423828125 442.2785949707031 342.8590393066406
664.3308715820312 86.93441772460938 658.740234375 143.97454833984375
199.00120544433594 145.4778594970703 502.999267578125 144.71343994140625
329.4053039550781 294.4869689941406 323.8141174316406 322.7655334472656
704.422607421875 152.84234619140625 681.3067016601562 384.1305847167969
475.796142578125 478.9818115234375 510.584716796875 89.05216217041016
537.9951782226562 353.0422058105469 596.0350952148438 359.6937255859375
614.9728393554688 433.19342041015625 635.97998046875 436.1427917480469
652.726806640625 438.47662353515625 672.9593505859375 442.2197570800781
471.2345886230469 461.18402099609375 462.4582824707031 520.0682983398438
477.2223205566406 270.92547607421875 479.130615234375 251.01251220703125
668.8995361328125 455.4212951660156 647.9014282226562 450.413330078125
41.95433807373047 307.59027099609375 0.9594226479530334 306.4131774902344
327.0623474121094 325.30682373046875 338.06329345703125 326.2962341308594
494.9814147949219 451.26318359375 521.746337890625 148.06588745117188
566.0993041992188 578.9385375976562 566.6301879882812 597.0693969726562
633.87939453125 409.893310546875 632.0687866210938 428.9113464355469
663.9996948242188 155.471435546875 703.000244140625 155.4499969482422
271.9935607910156 290.8962097167969 269.60455322265625 314.0623474121094
454.00775146484375 84.91511535644531 451.4381103515625 114.9519271850586
521.9578857421875 145.08436584472656 526.6442260742188 91.88057708740234
620.8487548828125 366.0654296875 520.876220703125 351.8720703125
623.0272216796875 401.1070556640625 670.6206665039062 412.3796081542969
714.294189453125 599.1227416992188 719.2443237304688 546.9283447265625
510.7218322753906 446.20294189453125 522.2291870117188 291.8679504394531
709.0011596679688 142.23403930664062 799.00390625 141.78750610351562
29.679227828979492 213.9834747314453 28.595006942749023 235.03065490722656
113.63451385498047 362.0747375488281 115.78065490722656 343.8563537597656
251.10231018066406 317.07647705078125 254.70748901367188 265.11846923828125
121.33824157714844 242.94508361816406 122.83527374267578 224.90335083007812
413.10040283203125 562.0475463867188 470.952392578125 556.5033569335938
447.93170166015625 594.3218383789062 552.9739379882812 583.7412109375
634.6824951171875 317.0013732910156 634.6243286132812 388.99969482421875
658.0684814453125 354.3595275878906 644.12109375 352.8677062988281
656.6498413085938 451.6768493652344 648.4867553710938 435.2607116699219
692.9378662109375 312.7197265625 799.0963745117188 321.8832092285156
798.9893798828125 545.8101806640625 739.8947143554688 549.1198120117188
21.865488052368164 351.9944152832031 21.03631019592285 372.0014953613281
63.90656661987305 114.34532165527344 0.9181270599365234 97.30259704589844
96.2271957397461 254.90716552734375 93.23977661132812 311.960205078125
658.3719482421875 148.9402618408203 642.0046997070312 321.0004577636719
734.7859497070312 544.9320678710938 798.9765014648438 541.553955078125
0.9181268811225891 247.3134307861328 131.90782165527344 255.4786834716797
238.9513702392578 66.21900177001953 598.1774291992188 43.84874725341797
633.1275024414062 298.01239013671875 652.5679321289062 97.9580078125
11.337715148925781 244.0572509765625 13.949139595031738 183.04061889648438
312.0863037109375 257.9101867675781 313.750732421875 240.97549438476562
466.8201599121094 250.9856414794922 465.2999572753906 270.0239562988281
626.2368774414062 314.41339111328125 523.9954223632812 305.04974365234375
40.37936019897461 235.94970703125 42.002689361572266 215.91917419433594
68.02556610107422 308.00103759765625 69.14924621582031 280.0059814453125
112.68807220458984 223.99119567871094 112.20743560791016 241.0340576171875
123.0501480102539 371.396240234375 47.98675537109375 380.8953552246094
133.0340118408203 254.9463653564453 126.64739990234375 369.9804382324219
303.9654541015625 371.99749755859375 305.21173095703125 354.869873046875
442.2762145996094 340.7526550292969 307.1058654785156 324.13861083984375
364.1138610839844 538.3900146484375 370.2981262207031 504.8705139160156
660.1331176757812 599.1131591796875 666.9445190429688 530.8945922851562
200.52450561523438 155.9019775390625 184.6386260986328 395.04241943359375
231.69190979003906 450.89093017578125 237.07859802246094 435.673828125
380.7141418457031 383.0663146972656 382.3131103515625 365.8433837890625
722.7720336914062 536.9354858398438 798.9777221679688 533.5048828125
131.00209045410156 252.9670867919922 100.00048828125 250.99240112304688
629.0787963867188 263.84600830078125 531.0576782226562 257.15533447265625
662.3104248046875 492.9414367675781 659.4756469726562 477.9103088378906
234.69422912597656 476.43341064453125 0.7036949396133423 463.2651062011719
32.705238342285156 371.0552978515625 34.35984420776367 349.9497985839844
299.3516845703125 323.7829284667969 252.2674102783203 316.3142395019531
374.4830017089844 455.5621032714844 249.20997619628906 472.548583984375
403.962158203125 445.8319091796875 387.67706298828125 454.3851623535156
451.07586669921875 115.2782974243164 421.8729553222656 112.20885467529297
627.0029296875 42.03179168701172 602.9298706054688 44.23291778564453
652.0606079101562 296.1880798339844 685.1004638671875 298.65460205078125
720.0527954101562 549.5917358398438 734.7672729492188 573.1453857421875
11.60232925415039 213.04168701171875 9.457585334777832 244.0316619873047
254.91766357421875 264.96923828125 444.90570068359375 281.1098937988281
389.8959045410156 264.98822021484375 392.0545349121094 245.8931121826172
675.6873168945312 478.7227478027344 799.1572875976562 501.13330078125
371.7599792480469 363.9813232421875 370.43359375 381.0337219238281
516.9638671875 288.421875 628.9978637695312 298.0252380371094
574.8990478515625 587.3909912109375 622.8030395507812 599.7625732421875
648.0028076171875 434.9827880859375 615.3894653320312 429.6280212402344
667.876220703125 477.7023620605469 638.55322265625 472.535888671875
234.5092010498047 360.0464782714844 235.97430419921875 343.9976501464844
514.2886962890625 145.9390106201172 487.770263671875 455.2375183105469
525.9140014648438 309.85888671875 625.0218505859375 319.7817687988281
798.951416015625 537.21240234375 729.7213745117188 541.4818115234375
6.999118328094482 297.05712890625 39.006927490234375 297.55096435546875
626.041015625 294.4997863769531 522.996337890625 286.04449462890625
662.6783447265625 403.06402587890625 673.8739624023438 404.80877685546875
663.990478515625 144.0178985595703 704.9869384765625 144.40087890625
12.980134010314941 599.3750610351562 24.65375328063965 568.8674926757812
295.63714599609375 352.9770202636719 294.6201171875 369.0392761230469
373.0028381347656 152.455078125 345.9976501464844 152.62374877929688
387.7781677246094 329.49493408203125 439.13134765625 337.1147766113281
713.9317626953125 22.01906394958496 631.9112548828125 27.723800659179688
105.6884765625 343.981689453125 104.62715911865234 362.036865234375
363.5480651855469 505.28582763671875 379.8345642089844 449.3692932128906
413.99420166015625 152.49659729003906 375.9992370605469 152.9343719482422
450.3497314453125 93.16378784179688 442.3816833496094 110.1787338256836
634.8605346679688 599.5482177734375 576.5635986328125 584.7151489257812
599.5264282226562 402.6957092285156 602.8179321289062 386.75592041015625
659.0857543945312 145.993896484375 651.0587768554688 145.30995178222656
392.9681701660156 536.3131713867188 426.1337585449219 539.68408203125
382.41278076171875 448.7255554199219 366.9764404296875 537.9959106445312
640.57421875 481.2792053222656 631.381591796875 500.1855163574219
645.9765625 105.87818908691406 643.1181030273438 129.89503479003906
655.0093994140625 408.921142578125 637.025634765625 406.7840270996094
308.3576965332031 317.94122314453125 309.7355651855469 302.88427734375
456.5757141113281 376.8705139160156 454.92010498046875 395.0836486816406
633.5574340820312 468.2817687988281 641.3018188476562 480.4445495605469
224.97970581054688 207.4653778076172 494.0351257324219 219.194091796875
428.0313720703125 326.6780090332031 410.90167236328125 325.0094909667969
624.2701416015625 473.4982604980469 595.52587890625 458.0232238769531
639.9652099609375 469.209228515625 668.0210571289062 473.87335205078125
286.9999694824219 321.6029052734375 324.00006103515625 321.6043701171875
319.6913146972656 320.41253662109375 317.5122985839844 302.9361267089844
611.8436889648438 599.5819091796875 574.828369140625 589.638916015625
44.96937561035156 308.393798828125 68.02416229248047 308.9003601074219
498.6926574707031 477.7882995605469 524.5139770507812 496.664794921875
642.9766235351562 129.9860076904297 534.9187622070312 132.47970581054688
734.4412231445312 575.6312255859375 719.7457275390625 558.0482788085938
239.35231018066406 435.98846435546875 240.17137145996094 461.027099609375
577.9905395507812 73.6820297241211 512.0194091796875 75.64972686767578
0.7450258731842041 87.88945770263672 108.09660339355469 118.66300964355469
340.1047668457031 326.9917907714844 339.9043273925781 299.97845458984375
528.1705932617188 148.92153930664062 513.5733032226562 303.243408203125
595.0448608398438 375.03240966796875 575.6534423828125 394.6575622558594
664.0021362304688 151.09947204589844 704.0042724609375 151.19467163085938
137.31143188476562 196.95346069335938 133.78985595703125 249.0533905029297
149.96852111816406 433.623046875 184.0648193359375 430.77642822265625
245.5598602294922 466.05242919921875 240.4265899658203 422.9491882324219
531.8988647460938 105.98920440673828 527.6204833984375 146.0662384033203
680.109130859375 399.9032897949219 663.7733154296875 398.27740478515625
799.1765747070312 504.0509338378906 675.7962036132812 481.09539794921875
38.9986686706543 300.6279296875 6.996696949005127 300.5601501464844
608.9940795898438 218.9658966064453 630.9932250976562 219.10134887695312
457.987548828125 559.8744506835938 430.0641784667969 562.6466064453125
529.8963623046875 262.38653564453125 603.0853881835938 267.85797119140625
574.8013305664062 592.7693481445312 600.8707275390625 599.5006713867188
594.6823120117188 373.9695739746094 591.9028930664062 402.9906921386719
633.03955078125 213.08050537109375 568.8572387695312 210.3209228515625
0.6865932941436768 452.6820373535156 55.8220100402832 462.9552307128906
461.759521484375 496.94549560546875 456.8206481933594 518.732666015625
630.846435546875 269.2001037597656 628.0498657226562 295.0054016113281
382.9945983886719 540.105712890625 364.0438537597656 539.1396484375
600.989990234375 270.1454162597656 532.9676513671875 265.47076416015625
704.004638671875 147.74070739746094 664.9813842773438 147.04481506347656
9.83863639831543 436.86834716796875 46.800086975097656 431.5979919433594
425.93328857421875 542.6409301757812 392.8751220703125 539.1995849609375
719.7604370117188 0.8617311716079712 717.2874755859375 23.032062530517578
0.8448545932769775 172.9264373779297 137.8541717529297 195.87078857421875
604.497802734375 243.9677276611328 603.593505859375 258.03814697265625
633.3521728515625 447.94140625 633.7060546875 437.98956298828125
719.4486083984375 559.0101318359375 718.5435180664062 599.034912109375
639.9114990234375 168.07949829101562 631.454833984375 265.0396728515625
453.8010559082031 117.97926330566406 457.2257385253906 85.12777709960938
520.4353637695312 292.04364013671875 518.6385498046875 309.9637451171875
545.1702270507812 489.732421875 525.3130493164062 494.34716796875
520.8414306640625 566.5538940429688 565.3431396484375 579.29443359375
91.926513671875 465.9497375488281 124.04373168945312 468.434814453125
129.96792602539062 445.12420654296875 127.87973022460938 427.7737731933594
262.0177917480469 315.5867004394531 286.0163879394531 316.618896484375
533.960693359375 214.61785888671875 571.99755859375 217.0379638671875
623.8662109375 557.7681884765625 658.0484008789062 563.72216796875
62.560245513916016 -0.24500510096549988 191.16763305664062 57.627471923828125
371.248779296875 535.5347900390625 384.2145690917969 537.7362670898438
434.74658203125 372.8265686035156 432.6629638671875 399.8970947265625
579.0017700195312 217.20887756347656 595.0006103515625 217.07241821289062
622.8226318359375 27.713558197021484 613.3562622070312 0.5277402400970459
678.4735107421875 417.9565734863281 679.7156372070312 402.8940734863281
498.182373046875 542.2503662109375 398.9718322753906 518.1158447265625
575.8970947265625 237.60574340820312 595.9967041015625 241.01927185058594
606.0162353515625 268.707275390625 628.0039672851562 269.9281921386719
552.0184326171875 586.2005615234375 499.0063781738281 591.0695190429688
131.59042358398438 427.8605041503906 133.08535766601562 444.9048156738281
666.8505859375 104.08499908447266 664.0606079101562 132.0060577392578
201.99984741210938 430.0014343261719 238.0334014892578 433.67218017578125
342.8651123046875 324.31793212890625 369.8890686035156 327.0838623046875
481.4006042480469 380.1907043457031 479.9968566894531 405.22412109375
678.3790893554688 385.07891845703125 671.4884643554688 382.2428283691406
128.19253540039062 449.96844482421875 131.30413818359375 468.95013427734375
669.2630615234375 76.00361633300781 519.9921875 83.85162353515625
685.0218505859375 300.70123291015625 651.9793701171875 298.281494140625
213.08033752441406 464.87054443359375 200.06112670898438 464.37939453125
543.934326171875 237.11215209960938 573.0689086914062 238.8332061767578
550.9747924804688 190.22557067871094 610.0321044921875 191.44102478027344
410.0667419433594 533.2792358398438 441.0866394042969 531.6610107421875
527.2679443359375 216.25741577148438 537.0227661132812 168.20762634277344
603.8909301757812 385.69537353515625 616.0620727539062 387.60400390625
565.0193481445312 210.55581665039062 536.0309448242188 209.291259765625
127.34029388427734 468.2993469238281 123.86369323730469 449.02459716796875
246.43020629882812 432.9831237792969 247.0191192626953 447.9992370605469
537.0045166015625 165.70010375976562 638.9966430664062 167.22596740722656
151.66104125976562 466.0874328613281 150.35220336914062 446.04229736328125
400.3603210449219 451.02947998046875 394.71429443359375 520.0584106445312
111.59073638916016 397.82476806640625 93.67406463623047 404.0640563964844
521.8204956054688 262.95599365234375 533.3121337890625 216.07652282714844
352.3023986816406 438.0785217285156 338.5904541015625 448.45904541015625
513.302978515625 76.50143432617188 520.4405517578125 109.4716567993164
532.0906372070312 106.11195373535156 650.0779418945312 102.67471313476562
359.00360107421875 325.00006103515625 359.1842346191406 312.98773193359375
730.9500732421875 314.5503234863281 702.0068969726562 311.9242858886719
332.0176086425781 437.1263732910156 350.929443359375 434.4932861328125
187.0042266845703 465.9319763183594 174.0001983642578 465.9053955078125
440.23089599609375 91.51358032226562 427.7259216308594 85.57735443115234
490.987060546875 591.8709106445312 468.01727294921875 594.1725463867188
524.5177612304688 481.49420166015625 544.063720703125 487.8026428222656
513.4322509765625 315.0303955078125 507.24456787109375 403.0172119140625
626.439697265625 499.1528625488281 606.3158569335938 506.8280944824219
428.9626159667969 119.37521362304688 451.06298828125 118.05271911621094
777.96337890625 318.42889404296875 749.9965209960938 316.04071044921875
440.0986633300781 305.83123779296875 342.9467468261719 297.630859375
32.972896575927734 440.434326171875 9.999950408935547 439.00079345703125
505.0943298339844 409.0016784667969 504.4937438964844 443.00872802734375
