222
728.0453491210938 96.6059341430664 540.0509643554688 110.68095397949219
725.18310546875 21.4191951751709 541.1495361328125 45.15935134887695
729.052490234375 88.67659759521484 532.9135131835938 103.88468933105469
533.8480224609375 100.07579803466797 727.9010620117188 84.74725341796875
728.6686401367188 84.0092544555664 726.7151489257812 14.035869598388672
606.0465698242188 437.12628173828125 578.1542358398438 447.41796875
474.8692321777344 484.64532470703125 426.770751953125 502.3782043457031
300.0279846191406 220.7749786376953 364.74761962890625 169.42164611816406
368.2133483886719 181.46307373046875 311.44744873046875 228.53955078125
727.1483764648438 12.084264755249023 519.9238891601562 40.443931579589844
514.8580322265625 570.6138916015625 626.2396240234375 529.651611328125
730.8657836914062 157.02627563476562 729.3138427734375 90.0158920288086
720.0017700195312 160.69570922851562 689.0028686523438 160.51239013671875
215.97604370117188 219.55055236816406 0.2553444802761078 371.9459228515625
373.15789794921875 168.966064453125 306.325439453125 223.39955139160156
386.8298034667969 231.81851196289062 334.67767333984375 280.7226867675781
722.16650390625 492.4447937011719 631.7361450195312 526.295166015625
0.06687428802251816 188.18975830078125 163.4898223876953 103.95024108886719
493.1248474121094 579.3157348632812 510.22021484375 572.5570068359375
0.7037574648857117 175.40907287597656 163.41761779785156 93.8382797241211
527.8685302734375 36.052982330322266 725.8013916015625 8.569754600524902
707.6876831054688 84.00263977050781 707.6494140625 65.0007095336914
303.7622375488281 14.530609130859375 231.5482635498047 51.10814666748047
571.9996337890625 163.7417755126953 546.9999389648438 163.74935913085938
353.01458740234375 105.5508804321289 273.6659240722656 159.5087432861328
310.1819152832031 224.68296813964844 279.1377258300781 222.24566650390625
119.79207611083984 0.6398105621337891 161.4507293701172 92.2497787475586
283.7752380371094 162.12225341796875 351.11083984375 115.60807800292969
354.94854736328125 169.4729766845703 282.9580383300781 170.93875122070312
754.1213989257812 0.9906773567199707 755.9835815429688 224.9918212890625
331.3290710449219 34.766502380371094 242.50074768066406 83.08212280273438
538.4351196289062 462.21942138671875 478.818359375 483.4909362792969
523.1397094726562 599.366943359375 485.89544677734375 512.0446166992188
184.24166870117188 9.611448287963867 164.20904541015625 17.528921127319336
221.87228393554688 223.8220672607422 0.2232283502817154 382.9178161621094
341.3895568847656 130.20433044433594 353.7359924316406 167.08837890625
758.9525146484375 125.06951904296875 791.968505859375 123.38353729248047
11.316079139709473 331.79669189453125 0.6193450689315796 336.0405578613281
149.77438354492188 349.71331787109375 129.5165252685547 365.65631103515625
605.9982299804688 162.7322998046875 581.999267578125 162.8896942138672
672.4146728515625 87.03581237792969 670.8794555664062 61.94618606567383
2.2128098011016846 0.348359078168869 74.6593017578125 135.1830596923828
80.33143615722656 276.5023193359375 171.09005737304688 216.620849609375
231.663330078125 486.3882751464844 264.1723937988281 468.4962463378906
279.7088317871094 244.62074279785156 265.44134521484375 255.5748291015625
277.4481506347656 171.4173583984375 288.3304443359375 198.46470642089844
303.677001953125 236.779296875 316.3227844238281 275.5687561035156
427.4071044921875 505.0882263183594 475.4211730957031 487.1257629394531
245.36837768554688 92.08233642578125 330.7474365234375 44.33659362792969
366.45208740234375 201.1106414794922 336.52593994140625 213.29209899902344
477.94927978515625 300.9596252441406 360.4608459472656 448.57086181640625
732.9714965820312 165.45916748046875 541.9813232421875 168.9902801513672
201.34259033203125 376.28631591796875 138.35824584960938 434.30328369140625
254.14443969726562 329.0551452636719 204.83033752441406 373.708251953125
309.45135498046875 459.24078369140625 321.2742004394531 437.0793151855469
428.14666748046875 371.93701171875 525.7153930664062 599.1222534179688
587.3511962890625 349.9136047363281 583.7003173828125 335.07373046875
723.1217041015625 229.9951171875 724.7235107421875 269.97100830078125
121.32522583007812 351.2392272949219 130.7669677734375 342.8647155761719
280.57464599609375 447.5103759765625 231.4185791015625 455.5570068359375
266.1502380371094 256.3570556640625 278.157470703125 284.933837890625
453.5188903808594 525.2589721679688 504.33056640625 598.771484375
601.4864501953125 333.4581298828125 567.543212890625 295.4075012207031
595.673828125 482.2110595703125 479.7885437011719 303.1368408203125
728.9338989257812 0.9735889434814453 733.5730590820312 165.01206970214844
172.54624938964844 33.97724533081055 173.299072265625 18.96485137939453
331.7158508300781 279.83575439453125 391.2760009765625 228.81979370117188
726.3934326171875 8.04179573059082 725.9039306640625 0.937714159488678
291.85845947265625 273.66180419921875 280.2843933105469 244.2819061279297
396.6778564453125 231.66098022460938 338.2354736328125 287.1954650878906
626.0751953125 528.2031860351562 584.2509155273438 543.67822265625
799.0145263671875 218.23118591308594 760.9902954101562 217.51416015625
163.72381591796875 104.58374786376953 216.2227020263672 219.35556030273438
324.672607421875 263.681640625 307.45721435546875 227.31027221679688
534.074462890625 108.6306381225586 544.4222412109375 166.74676513671875
480.1527099609375 299.2533874511719 594.445068359375 475.71173095703125
364.752685546875 169.40208435058594 351.1701354980469 127.26750946044922
383.9551086425781 230.3266143798828 368.3819274902344 180.5057830810547
580.8947143554688 447.69793701171875 607.18603515625 438.53375244140625
799.2939453125 376.6536865234375 588.1010131835938 350.19384765625
238.01303100585938 1.029698371887207 216.7255096435547 10.374707221984863
333.9757080078125 43.00759506225586 353.1319274902344 104.27143859863281
530.0818481445312 466.22479248046875 569.0180053710938 452.0495300292969
673.490966796875 68.94979858398438 675.2318725585938 85.97628784179688
165.3156280517578 17.889141082763672 180.00173950195312 59.70186233520508
231.62257385253906 55.28194046020508 315.9720153808594 10.946760177612305
355.6188659667969 112.11951446533203 373.21875 168.24497985839844
392.0009765625 230.91783142089844 324.6370849609375 10.805026054382324
390.5259704589844 0.8592668175697327 454.8624572753906 241.3043670654297
546.2821044921875 163.95018005371094 536.7320556640625 109.87071990966797
614.2931518554688 459.1785583496094 601.7009887695312 409.328125
0.5455251932144165 150.0384979248047 28.023773193359375 137.05029296875
85.51253509521484 300.30517578125 54.231361389160156 312.58917236328125
233.7178497314453 419.2810974121094 274.10693359375 412.65155029296875
474.96771240234375 221.97308349609375 459.55419921875 240.46202087402344
569.787109375 295.19287109375 604.0203857421875 332.9815368652344
636.25390625 89.08621978759766 634.2889404296875 72.0821762084961
479.13494873046875 485.3561706542969 527.947509765625 466.86138916015625
539.2232055664062 110.79000854492188 547.84765625 161.02615356445312
369.240478515625 82.92485809326172 343.58349609375 0.8176710605621338
541.2797241210938 168.77182006835938 530.4297485351562 107.9233627319336
75.11994171142578 135.4694061279297 3.752349376678467 1.6654648780822754
74.54096984863281 599.5306396484375 222.1035614013672 449.1015930175781
166.697509765625 309.16400146484375 225.9955596923828 418.5445251464844
410.90234375 237.88587951660156 344.90771484375 302.9063415527344
395.0229187011719 330.99224853515625 410.64715576171875 377.1195068359375
524.6925659179688 37.873348236083984 517.9189453125 0.8319565653800964
535.096923828125 99.9832992553711 525.774658203125 45.86655044555664
793.9895629882812 125.7518310546875 760.0076904296875 127.18285369873047
61.07868576049805 276.8073425292969 76.69416809082031 267.4875793457031
164.18701171875 93.37025451660156 122.0990219116211 0.9549035429954529
168.03085327148438 381.5455322265625 150.44833374023438 350.310546875
200.4486846923828 51.23030471801758 183.48866271972656 10.631352424621582
296.04296875 121.7524185180664 273.00390625 123.06849670410156
573.7022705078125 93.62120056152344 564.4197387695312 51.9066047668457
709.636962890625 64.98645782470703 710.020263671875 83.02082824707031
276.2081604003906 168.5145721435547 245.2613067626953 91.49320983886719
289.0154724121094 198.3170623779297 323.99749755859375 199.10980224609375
328.36517333984375 8.504339218139648 397.0905456542969 231.2805633544922
341.4423828125 0.2824020981788635 411.1517639160156 237.54302978515625
551.287353515625 95.1068115234375 543.9072265625 45.864036560058594
547.7626953125 46.64744567871094 553.9342041015625 95.0083999633789
584.0234375 333.8260192871094 799.0242309570312 362.8203125
110.02420043945312 332.9859619140625 120.7939682006836 351.53912353515625
130.09585571289062 366.3489685058594 147.78675842285156 396.1266784667969
231.435791015625 54.441368103027344 210.42703247070312 0.4447762072086334
279.906005859375 219.7659149169922 299.9126892089844 218.9242706298828
307.7647399902344 283.74420166015625 283.7581787109375 305.8243103027344
631.9663696289062 527.909912109375 723.8636474609375 493.6343688964844
350.7548828125 104.0771484375 331.76983642578125 43.7577018737793
371.1961975097656 178.2526397705078 387.7948303222656 231.06448364257812
599.4374389648438 399.89111328125 589.302734375 359.1735534667969
204.94236755371094 373.4642639160156 151.60935974121094 279.653564453125
249.51380920410156 263.2906494140625 268.22503662109375 225.1296844482422
326.80853271484375 438.4217834472656 311.17681884765625 460.1273498535156
541.05029296875 46.14258575439453 546.5928955078125 83.06111907958984
587.0704956054688 369.1989440917969 544.4583129882812 384.2938232421875
636.4976806640625 71.93771362304688 638.6233520507812 88.92198181152344
799.19873046875 126.92208862304688 793.0957641601562 111.35447692871094
528.3821411132812 46.76125717163086 537.3648681640625 98.76423645019531
799.371826171875 431.5798034667969 600.0078125 400.9492492675781
726.6488647460938 287.0212707519531 725.7515258789062 229.98817443847656
351.0763244628906 115.29476928710938 368.1954650878906 168.9376220703125
384.6445617675781 419.63494873046875 326.3508605957031 263.9958801269531
753.1060180664062 224.8402862548828 501.9887390136719 218.4419403076172
141.56289672851562 335.2451171875 131.4912567138672 317.2853088378906
319.317138671875 13.19778823852539 325.850341796875 35.75370788574219
304.000732421875 171.02963256835938 353.994384765625 169.77635192871094
348.9475402832031 200.1249542236328 367.0025634765625 199.0428466796875
523.0800170898438 46.63022232055664 533.2396850585938 103.77960968017578
536.4068603515625 19.10531234741211 538.70556640625 32.052276611328125
604.9066772460938 406.4389343261719 797.9010009765625 447.4656982421875
26.031497955322266 132.98159790039062 -0.3707323372364044 87.80101776123047
530.1613159179688 105.79041290283203 519.5653686523438 47.07843780517578
625.5897216796875 522.6138916015625 603.7086181640625 489.19073486328125
590.9366455078125 356.3814697265625 799.1691284179688 390.98223876953125
412.0765686035156 375.9743957519531 396.6280517578125 329.7899169921875
565.4874877929688 73.08342742919922 568.5781860351562 92.06867218017578
311.0229187011719 210.2300567626953 293.9915771484375 210.5472412109375
504.20220947265625 214.95635986328125 457.9778747558594 0.7889420390129089
586.64208984375 43.53101348876953 598.386474609375 88.63900756835938
763.970458984375 219.69155883789062 798.9920043945312 221.18673706054688
329.0502014160156 45.29696273803711 348.0267639160156 105.99163818359375
131.2677459716797 439.8280029296875 72.19542694091797 347.87445068359375
514.95361328125 0.825067937374115 521.8128662109375 38.21776580810547
799.1080932617188 301.7184143066406 500.0429992675781 276.49029541015625
585.710205078125 8.038400650024414 587.975830078125 25.135717391967773
66.14928436279297 341.9048156738281 129.07774353027344 440.5881042480469
578.9274291992188 548.806396484375 516.1287231445312 572.3434448242188
682.0025024414062 161.69683837890625 655.00439453125 161.4731903076172
271.2324523925781 223.81137084960938 262.765869140625 213.3784637451172
518.67822265625 40.873046875 511.173828125 0.7802861332893372
430.23284912109375 365.1799011230469 448.0877380371094 342.0677795410156
431.6375732421875 299.1020202636719 443.472900390625 341.14837646484375
737.5086669921875 350.5805358886719 671.9329833984375 295.0792236328125
671.8565063476562 291.98663330078125 739.71337890625 349.3391418457031
271.84197998046875 227.88644409179688 260.6470031738281 243.46495056152344
260.3177490234375 16.295429229736328 228.99464416503906 23.978151321411133
583.9570922851562 8.149127006530762 546.4827270507812 24.83849334716797
29.913131713867188 300.805908203125 49.89686584472656 312.83294677734375
285.6582946777344 223.4281463623047 309.6400451660156 233.4716796875
267.4896545410156 321.2278747558594 315.84326171875 429.5165100097656
242.5086669921875 83.79753875732422 231.72738647460938 56.71048355102539
-0.04373267665505409 351.257080078125 20.5527286529541 338.9230041503906
45.293704986572266 321.7373352050781 103.94581604003906 298.37445068359375
438.2342224121094 169.93832397460938 393.698974609375 0.815936803817749
631.3767700195312 526.6536865234375 617.1210327148438 469.97564697265625
591.8792114257812 79.36283111572266 566.8534545898438 44.830928802490234
267.5521240234375 225.43374633789062 255.79124450683594 234.736083984375
251.22659301757812 212.72833251953125 247.6464385986328 236.09902954101562
527.9776611328125 185.00428771972656 492.5178527832031 0.7079558968544006
63.336692810058594 297.3918151855469 42.1264762878418 302.5228271484375
463.5517883300781 244.59210205078125 361.99835205078125 356.1783142089844
395.59307861328125 482.59381103515625 347.3293151855469 449.5194396972656
622.013916015625 465.9493408203125 719.77685546875 492.8119812011719
754.0033569335938 183.61256408691406 527.9937133789062 184.8448028564453
170.44163513183594 217.28736877441406 142.296142578125 161.35418701171875
434.9453430175781 247.73861694335938 463.5316162109375 241.76031494140625
753.1908569335938 482.50665283203125 799.083251953125 465.2210693359375
13.904420852661133 338.8217468261719 0.8920426964759827 345.79864501953125
41.73420333862305 301.6236877441406 30.496715545654297 296.8345031738281
611.5247802734375 84.92059326171875 605.029541015625 41.99552536010742
357.63629150390625 352.4744873046875 379.8753662109375 421.7188720703125
29.958545684814453 283.1206359863281 54.03657150268555 284.0113525390625
366.0694580078125 211.92080688476562 352.9930114746094 212.9073944091797
238.29209899902344 458.674072265625 278.6342468261719 451.6348876953125
710.9786376953125 202.5095672607422 745.002685546875 203.93540954589844
581.4705810546875 112.5213851928711 559.1879272460938 137.1698760986328
313.4589538574219 278.4574890136719 303.3730773925781 266.5301208496094
308.0888671875 297.9201354980469 318.07635498046875 309.0326232910156
579.7448120117188 25.21298599243164 573.4267578125 17.643760681152344
85.1837387084961 282.4664001464844 68.75444793701172 276.8090515136719
87.7200698852539 296.0370178222656 86.12639617919922 283.9832763671875
56.954750061035156 287.6162414550781 70.00907897949219 286.07696533203125
349.3605651855469 317.49267578125 408.8553466796875 254.86257934570312
483.74957275390625 206.05850219726562 435.8017578125 0.8126992583274841
73.1194076538086 263.6328125 49.98006057739258 264.3934020996094
153.4272003173828 112.76557159423828 171.9486846923828 134.17945861816406
416.0341796875 238.28358459472656 371.0245361328125 84.9927978515625
313.13311767578125 308.8663635253906 304.115234375 299.8843078613281
674.8915405273438 544.458984375 640.6756591796875 536.372314453125
413.2029113769531 0.7039472460746765 454.87689208984375 170.03030395507812
