248
206.47398376464844 219.11387634277344 301.8636169433594 192.51101684570312
405.0230712890625 555.1744384765625 336.8923034667969 564.1857299804688
81.79544067382812 92.88081359863281 20.998727798461914 103.9930419921875
333.8226013183594 564.6487426757812 264.959228515625 573.6893310546875
140.00010681152344 82.00057983398438 83.90827941894531 92.510498046875
734.1741943359375 157.96054077148438 738.0921630859375 75.95662689208984
740.8593139648438 16.990894317626953 737.6880493164062 65.97980499267578
369.130859375 106.4756088256836 339.6139831542969 114.59709930419922
0.8983367681503296 110.45890808105469 362.292724609375 42.55800247192383
294.5162048339844 196.62132263183594 94.5737533569336 266.78533935546875
624.384521484375 28.001306533813477 624.2453002929688 68.9974365234375
43.95024490356445 0.47614243626594543 0.9581632614135742 4.559519290924072
585.7529907226562 112.85163116455078 583.5089721679688 146.83551025390625
347.52557373046875 177.67176818847656 300.45819091796875 194.48306274414062
578.4825439453125 81.01904296875 577.1215209960938 44.032325744628906
734.4323120117188 79.92842102050781 731.0067138671875 154.95465087890625
74.24054718017578 143.11056518554688 58.336875915527344 146.5552978515625
0.4800366759300232 210.0979461669922 338.4654846191406 117.70270538330078
337.595458984375 519.966064453125 333.8155212402344 564.9844970703125
731.0499877929688 153.8490447998047 547.07958984375 149.5738983154297
299.9264831542969 186.72523498535156 209.44798278808594 210.93716430664062
246.9092559814453 578.2761840820312 333.0595703125 567.4751586914062
465.3750915527344 313.92901611328125 459.138916015625 280.9737243652344
708.0181884765625 143.27999877929688 690.029052734375 144.4473419189453
781.2147827148438 22.28287696838379 783.054443359375 7.879229545593262
497.0238342285156 89.5867691040039 734.0390625 79.96251678466797
148.00210571289062 327.0047912597656 103.75279235839844 346.43707275390625
576.200927734375 49.996498107910156 576.7586059570312 82.00420379638672
778.135986328125 284.0201721191406 767.8841552734375 353.13116455078125
754.2886352539062 194.94985961914062 752.80078125 216.0564422607422
92.81026458740234 263.43072509765625 43.00958251953125 280.02874755859375
58.161224365234375 147.62513732910156 66.02706909179688 171.9912567138672
432.0027160644531 553.0192260742188 468.97314453125 547.8094482421875
452.1321716308594 28.09215545654297 671.0723266601562 1.5976697206497192
657.6201782226562 209.00205993652344 657.690185546875 187.99896240234375
677.6696166992188 70.00968170166016 678.3349609375 23.990385055541992
0.9103171825408936 7.111464500427246 57.934974670410156 1.3557779788970947
336.8861083984375 119.2088623046875 347.76580810546875 177.23141479492188
584.0075073242188 148.13072204589844 600.9520263671875 147.1614227294922
674.9251098632812 410.4603271484375 799.169189453125 393.21905517578125
82.47261047363281 169.17185974121094 74.1412124633789 143.60574340820312
543.1410522460938 123.8890609741211 545.095458984375 143.99072265625
560.7069091796875 73.0130386352539 559.7725219726562 52.0101203918457
768.6683959960938 217.03848266601562 769.883544921875 195.9357147216797
110.04403686523438 175.68299865722656 85.7783203125 95.76367950439453
165.57107543945312 160.1155548095703 145.5637664794922 85.8481216430664
269.5126647949219 404.8775939941406 33.32830810546875 542.8501586914062
260.41094970703125 133.91128540039062 246.58680725097656 69.87332153320312
283.2987060546875 117.94647216796875 279.5594787597656 97.07893371582031
740.3984985351562 75.01908111572266 736.42431640625 158.0203094482422
764.6803588867188 9.957595825195312 764.2279052734375 24.03945541381836
627.251220703125 69.9908676147461 625.3951416015625 18.9129638671875
692.0360717773438 273.24560546875 672.2049560546875 291.22601318359375
763.3514404296875 35.965232849121094 761.9558715820312 61.99763488769531
124.28087615966797 299.7435302734375 109.50116729736328 305.3266906738281
125.6716537475586 19.084274291992188 141.89266967773438 82.28421020507812
215.48141479492188 146.8831329345703 198.48721313476562 76.88172149658203
336.1543884277344 567.0614013671875 398.9886169433594 557.9216918945312
522.3573608398438 331.90667724609375 510.5892333984375 286.8460998535156
691.9592895507812 368.719482421875 738.0050659179688 362.0349426269531
781.0557861328125 33.93507385253906 764.0567016601562 34.9495964050293
778.9619750976562 61.06983947753906 780.8606567382812 34.91728591918945
158.0555419921875 161.201904296875 112.640869140625 173.69442749023438
341.1016845703125 116.37744903564453 370.1485900878906 108.551513671875
303.323486328125 182.10484313964844 324.6650695800781 175.85609436035156
541.0348510742188 148.6676025390625 502.00921630859375 147.64715576171875
535.6364135742188 83.96417236328125 534.06201171875 55.99650955200195
686.0021362304688 371.96978759765625 725.1597900390625 374.7473449707031
142.80946350097656 85.31942749023438 163.17440795898438 161.2215118408203
175.62449645996094 233.8717041015625 196.62782287597656 226.88168334960938
185.1960906982422 107.20304107666016 181.6322784423828 93.0928726196289
501.0848083496094 147.99365234375 496.7505187988281 90.09353637695312
507.9433288574219 482.5777587890625 544.0973510742188 477.72540283203125
511.7915954589844 296.88720703125 515.9611206054688 326.1480407714844
540.2455444335938 149.4724578857422 580.4613037109375 142.76638793945312
781.732666015625 311.0581359863281 780.385986328125 328.0306396484375
57.145423889160156 7.249661445617676 81.9910888671875 92.29475402832031
84.78770446777344 91.76079559326172 67.22634887695312 33.9312629699707
40.905967712402344 283.7154541015625 94.65406036376953 265.95318603515625
69.99056243896484 442.98138427734375 122.64642333984375 416.2745056152344
194.44039916992188 268.6849670410156 171.3257293701172 264.2877197265625
244.53436279296875 70.09558868408203 257.8636474609375 135.02798461914062
339.1701354980469 498.09027099609375 344.4259948730469 429.9557189941406
346.2223815917969 432.0158386230469 342.09100341796875 490.0064697265625
492.78369140625 440.7868347167969 518.9588012695312 537.01123046875
11.98666763305664 296.0049133300781 -0.020734362304210663 263.3756103515625
268.2454528808594 99.1602783203125 272.8894958496094 121.02346801757812
430.10986328125 599.0836791992188 416.0935363769531 449.9912109375
517.1067504882812 539.2392578125 493.1916809082031 449.94866943359375
795.0162963867188 396.114013671875 722.0780029296875 406.5455627441406
83.10292053222656 95.96875762939453 107.45018005371094 176.1669158935547
174.20245361328125 120.67620086669922 180.45050048828125 143.87869262695312
193.27308654785156 140.93682861328125 187.9694366455078 118.00707244873047
130.4956817626953 320.8479919433594 124.17928314208984 300.2516784667969
299.3648376464844 180.56246948242188 270.5356140136719 187.29388427734375
336.8711242675781 564.05810546875 340.34033203125 512.022705078125
658.0250244140625 44.10738754272461 645.0090942382812 44.401371002197266
90.03657531738281 252.11138916015625 42.868553161621094 267.5997009277344
109.56645202636719 305.8170166015625 116.46550750732422 327.17266845703125
144.18197631835938 80.95184326171875 135.1846923828125 46.95112609863281
333.7103576660156 567.98046875 331.6124267578125 599.108642578125
418.4236755371094 450.96026611328125 432.3002624511719 598.9718627929688
480.5490417480469 77.96479034423828 479.2677307128906 57.98283004760742
644.3350219726562 44.99034881591797 644.5014038085938 68.00360107421875
644.7266235351562 187.98275756835938 644.91650390625 207.00083923339844
8.02484130859375 282.085693359375 29.388904571533203 275.89208984375
156.91773986816406 589.4072265625 192.0734100341797 584.5289916992188
184.99452209472656 525.9598999023438 252.10714721679688 516.78369140625
548.26416015625 53.93031311035156 549.3175048828125 73.03762817382812
47.250587463378906 190.91421508789062 19.188678741455078 108.93541717529297
155.20458984375 274.88787841796875 167.87522888183594 265.8255615234375
272.91156005859375 465.3990478515625 324.96142578125 457.73797607421875
532.5647583007812 59.01863098144531 533.634765625 84.01563262939453
620.077392578125 128.01087951660156 620.2306518554688 141.0090789794922
688.9887084960938 149.797607421875 715.0193481445312 148.34744262695312
196.82891845703125 79.04022979736328 212.872314453125 147.2651824951172
269.0325927734375 182.15460205078125 297.80792236328125 176.08877563476562
491.132080078125 194.0629425048828 489.9621276855469 177.9302215576172
564.8218383789062 143.009765625 563.7830200195312 124.06673431396484
711.0877685546875 132.82943725585938 689.1221923828125 135.15431213378906
187.48207092285156 426.1572265625 170.11944580078125 368.9637451171875
362.7132568359375 45.03874206542969 371.10174560546875 107.12136840820312
334.4051513671875 597.0917358398438 336.3635559082031 567.0889892578125
658.3865966796875 33.00776672363281 658.6481323242188 19.992929458618164
650.8345336914062 344.7252197265625 664.302978515625 287.5998840332031
738.4113159179688 69.00796508789062 739.4384765625 15.989121437072754
270.73077392578125 470.17266845703125 246.4118194580078 573.0972900390625
279.5244445800781 429.8888854980469 271.5768737792969 463.901123046875
602.4186401367188 145.93960571289062 597.9158325195312 114.72364807128906
658.1765747070312 68.00375366210938 658.66650390625 44.97163391113281
653.8399047851562 377.2455749511719 658.2901000976562 343.9052429199219
253.2210235595703 135.7949676513672 220.0081024169922 145.02914428710938
469.2373962402344 59.88552474975586 470.9139709472656 78.0079574584961
97.08859252929688 261.1730041503906 93.18783569335938 251.3215789794922
245.39207458496094 567.8577270507812 268.55047607421875 468.8948059082031
301.46405029296875 312.9205322265625 369.16064453125 279.3094482421875
574.2311401367188 117.55731964111328 543.0279541015625 122.18820190429688
666.9871215820312 285.7705383300781 657.0680541992188 372.7797546386719
177.41734313964844 531.159912109375 154.76153564453125 590.291748046875
96.52864074707031 542.2813720703125 66.26409912109375 599.1405639648438
252.14144897460938 518.0582885742188 206.02955627441406 524.2211303710938
309.018310546875 246.6520233154297 305.97564697265625 229.0041961669922
365.77337646484375 204.44590759277344 368.19561767578125 221.97296142578125
420.2023010253906 0.8590830564498901 447.1735534667969 230.9796600341797
324.4104309082031 175.3215789794922 318.92718505859375 148.21702575683594
357.0708312988281 98.79561614990234 355.21368408203125 79.97891235351562
766.5158081054688 329.88421630859375 761.323486328125 351.59912109375
295.7762756347656 232.04220581054688 299.3407897949219 250.93569946289062
480.3331604003906 177.06976318359375 482.1033020019531 193.98919677734375
43.78581237792969 270.35443115234375 90.60421752929688 254.8211669921875
345.7015380859375 81.6927719116211 349.1817321777344 100.9671859741211
376.5097351074219 218.93850708007812 374.45947265625 201.94456481933594
675.0035400390625 377.5498046875 654.0127563476562 377.38409423828125
710.9992065429688 142.4676971435547 730.0036010742188 142.4395294189453
9.114386558532715 301.95263671875 0.5218967795372009 281.19793701171875
269.7688903808594 466.18121337890625 278.5567626953125 428.8955383300781
417.9833984375 445.87225341796875 452.05731201171875 441.4407043457031
780.9308471679688 183.2515106201172 792.5753784179688 197.73329162597656
785.0113525390625 189.9760284423828 760.7273559570312 178.4655303955078
799.2020263671875 370.0441589355469 753.9007568359375 360.469482421875
0.8742521405220032 479.0547790527344 53.275936126708984 599.3154907226562
371.9400634765625 110.00921630859375 389.33782958984375 223.10186767578125
679.2332153320312 39.99892044067383 679.3025512695312 54.998600006103516
725.9917602539062 378.1175231933594 685.9085693359375 375.3019714355469
17.116567611694336 108.95931243896484 43.584877014160156 184.79586791992188
199.93397521972656 432.3780517578125 158.4951629638672 315.53369140625
197.02664184570312 475.6070556640625 207.4532928466797 449.779296875
555.1411743164062 181.99176025390625 556.1953125 200.04698181152344
576.8021240234375 138.9959716796875 572.332763671875 120.15830993652344
568.5845947265625 432.73297119140625 584.3688354492188 467.2882995605469
161.26638793945312 252.83853149414062 138.728759765625 286.47833251953125
101.05089569091797 348.98272705078125 79.31324768066406 284.8937683105469
197.33274841308594 479.12896728515625 178.33975219726562 528.1316528320312
509.0015563964844 544.01123046875 471.8829040527344 549.1549072265625
687.6049194335938 345.5627136230469 662.5424194335938 372.5046081542969
148.59616088867188 599.2330932617188 195.65728759765625 478.8659973144531
327.92877197265625 304.82806396484375 303.0548400878906 315.1323547363281
298.62103271484375 332.98687744140625 369.1084899902344 346.4311828613281
412.39666748046875 253.078125 476.9481506347656 239.74884033203125
519.275634765625 111.9697265625 519.9166870117188 138.97824096679688
566.6282348632812 200.02120971679688 566.364990234375 182.99435424804688
63.76698303222656 598.8745727539062 115.09273529052734 503.5116882324219
714.9954223632812 406.9676513671875 674.9439086914062 412.6011962890625
739.5309448242188 564.64892578125 713.2161865234375 524.8570556640625
8.188602447509766 371.30059814453125 0.05674963817000389 349.34942626953125
29.0820255279541 278.742431640625 41.133583068847656 282.58056640625
93.44470977783203 240.54896545410156 30.99840545654297 258.4775085449219
151.01953125 315.8417053222656 153.04322814941406 277.73675537109375
164.7073974609375 173.87661743164062 175.0488739013672 233.1658935546875
604.9664916992188 140.58740234375 617.9828491210938 140.27847290039062
751.0171508789062 359.9208679199219 688.9049682617188 346.43780517578125
711.6026000976562 526.2661743164062 738.919921875 567.0536499023438
757.6644287109375 165.93539428710938 748.3776245117188 172.53167724609375
201.4688720703125 295.64190673828125 196.87246704101562 276.7873229980469
471.0400390625 201.99586486816406 453.5367431640625 32.84098434448242
749.5628051757812 448.3752746582031 718.1967163085938 411.8311462402344
790.3739624023438 202.3452606201172 784.9735107421875 191.01263427734375
385.9906921386719 344.232421875 417.99639892578125 344.4744873046875
752.1150512695312 450.8421325683594 707.0009155273438 457.0068664550781
49.64653396606445 597.1552734375 0.472959965467453 485.2315673828125
583.1268920898438 252.863525390625 649.0861206054688 260.2286376953125
714.9883422851562 453.92108154296875 748.8391723632812 448.91278076171875
0.938080906867981 1.7721258401870728 19.99048614501953 0.8113535642623901
142.27609252929688 299.0735168457031 148.27581787109375 276.5408935546875
719.477783203125 410.5816345214844 753.0040283203125 448.8720397949219
798.6438598632812 266.0714416503906 795.8545532226562 291.205810546875
547.2808837890625 31.94829559326172 547.7290649414062 43.05130386352539
789.4691772460938 202.15914916992188 786.6272583007812 228.3929443359375
515.6539306640625 269.0404968261719 517.296875 283.082275390625
657.9581298828125 187.7588348388672 645.9395141601562 187.0955352783203
799.2747192382812 309.6211242675781 783.0567016601562 308.3024597167969
654.9967651367188 276.7035827636719 679.0158081054688 276.44024658203125
661.9288330078125 140.6541290283203 698.9892578125 142.24916076660156
603.0664672851562 264.95599365234375 632.0762329101562 266.8030090332031
730.1795043945312 189.48117065429688 721.9345703125 218.411376953125
272.0290832519531 180.13294982910156 251.15325927734375 184.70045471191406
735.0695190429688 364.518310546875 692.0391235351562 370.2914733886719
195.89602661132812 225.0381317138672 175.18417358398438 168.56568908691406
729.0111694335938 105.57356262207031 524.9328002929688 109.5543212890625
381.9976501464844 252.55224609375 367.1778869628906 262.81256103515625
777.2434692382812 188.80886840820312 786.8851928710938 201.09011840820312
406.3834228515625 295.19561767578125 401.2225341796875 278.92938232421875
624.7870483398438 144.02239990234375 623.0891723632812 127.8853988647461
768.7591552734375 231.41796875 744.771728515625 227.34413146972656
37.27457809448242 259.9644470214844 39.7598991394043 279.1605529785156
404.11236572265625 277.3569641113281 409.35736083984375 294.5867919921875
188.08328247070312 272.152587890625 195.29437255859375 289.8802490234375
743.9880981445312 468.7930603027344 799.020751953125 469.6190490722656
627.8756103515625 141.1915283203125 638.0952758789062 139.61907958984375
503.8365173339844 282.2371520996094 506.4212951660156 273.11944580078125
418.6365966796875 343.13909912109375 402.1087951660156 299.9583435058594
447.0489501953125 233.44911193847656 473.02154541015625 235.75767517089844
570.8848266601562 123.00850677490234 571.9924926757812 138.00054931640625
435.2098083496094 331.9378662109375 423.974365234375 294.0075988769531
479.9852294921875 238.11244201660156 560.0497436523438 248.62123107910156
470.1492004394531 549.0101318359375 435.02923583984375 554.1979370117188
192.4627685546875 301.4360046386719 174.48574829101562 318.5597839355469
463.0758361816406 334.5005798339844 452.85589599609375 336.04888916015625
561.2571411132812 568.0982666015625 499.2085876464844 575.7022094726562
631.9971313476562 268.9884338378906 615.9943237304688 272.97723388671875
764.9826049804688 23.795034408569336 778.9666748046875 22.607524871826172
669.9984741210938 466.0691223144531 722.9944458007812 467.2500915527344
406.03717041015625 299.2414245605469 421.6369323730469 341.13519287109375
30.414888381958008 255.7727813720703 10.039107322692871 248.8843231201172
799.1489868164062 595.010986328125 758.0053100585938 591.9288940429688
429.7111511230469 290.7585144042969 442.1188049316406 327.2992248535156
602.9869384765625 464.28369140625 646.9996337890625 463.949462890625
734.8890380859375 589.6445922851562 666.9956665039062 585.0638427734375
