302
698.854736328125 230.0935516357422 729.041015625 225.25601196289062
736.0089721679688 21.965585708618164 734.58447265625 62.98556900024414
758.3005981445312 94.7536392211914 776.1198120117188 91.69906616210938
683.9735717773438 292.0095520019531 683.7570190429688 245.99642944335938
755.0931396484375 254.01406860351562 755.5057983398438 221.96788024902344
429.70367431640625 296.24639892578125 488.06500244140625 286.38458251953125
675.1714477539062 121.98686218261719 674.927001953125 62.98787307739258
753.6044311523438 266.98175048828125 751.7139282226562 307.98681640625
159.95469665527344 0.7265034914016724 1.0096479654312134 27.058237075805664
687.7034912109375 247.9735107421875 688.1348876953125 292.00848388671875
731.9263916015625 145.9520721435547 731.2318115234375 176.00535583496094
774.302490234375 190.51324462890625 754.68701171875 194.43408203125
675.46728515625 180.99969482421875 675.432373046875 126.99907684326172
760.201171875 71.06993103027344 794.1296997070312 64.68970489501953
677.0156860351562 292.6934509277344 704.2982177734375 313.9027404785156
775.990966796875 139.94435119628906 757.0038452148438 143.02365112304688
759.0999755859375 89.0511703491211 763.19970703125 0.9162564873695374
416.82568359375 196.95318603515625 520.7739868164062 179.64273071289062
727.0852661132812 311.0021667480469 727.9195556640625 277.97271728515625
336.7472839355469 217.49176025390625 66.7866439819336 262.7267150878906
423.85296630859375 246.11805725097656 523.9060668945312 229.4367218017578
675.1805419921875 58.96664047241211 674.644775390625 23.94424057006836
673.0985717773438 294.0292053222656 675.9439697265625 187.0517120361328
681.1589965820312 244.9889373779297 680.5275268554688 293.0069274902344
755.4165649414062 228.9832763671875 754.7286376953125 252.99221801757812
398.5806884765625 242.23052978515625 359.3638610839844 0.7784816026687622
517.9959716796875 128.97584533691406 408.6986083984375 147.19158935546875
423.80181884765625 254.8763885498047 430.1387023925781 295.9786071777344
571.9385986328125 312.61602783203125 606.0261840820312 307.1635437011719
688.749267578125 194.03123474121094 687.981201171875 237.03538513183594
36.96914291381836 192.80885314941406 10.025578498840332 197.158447265625
744.4699096679688 334.06817626953125 771.7449340820312 318.5516662597656
43.09279251098633 194.5580291748047 323.1640625 147.986572265625
684.233642578125 235.00343322753906 684.359130859375 190.00100708007812
754.0555419921875 307.0587463378906 756.1734619140625 269.0096435546875
792.7123413085938 461.97821044921875 784.6127319335938 568.970703125
223.86672973632812 461.1241455078125 181.44601440429688 415.58453369140625
305.7051696777344 362.262451171875 322.9473876953125 355.3699645996094
532.752197265625 284.5054931640625 432.8458557128906 301.07037353515625
608.9094848632812 348.0570373535156 628.1873168945312 327.31524658203125
677.66064453125 292.9959411621094 678.2482299804688 244.0029754638672
780.0653686523438 85.33686828613281 758.7053833007812 89.48168182373047
168.02737426757812 205.20713806152344 175.50479125976562 240.31842041015625
323.12786865234375 148.3661346435547 336.6041564941406 217.27297973632812
353.99212646484375 434.9891357421875 389.9380187988281 408.91455078125
681.1123657226562 23.999982833862305 681.116943359375 55.00012969970703
729.227294921875 224.9092254638672 731.3403930664062 206.92251586914062
756.225341796875 256.62127685546875 798.967529296875 282.0545349121094
195.47975158691406 235.7866668701172 181.28811645507812 203.87188720703125
353.4538269042969 583.404541015625 336.20574951171875 599.2243041992188
398.1783142089844 131.0774383544922 521.1207885742188 110.72970581054688
706.05322265625 599.5386352539062 742.3102416992188 528.647216796875
120.91151428222656 431.2656555175781 156.97061157226562 476.023681640625
157.26890563964844 479.95306396484375 118.71969604492188 433.23126220703125
229.98175048828125 598.9777221679688 483.5333557128906 391.429931640625
492.92022705078125 138.46707153320312 518.2507934570312 134.67550659179688
681.1141357421875 63.9998893737793 681.1109008789062 119.99989318847656
757.0064697265625 140.9625244140625 758.7044677734375 95.95112609863281
410.98345947265625 151.89012145996094 433.0845031738281 148.5610809326172
499.7431335449219 446.7230529785156 468.081298828125 476.087646484375
715.3656616210938 576.641845703125 702.5626831054688 599.3176879882812
688.6771240234375 236.94772338867188 729.3001098632812 263.0876159667969
754.5709838867188 194.0589141845703 756.259033203125 149.04721069335938
0.8868868947029114 29.316373825073242 171.02728271484375 1.1648815870285034
636.8858642578125 334.7657470703125 612.3721923828125 346.711669921875
687.5655517578125 292.2652587890625 716.2158813476562 314.31787109375
730.989013671875 207.0225067138672 677.5289306640625 180.9167938232422
734.655517578125 70.9557876586914 732.5499267578125 134.98519897460938
778.4971923828125 35.97135925292969 776.95458984375 63.05437088012695
400.8577575683594 151.02276611328125 397.7926025390625 131.87313842773438
681.0677490234375 188.00001525878906 681.0518798828125 236.00001525878906
799.4386596679688 290.2586669921875 698.7737426757812 230.69236755371094
759.961669921875 15.497689247131348 740.9970703125 14.03793716430664
799.2659301757812 279.55029296875 756.7568969726562 254.41102600097656
785.9320678710938 63.56260299682617 760.9143676757812 67.44869232177734
781.702880859375 68.87110900878906 777.0479125976562 224.06143188476562
513.913330078125 108.48297882080078 403.9842529296875 126.90612030029297
709.9353637695312 269.0020446777344 709.8765869140625 296.0019226074219
753.3257446289062 253.47348022460938 732.5985107421875 240.6488494873047
0.7906367182731628 15.729523658752441 93.89883422851562 0.3861192464828491
416.78570556640625 203.88487243652344 422.9367980957031 245.86273193359375
550.6193237304688 86.02616119384766 566.642822265625 319.2306823730469
643.0736083984375 321.3839416503906 678.7218017578125 314.5490417480469
734.9989013671875 18.909103393554688 673.9837646484375 19.635921478271484
763.963134765625 37.777286529541016 778.2341918945312 35.41434860229492
0.8538028001785278 118.11609649658203 364.98175048828125 57.88972091674805
174.9726104736328 241.8770294189453 194.66351318359375 237.48977661132812
191.65158081054688 488.43682861328125 174.60728454589844 498.9815979003906
354.29425048828125 101.96778869628906 340.16168212890625 104.08118438720703
358.4410095214844 125.08678436279297 354.860107421875 102.02172088623047
505.0686950683594 13.418424606323242 413.8990173339844 28.384794235229492
682.8446655273438 64.19732666015625 733.8935546875 70.82026672363281
734.1738891601562 62.275577545166016 678.1385498046875 56.62601089477539
713.443603515625 480.4590148925781 776.3187255859375 474.20361328125
750.8658447265625 315.4244384765625 774.9555053710938 309.80902099609375
170.38002014160156 509.724365234375 1.6138519048690796 595.2118530273438
121.6811294555664 251.38955688476562 159.77178955078125 243.8474578857422
413.0678405761719 345.9952697753906 416.0657958984375 388.99542236328125
605.1713256835938 309.0773620605469 572.0545654296875 314.34307861328125
772.0357055664062 223.2259063720703 775.5070190429688 191.94528198242188
488.0005187988281 386.0031433105469 340.9765625 410.861328125
716.9370727539062 574.1609497070312 657.4293823242188 550.9014282226562
733.71484375 137.6349334716797 677.4172973632812 120.61935424804688
149.7263946533203 212.36376953125 118.31262969970703 222.017333984375
335.4624938964844 80.9104995727539 337.9956970214844 94.0008316040039
358.005615234375 436.0145568847656 392.1781921386719 422.86444091796875
524.6232299804688 109.03074645996094 515.8010864257812 0.9346209168434143
509.7037353515625 437.7522888183594 544.3684692382812 405.32489013671875
676.16162109375 24.98954963684082 675.7875366210938 54.997352600097656
736.4370727539062 0.9616055488586426 736.94580078125 20.001447677612305
97.72579956054688 180.08653259277344 79.73741912841797 123.0828628540039
660.8342895507812 103.6956558227539 659.78564453125 124.94005584716797
759.0675048828125 334.13812255859375 782.7807006835938 322.5511779785156
162.97984313964844 274.32220458984375 159.457763671875 263.1712646484375
339.7928771972656 104.85453796386719 344.03790283203125 127.9930419921875
510.0065612792969 73.03874969482422 402.86248779296875 91.18828582763672
547.8807373046875 295.29449462890625 415.7688293457031 317.6327819824219
675.4127807617188 62.99471664428711 676.1293334960938 118.99834442138672
681.0711669921875 127.99974060058594 681.0839233398438 180.00022888183594
669.839111328125 558.4073486328125 714.9163208007812 576.2119140625
794.0662841796875 228.89707946777344 798.1615600585938 151.9553680419922
117.95199584960938 224.37730407714844 125.1293716430664 244.31344604492188
408.9728088378906 149.8505401611328 416.1889343261719 196.8173370361328
476.336181640625 400.4107971191406 302.0392761230469 543.0479736328125
672.97802734375 22.973873138427734 734.9814453125 23.664451599121094
732.8330078125 243.28941345214844 752.2811889648438 254.51272583007812
740.1079711914062 257.822509765625 799.1568603515625 293.7421875
175.71347045898438 488.53057861328125 124.31132507324219 428.590576171875
353.0242614746094 91.1466293334961 351.0475769042969 77.99285125732422
383.2821044921875 267.9580383300781 380.307373046875 247.95428466796875
401.8323669433594 97.9981460571289 510.95648193359375 79.73991394042969
495.81817626953125 284.5172119140625 528.6917724609375 280.4861755371094
235.84681701660156 110.2469253540039 233.00990295410156 96.99787902832031
357.9208068847656 581.1343383789062 327.0430908203125 562.9268798828125
521.5737915039062 180.1152801513672 518.0143432617188 136.0796661376953
675.6826171875 126.9947280883789 676.0845336914062 178.9993438720703
711.7384033203125 205.98255920410156 710.4641723632812 225.0976104736328
243.991455078125 145.00192260742188 238.8453369140625 122.03465270996094
309.92169189453125 210.46774291992188 333.010498046875 207.07138061523438
470.46258544921875 477.49200439453125 503.4493408203125 446.4779357910156
518.0792846679688 112.18175506591797 534.3438110351562 284.0621032714844
530.6436157226562 283.1199951171875 526.3116455078125 234.14935302734375
683.953369140625 119.00057220458984 683.9240112304688 64.99949645996094
684.0045166015625 14.158791542053223 735.02001953125 12.700560569763184
773.3302612304688 471.53790283203125 799.346923828125 455.5650634765625
321.10565185546875 172.6321563720703 75.60968017578125 213.66473388671875
211.04139709472656 213.28860473632812 215.07220458984375 226.6772003173828
385.1446838378906 414.1968688964844 360.9710998535156 431.9606628417969
426.8970031738281 292.01483154296875 403.98846435546875 132.85772705078125
490.9671630859375 486.0848083496094 446.97967529296875 469.052490234375
581.0536499023438 370.3192138671875 492.8567199707031 385.1477355957031
732.0724487304688 221.00860595703125 729.0009155273438 246.8813934326172
744.1982421875 480.978759765625 743.190673828125 519.0050659179688
67.25201416015625 262.55810546875 43.56510925292969 195.4475860595703
289.13250732421875 221.60887145996094 313.08624267578125 216.39637756347656
390.56982421875 599.7289428710938 364.72027587890625 584.4739990234375
465.115234375 90.68476867675781 405.93975830078125 100.64201354980469
41.07798767089844 190.60792541503906 25.95124053955078 149.01773071289062
665.6300048828125 98.99504852294922 665.0012817382812 18.999990463256836
666.7410888671875 302.0016784667969 665.4701538085938 105.00341796875
680.6941528320312 127.90966796875 732.548583984375 145.3426513671875
728.90625 213.1972198486328 712.7532348632812 205.5191650390625
756.2781372070312 141.0983428955078 735.131103515625 134.57501220703125
779.9473266601562 28.59466552734375 764.8130493164062 30.562042236328125
780.4921875 0.9116004109382629 778.9594116210938 27.056245803833008
791.8078002929688 251.0347442626953 791.2820434570312 232.9917755126953
0.581236720085144 580.9852905273438 64.63946533203125 554.549560546875
188.53826904296875 424.85321044921875 214.2406463623047 459.32958984375
450.1713562011719 30.00169563293457 506.0749206542969 20.437877655029297
731.7884521484375 136.7077178955078 756.0150756835938 143.94949340820312
798.08349609375 67.09679412841797 791.8187866210938 201.94512939453125
99.9460678100586 120.01686096191406 103.91594696044922 132.71360778808594
299.1742248535156 545.21142578125 233.96180725097656 598.9536743164062
339.6219482421875 599.675048828125 357.8714904785156 582.8605346679688
495.9583740234375 254.1500244140625 517.0546875 253.11692810058594
546.8952026367188 448.3220520019531 521.0302734375 439.9070129394531
683.9281005859375 55.99812698364258 683.8615112304688 22.998260498046875
14.402276039123535 182.851806640625 5.985678672790527 160.00527954101562
101.17325592041016 2.033132553100586 42.15598678588867 11.930171966552734
79.7728271484375 129.06886291503906 95.55670928955078 181.13438415527344
327.5106201171875 564.791748046875 355.37353515625 582.0135498046875
396.39825439453125 134.8581085205078 402.78692626953125 152.7885284423828
515.5376586914062 139.0753631591797 441.7372131347656 147.7691192626953
166.09779357910156 283.6938781738281 152.0940704345703 285.6674499511719
684.375732421875 179.9869384765625 683.891357421875 128.9915313720703
793.8309936523438 62.93009567260742 797.5394897460938 0.9126651883125305
8.978181838989258 198.85675048828125 37.08763885498047 194.57540893554688
128.9960174560547 163.3006134033203 122.37477111816406 141.1872100830078
377.0552062988281 0.8396229147911072 396.2244873046875 126.96588134765625
574.9373779296875 105.64639282226562 599.066162109375 101.37376403808594
675.79833984375 185.990234375 676.0751953125 236.99417114257812
747.58203125 343.0648193359375 690.06982421875 325.7679443359375
799.9657592773438 339.760009765625 792.5376586914062 309.86639404296875
338.1466369628906 469.9732666015625 318.2518615722656 360.86578369140625
532.1787109375 171.98350524902344 526.644775390625 112.03279113769531
168.2500762939453 495.1395568847656 164.87881469726562 477.0225524902344
223.51632690429688 123.8710708618164 229.33328247070312 147.16648864746094
393.8352355957031 39.05752182006836 428.0144348144531 33.082611083984375
454.9285583496094 269.4251403808594 474.1291198730469 267.03887939453125
525.8085327148438 230.09461975097656 522.1593627929688 184.14617919921875
552.8062133789062 93.0175552368164 544.4738159179688 1.0476711988449097
658.2111206054688 124.99903869628906 658.2366333007812 103.99664306640625
27.525012969970703 156.82064819335938 39.18032455444336 190.9384002685547
393.0951843261719 426.2539367675781 359.0110778808594 439.029541015625
415.1632995605469 527.1701049804688 442.2041320800781 501.2126770019531
676.1409301757812 240.9928436279297 676.31494140625 293.0022888183594
715.1021728515625 313.85748291015625 727.095703125 314.9302062988281
107.27786254882812 143.59996032714844 114.26443481445312 165.91722106933594
155.23826599121094 493.31396484375 144.40589904785156 501.5348205566406
277.0859375 285.1956787109375 272.9775695800781 266.0047912597656
366.0018005371094 250.80662536621094 369.71710205078125 270.0545959472656
684.4566040039062 189.927001953125 702.652587890625 200.59271240234375
44.46055603027344 304.2129211425781 52.027076721191406 323.3840026855469
0.7818126678466797 24.680633544921875 147.89291381835938 0.35246485471725464
132.62940979003906 523.4144287109375 160.45864868164062 511.03070068359375
156.51739501953125 235.8236541748047 148.86940002441406 213.38536071777344
171.4755401611328 303.8655700683594 165.87071228027344 284.0365295410156
166.5023651123047 473.62017822265625 171.5552978515625 493.6067810058594
195.07421875 229.554443359375 213.02037048339844 227.1521453857422
353.1862487792969 445.42108154296875 336.4749755859375 452.8130798339844
792.7420043945312 502.0419616699219 795.1810302734375 458.8971862792969
545.783203125 1.014444351196289 547.1807861328125 21.987953186035156
799.4063720703125 595.6851806640625 707.7733764648438 477.4009094238281
65.41089630126953 321.2110595703125 58.58176040649414 302.14984130859375
100.86934661865234 509.8273620605469 71.69002532958984 531.9116821289062
118.22413635253906 435.33221435546875 163.33859252929688 495.4965515136719
447.78814697265625 471.5228576660156 489.4340515136719 488.39678955078125
258.8223876953125 268.78436279296875 263.8699035644531 288.03411865234375
260.2422180175781 218.5865478515625 290.0064392089844 214.04217529296875
305.38055419921875 324.4821472167969 321.0188903808594 335.97430419921875
337.5189208984375 446.437255859375 353.1888732910156 441.613525390625
426.5829162597656 189.0055694580078 426.39569091796875 174.9947052001953
512.8532104492188 439.2100830078125 545.9028930664062 449.3175964355469
150.63807678222656 240.10035705566406 144.8733367919922 219.31243896484375
151.7177734375 286.0888671875 157.70260620117188 305.0936584472656
419.1064147949219 37.59502410888672 393.3923645019531 42.19389343261719
526.1392822265625 0.9100168347358704 549.3707275390625 295.0497131347656
73.93895721435547 525.412353515625 97.69144439697266 509.5382995605469
609.5393676757812 363.9824523925781 609.7433471679688 346.9969177246094
680.5101928710938 315.46209716796875 666.649658203125 302.3150939941406
447.73004150390625 452.3005676269531 477.5353698730469 440.7962341308594
410.0772399902344 355.99853515625 410.72198486328125 390.02423095703125
71.58001708984375 216.8161163330078 81.62034606933594 248.48629760742188
8.875471115112305 386.256591796875 290.3526611328125 339.1053466796875
40.020809173583984 12.123368263244629 0.7876684665679932 18.7412166595459
401.72882080078125 66.47178649902344 447.07550048828125 58.425479888916016
546.8298950195312 405.82159423828125 521.2238159179688 430.2347717285156
17.359609603881836 457.80096435546875 112.05277252197266 407.2264404296875
311.3068542480469 72.94095611572266 322.0903015136719 128.9826202392578
328.2935485839844 145.9424285888672 339.0885314941406 200.98263549804688
370.9492492675781 394.35137939453125 347.04241943359375 254.82139587402344
573.0797119140625 441.1463317871094 587.2369995117188 433.43511962890625
514.3399047851562 80.11187744140625 516.2273559570312 108.11946105957031
-0.12448162585496902 411.5701599121094 64.84473419189453 381.5036315917969
218.18585205078125 224.62583923339844 214.3802947998047 212.5644989013672
567.9810180664062 318.8838806152344 415.48052978515625 343.8235168457031
304.928466796875 352.79864501953125 321.3437194824219 346.9676513671875
413.67010498046875 324.4668273925781 562.8333129882812 305.04119873046875
559.5234985351562 309.36614990234375 534.2916870117188 0.8943467736244202
452.9624328613281 56.070579528808594 474.0088806152344 55.21971893310547
400.1938171386719 251.50653076171875 403.30517578125 271.6438293457031
788.99169921875 538.9993286132812 791.7114868164062 506.0587463378906
26.74932098388672 557.6762084960938 0.8115320205688477 577.7565307617188
657.8742065429688 543.8190307617188 637.8269653320312 557.7510375976562
546.9530639648438 586.0986938476562 500.08489990234375 563.8214111328125
529.1111450195312 111.90238952636719 534.3877563476562 171.9659423828125
725.8896484375 315.42645263671875 741.2645263671875 338.1730651855469
474.999267578125 496.9986877441406 516.7730102539062 473.5948791503906
524.2924194335938 468.55072021484375 563.4136352539062 447.7790832519531
435.1079406738281 151.76171875 412.28277587890625 154.99581909179688
628.5721435546875 327.44549560546875 617.334228515625 316.6520080566406
403.5814514160156 125.81275177001953 400.5317687988281 100.0554428100586
361.4222106933594 224.26190185546875 355.553466796875 233.72300720214844
556.5133666992188 135.95932006835938 553.344482421875 95.97270202636719
342.60357666015625 256.3347473144531 349.61199951171875 285.5724182128906
425.2950134277344 383.9118957519531 416.6055908203125 354.8191223144531
395.64129638671875 98.1278076171875 392.5442810058594 40.97050857543945
597.8298950195312 3.9666738510131836 609.6382446289062 298.0145263671875
61.8729133605957 402.1964111328125 64.63580322265625 389.9180603027344
443.8925476074219 501.9118957519531 423.18023681640625 522.1841430664062
604.9437255859375 19.051712036132812 607.9765014648438 81.00115203857422
164.2884979248047 503.82305908203125 175.9119415283203 499.748779296875
736.9004516601562 542.9478759765625 724.233642578125 567.1224365234375
588.3319702148438 434.3860778808594 652.3300170898438 545.1210327148438
670.8645629882812 19.15545082092285 668.3535766601562 0.8146873116493225
391.3404846191406 278.1644592285156 363.402587890625 282.559326171875
484.3205261230469 57.96437454223633 486.1015625 73.98870849609375
330.8454895019531 378.0265197753906 340.4422912597656 433.924072265625
620.7020874023438 570.5769653320312 581.252197265625 598.3580932617188
155.96694946289062 244.57601928710938 160.90281677246094 232.54969787597656
387.1566467285156 42.11281967163086 384.64178466796875 1.0219237804412842
421.2519226074219 530.4080810546875 461.3896484375 505.6312255859375
780.367919921875 176.04661560058594 784.1879272460938 145.89710998535156
786.7013549804688 37.98476791381836 785.576904296875 60.02942657470703
782.8004760742188 125.96231842041016 788.0790405273438 98.01492309570312
592.0872802734375 525.7764282226562 550.7501220703125 509.6401672363281
790.5484619140625 2.9225127696990967 788.9429931640625 32.99695587158203
364.4332580566406 563.6536254882812 414.1330871582031 530.7093505859375
221.6318817138672 224.35354614257812 232.95993041992188 221.82077026367188
0.3614986538887024 490.66961669921875 12.116191864013672 501.8781433105469
563.8052978515625 448.58349609375 622.8928833007812 569.5639038085938
636.2874145507812 556.8458862304688 574.5443725585938 441.70806884765625
