191
311.2527770996094 524.4847412109375 306.3995666503906 559.7799072265625
334.6233215332031 193.03053283691406 338.73773193359375 109.03614044189453
798.0435180664062 329.00750732421875 794.3858642578125 350.2387390136719
310.9389343261719 138.99716186523438 311.6390380859375 123.93673706054688
371.5541076660156 464.7665710449219 325.4062194824219 535.9669799804688
183.118408203125 270.3050537109375 320.00921630859375 279.8681945800781
292.7038879394531 149.98997497558594 291.7889404296875 177.02670288085938
705.8133544921875 0.501484215259552 595.326171875 41.87117004394531
668.434326171875 328.74688720703125 733.3142700195312 338.5419921875
712.1806640625 138.02471923828125 709.5730590820312 157.07843017578125
118.19876098632812 426.945556640625 121.15987396240234 329.00482177734375
309.11566162109375 179.0392303466797 310.10406494140625 150.93331909179688
441.6856994628906 148.97364807128906 442.858154296875 134.9881134033203
593.8150024414062 44.499603271484375 711.9353637695312 0.8251498341560364
119.43704223632812 311.0078125 119.02131652832031 281.0135498046875
691.7216186523438 381.9679260253906 693.7951049804688 363.97637939453125
724.0186767578125 157.00296020507812 727.0429077148438 137.848876953125
749.8886108398438 284.9510192871094 731.4515380859375 326.8793640136719
364.9939880371094 460.8110046386719 318.9863586425781 523.9900512695312
336.1967468261719 108.9585189819336 331.8078918457031 193.9384307861328
387.01934814453125 583.859375 427.3187561035156 513.8800659179688
426.4284362792969 133.9412384033203 424.9729309082031 148.1000213623047
438.3611145019531 188.03338623046875 440.77813720703125 161.88705444335938
613.057861328125 126.4791030883789 799.122314453125 104.01282501220703
685.6551513671875 288.2840270996094 681.7081298828125 325.1827087402344
716.2403564453125 324.0357971191406 719.0747680664062 305.0111389160156
284.99908447265625 324.9999694824219 284.2078857421875 349.0397644042969
390.059326171875 283.1852722167969 312.04461669921875 280.6350402832031
594.0220947265625 40.81907653808594 264.0569152832031 0.5338038802146912
707.58056640625 172.9383087158203 702.5797119140625 206.93817138671875
595.5567016601562 44.83765411376953 553.7967529296875 416.0896301269531
626.1950073242188 312.15313720703125 637.6090087890625 223.07803344726562
716.237060546875 304.9015808105469 713.6663208007812 324.82794189453125
18.00111198425293 317.9562683105469 0.9612745046615601 317.5229797363281
0.9025041460990906 177.52976989746094 394.9589538574219 202.64382934570312
167.7088165283203 169.99075317382812 168.63058471679688 140.95652770996094
266.8035888671875 188.03173828125 269.3719482421875 123.01469421386719
245.0409698486328 0.6625184416770935 594.86328125 43.126522064208984
319.8486022949219 272.0434265136719 184.9224853515625 262.0461730957031
322.215576171875 533.5042724609375 368.935546875 462.6601257324219
458.0472106933594 203.25979614257812 401.02410888671875 199.6222381591797
467.1087341308594 118.84497833251953 446.688720703125 367.9744873046875
619.8944091796875 172.98739624023438 616.675537109375 199.96128845214844
676.497802734375 389.9292907714844 672.258056640625 420.0363464355469
149.27308654785156 139.00161743164062 149.11317443847656 166.006591796875
519.04296875 210.90420532226562 515.9410400390625 241.89401245117188
682.0789794921875 268.8675842285156 675.901123046875 311.842041015625
680.7373046875 358.9661865234375 678.6458129882812 375.2118835449219
402.3865661621094 121.02791595458984 396.8284912109375 197.98760986328125
399.568115234375 199.03587341308594 404.49365234375 121.03117370605469
594.4267578125 32.05852127075195 672.78515625 0.4671120047569275
625.5655517578125 202.07864379882812 629.6351928710938 172.8102264404297
49.898101806640625 515.0032958984375 43.736915588378906 325.9759826660156
293.7154846191406 121.9923095703125 293.2817077636719 138.03465270996094
358.0854187011719 0.3231128752231598 593.9886474609375 30.08974838256836
684.6788330078125 428.95635986328125 689.0376586914062 396.8692626953125
137.89659118652344 206.29171752929688 153.03970336914062 207.5039825439453
281.9779357910156 257.578857421875 320.0369873046875 259.02899169921875
429.64056396484375 500.3636779785156 383.89434814453125 580.9400024414062
603.9070434570312 379.98931884765625 606.9093627929688 353.8746032714844
716.4969482421875 208.2300262451172 721.7854614257812 173.81336975097656
799.2932739257812 455.0466613769531 793.4530639648438 491.7538757324219
165.54348754882812 348.0107727050781 166.04017639160156 322.98095703125
320.43267822265625 557.0239868164062 365.2856750488281 476.0504150390625
411.89459228515625 327.99285888671875 410.271240234375 351.95062255859375
424.49127197265625 159.95733642578125 422.22918701171875 186.93536376953125
598.4747924804688 349.9391174316406 595.57568359375 374.9508056640625
320.7944641113281 540.7098999023438 317.8646240234375 562.982177734375
425.4002380371094 353.0412292480469 427.8888244628906 328.8855285644531
706.9568481445312 329.9939880371094 711.5794067382812 296.8021545410156
13.9686279296875 158.0005340576172 13.478044509887695 128.99191284179688
272.31011962890625 11.99793815612793 272.443115234375 31.997053146362305
301.9765319824219 325.4076232910156 284.9179382324219 324.4255065917969
313.12628173828125 561.2059936523438 316.68280029296875 541.7590942382812
778.885986328125 378.2890930175781 637.2281494140625 322.42156982421875
116.56266784667969 350.9054260253906 122.32563018798828 507.0617980957031
168.06983947753906 526.8565673828125 0.9301763772964478 533.143798828125
271.31414794921875 36.01386642456055 269.46209716796875 77.97625732421875
534.0462646484375 208.30099487304688 465.01788330078125 203.72998046875
799.6988525390625 378.1591796875 626.5928955078125 312.4383544921875
767.89013671875 293.73114013671875 750.1405029296875 291.0646057128906
168.81118774414062 127.00794982910156 168.7107696533203 111.99524688720703
188.0107421875 365.48455810546875 125.97516632080078 364.1920166015625
391.03515625 196.362060546875 336.0367736816406 193.3323211669922
712.3295288085938 3.9080986976623535 705.7426147460938 51.964725494384766
131.00286865234375 270.7871398925781 159.01126098632812 271.1650390625
742.6447143554688 297.99981689453125 685.8387451171875 287.9075927734375
301.0748596191406 351.00238037109375 301.87420654296875 325.96405029296875
537.885498046875 42.09526062011719 531.873046875 97.98634338378906
18.062854766845703 305.0322570800781 17.579343795776367 290.9800720214844
41.90907669067383 4.00180196762085 42.36515808105469 27.012582778930664
147.5054168701172 321.9980163574219 147.5384063720703 347.0006103515625
166.4812774658203 310.0014343261719 166.5232696533203 295.9955749511719
381.9246520996094 275.9960021972656 383.94580078125 237.9971160888672
394.4586181640625 583.7305297851562 423.1553649902344 526.081787109375
729.8705444335938 322.83148193359375 716.918701171875 324.26605224609375
13.388693809509277 114.02680969238281 12.68639087677002 98.01375579833984
122.60200500488281 5.00266695022583 122.24317932128906 86.0010757446289
150.99545288085938 198.08473205566406 138.97640991210938 197.43963623046875
400.92779541015625 202.14772033691406 457.95379638671875 205.73464965820312
84.13875579833984 297.6471862792969 49.07799530029297 310.481201171875
443.00238037109375 367.754638671875 388.00067138671875 367.6497497558594
34.99898147583008 363.39703369140625 0.9973867535591125 363.45452880859375
0.8804170489311218 75.28338623046875 466.9339294433594 118.7091064453125
168.0081787109375 139.92544555664062 149.89695739746094 137.93992614746094
329.0761413574219 193.18856811523438 297.974609375 190.27066040039062
430.089111328125 423.99713134765625 401.05291748046875 426.5921325683594
464.9105224609375 206.3173828125 519.9284057617188 210.05410766601562
165.98963928222656 321.5449523925781 148.97677612304688 321.221435546875
637.78662109375 222.58132934570312 799.220703125 244.36415100097656
734.4969482421875 334.02618408203125 735.1223754882812 346.045654296875
18.707809448242188 346.0013122558594 18.587291717529297 318.99737548828125
680.7799072265625 0.43992796540260315 591.9273681640625 35.35966491699219
732.983154296875 337.5872802734375 706.0053100585938 336.814208984375
149.3734893798828 109.98312377929688 149.55807495117188 125.00543212890625
309.8736877441406 151.16790771484375 293.8448791503906 149.43450927734375
397.05657958984375 407.6560363769531 423.94281005859375 405.3370056152344
395.3099060058594 203.8887939453125 390.04296875 283.9370422363281
594.910888671875 39.766143798828125 698.7002563476562 0.21345296502113342
440.8494873046875 161.59323120117188 424.8973693847656 160.0862579345703
13.951870918273926 127.6796875 0.8758149743080139 126.7537612915039
313.0150146484375 285.2386474609375 299.000732421875 284.9624938964844
334.98797607421875 273.173583984375 382.0392761230469 276.4328918457031
171.5489959716797 449.1875305175781 181.49888610839844 419.1709289550781
33.01881790161133 449.76898193359375 1.01350998878479 450.5521240234375
1.302150845527649 560.541259765625 58.05370330810547 597.91845703125
55.73384475708008 599.400634765625 0.9811609387397766 563.0283813476562
42.728065490722656 31.991487503051758 43.20745849609375 72.99757385253906
171.26332092285156 571.5069580078125 116.78094482421875 542.41015625
283.0814514160156 0.3374934494495392 594.1738891601562 38.58567428588867
451.9881896972656 366.56158447265625 498.0098876953125 367.52984619140625
778.666015625 361.2261657714844 799.313232421875 366.8498840332031
799.3278198242188 386.1166687011719 783.5341186523438 380.2552795410156
253.0183563232422 365.82684326171875 192.98611450195312 364.8871765136719
654.5762329101562 525.9169921875 726.8250732421875 580.588134765625
799.01318359375 235.89260864257812 754.9403076171875 230.48646545410156
349.90325927734375 578.072021484375 350.7937316894531 566.90380859375
590.9711303710938 32.23320007324219 539.8871459960938 25.911907196044922
120.13243865966797 83.99400329589844 120.41574096679688 43.002872467041016
135.11972045898438 197.7847900390625 126.98189544677734 268.88348388671875
412.1685791015625 599.9114990234375 395.42071533203125 584.6350708007812
518.4631958007812 239.0532684326172 521.6806640625 211.0782928466797
636.0325927734375 312.2355041503906 679.0396728515625 314.069580078125
689.1380615234375 396.5521240234375 677.4197998046875 390.04473876953125
721.6598510742188 346.8658142089844 762.3140258789062 354.277587890625
474.0289001464844 17.77068328857422 344.9377136230469 1.4939806461334229
537.9006958007812 25.777368545532227 476.87457275390625 17.981830596923828
768.5087890625 344.4190673828125 789.7347412109375 351.76629638671875
177.02867126464844 594.0810546875 174.76171875 483.0456848144531
47.14146041870117 321.99542236328125 67.09566497802734 304.9418640136719
208.95266723632812 513.7210083007812 288.2359313964844 561.9690551757812
319.0101013183594 262.7484436035156 281.9493713378906 261.26177978515625
435.98828125 286.26806640625 398.01715087890625 284.6076965332031
553.548095703125 417.330078125 775.841552734375 599.1936645507812
599.0256958007812 28.793275833129883 543.0208129882812 21.832563400268555
42.51410675048828 171.00778198242188 41.16865539550781 86.98128509521484
504.9993896484375 367.5164794921875 543.0006103515625 367.4678039550781
161.4932403564453 269.9389343261719 153.88951110839844 208.5184783935547
0.9570569396018982 305.20220947265625 17.043691635131836 305.7768249511719
541.0032348632812 369.3653259277344 505.0010681152344 369.4499206542969
121.45272064208984 282.00018310546875 121.44072723388672 310.00018310546875
397.04217529296875 428.9173889160156 434.0100402832031 427.21844482421875
115.82965087890625 540.3179931640625 171.05422973632812 569.8987426757812
679.72900390625 324.7495422363281 670.4110107421875 321.73114013671875
156.0159454345703 268.4613037109375 133.97605895996094 267.8086853027344
733.11181640625 345.3674011230469 722.9005737304688 343.5624084472656
267.37030029296875 134.01380920410156 265.3560791015625 188.01327514648438
225.97994995117188 435.7557067871094 247.04470825195312 436.31439208984375
781.5721435546875 385.1014099121094 773.624755859375 429.9334716796875
44.7056999206543 446.0355224609375 46.40664291381836 508.01629638671875
724.0153198242188 582.9808959960938 672.9490966796875 542.0635375976562
422.92852783203125 402.62591552734375 394.05865478515625 404.1277160644531
175.56260681152344 465.78228759765625 173.25804138183594 449.2427062988281
405.3443298339844 539.0834350585938 409.2627258300781 475.9542236328125
149.0693817138672 309.0250549316406 166.0545196533203 310.23388671875
570.5858764648438 524.8290405273438 580.653076171875 500.4439392089844
507.86981201171875 599.2230834960938 482.6916809082031 584.5282592773438
142.04356384277344 237.00636291503906 144.96543884277344 216.9949493408203
586.070068359375 503.5166015625 574.5139770507812 525.747314453125
0.9347260594367981 267.9808654785156 8.352161407470703 242.68984985351562
515.2830810546875 587.7070922851562 510.71685791015625 598.8843383789062
120.81070709228516 41.0047721862793 121.01680755615234 6.000099182128906
201.2234344482422 449.0885009765625 202.32150268554688 471.1334228515625
95.18578338623047 263.3011474609375 111.08216857910156 262.01776123046875
554.7401123046875 503.66497802734375 547.5859375 511.6279602050781
429.8920593261719 480.9894714355469 428.0293273925781 500.100341796875
486.8316955566406 443.2044677734375 474.772216796875 433.2767028808594
459.8359069824219 223.9862518310547 461.1736145019531 208.01454162597656
285.9994201660156 418.8747863769531 318.0033264160156 418.7283630371094
485.1942443847656 429.8291320800781 498.30474853515625 444.7319030761719
366.4769592285156 594.4417114257812 371.43914794921875 600.3180541992188
