231
55.8160514831543 300.7936096191406 182.85015869140625 290.2027282714844
184.43675231933594 292.79833984375 0.6561466455459595 317.4349670410156
182.002197265625 283.0318603515625 58.96519088745117 291.493896484375
768.0011596679688 79.33763122558594 427.998291015625 80.5073471069336
461.3381652832031 263.0256652832031 459.7416687011719 284.0563049316406
384.3729553222656 473.93389892578125 375.3372802734375 422.94024658203125
448.0454406738281 490.2640380859375 431.6058044433594 430.8324279785156
181.8320770263672 160.0070037841797 181.95008850097656 145.99957275390625
274.00726318359375 210.03746032714844 242.99478149414062 210.25433349609375
92.38831329345703 396.00384521484375 92.72261047363281 449.0017395019531
237.84022521972656 283.9033508300781 182.84214782714844 291.9165344238281
148.4844207763672 139.00328063964844 148.0045623779297 210.00003051757812
150.54725646972656 209.99720764160156 150.14926147460938 131.98902893066406
595.3817749023438 224.05369567871094 598.6317138671875 200.9481964111328
719.701416015625 235.9482879638672 723.8829956054688 211.80653381347656
543.6033325195312 279.9398498535156 541.3126831054688 295.0473937988281
22.622709274291992 212.95579528808594 19.92743682861328 114.0019760131836
0.9682980179786682 218.51039123535156 274.014892578125 212.6993865966797
692.1008911132812 541.3984375 785.3487548828125 1.2328357696533203
673.187744140625 247.75961303710938 663.3342895507812 322.0443420410156
509.1281433105469 258.82366943359375 502.28643798828125 292.6534423828125
692.9179077148438 26.951807022094727 652.9820556640625 28.55279541015625
695.724609375 392.9585266113281 699.1995849609375 369.8794860839844
761.4815063476562 279.08892822265625 765.542724609375 257.1002502441406
66.19095611572266 196.99652099609375 65.64476013183594 166.98826599121094
740.3609008789062 453.0624694824219 773.7577514648438 260.13116455078125
23.606630325317383 324.0160827636719 24.833839416503906 354.0068054199219
596.03857421875 552.4981689453125 650.9418334960938 548.24853515625
777.9840087890625 55.1585578918457 724.5515747070312 386.7666015625
377.62042236328125 420.8949890136719 386.09796142578125 470.9834289550781
763.27392578125 338.2129821777344 754.40869140625 391.23553466796875
770.1668701171875 300.0286865234375 764.31689453125 334.0544738769531
410.1339416503906 282.1661071777344 414.89593505859375 220.9918975830078
460.0384521484375 219.00335693359375 462.1336669921875 195.0116729736328
583.7431640625 199.19497680664062 581.2880859375 221.14407348632812
687.1401977539062 172.01976013183594 677.6887817382812 239.0970458984375
479.09539794921875 191.90623474121094 477.0016784667969 212.1038360595703
489.63946533203125 213.95974731445312 492.0896301269531 192.010009765625
570.7063598632812 520.9185180664062 588.8787841796875 455.41156005859375
706.268798828125 209.89239501953125 702.705810546875 234.10386657714844
795.557861328125 71.76469421386719 765.9613037109375 253.15684509277344
46.804927825927734 134.00868225097656 47.602386474609375 151.92869567871094
69.0875244140625 384.99932861328125 68.87632751464844 358.0009765625
93.99371337890625 392.98516845703125 92.78548431396484 311.98828125
699.30126953125 87.8924560546875 694.0505981445312 122.0077896118164
722.1373901367188 401.86041259765625 710.609130859375 473.09857177734375
719.6858520507812 465.2768249511719 784.5767822265625 70.09471130371094
69.20089721679688 357.12127685546875 52.035255432128906 360.19677734375
143.99940490722656 271.105224609375 180.00003051757812 271.0938415527344
426.0032653808594 80.23551940917969 384.99725341796875 80.80179595947266
703.5845336914062 495.9448547363281 700.3851318359375 520.0510864257812
785.0490112304688 67.18115997314453 796.5225219726562 0.7448359131813049
15.640083312988281 4.985667705535889 17.81243133544922 102.00419616699219
166.82135009765625 336.9976501464844 166.50765991210938 360.9935607910156
186.0048370361328 280.0509948730469 207.9024658203125 277.972412109375
245.9550018310547 54.17052459716797 42.15958023071289 0.3952232301235199
240.13414001464844 214.957275390625 238.5534210205078 283.9897766113281
259.99896240234375 338.0853271484375 261.8083801269531 316.8982238769531
599.7297973632812 190.10633850097656 601.5250854492188 177.78509521484375
725.82177734375 199.97474670410156 727.8056640625 185.9724578857422
799.4049682617188 409.02288818359375 754.6209716796875 399.8504638671875
27.072429656982422 355.9967956542969 25.661352157592773 323.9708557128906
88.85740661621094 18.99106216430664 89.75401306152344 105.0025634765625
316.0867919921875 72.67073059082031 248.068359375 54.740699768066406
695.9069213867188 0.6938456296920776 691.9566040039062 27.701108932495117
47.415000915527344 165.9449462890625 48.584869384765625 196.01614379882812
666.1106567382812 324.0162048339844 679.4493408203125 232.91937255859375
645.9681396484375 598.6974487304688 780.9470825195312 584.4969482421875
682.8052368164062 366.97119140625 679.6797485351562 388.1005554199219
799.2705688476562 280.6377868652344 773.1550903320312 277.6462707519531
17.5180721282959 112.01152801513672 19.910369873046875 212.02606201171875
50.966163635253906 333.8924255371094 51.73578643798828 347.9597473144531
150.3197784423828 37.996315002441406 149.92413330078125 110.99958801269531
235.99574279785156 208.42324829101562 202.9901580810547 208.66696166992188
398.3806457519531 204.11814880371094 400.1015319824219 184.00868225097656
477.1585693359375 348.1125793457031 479.02508544921875 328.9052734375
86.9955062866211 210.5041961669922 46.98972702026367 210.8668670654297
89.4217529296875 138.99676513671875 89.01948547363281 210.99452209472656
199.94219970703125 208.99473571777344 199.56773376464844 141.99124145507812
265.19342041015625 197.9556884765625 266.349609375 176.90933227539062
521.7344970703125 295.9938659667969 521.4590454101562 262.96282958984375
662.19677734375 321.7431335449219 410.1126403808594 282.2805480957031
578.0164794921875 368.14453125 580.9029541015625 347.8440246582031
753.1918334960938 394.03143310546875 743.8330688476562 451.13653564453125
796.995361328125 67.9124526977539 784.9761352539062 68.54975891113281
256.5523681640625 175.97308349609375 255.2870330810547 197.0172576904297
434.43212890625 445.0942687988281 440.7590026855469 483.2060241699219
769.2848510742188 517.04833984375 760.6234741210938 568.1057739257812
50.99177169799805 316.93896484375 0.8248132467269897 323.70013427734375
90.86505889892578 313.00128173828125 91.62905883789062 393.0035400390625
765.186279296875 334.7405090332031 799.18212890625 339.7684326171875
785.0078125 70.8484878540039 797.0068359375 70.7376937866211
143.0029754638672 209.11424255371094 95.9827880859375 210.33975219726562
393.80126953125 473.85906982421875 391.6594543457031 492.0775146484375
430.5580139160156 248.15512084960938 427.7682189941406 276.1760559082031
568.557373046875 559.29736328125 575.6907348632812 521.94091796875
415.80517578125 219.79286193847656 672.8128662109375 247.72206115722656
51.34102249145508 361.9626770019531 52.06660842895508 388.0259704589844
242.46861267089844 208.99734497070312 242.34405517578125 186.998046875
515.14599609375 481.19384765625 573.0592651367188 450.94219970703125
702.2376708984375 473.2879638671875 686.6787719726562 540.157958984375
679.9188232421875 243.98841857910156 668.3362426757812 325.19061279296875
723.9265747070312 210.66946411132812 706.911865234375 208.80355834960938
787.9356079101562 347.346923828125 764.8046875 343.0518798828125
74.8053207397461 568.5418701171875 15.319557189941406 599.61181640625
92.06379699707031 210.9912567138672 91.34098815917969 122.99720001220703
181.064208984375 275.813232421875 145.03733825683594 276.6355895996094
758.0274658203125 589.2561645507812 663.0474243164062 599.4423828125
799.1857299804688 403.04638671875 754.9173583984375 394.4244079589844
755.3226928710938 391.29730224609375 799.2607421875 399.62432861328125
181.2242889404297 198.0227508544922 181.7079315185547 171.99456787109375
345.0742492675781 84.00406646728516 329.6143798828125 366.03369140625
566.5709228515625 344.9512939453125 564.2782592773438 365.1451110839844
633.1046752929688 522.690673828125 658.737548828125 365.6307678222656
193.99208068847656 208.77774047851562 153.9716339111328 210.20367431640625
380.3110046386719 310.958251953125 379.27386474609375 328.0771789550781
388.83203125 183.98797607421875 387.4693908691406 203.03358459472656
390.1404113769531 331.00738525390625 391.09014892578125 312.9521484375
489.7138366699219 285.10638427734375 490.9698181152344 264.87396240234375
565.0328979492188 565.1705932617188 485.020263671875 603.2454833984375
598.7499389648438 200.9795379638672 584.8455200195312 199.22323608398438
178.9298858642578 358.03704833984375 179.88807678222656 333.99554443359375
799.1201171875 256.6467590332031 775.0435180664062 254.5095977783203
65.85716247558594 166.6206512451172 47.908451080322266 165.0387420654297
168.46826171875 171.99154663085938 168.61788940429688 198.002197265625
504.00439453125 294.9383850097656 519.0703735351562 296.0154724121094
575.0106811523438 450.8173522949219 595.880859375 452.03759765625
799.0261840820312 342.8298645019531 763.9340209960938 337.42877197265625
388.4522399902344 492.7683410644531 391.1309814453125 474.86993408203125
270.89825439453125 347.62091064453125 194.74710083007812 368.05767822265625
455.0006408691406 289.2742919921875 500.0049743652344 289.17138671875
772.8721313476562 284.0550231933594 799.21240234375 287.247802734375
207.45394897460938 277.00299072265625 207.66578674316406 244.9911651611328
280.7610168457031 140.95091247558594 272.6745300292969 345.0267333984375
391.6589660644531 473.0669860839844 380.96295166015625 418.6144104003906
375.9443664550781 149.02261352539062 751.0308227539062 169.43341064453125
722.518310546875 380.837158203125 713.2417602539062 408.7425231933594
350.20843505859375 491.326904296875 327.9717102050781 494.8199462890625
466.63702392578125 326.97308349609375 465.23077392578125 345.9429626464844
765.7205200195312 256.1258544921875 799.0645141601562 260.5094299316406
9.892592430114746 310.93017578125 45.040306091308594 307.4014587402344
68.3877944946289 345.0292663574219 68.70545196533203 329.9726867675781
0.8797774314880371 107.03163146972656 280.92230224609375 139.6667022705078
158.22674560546875 438.637451171875 209.61337280273438 421.8186950683594
374.2783508300781 424.8333435058594 382.7445068359375 489.7725524902344
482.03802490234375 285.91107177734375 483.7966613769531 266.8887634277344
600.0170288085938 555.893310546875 645.4544067382812 563.1576538085938
98.46804809570312 595.8530883789062 104.53765869140625 573.872314453125
17.00343894958496 238.24610900878906 29.01506805419922 238.07823181152344
65.54815673828125 152.00393676757812 65.50471496582031 135.99862670898438
38.97827911376953 495.9660949707031 34.649383544921875 371.01214599609375
418.1470642089844 278.0505676269531 457.0763854980469 280.9877014160156
769.00537109375 71.6972427368164 701.0016479492188 72.21839141845703
200.66197204589844 88.99840545654297 200.70057678222656 105.00072479248047
775.6342163085938 359.2452697753906 780.1154174804688 347.65789794921875
151.26083374023438 465.6593933105469 233.57264709472656 488.5375671386719
571.7669067382812 441.3952331542969 597.063232421875 445.62158203125
637.924560546875 309.52093505859375 662.9786376953125 313.14776611328125
722.33642578125 374.992919921875 699.4403076171875 348.3398742675781
799.356689453125 468.4886474609375 743.905029296875 455.40234375
94.4357681274414 443.99945068359375 94.37413787841797 395.99951171875
614.9537353515625 311.4128112792969 640.08642578125 314.2288513183594
744.2949829101562 450.6973571777344 799.1971435546875 463.1293029785156
0.7537866234779358 349.87188720703125 25.596616744995117 356.88726806640625
27.619699478149414 400.98345947265625 26.845966339111328 371.9774475097656
121.5313949584961 480.00274658203125 87.4887466430664 464.0940246582031
251.67312622070312 318.9924621582031 251.21109008789062 339.0279235839844
33.927669525146484 304.5169982910156 13.926946640014648 307.5121765136719
394.4763488769531 492.0269470214844 395.4981384277344 473.9715881347656
786.171630859375 0.866883397102356 782.7811889648438 21.964832305908203
201.58380126953125 428.5754089355469 160.84710693359375 440.4766540527344
348.0220031738281 499.475830078125 391.9823913574219 498.8199768066406
688.6484985351562 511.8856201171875 680.0340576171875 538.3602905273438
799.2545776367188 485.97467041015625 718.2800903320312 465.871826171875
102.95013427734375 594.322998046875 145.0165252685547 591.2243041992188
642.01806640625 551.2290649414062 597.0616455078125 554.7804565429688
698.0013427734375 72.1387710571289 636.0071411132812 72.73828125
688.5928955078125 17.72057342529297 683.052490234375 22.279144287109375
781.2584838867188 583.1644287109375 666.1390991210938 547.5504150390625
148.81275939941406 19.68198013305664 89.86351013183594 3.4971370697021484
523.9072875976562 291.6927490234375 539.1692504882812 293.735595703125
643.9600830078125 566.2471923828125 600.9509887695312 559.303466796875
295.74884033203125 384.3578796386719 364.8340759277344 379.5938720703125
591.0093994140625 561.917724609375 569.1807861328125 559.4199829101562
34.24839782714844 371.2659606933594 24.170673370361328 357.3221130371094
691.712158203125 336.41839599609375 678.8846435546875 342.7668762207031
677.5665893554688 358.31182861328125 698.5850830078125 365.2558288574219
262.91021728515625 490.58770751953125 287.1093444824219 494.28424072265625
493.00567626953125 262.9073791503906 461.99951171875 261.0081787109375
704.2559814453125 354.896728515625 678.0358276367188 351.70562744140625
432.00592041015625 498.08245849609375 419.9960632324219 498.945068359375
756.0857543945312 437.5972900390625 777.946533203125 442.2510986328125
785.5390625 163.12786865234375 801.5556640625 95.6062240600586
23.923175811767578 359.3023986816406 0.8856828212738037 353.45001220703125
485.0774230957031 408.62750244140625 568.0272827148438 425.8687744140625
662.774169921875 546.7274780273438 596.6292114257812 526.1943359375
790.0022583007812 318.3177185058594 776.995849609375 318.408935546875
305.88787841796875 420.3535461425781 368.9360046386719 416.0600891113281
14.071155548095703 239.68373107910156 8.408199310302734 310.0328674316406
654.4000244140625 362.7231140136719 650.985595703125 394.78546142578125
710.9862670898438 473.05255126953125 799.484375 496.1435546875
574.602783203125 554.561279296875 592.0322875976562 558.8694458007812
768.0237426757812 261.2149353027344 763.9921875 280.4182434082031
39.61969757080078 304.9318542480469 32.3285026550293 238.63394165039062
799.7333984375 515.1688842773438 705.3330688476562 490.7143859863281
52.21939468383789 0.19121825695037842 85.2315673828125 9.146339416503906
310.9942321777344 210.01702880859375 330.99359130859375 210.1304473876953
42.92544937133789 296.2359619140625 53.1211051940918 295.2411193847656
146.00225830078125 270.0491943359375 117.96949005126953 271.3345642089844
258.1363220214844 379.5257263183594 241.5546112060547 389.2397155761719
585.6926879882812 300.7525634765625 615.9887084960938 306.0644836425781
545.880126953125 292.1235046386719 546.6736450195312 280.04425048828125
764.9981079101562 448.0331115722656 780.0067138671875 448.8810119628906
775.6552124023438 220.89503479003906 792.6989135742188 164.90834045410156
281.7298583984375 410.8411865234375 286.3189392089844 431.93060302734375
283.2573547363281 433.1746826171875 278.2618103027344 411.93841552734375
108.02301788330078 596.27099609375 72.02790069580078 599.3284301757812
695.8480224609375 30.974346160888672 700.9374389648438 0.8206607103347778
235.28128051757812 400.1890869140625 263.07666015625 404.5064697265625
330.0325012207031 368.85107421875 362.9909362792969 376.04156494140625
368.2220153808594 378.0750732421875 476.23931884765625 404.0029602050781
694.6788330078125 407.1239013671875 670.9053955078125 400.33099365234375
549.9406127929688 295.7619934082031 563.0945434570312 296.7867126464844
288.67254638671875 494.07421875 276.3458557128906 439.6949157714844
531.9549560546875 431.9053649902344 548.8851928710938 431.20880126953125
651.0737915039062 274.4170227050781 436.10107421875 247.2015380859375
395.9785461425781 496.7511901855469 412.0057067871094 496.5982971191406
290.1889343261719 476.9553527832031 294.2051086425781 493.9515380859375
282.4416809082031 438.9093017578125 287.8070373535156 465.03961181640625
315.5290832519531 481.9139099121094 307.5548400878906 432.9096984863281
298.6650695800781 430.9374084472656 297.81683349609375 421.9231262207031
