250
593.4037475585938 268.90679931640625 602.95068359375 207.83596801757812
617.9752807617188 114.99623107910156 624.6402587890625 71.2499008178711
604.9119262695312 192.82077026367188 615.466796875 128.7474365234375
83.60869598388672 135.6406707763672 98.19769287109375 200.95584106445312
191.54779052734375 112.6972427368164 84.92835998535156 133.63519287109375
226.95335388183594 93.78401184082031 80.52059173583984 125.4103775024414
230.46405029296875 175.49545288085938 104.20904541015625 214.67367553710938
99.97872924804688 532.7056274414062 137.002197265625 530.0304565429688
145.85528564453125 265.5692138671875 243.57008361816406 232.7434539794922
309.9654541015625 520.3369750976562 162.00238037109375 528.0457153320312
98.50572967529297 201.28802490234375 229.55331420898438 163.45281982421875
599.7882690429688 188.96923828125 604.3025512695312 157.89866638183594
69.14347076416016 68.96931457519531 80.01177978515625 119.78359985351562
80.61939239501953 121.20268249511719 175.24652099609375 101.16411590576172
197.61524963378906 525.129150390625 226.8739776611328 385.76361083984375
235.9359893798828 165.78793334960938 99.58808898925781 206.94810485839844
308.80517578125 265.5705871582031 338.951904296875 251.8939971923828
606.78466796875 158.11888122558594 601.933349609375 190.1414031982422
308.0810241699219 599.0549926757812 321.4586181640625 335.97247314453125
108.69574737548828 216.5615692138672 67.86315155029297 182.5614776611328
437.2916564941406 93.0073471069336 435.8798828125 149.04736328125
450.855712890625 182.4274139404297 454.11932373046875 168.25779724121094
456.0685119628906 105.26263427734375 472.96221923828125 100.85520935058594
629.9656982421875 40.70642852783203 624.61279296875 77.79981231689453
773.0642700195312 59.73336410522461 777.6566162109375 43.6171989440918
217.9512176513672 13.592758178710938 61.796363830566406 32.300193786621094
646.3431396484375 0.7266682982444763 590.4718627929688 339.40777587890625
495.91851806640625 137.453369140625 455.3376159667969 149.8278045654297
739.1329956054688 84.31922912597656 759.0284423828125 0.5318485498428345
326.7230224609375 80.77230834960938 295.72174072265625 87.76665496826172
585.9451293945312 507.020263671875 622.9968872070312 504.9443054199219
664.0338134765625 502.8519287109375 704.9692993164062 501.22650146484375
665.8816528320312 213.1851043701172 684.8242797851562 122.96310424804688
48.998069763183594 189.8050537109375 65.99640655517578 189.63682556152344
330.8512268066406 172.57888793945312 304.90924072265625 181.74305725097656
636.3589477539062 0.7569337487220764 632.0484008789062 29.859054565429688
60.55754470825195 566.232177734375 107.75177764892578 452.8966369628906
454.3808898925781 151.05072021484375 456.0343322753906 106.03799438476562
718.3817749023438 95.84176635742188 720.5220947265625 73.9532699584961
338.4644470214844 253.99685668945312 311.3035583496094 266.6515197753906
617.3514404296875 119.1469497680664 429.1051330566406 83.44570922851562
55.268253326416016 209.926025390625 30.33296012878418 217.14939880371094
70.22669982910156 189.71234130859375 48.94025421142578 187.6029052734375
244.6753692626953 235.27247619628906 217.1854248046875 0.743838369846344
527.9190673828125 470.353759765625 501.657470703125 390.1120910644531
605.3804931640625 198.54315185546875 428.1915588378906 152.2664794921875
753.8372192382812 117.23919677734375 736.9964599609375 115.02681732177734
247.85400390625 237.62576293945312 122.2455825805664 286.6294860839844
429.4222106933594 90.0682601928711 426.8498840332031 219.03689575195312
434.3466796875 149.65892028808594 606.4771118164062 194.1543731689453
696.8504028320312 471.6681823730469 719.59130859375 392.88201904296875
176.12423706054688 113.56010437011719 226.3165283203125 102.4270248413086
161.0921173095703 530.7313232421875 309.04571533203125 522.8590698242188
430.4246520996094 218.00799560546875 431.5172424316406 159.99090576171875
639.0023803710938 335.00048828125 626.21630859375 397.0445861816406
143.417236328125 427.1173400878906 102.45232391357422 222.10943603515625
349.00201416015625 518.0353393554688 319.9255676269531 519.699462890625
492.68756103515625 105.04684448242188 490.44482421875 137.96217346191406
614.9484252929688 128.26223754882812 493.71929931640625 104.4277572631836
602.5892944335938 206.53094482421875 435.5395812988281 161.7162628173828
472.7657775878906 88.25786590576172 617.3391723632812 115.1785888671875
773.0549926757812 207.0157928466797 791.7489013671875 141.92788696289062
63.128753662109375 42.99339294433594 215.16693115234375 23.287914276123047
285.2532958984375 0.9808030724525452 305.348876953125 266.1251525878906
429.0 117.0 429.0 92.0
431.98974609375 150.02603149414062 433.54156494140625 91.01424407958984
579.7953491210938 496.0057067871094 580.6876220703125 527.952880859375
112.72112274169922 265.3387145996094 158.43141174316406 249.37220764160156
296.10809326171875 90.48271942138672 327.1205749511719 83.53846740722656
323.6866455078125 334.0813903808594 310.9018249511719 599.0435180664062
319.97430419921875 521.3873291015625 336.986328125 520.6741333007812
369.9936828613281 255.02011108398438 364.9151306152344 0.9617171883583069
492.4810791015625 142.93470764160156 491.6622009277344 161.9854736328125
502.3345031738281 160.02313232421875 504.0011291503906 135.930908203125
631.2044067382812 29.107511520385742 431.0553894042969 7.487266540527344
623.27490234375 229.10955810546875 625.7055053710938 245.1956024169922
105.9010009765625 453.8206481933594 41.616432189941406 489.30511474609375
302.269287109375 191.98031616210938 288.3037414550781 0.9047105312347412
503.4942932128906 388.50750732421875 531.0115356445312 471.9961853027344
265.0030517578125 249.0074005126953 123.62796020507812 307.0945129394531
204.84466552734375 483.7132263183594 194.38580322265625 525.8475341796875
237.7466583251953 232.03085327148438 230.69789123535156 174.15859985351562
356.0419616699219 440.7127685546875 328.0213317871094 442.3622131347656
489.2830810546875 161.02272033691406 490.5715637207031 144.9656219482422
577.733154296875 528.4596557617188 392.1585693359375 420.72686767578125
736.841552734375 116.87557983398438 796.6909790039062 127.70750427246094
107.74771881103516 238.04534912109375 112.60519409179688 265.0709533691406
229.6763916015625 163.04730224609375 224.72637939453125 129.18618774414062
321.071044921875 334.12841796875 230.21908569335938 384.3959655761719
422.45587158203125 221.02906799316406 425.071533203125 90.00142669677734
437.9660949707031 112.346435546875 451.03662109375 113.62608337402344
493.13494873046875 138.00950622558594 495.4515380859375 105.10218811035156
620.112548828125 434.8085021972656 641.7379150390625 334.5907897949219
166.99905395507812 449.657470703125 185.00045776367188 449.6833801269531
498.909912109375 107.1052474975586 497.10302734375 139.8954620361328
792.6299438476562 240.660400390625 799.2244873046875 214.05564880371094
24.097562789916992 207.51779174804688 52.59326171875 202.14857482910156
156.1548309326172 165.4833221435547 191.19798278808594 169.06060791015625
436.5413818359375 160.2247772216797 433.00115966796875 216.0000762939453
452.6185302734375 168.98202514648438 452.0993347167969 180.0046844482422
390.2203369140625 430.61480712890625 581.109375 539.8087158203125
428.2317810058594 216.092529296875 593.2772216796875 268.1205139160156
181.72109985351562 593.1691284179688 196.50685119628906 530.1188354492188
682.3473510742188 123.86640930175781 667.5994873046875 195.91802978515625
799.2501220703125 114.39159393310547 736.0673828125 104.56654357910156
111.8934555053711 450.3808898925781 67.24885559082031 555.1060791015625
149.96849060058594 531.4900512695312 98.97782135009766 534.6411743164062
226.39564514160156 386.7116394042969 111.28287506103516 450.7101135253906
407.3592834472656 353.9493103027344 414.84881591796875 407.0213317871094
545.0327758789062 86.00410461425781 543.3999633789062 99.05005645751953
64.07621765136719 244.73304748535156 55.49221420288086 210.12594604492188
56.15504837036133 190.0452423095703 91.79126739501953 203.975830078125
230.6816864013672 384.396484375 209.3041229248047 475.0716857910156
431.3905944824219 15.082521438598633 429.7608642578125 82.04285430908203
193.2287139892578 530.8235473632812 185.6562042236328 563.9213256835938
217.31185913085938 181.97402954101562 230.32533264160156 185.92974853515625
304.1515197753906 183.48423767089844 331.30853271484375 174.98594665527344
506.11474609375 135.063232421875 504.8143615722656 157.98947143554688
559.9036254882812 341.98553466796875 554.3419189453125 379.0513000488281
434.79541015625 16.7335147857666 629.910400390625 39.759422302246094
698.05029296875 502.8194274902344 665.0518188476562 504.8442687988281
799.2669067382812 140.51991271972656 720.13525390625 126.24992370605469
80.35137176513672 262.0288391113281 39.046207427978516 276.13531494140625
-2.297229528427124 215.9955596923828 37.62907409667969 183.12054443359375
31.011737823486328 217.7206573486328 40.37197494506836 251.62118530273438
350.7091369628906 247.0116729736328 353.3193359375 312.0273132324219
701.0450439453125 599.49365234375 620.9432983398438 444.5462646484375
195.9878387451172 337.0020446777344 204.53990173339844 388.0770263671875
233.80360412597656 173.90542602539062 240.87722778320312 234.0144500732422
398.2511291503906 403.5332336425781 573.6024780273438 497.8802490234375
775.1763305664062 229.12054443359375 791.6251831054688 205.06011962890625
433.72442626953125 82.0188980102539 435.4202880859375 17.010963439941406
555.438720703125 380.0726623535156 561.7255859375 342.12017822265625
593.2581787109375 278.230712890625 423.2748718261719 221.1809539794922
86.30282592773438 192.39488220214844 42.223976135253906 2.9478871822357178
578.92919921875 216.64532470703125 599.1226806640625 212.61471557617188
472.7548522949219 100.30046081542969 440.76068115234375 94.26963806152344
517.0869750976562 160.0011444091797 517.455322265625 131.96656799316406
625.0770263671875 245.8352813720703 613.74853515625 240.53773498535156
633.2782592773438 355.2886047363281 596.966552734375 341.0854797363281
690.6044311523438 75.12333679199219 705.7811889648438 0.7512813806533813
690.9541015625 123.2414321899414 786.9070434570312 141.48876953125
788.91162109375 142.6987762451172 767.99462890625 218.2752685546875
69.02809143066406 535.4672241210938 53.025814056396484 536.4293823242188
97.98303985595703 241.77125549316406 90.01555633544922 207.53099060058594
224.92153930664062 103.13360595703125 232.47019958496094 164.0656280517578
785.1983032226562 206.56961059570312 773.1217651367188 229.06536865234375
76.9045181274414 117.01917266845703 62.195884704589844 43.75989532470703
221.74107360839844 0.7998843193054199 248.90403747558594 237.12596130371094
215.39512634277344 22.071205139160156 223.645751953125 92.15941619873047
616.2061767578125 264.93035888671875 634.8260498046875 320.0587463378906
749.1454467773438 96.22997283935547 770.9346923828125 100.34563446044922
67.07506561279297 142.31288146972656 27.210439682006836 151.87713623046875
408.0317687988281 233.00714111328125 409.6380310058594 0.9905710220336914
769.9235229492188 227.38621520996094 780.7374267578125 208.4204559326172
83.6087875366211 532.6058959960938 128.28646850585938 488.2587890625
261.0190124511719 446.2879943847656 289.0290222167969 444.43975830078125
311.8010559082031 272.5708923339844 130.889404296875 356.4477233886719
546.2937622070312 133.03915405273438 548.1793823242188 118.89063262939453
622.8401489257812 443.0830078125 703.8478393554688 599.0790405273438
737.08984375 112.70154571533203 755.0040893554688 113.94075775146484
136.4589080810547 389.0757751464844 141.7542724609375 426.8943786621094
438.0227355957031 81.87895202636719 458.06707763671875 85.64286041259766
355.6663818359375 310.973876953125 353.15972900390625 246.99374389648438
542.157470703125 164.4833984375 522.6038818359375 170.85365295410156
536.3204956054688 158.5874786376953 521.983642578125 112.69273376464844
623.0559692382812 507.0140075683594 586.0032348632812 509.05902099609375
60.58051681518555 181.58514404296875 92.88616180419922 194.84022521972656
425.61517333984375 84.02111053466797 426.5041809082031 15.993520736694336
41.372406005859375 185.94090270996094 2.7748286724090576 216.45001220703125
86.47663879394531 553.54541015625 63.1533203125 580.3959350585938
620.1856689453125 441.60797119140625 361.05938720703125 318.8746337890625
563.197021484375 603.2451171875 372.23590087890625 477.1572570800781
477.7626647949219 147.9810333251953 477.0354919433594 157.08273315429688
596.370361328125 298.9410095214844 408.2911376953125 233.16746520996094
610.4016723632812 247.4995880126953 628.3682861328125 258.9879150390625
746.9915161132812 598.8532104492188 799.049072265625 595.8514404296875
12.269089698791504 431.3085021972656 0.33656176924705505 436.46466064453125
64.05281066894531 580.6066284179688 71.05694580078125 599.3523559570312
627.1831665039062 259.8545837402344 637.0830688476562 280.90167236328125
255.93392944335938 311.9011535644531 261.0243835449219 359.9974060058594
212.8621063232422 0.9225028157234192 213.86705017089844 12.101844787597656
53.48219680786133 423.1618957519531 11.484633445739746 288.84844970703125
585.3278198242188 345.6715087890625 365.5956115722656 258.0136413574219
152.30824279785156 168.28257751464844 145.21173095703125 125.79759979248047
581.1443481445312 540.9971313476562 582.28857421875 599.0337524414062
241.92750549316406 0.8086968660354614 266.5742492675781 249.14151000976562
413.0218505859375 406.9971618652344 406.1339416503906 353.98260498046875
46.045291900634766 554.6143798828125 29.65660858154297 467.68768310546875
597.699951171875 343.7574157714844 632.74609375 357.6409606933594
775.86865234375 516.3795776367188 799.5838623046875 549.5830078125
46.07184982299805 576.0026245117188 45.22440719604492 599.0082397460938
201.86940002441406 141.84788513183594 197.6763458251953 117.88166809082031
340.98638916015625 381.7273864746094 394.95159912109375 379.03106689453125
799.5368041992188 526.8713989257812 623.8529052734375 443.3092346191406
0.12244592607021332 432.7177429199219 9.08433723449707 426.58441162109375
172.65902709960938 177.96694946289062 148.80421447753906 169.5552215576172
232.12460327148438 201.67034912109375 196.3253631591797 188.13919067382812
521.9328002929688 132.9086456298828 524.4054565429688 158.15615844726562
798.9766235351562 337.091552734375 697.6859130859375 311.23028564453125
711.046142578125 385.8825378417969 642.6050415039062 359.0057678222656
610.9033203125 71.43406677246094 534.094970703125 84.55607604980469
798.96875 553.0222778320312 774.8310546875 519.1203002929688
372.6551513671875 490.5431213378906 543.8469848632812 599.2410278320312
195.98760986328125 123.00149536132812 198.2906036376953 142.08560180664062
453.20599365234375 115.1940689086914 444.95245361328125 123.95521545410156
47.8962516784668 184.6111297607422 41.12298583984375 172.3782196044922
124.15650177001953 323.08233642578125 256.03302001953125 265.0751037597656
39.55560302734375 515.9736328125 40.96152877807617 599.0006713867188
68.04431915283203 559.0436401367188 79.45997619628906 547.4530029296875
728.099365234375 238.61312866210938 799.5252075195312 256.9547119140625
438.6051025390625 347.00775146484375 438.91290283203125 322.9988708496094
440.9730224609375 184.05886840820312 441.9483947753906 167.93638610839844
3.2120113372802734 243.04579162597656 7.768303871154785 221.949951171875
234.9691925048828 0.9153342843055725 241.27183532714844 73.06360626220703
131.80474853515625 492.8007507324219 86.84285736083984 536.860107421875
530.138671875 159.24887084960938 520.3823852539062 164.6861114501953
304.5251159667969 233.03228759765625 302.8962097167969 209.07504272460938
545.9573974609375 303.1054992675781 590.5512084960938 321.1114501953125
68.49065399169922 459.9386901855469 18.273090362548828 272.1944274902344
625.9992065429688 504.5401916503906 644.0006103515625 504.5664367675781
32.64152526855469 274.8630676269531 46.586952209472656 282.73199462890625
127.39356994628906 362.0801086425781 135.98692321777344 427.1338195800781
353.636474609375 242.01246643066406 345.368408203125 0.9530649185180664
284.9944763183594 267.2427673339844 305.0068664550781 267.6993103027344
34.14143753051758 164.32823181152344 18.583118438720703 171.03257751464844
680.244140625 153.05043029785156 670.9605102539062 197.99185180664062
391.9446105957031 419.2920837402344 396.33197021484375 405.1026306152344
150.1029052734375 103.9111328125 143.15530395507812 95.86588287353516
143.82159423828125 247.0807647705078 155.94711303710938 244.72752380371094
771.8312377929688 241.6828155517578 797.9647216796875 248.14283752441406
120.29991149902344 86.2835922241211 70.11176300048828 70.8973159790039
770.833740234375 316.8611755371094 799.130615234375 322.3232116699219
48.0286865234375 167.8740234375 34.80362319946289 164.8623504638672
772.0988159179688 98.51421356201172 751.1517333984375 94.25383758544922
17.6317195892334 170.88320922851562 11.320770263671875 190.78460693359375
325.41229248046875 0.9339580535888672 334.62841796875 198.0173797607422
496.3015441894531 188.92031860351562 451.521728515625 203.59239196777344
539.297119140625 98.91796875 532.0657958984375 85.50361633300781
132.19337463378906 361.95611572265625 135.84274291992188 378.0356750488281
46.957679748535156 292.2196044921875 35.22269058227539 277.81854248046875
373.3876647949219 473.13067626953125 387.6297607421875 430.8752136230469
115.54350280761719 252.01161193847656 124.06460571289062 255.85684204101562
347.8741149902344 157.02987670898438 350.1816101074219 243.99517822265625
554.9564208984375 299.11883544921875 577.259033203125 307.2932434082031
9.802732467651367 585.944580078125 6.140920162200928 532.9212036132812
274.12249755859375 251.98773193359375 248.95848083496094 0.9039393067359924
16.470657348632812 599.1522216796875 19.623985290527344 547.976806640625
353.9566650390625 530.986083984375 365.55963134765625 494.85858154296875
386.90509033203125 593.20458984375 400.716064453125 599.6119995117188
