193
273.7510070800781 302.0666809082031 431.9690856933594 288.635986328125
760.0396118164062 598.8477172851562 754.486083984375 560.9288330078125
417.76470947265625 292.5027160644531 51.8441162109375 350.008056640625
505.9079895019531 278.4330749511719 423.79852294921875 291.75860595703125
567.9066772460938 177.87718200683594 513.9468994140625 182.36073303222656
258.63775634765625 129.11334228515625 256.8888854980469 108.09244537353516
429.05767822265625 279.7490539550781 276.8055419921875 291.47540283203125
543.1455688476562 308.0054931640625 543.713134765625 292.9891662597656
57.056453704833984 154.3345489501953 28.023799896240234 155.56265258789062
305.04034423828125 316.250244140625 0.7293983697891235 365.3218994140625
259.0531005859375 145.06016540527344 237.0082244873047 146.1641845703125
291.8970031738281 197.666259765625 214.9696502685547 203.60696411132812
367.974853515625 190.72943115234375 298.8284606933594 197.15354919433594
511.4448547363281 180.00784301757812 512.1322631835938 141.00233459472656
95.1617202758789 406.8626708984375 69.13890075683594 411.7409362792969
508.3034362792969 187.97413635253906 506.9163513183594 278.9834899902344
236.67376708984375 146.8745574951172 239.3047332763672 181.97715759277344
262.6741943359375 181.0247802734375 260.00946044921875 145.99928283691406
504.9349365234375 180.16993713378906 449.9591979980469 184.47938537597656
276.260498046875 371.4267272949219 255.23121643066406 375.266357421875
296.8041076660156 197.95066833496094 289.7499694824219 82.95399475097656
369.22174072265625 24.022796630859375 370.7736511230469 77.00662994384766
444.3372497558594 85.99797821044922 444.0347595214844 185.00315856933594
0.8429970741271973 230.16371154785156 508.06805419921875 186.79605102539062
375.8990783691406 191.00306701660156 372.6463623046875 83.98035430908203
422.17413330078125 343.0096130371094 405.16278076171875 345.94378662109375
737.2849731445312 345.9082946777344 740.63037109375 319.8243408203125
756.3978881835938 558.816650390625 761.6744384765625 599.042724609375
370.54998779296875 85.9863510131836 373.1559143066406 191.02093505859375
422.2645263671875 330.0354919433594 422.5002136230469 314.9921569824219
447.0873718261719 384.9988708496094 447.0249938964844 435.00128173828125
541.1312866210938 347.0084533691406 542.8766479492188 319.9276123046875
400.1052551269531 105.97562408447266 400.5025634765625 123.9889144897461
419.05316162109375 138.32386779785156 401.04205322265625 139.04721069335938
742.1522216796875 307.0169982910156 743.8185424804688 292.09136962890625
224.9732208251953 379.17706298828125 221.27879333496094 336.8882751464844
309.9400939941406 410.9438171386719 304.3253479003906 316.9805603027344
528.3040771484375 322.9705810546875 527.2031860351562 349.00860595703125
654.0130004882812 599.0004272460938 654.0474853515625 515.9996337890625
758.2560424804688 159.03280639648438 762.1193237304688 128.88714599609375
447.0316467285156 184.98812866210938 445.89324951171875 86.00122833251953
744.6616821289062 128.96066284179688 741.2808227539062 158.03265380859375
34.905784606933594 195.83285522460938 49.055747985839844 194.6906280517578
233.45147705078125 109.03548431396484 234.86868286132812 130.9438018798828
380.3992614746094 391.9831237792969 382.9324645996094 451.9606018066406
763.19775390625 114.34127044677734 765.89306640625 96.9833984375
146.19166564941406 378.6495666503906 187.5310516357422 361.4660339355469
308.5455627441406 416.0345153808594 312.72216796875 471.0210876464844
440.9232177734375 185.09927368164062 381.9256896972656 190.12826538085938
549.0160522460938 133.0187530517578 534.0040283203125 133.25527954101562
513.1021728515625 185.18678283691406 567.0466918945312 180.5426483154297
764.4789428710938 599.0803833007812 758.09228515625 557.67724609375
772.2283935546875 277.15484619140625 784.0799560546875 183.13613891601562
208.31968688964844 205.06442260742188 196.8485870361328 83.91964721679688
219.6189727783203 337.946533203125 222.64971923828125 373.0302734375
376.05462646484375 305.35101318359375 307.99139404296875 315.94476318359375
419.2344665527344 123.01648712158203 418.84649658203125 105.00330352783203
567.5455932617188 180.9831085205078 560.999755859375 357.0
572.740234375 80.98625946044922 567.6107788085938 177.9794158935547
3.0177114009857178 599.0598754882812 57.0252799987793 583.08544921875
0.9975559115409851 81.80548858642578 572.0033569335938 80.63714599609375
682.387939453125 0.871640145778656 651.8759765625 384.06976318359375
58.01560592651367 325.11102294921875 0.7416762113571167 333.16241455078125
152.05186462402344 326.3930358886719 175.17703247070312 323.3416748046875
251.85018920898438 526.46484375 283.1932067871094 517.6900634765625
400.67822265625 139.95249938964844 401.5857238769531 172.01173400878906
419.4566650390625 172.0096435546875 419.67523193359375 138.99122619628906
533.5173950195312 133.98086547851562 532.32861328125 163.973388671875
41.63200378417969 158.52288818359375 56.64257049560547 169.0869598388672
242.93576049804688 186.23875427246094 263.04571533203125 184.541748046875
283.2581481933594 0.9868024587631226 287.2482604980469 79.0384292602539
286.9419860839844 83.06522369384766 294.0313415527344 198.05972290039062
509.4975280761719 143.9907684326172 508.8173828125 181.0150146484375
657.3897705078125 516.0152587890625 656.4774169921875 599.0052490234375
724.605224609375 314.9614562988281 722.071533203125 340.9093322753906
725.9805908203125 77.69261932373047 799.0680541992188 73.0783462524414
27.47530746459961 156.75933837890625 33.85390853881836 195.86070251464844
59.7929573059082 582.2985229492188 139.8982391357422 558.6552124023438
216.18875122070312 234.58409118652344 234.05426025390625 232.45530700683594
285.9928894042969 79.19672393798828 198.99969482421875 79.9654541015625
378.2623596191406 306.9517822265625 379.71588134765625 345.0108642578125
445.5449523925781 4.990926742553711 444.7074279785156 46.99416732788086
521.3113403320312 411.68701171875 542.1168823242188 402.25787353515625
547.5677490234375 163.02674865722656 548.9375 133.949951171875
762.4140014648438 569.941650390625 766.4984741210938 598.9297485351562
252.49404907226562 344.87469482421875 253.92372131347656 361.92254638671875
662.89501953125 599.0023193359375 662.801513671875 513.9991455078125
799.3759765625 282.2241516113281 773.275634765625 276.69805908203125
3.993008613586426 220.90982055664062 70.9780502319336 215.7168426513672
63.527042388916016 198.06759643554688 57.3846321105957 155.08795166015625
255.19715881347656 376.8952331542969 257.7463073730469 406.022216796875
503.9501037597656 284.6844177246094 409.9288635253906 299.54998779296875
549.3543701171875 119.00951385498047 549.81103515625 101.99492645263672
158.3024444580078 599.0859375 145.96839904785156 499.00390625
188.187744140625 10.07938289642334 193.5594482421875 65.04305267333984
761.990234375 128.36654663085938 744.9756469726562 127.91316223144531
754.9652709960938 575.0034790039062 757.3565063476562 599.06396484375
108.0960464477539 210.98741149902344 93.28242492675781 97.96298217773438
274.92999267578125 357.0512390136719 274.11328125 339.99456787109375
427.178466796875 270.29046630859375 384.0882873535156 272.6276550292969
665.5569458007812 512.9544677734375 667.088623046875 599.0162353515625
57.93537521362305 343.5413818359375 0.8016562461853027 351.59246826171875
54.31743240356445 135.9523468017578 50.87512969970703 113.01874542236328
125.16403198242188 457.716064453125 40.266563415527344 477.1636657714844
434.0427551269531 273.34088134765625 475.8863830566406 268.0938720703125
39.13654708862305 477.59844970703125 0.6313364505767822 486.38427734375
99.91001892089844 441.01263427734375 95.271728515625 407.96185302734375
278.27154541015625 402.9218444824219 276.3729553222656 372.0385437011719
40.04846954345703 478.811767578125 57.86083221435547 578.0249633789062
576.4328002929688 3.0313937664031982 574.5516357421875 28.967477798461914
783.8589477539062 182.62330627441406 799.0914916992188 183.94691467285156
63.05550765991211 377.83404541015625 65.91400146484375 396.0135192871094
194.15606689453125 84.07982635498047 205.59764099121094 205.03805541992188
622.8336791992188 173.98770141601562 617.955078125 239.99667358398438
289.5150146484375 78.9722671508789 286.17791748046875 16.990421295166016
92.46009826660156 391.2150573730469 89.91802215576172 373.0114440917969
188.732177734375 364.8662109375 221.93988037109375 376.2608947753906
404.51531982421875 317.0014343261719 404.5631408691406 333.0013122558594
670.0712890625 598.9976196289062 666.9965209960938 507.86517333984375
721.9440307617188 175.76966857910156 775.0269775390625 179.62881469726562
60.033233642578125 319.2452087402344 0.8996670842170715 327.25970458984375
382.23583984375 395.9939880371094 379.94427490234375 305.9759521484375
20.418649673461914 113.09710693359375 24.237499237060547 135.9603271484375
68.85780334472656 412.7151184082031 73.93994140625 445.8558654785156
94.77568054199219 124.03001403808594 104.54634094238281 197.06069946289062
207.7078399658203 434.8477783203125 165.33058166503906 449.77691650390625
740.5928344726562 319.2814025878906 725.8140258789062 314.5852966308594
735.2830810546875 563.0552368164062 753.8606567382812 575.6769409179688
382.96795654296875 264.17327880859375 426.9793701171875 262.4678649902344
422.4307556152344 370.012451171875 422.6570129394531 343.9883117675781
557.8678588867188 421.720458984375 538.4741821289062 430.8876037597656
50.042724609375 112.92237854003906 21.034826278686523 113.56705474853516
133.30337524414062 425.3607482910156 146.26193237304688 390.96832275390625
405.3547668457031 346.9925231933594 405.5096435546875 375.0027160644531
0.7494273781776428 355.27764892578125 59.80875778198242 346.68548583984375
142.4143829345703 449.2414855957031 132.35752868652344 424.8525695800781
136.6403350830078 408.1336364746094 155.40512084960938 599.0584716796875
220.67648315429688 378.650634765625 183.58445739746094 367.97021484375
650.8848266601562 508.000244140625 651.0796508789062 599.001953125
80.72635650634766 13.036273956298828 89.33189392089844 77.95600891113281
32.236087799072266 447.1412048339844 17.440698623657227 367.1033935546875
147.0872039794922 392.1064147949219 161.94366455078125 379.9312438964844
244.07957458496094 308.435791015625 217.85824584960938 313.2236328125
767.8933715820312 599.0130615234375 764.9486694335938 575.0062866210938
221.83914184570312 375.5988464355469 235.931396484375 405.07666015625
214.84942626953125 317.04241943359375 249.77220153808594 311.5512390136719
358.358642578125 513.1511840820312 449.6879577636719 585.1984252929688
779.9981079101562 274.989013671875 799.2874755859375 271.6717224121094
303.38458251953125 335.9752197265625 307.4481506347656 399.0355529785156
376.9743347167969 479.2744445800781 421.1200866699219 462.6617431640625
229.08253479003906 221.0789031982422 217.0762939453125 221.9973907470703
766.3930053710938 276.0482482910156 778.3187255859375 178.91635131835938
61.917869567871094 294.0235900878906 67.34258270263672 312.90155029296875
616.1453857421875 267.93505859375 613.4133911132812 303.87939453125
0.903037965297699 301.1515808105469 59.932044982910156 294.4053955078125
167.38351440429688 599.5380249023438 143.55477905273438 439.36376953125
176.84535217285156 383.7079162597656 194.62606811523438 374.2937316894531
181.8485870361328 366.70635986328125 150.05299377441406 383.1027526855469
162.23776245117188 380.7210998535156 176.12942504882812 383.3038330078125
758.0150146484375 544.3115844726562 741.9078369140625 545.087646484375
59.758079528808594 291.9619445800781 0.9925870895385742 298.93756103515625
175.07003784179688 346.3907470703125 160.04310607910156 355.0745849609375
775.6058349609375 567.8893432617188 767.1622314453125 548.0784301757812
136.0080108642578 562.0269775390625 60.161495208740234 584.5440063476562
475.57159423828125 267.0002136230469 475.5681457519531 226.00003051757812
0.8967849016189575 336.2601623535156 57.196128845214844 328.4058532714844
196.76133728027344 371.5472412109375 221.30844116210938 384.41143798828125
54.034950256347656 586.1176147460938 10.974947929382324 598.9157104492188
512.6094970703125 423.8494873046875 536.2173461914062 434.70245361328125
652.0040283203125 384.9903259277344 799.1148681640625 446.7261962890625
226.2235870361328 389.8657531738281 220.4852294921875 380.30908203125
376.90863037109375 289.122314453125 320.9941101074219 294.9434814453125
24.452991485595703 390.92572021484375 29.852603912353516 423.8602294921875
404.3343811035156 471.8643493652344 378.8873291015625 481.7087707519531
537.9846801757812 399.9658508300781 517.1389770507812 409.30999755859375
579.4094848632812 469.1330261230469 583.0237426757812 458.0076904296875
536.0069580078125 435.0153503417969 558.380859375 424.8371887207031
679.1217041015625 70.00993347167969 681.4059448242188 42.033145904541016
562.9737548828125 473.002197265625 560.4526977539062 443.0460510253906
383.43634033203125 425.9977111816406 383.3365173339844 406.99822998046875
224.10226440429688 390.9804382324219 215.47686767578125 427.0699768066406
600.0152587890625 577.0513916015625 585.1386108398438 581.4669799804688
61.83462142944336 307.7340393066406 0.7021563649177551 315.7200012207031
564.2164306640625 441.9771423339844 567.185302734375 470.0860595703125
62.162742614746094 347.0157470703125 62.330291748046875 324.0024108886719
144.57383728027344 489.0678405761719 140.5941925048828 464.0646057128906
759.5757446289062 479.9931945800781 759.159423828125 506.0025634765625
62.0 83.0 42.0 83.0
558.4969482421875 503.11181640625 553.6013793945312 481.088623046875
653.703369140625 382.9802551269531 654.90087890625 364.993408203125
561.1110229492188 481.8381652832031 563.904052734375 501.01397705078125
740.0103759765625 483.0572509765625 755.235107421875 480.2962951660156
591.2410888671875 498.9532470703125 587.76953125 481.044677734375
