223
0.7797071933746338 321.9788818359375 41.062225341796875 313.2884216308594
669.598388671875 200.93649291992188 661.9830322265625 368.9992370605469
528.9532470703125 57.3609733581543 376.9621887207031 68.4834213256836
770.9880981445312 39.84000015258789 710.0269775390625 44.36338806152344
113.88692474365234 219.45237731933594 84.88452911376953 225.4407501220703
664.0064697265625 267.1902160644531 558.9921875 270.7700500488281
266.02203369140625 76.26129150390625 242.02391052246094 78.2836685180664
342.8067932128906 232.84242248535156 341.2782897949219 263.81634521484375
667.0015258789062 216.1012725830078 557.950927734375 217.74380493164062
359.9737854003906 69.63978576660156 268.024169921875 76.33198547363281
92.6078109741211 295.86077880859375 37.58759307861328 314.80206298828125
557.9986572265625 222.86956787109375 666.997314453125 221.74244689941406
530.4345092773438 401.0014953613281 531.8179931640625 0.9993703961372375
0.7257273197174072 245.68145751953125 114.22314453125 222.07273864746094
477.8503112792969 205.00277709960938 479.0179443359375 268.0181884765625
559.0023803710938 264.60247802734375 663.0020751953125 264.7777404785156
709.9452514648438 46.249481201171875 772.0523681640625 41.717445373535156
35.01615524291992 317.0568542480469 0.40151187777519226 326.8940734863281
268.89776611328125 441.04107666015625 251.6659698486328 398.1341552734375
479.0002136230469 267.21173095703125 306.0003356933594 267.1908264160156
479.0051574707031 138.99990844726562 479.3085021972656 156.9947967529297
439.6000061035156 514.8748779296875 582.9666137695312 463.9060363769531
535.08349609375 383.0093078613281 700.8329467773438 396.98193359375
38.49620819091797 306.4024658203125 0.831032395362854 314.1819152832031
82.71495819091797 230.04483032226562 93.1111068725586 296.1398010253906
254.05706787109375 397.58233642578125 270.7070007324219 439.72064208984375
558.0325927734375 311.4686584472656 661.0285034179688 313.6611022949219
710.9573364257812 34.43340301513672 770.9935913085938 29.914947509765625
42.744503021240234 230.86509704589844 37.88028335571289 204.02169799804688
252.00914001464844 208.55978393554688 478.0304870605469 204.86631774902344
521.2604370117188 441.0920104980469 525.6491088867188 380.9743957519531
548.804443359375 221.99267578125 549.5514526367188 202.05813598632812
98.98619079589844 78.1468734741211 0.9129690527915955 68.92562103271484
557.0554809570312 360.6665954589844 659.12841796875 364.9159851074219
658.9317016601562 366.9472961425781 661.3497924804688 317.9186096191406
556.5084228515625 315.9960021972656 556.8630981445312 361.0010681152344
661.9552001953125 319.1701354980469 557.9376220703125 317.0225830078125
661.459228515625 313.977783203125 663.143310546875 272.9648132324219
700.8269653320312 406.3802185058594 532.0113525390625 399.71246337890625
663.5050659179688 264.92205810546875 665.1199340820312 233.9541015625
325.9979248046875 443.00103759765625 302.50555419921875 395.7486572265625
512.004150390625 190.0098876953125 512.2110595703125 169.0020751953125
661.0741577148438 369.2725524902344 555.9673461914062 364.76116943359375
550.0283813476562 201.76419067382812 670.0294799804688 199.83544921875
79.8946762084961 224.42652893066406 44.79307556152344 230.87335205078125
205.98837280273438 80.83091735839844 187.00930786132812 82.13542175292969
300.84478759765625 241.7940216064453 303.0017395019531 261.1114501953125
673.6238403320312 259.02734375 676.2135620117188 199.96551513671875
36.8025016784668 205.87173461914062 41.11005401611328 232.8225860595703
118.00371551513672 79.94905853271484 101.02111053466797 78.71051025390625
344.91619873046875 265.1279602050781 357.8924560546875 263.88092041015625
411.55303955078125 193.001953125 411.6236267089844 172.99514770507812
527.459228515625 396.0408630371094 523.4552612304688 441.0404968261719
248.00999450683594 206.55490112304688 221.00074768066406 207.04116821289062
477.3721008300781 69.98858642578125 479.15179443359375 128.02601623535156
22.49276351928711 223.92433166503906 18.823062896728516 200.0271759033203
38.83544158935547 300.37677001953125 58.7661247253418 295.1142578125
302.0124206542969 265.5398864746094 256.98309326171875 265.9027099609375
430.6376953125 446.96142578125 436.9489440917969 387.6752014160156
464.88067626953125 17.454090118408203 433.9875183105469 19.838342666625977
512.9586791992188 321.00457763671875 513.044921875 302.99542236328125
665.9901733398438 163.70553588867188 560.9736938476562 167.21316528320312
546.1624145507812 479.45587158203125 451.1129455566406 513.3170776367188
553.9579467773438 362.9995422363281 555.685546875 203.99658203125
669.0151977539062 109.31369018554688 578.9841918945312 113.673095703125
201.9932861328125 146.84544372558594 525.0355224609375 132.8174285888672
709.9396362304688 42.193058013916016 768.9089965820312 37.78316879272461
794.2213134765625 401.5113220214844 750.2999267578125 394.9822998046875
35.52935791015625 298.7171325683594 0.8956815004348755 305.46453857421875
256.7562255859375 266.8443908691406 251.7060546875 209.8488311767578
540.112548828125 378.015380859375 541.7431030273438 47.99872970581055
549.4994506835938 46.994285583496094 548.9244384765625 198.00352478027344
730.825439453125 583.5411376953125 768.6785278320312 563.2669067382812
45.857845306396484 453.73321533203125 95.17572784423828 427.4531555175781
238.95001220703125 469.81591796875 324.1827697753906 446.673095703125
558.646728515625 228.9937744140625 557.1653442382812 313.0029296875
694.2147216796875 35.959964752197266 676.5264892578125 382.92486572265625
675.0361938476562 198.0018768310547 685.282958984375 0.9627109169960022
709.71142578125 0.9531784653663635 706.4752197265625 90.01726531982422
500.0489807128906 302.0003356933594 499.9230651855469 321.006103515625
5.961369514465332 201.83570861816406 10.116500854492188 226.15097045898438
122.83988952636719 342.89630126953125 120.39276885986328 323.0749816894531
295.06549072265625 457.2246398925781 278.7068786621094 461.9947509765625
398.2298278808594 172.9008026123047 399.85205078125 193.01193237304688
433.60675048828125 479.068603515625 435.02069091796875 445.95819091796875
481.8241882324219 270.0029296875 480.6966552734375 202.00503540039062
665.9945678710938 196.67059326171875 556.9913330078125 198.4747772216797
676.0696411132812 383.4672546386719 539.0799560546875 377.24090576171875
541.511474609375 44.00630569458008 542.041748046875 0.9881871342658997
580.7815551757812 413.9973449707031 580.8833618164062 444.0003967285156
0.9102580547332764 157.39173889160156 108.07877349853516 151.41168212890625
457.9969482421875 259.5255432128906 476.0079650878906 259.6302795410156
596.5533447265625 505.86102294921875 644.086669921875 487.2210998535156
559.9462890625 120.81399536132812 669.0396118164062 115.87471008300781
695.861083984375 0.9391260743141174 694.2031860351562 31.95741081237793
308.0941467285156 408.2212829589844 319.1470642089844 437.9453125
700.9696044921875 167.94161987304688 687.9876098632812 397.05596923828125
33.68711853027344 358.8887634277344 37.2601318359375 380.9578857421875
220.7611083984375 178.0269012451172 222.8991241455078 197.01136779785156
330.54248046875 257.5300598144531 327.3253479003906 240.1247100830078
375.7785949707031 246.95571899414062 376.4652404785156 259.0303955078125
534.7874145507812 35.000675201416016 534.5474853515625 313.9996032714844
662.0000610351562 272.48431396484375 611.0 272.4869079589844
714.994384765625 394.2825927734375 747.0413818359375 394.9208679199219
749.0192260742188 395.00146484375 778.8260498046875 0.7600322961807251
48.61497116088867 376.9111633300781 45.31960678100586 354.0982971191406
277.0600280761719 442.9944152832031 278.186767578125 455.0758361816406
47.91815948486328 480.5865478515625 128.93197631835938 483.1499328613281
359.32318115234375 262.9459533691406 354.5501403808594 234.40626525878906
416.5509338378906 318.9989929199219 416.59088134765625 300.99688720703125
233.41441345214844 196.04458618164062 232.0404052734375 177.99691772460938
270.030029296875 231.9458465576172 271.3987731933594 257.9790344238281
91.52063751220703 190.7485809326172 94.87237548828125 211.02110290527344
678.6953125 199.98715209960938 676.2052001953125 259.0508117675781
251.08277893066406 400.61871337890625 270.1894226074219 454.8768615722656
558.9679565429688 172.89634704589844 642.0140991210938 170.4867401123047
684.2520141601562 396.959716796875 705.5711059570312 0.976908802986145
103.56148529052734 209.93841552734375 101.26164245605469 188.97129821777344
111.77474975585938 326.14630126953125 114.1576156616211 346.1005859375
218.6796417236328 594.0997314453125 280.97576904296875 571.931884765625
493.01873779296875 470.2404479980469 458.9916687011719 472.8931579589844
528.0660400390625 50.853633880615234 477.0619201660156 54.80012130737305
438.98785400390625 264.6943054199219 459.9944763183594 263.86053466796875
534.692138671875 321.9995422363281 534.6701049804688 384.000244140625
0.6551688313484192 298.6040344238281 33.83150100708008 293.8292236328125
279.99554443359375 455.0016784667969 257.47320556640625 395.070556640625
298.97509765625 265.5589294433594 330.9859313964844 263.7507629394531
404.29962158203125 300.9397277832031 405.09271240234375 318.0420837402344
530.6639404296875 308.1346435546875 529.0364990234375 328.2457275390625
232.9425048828125 296.8938293457031 234.7723388671875 313.1382751464844
482.3075256347656 201.99359130859375 483.7249755859375 269.9848937988281
160.5320587158203 87.05574035644531 192.79579162597656 357.90521240234375
643.9942626953125 170.84500122070312 666.0380859375 170.03152465820312
750.00634765625 34.07615661621094 710.9439697265625 37.327030181884766
498.4468994140625 169.9914093017578 498.56573486328125 190.00257873535156
91.86963653564453 433.71514892578125 48.572181701660156 455.1352233886719
434.36395263671875 358.53485107421875 444.495361328125 370.5834655761719
452.0607604980469 476.5180969238281 435.8150939941406 478.4237060546875
478.1512145996094 159.00851440429688 479.2239990234375 139.956298828125
598.0050048828125 457.93426513671875 451.9384460449219 446.80816650390625
665.0589599609375 463.26031494140625 602.060791015625 458.2375183105469
327.7564392089844 316.0461730957031 327.12322998046875 298.99542236328125
480.75604248046875 436.9957580566406 481.2106628417969 303.993896484375
529.7294311523438 302.157470703125 516.3638305664062 289.61236572265625
58.7749137878418 294.394775390625 53.40094757080078 264.1062927246094
219.00514221191406 208.27838134765625 246.99659729003906 208.4776611328125
465.3958740234375 6.9783806800842285 465.0027160644531 17.964311599731445
489.91925048828125 548.8026733398438 529.7898559570312 532.4864501953125
640.0151977539062 173.55276489257812 559.0216064453125 175.78343200683594
261.8580627441406 261.41204833984375 299.0081787109375 258.091552734375
562.9634399414062 145.1968231201172 607.0087280273438 143.19195556640625
560.015380859375 66.22648620605469 673.9642333984375 58.474082946777344
315.4493713378906 298.864990234375 317.03662109375 315.9034423828125
570.9371337890625 346.8525085449219 589.059814453125 348.18896484375
583.0543823242188 87.8143539428711 596.025634765625 71.01979064941406
769.8441162109375 44.905181884765625 764.412841796875 111.11589050292969
180.85772705078125 410.4519958496094 244.95115661621094 393.8118896484375
329.16009521484375 237.69435119628906 300.9396057128906 240.36074829101562
521.39111328125 418.9072265625 518.0473022460938 440.8548583984375
704.9727172851562 526.1466674804688 665.4667358398438 456.3016357421875
752.8964233398438 482.8014831542969 798.8594360351562 485.44464111328125
793.4439086914062 599.231201171875 773.3318481445312 550.8619995117188
552.7265625 205.03956604003906 551.8519897460938 221.10084533691406
108.79562377929688 152.02816772460938 135.8032989501953 348.027099609375
611.0726318359375 141.9902801513672 632.0360717773438 143.49856567382812
321.61358642578125 599.2776489257812 301.19622802734375 570.8590087890625
661.145751953125 523.8248291015625 679.11474609375 520.6492919921875
690.8309936523438 412.8899230957031 682.9607543945312 424.97442626953125
799.614013671875 424.6630859375 760.5807495117188 406.7355041503906
302.6004333496094 570.555908203125 323.41162109375 598.695556640625
773.9994506835938 549.5447998046875 799.0014038085938 549.5697021484375
581.0260009765625 92.40011596679688 643.9548950195312 88.3063735961914
414.9193420410156 258.54644775390625 440.007568359375 259.85498046875
602.141845703125 533.8443603515625 648.9956665039062 525.9743041992188
664.4015502929688 234.00155639648438 652.6699829101562 236.35501098632812
438.9628601074219 473.7708435058594 452.04156494140625 473.3756408691406
703.6473388671875 448.94281005859375 720.1464233398438 443.43902587890625
326.33795166015625 262.7503967285156 339.84930419921875 256.6653747558594
549.664794921875 0.9852042198181152 549.392333984375 43.98981475830078
538.17626953125 531.4265747070312 494.2391357421875 549.5787963867188
643.0259399414062 119.6474380493164 612.0357055664062 120.89041900634766
545.9622802734375 544.7916259765625 593.049560546875 536.2738647460938
623.0140380859375 241.0249786376953 588.0018310546875 241.26759338378906
422.9891662597656 358.7060852050781 434.01104736328125 358.2992858886719
360.9840087890625 258.5890808105469 373.9936828613281 258.4416198730469
476.59765625 303.0144348144531 477.57073974609375 330.12310791015625
669.320556640625 169.96005249023438 667.7420654296875 196.80845642089844
109.97984313964844 406.8852844238281 147.74668884277344 400.2500305175781
156.91212463378906 406.57012939453125 165.3074493408203 424.3838195800781
382.9888000488281 258.6536865234375 394.04193115234375 258.29620361328125
629.1480102539062 495.3690185546875 598.2987670898438 507.74468994140625
127.58815002441406 381.590576171875 111.60185241699219 397.604248046875
799.582275390625 333.4283447265625 785.2124633789062 318.79144287109375
675.0980224609375 17.09261131286621 558.9564819335938 27.515249252319336
679.4154052734375 521.9141235351562 695.4187622070312 599.326904296875
552.7647705078125 173.97422790527344 558.4549560546875 122.04985809326172
558.3699340820312 26.05400276184082 559.360107421875 0.935356616973877
674.2784423828125 59.92338943481445 669.6032104492188 164.9823455810547
472.0021667480469 228.1819610595703 274.9705810546875 230.51840209960938
552.7203979492188 123.0840835571289 559.1343994140625 68.13240814208984
112.90715789794922 439.58856201171875 132.06021118164062 435.2668151855469
742.1746826171875 350.98162841796875 741.2392578125 393.0053405761719
648.45458984375 240.46824645996094 628.1643676757812 234.44625854492188
683.7285766601562 425.15594482421875 685.0724487304688 436.11376953125
380.2472229003906 259.21820068359375 378.715087890625 246.91098022460938
482.7950134277344 557.9402465820312 529.0006103515625 549.0030517578125
533.866943359375 439.9071044921875 530.5371704101562 408.83526611328125
556.1494750976562 196.0780487060547 557.5104370117188 176.03465270996094
600.001708984375 355.4292907714844 626.00146484375 355.5058288574219
467.95208740234375 20.999221801757812 468.2771911621094 0.9882567524909973
162.56468200683594 425.70196533203125 153.1732940673828 407.9085388183594
783.2802734375 320.7189025878906 798.8040771484375 336.1965026855469
588.0166015625 514.7893676757812 609.0435791015625 516.447021484375
162.44723510742188 430.8042907714844 173.19073486328125 455.3541564941406
423.7655334472656 570.0142822265625 465.9927978515625 559.9697265625
177.3593292236328 477.3591003417969 156.93148803710938 434.03228759765625
592.3304443359375 538.9624633789062 590.9811401367188 599.0220336914062
603.7333374023438 599.0072631835938 601.9942626953125 535.0001831054688
202.58953857421875 462.7768859863281 186.47601318359375 420.19830322265625
798.3058471679688 403.0028381347656 798.4447631835938 387.994873046875
136.99996948242188 401.9992370605469 123.0257339477539 402.5993347167969
649.9224243164062 527.8994140625 657.6926879882812 599.142578125
674.984619140625 599.1751708984375 662.12353515625 524.6336059570312
