233
497.6771240234375 136.90365600585938 492.0670166015625 213.9320526123047
722.4871215820312 144.9048309326172 686.3125610351562 339.8724365234375
507.080078125 48.92898178100586 504.0633544921875 88.00489044189453
716.0092163085938 163.80345153808594 587.1055297851562 157.7523651123047
478.2272644042969 411.9261169433594 493.1511535644531 255.8232421875
775.557861328125 105.90828704833984 718.3171997070312 381.8583679199219
572.740234375 273.96881103515625 566.720703125 324.0865783691406
683.2039184570312 336.67303466796875 693.2477416992188 281.4989929199219
730.7119750976562 140.94532775878906 757.3373413085938 0.6843770146369934
322.23675537109375 159.61204528808594 318.1039733886719 199.70144653320312
504.21630859375 90.9230728149414 500.6781311035156 126.9684066772461
246.0939483642578 437.5016784667969 220.29432678222656 380.8659362792969
579.8021850585938 218.09605407714844 573.6963500976562 269.0834045410156
730.8607177734375 531.7993774414062 784.6314086914062 494.46905517578125
263.0082092285156 198.5693817138672 298.03363037109375 199.23776245117188
362.0868225097656 179.9545135498047 361.28436279296875 196.06398010253906
527.0712890625 280.12567138671875 529.6712646484375 257.96142578125
617.5198364257812 506.1364440917969 572.529052734375 531.1530151367188
704.0579223632812 221.79916381835938 715.9984741210938 165.7864990234375
711.8317260742188 170.78392028808594 706.0891723632812 201.83154296875
492.0948791503906 214.40859985351562 210.02430725097656 197.59226989746094
568.538330078125 288.9425048828125 586.975341796875 140.87242126464844
723.2789306640625 108.8755111694336 717.9371948242188 139.81651306152344
266.74542236328125 169.8864288330078 268.1877136230469 192.0528564453125
694.9664916992188 280.49261474609375 573.9140625 272.2639465332031
339.71331787109375 200.892822265625 334.1218566894531 163.68116760253906
530.4906616210938 66.95216369628906 529.1610107421875 81.10904693603516
542.6019287109375 121.05779266357422 545.1121215820312 94.91474914550781
690.9951171875 286.0662536621094 574.8875122070312 277.5303955078125
222.86134338378906 379.1794738769531 247.02342224121094 433.98968505859375
448.7302551269531 451.3204650878906 494.1201477050781 433.30267333984375
269.74615478515625 598.460205078125 606.5574340820312 440.0589599609375
528.10986328125 94.00907135009766 526.0391235351562 119.08580780029297
546.6342163085938 81.96717071533203 547.9857788085938 66.90896606445312
722.0679321289062 381.2594909667969 767.0562744140625 385.3865051269531
798.4302978515625 1.091810941696167 787.7906494140625 50.95533752441406
256.5201110839844 82.98377227783203 257.6444091796875 119.01109313964844
203.95948791503906 122.8736572265625 497.93011474609375 136.50698852539062
567.0952758789062 323.9394836425781 683.3250122070312 334.3827209472656
735.9497680664062 40.9906005859375 724.9476318359375 99.80313110351562
739.1026611328125 299.2152404785156 796.5115356445312 5.099844455718994
567.8372802734375 534.70654296875 540.484130859375 549.8731079101562
700.936767578125 230.02825927734375 581.8948364257812 222.71109008789062
178.97796630859375 106.0015869140625 177.17327880859375 80.91559600830078
202.2752227783203 117.97777557373047 198.79945373535156 74.93544006347656
259.4377746582031 119.02147674560547 257.21929931640625 60.95341873168945
538.4804077148438 512.7335205078125 567.6967163085938 533.4281616210938
1.0321468114852905 504.4223327636719 132.26133728027344 494.4331359863281
571.6014404296875 533.1531372070312 538.335205078125 509.5279846191406
595.7322387695312 0.8523511290550232 580.3370361328125 133.03924560546875
704.9765014648438 224.39328002929688 580.9415893554688 216.9765167236328
581.0632934570312 213.93112182617188 703.0501708984375 221.15267944335938
574.9407348632812 268.8507385253906 693.0641479492188 277.0787658691406
789.3016357421875 398.83477783203125 799.635986328125 355.15045166015625
207.8545379638672 197.0087432861328 203.4645233154297 123.91204071044922
400.5506896972656 88.99072265625 400.0338439941406 114.02134704589844
591.0626220703125 450.13330078125 376.0849914550781 551.1808471679688
574.1883544921875 533.3349609375 618.2985229492188 508.5309143066406
624.2843017578125 502.50823974609375 711.7608032226562 453.5724182128906
254.21620178222656 435.3743896484375 225.89891052246094 376.0929260253906
454.99029541015625 452.89385986328125 493.9383850097656 449.3270568847656
693.1810913085938 466.3180847167969 634.0064697265625 500.0113220214844
28.55060577392578 267.3490295410156 16.51485824584961 272.2614440917969
317.9965515136719 201.6055145263672 339.00726318359375 201.72520446777344
410.2109375 273.0057067871094 410.8356018066406 249.9684295654297
439.9787292480469 207.74473571777344 466.0114440917969 208.06207275390625
511.0424499511719 0.9216201901435852 509.0777282714844 24.924509048461914
579.8453979492188 137.55886840820312 729.953125 144.0791473388672
279.0302734375 460.0910949707031 261.6264953613281 465.87646484375
290.42242431640625 389.98101806640625 309.15496826171875 434.5141906738281
377.8683776855469 47.00245666503906 378.1850891113281 63.97789001464844
502.689208984375 129.05401611328125 508.8857727050781 49.99104690551758
513.678466796875 256.97607421875 512.034912109375 279.07696533203125
585.4869995117188 176.0623321533203 580.6212768554688 214.0795135498047
596.0792236328125 549.8823852539062 573.3063354492188 534.5451049804688
743.1480102539062 0.6539792418479919 737.3153076171875 31.872079849243164
769.8448486328125 0.7761732935905457 701.0499877929688 355.81591796875
30.445940017700195 359.44610595703125 43.948604583740234 345.9485778808594
198.0302276611328 119.18304443359375 151.98226928710938 117.47946166992188
278.1606750488281 83.9368896484375 279.5790710449219 110.02288818359375
395.9991149902344 248.99996948242188 395.3979797363281 271.0108642578125
49.34593200683594 299.8363952636719 7.605792999267578 323.2987060546875
219.655029296875 383.55474853515625 249.35760498046875 458.67236328125
415.5995788574219 116.02943420410156 416.88006591796875 89.94502258300781
426.5973205566406 465.05133056640625 435.4002380371094 362.6047668457031
586.8937377929688 164.0750274658203 713.9190063476562 170.58164978027344
374.04949951171875 552.1050415039062 273.2762145996094 599.5862426757812
421.9346618652344 358.9700622558594 440.115234375 357.8168640136719
578.8587646484375 158.98638916015625 580.8737182617188 138.084228515625
686.0952758789062 339.8426513671875 566.9967041015625 330.03973388671875
293.75714111328125 73.01786041259766 293.5558166503906 59.00638198852539
298.2959899902344 263.9937744140625 297.8341979980469 242.00347900390625
577.6588134765625 141.000244140625 577.672119140625 160.0009307861328
735.666259765625 146.1211395263672 722.8981323242188 216.34512329101562
190.862060546875 256.010498046875 189.25381469726562 234.9044647216797
254.0848388671875 459.9093322753906 256.0665283203125 439.90753173828125
417.277099609375 77.0073013305664 417.6470947265625 62.964351654052734
596.56396484375 385.93743896484375 591.5421752929688 420.9342956542969
718.0370483398438 140.1679229736328 588.027587890625 134.38034057617188
655.1953125 393.0343933105469 648.294921875 432.2279968261719
737.0220947265625 32.18331527709961 655.9461669921875 29.991806030273438
258.6227111816406 437.0247497558594 257.7477722167969 459.02972412109375
724.0382080078125 99.7253646850586 641.9920654296875 97.26506805419922
293.9188537597656 84.80484771728516 278.87017822265625 83.28759002685547
396.6108093261719 226.9719696044922 396.3877868652344 238.0279998779297
799.035888671875 233.2823944091797 773.0010375976562 231.97923278808594
537.5613403320312 372.1078796386719 528.3456420898438 420.06640625
766.9331665039062 387.7088317871094 722.9472045898438 383.5597229003906
162.14427185058594 79.88496398925781 164.5729217529297 104.04293823242188
416.9554443359375 89.01280212402344 400.94244384765625 88.30814361572266
786.3043823242188 495.4346008300781 731.0772094726562 534.1102905273438
571.2940673828125 536.0110473632812 628.388916015625 575.875244140625
693.58056640625 277.91851806640625 703.7505493164062 225.56304931640625
32.26531982421875 292.9643249511719 28.777116775512695 267.02996826171875
260.8695373535156 458.00274658203125 260.4465637207031 437.9905700683594
294.4795227050781 109.00279998779297 294.350341796875 84.99811553955078
137.95498657226562 35.494869232177734 570.0149536132812 48.503971099853516
638.01123046875 96.65576934814453 596.9896850585938 95.31644439697266
17.13147735595703 272.1351013183594 21.15161895751953 297.9764099121094
299.951416015625 192.00119018554688 299.3365783691406 167.01632690429688
410.92498779296875 249.56201171875 396.90777587890625 247.69081115722656
444.1512145996094 2.0058462619781494 442.8757629394531 34.99519729614258
151.9785614013672 119.41899108886719 198.9578857421875 121.822998046875
197.92803955078125 88.00382995605469 199.5819549560547 119.07547760009766
294.4664001464844 194.00108337402344 294.4195251464844 171.0032196044922
701.0632934570312 356.22662353515625 546.1195068359375 343.5401611328125
415.81805419921875 599.184326171875 376.06463623046875 559.9476928710938
502.94219970703125 145.9948272705078 499.2804870605469 186.93565368652344
541.3812866210938 551.6917724609375 569.6212158203125 536.1270751953125
377.9317932128906 115.02241516113281 379.5678405761719 47.0136604309082
0.972805380821228 514.6830444335938 30.016408920288086 512.1912841796875
301.0548095703125 166.2653350830078 267.94366455078125 167.69998168945312
607.9931030273438 438.0693054199219 442.8326416015625 421.6873474121094
675.6337280273438 302.4644470214844 685.2776489257812 300.16412353515625
213.90220642089844 190.38299560546875 264.9730224609375 189.0021514892578
365.40350341796875 194.0061798095703 365.46075439453125 180.99322509765625
484.05108642578125 439.1257019042969 450.33709716796875 452.829345703125
487.0149841308594 296.90869140625 482.6524963378906 343.9677734375
532.8597412109375 376.2027282714844 522.8327026367188 418.7247619628906
30.630329132080078 175.05679321289062 49.5318603515625 298.0719299316406
594.0145874023438 102.6307373046875 722.9716796875 107.71761322021484
85.29823303222656 0.8482825756072998 121.19071197509766 307.97772216796875
463.94268798828125 201.6994171142578 491.0068054199219 203.91677856445312
438.77972412109375 122.99058532714844 441.8155822753906 51.94938659667969
772.9591674804688 234.69522094726562 799.04541015625 236.22642517089844
712.1051635742188 6.020504951477051 708.201904296875 26.039371490478516
13.989363670349121 30.244735717773438 76.0459976196289 32.941650390625
148.98211669921875 462.94842529296875 184.8337860107422 450.5205078125
297.85113525390625 232.0615692138672 297.20123291015625 219.9356231689453
431.9799499511719 457.7991638183594 447.9921875 457.5318908691406
448.05877685546875 461.33349609375 427.8066711425781 464.90313720703125
621.9755859375 29.912879943847656 604.01513671875 29.43310546875
212.13673400878906 478.9893798828125 243.0981903076172 474.7105407714844
549.9891357421875 498.0250244140625 570.0081176757812 498.23736572265625
627.7730102539062 302.1531066894531 652.0148315429688 306.9247741699219
175.46266174316406 233.8689422607422 177.36109924316406 255.0572509765625
223.1376190185547 153.03363037109375 224.4614715576172 186.9820098876953
602.0304565429688 36.78684997558594 643.0297241210938 37.81620788574219
283.3863220214844 241.01727294921875 283.9775085449219 262.0287780761719
718.0885009765625 449.11517333984375 613.9304809570312 438.6949462890625
655.9847412109375 38.558834075927734 735.9795532226562 40.747257232666016
473.7301330566406 544.3223266601562 500.9249267578125 567.0896606445312
507.9505310058594 249.2359161376953 529.6264038085938 253.78155517578125
709.7941284179688 372.0265197753906 779.23583984375 0.6701082587242126
378.92718505859375 3.0005807876586914 379.14251708984375 29.998863220214844
493.9827575683594 452.81036376953125 456.0238952636719 456.2628479003906
541.944580078125 599.0673217773438 519.999267578125 581.0009155273438
669.00146484375 108.96441650390625 595.9623413085938 105.89657592773438
305.9302978515625 192.75717163085938 317.1117248535156 193.78662109375
340.9903564453125 194.11572265625 359.0317077636719 195.619384765625
182.9761962890625 452.9440002441406 144.67030334472656 469.2242431640625
427.86395263671875 320.13409423828125 442.26873779296875 334.74957275390625
113.5117416381836 379.0218811035156 213.818115234375 354.2631530761719
176.9652862548828 79.61985778808594 162.95323181152344 78.8351058959961
705.9763793945312 42.74348831176758 668.9501953125 41.566200256347656
799.407958984375 509.74530029296875 764.717041015625 454.1766357421875
21.000009536743164 373.9765319824219 55.99956130981445 373.9920654296875
628.8549194335938 505.4635925292969 651.4296264648438 518.0250244140625
95.863037109375 482.7030029296875 61.74142074584961 498.4393005371094
420.01336669921875 349.2132568359375 439.12628173828125 348.0157470703125
619.0588989257812 68.18403625488281 658.0179443359375 69.44727325439453
411.8785705566406 198.460205078125 442.0028991699219 200.96527099609375
664.0440063476562 67.7176742553711 690.0360107421875 71.76901245117188
166.75193786621094 336.4263916015625 172.9893341064453 325.4268798828125
172.01747131347656 311.7935485839844 408.92828369140625 331.8471374511719
53.00653839111328 371.4119873046875 34.008888244628906 371.2007141113281
97.48776245117188 332.74005126953125 169.6344451904297 316.38720703125
729.8248291015625 108.16654205322266 723.342529296875 140.2710723876953
778.6337890625 401.156494140625 799.8562622070312 315.2114562988281
693.99462890625 110.08270263671875 670.9622192382812 108.5792236328125
766.3990478515625 448.854736328125 777.0006713867188 405.0001525878906
720.2212524414062 387.6202087402344 541.1883544921875 370.9741516113281
16.239763259887695 83.1194076538086 30.372495651245117 173.0985565185547
701.2670288085938 526.9546508789062 718.3306884765625 522.1822509765625
729.4896850585938 337.8971862792969 734.911376953125 310.9821472167969
488.97747802734375 253.83477783203125 486.03631591796875 289.839599609375
523.5318603515625 225.9544219970703 510.8378601074219 231.63783264160156
699.3853149414062 80.06409454345703 697.0653076171875 94.01087188720703
589.3106689453125 100.06155395507812 601.0118408203125 41.00234603881836
300.1000671386719 453.3541259765625 291.9065856933594 455.66943359375
707.185791015625 200.21957397460938 634.8120727539062 172.8524932861328
597.1119995117188 552.4947509765625 628.6286010742188 545.359619140625
742.6721801757812 37.943519592285156 731.9818725585938 99.99687957763672
124.00272369384766 307.96356201171875 169.97039794921875 311.3963317871094
596.0887451171875 38.17430877685547 602.03955078125 1.0063278675079346
573.9930419921875 503.1507873535156 593.9506225585938 504.0711364746094
509.1619873046875 576.5625 558.7898559570312 562.2703857421875
577.7496948242188 556.8952026367188 595.5175170898438 552.8701782226562
775.5238037109375 404.88525390625 766.8304443359375 440.9591369628906
796.0994873046875 316.7843933105469 776.953125 396.74932861328125
408.07037353515625 339.8967590332031 420.20538330078125 348.16607666015625
639.121337890625 542.5198364257812 686.8541870117188 531.3754272460938
41.25435256958008 343.2760009765625 20.88619613647461 363.9000244140625
800.63427734375 426.81304931640625 780.6295776367188 399.26904296875
719.5970458984375 523.1773681640625 753.3015747070312 599.7476196289062
748.1952514648438 10.833148002624512 742.9782104492188 35.995479583740234
158.866943359375 443.75347900390625 143.9070281982422 451.8277587890625
233.03045654296875 331.5096130371094 321.9942626953125 329.7151794433594
298.408447265625 200.613525390625 305.5392150878906 189.69895935058594
56.49580383300781 372.5425720214844 67.47988891601562 360.43536376953125
77.39867401123047 373.2070617675781 90.91463470458984 397.04840087890625
621.7978515625 178.63986206054688 605.4788208007812 173.48434448242188
87.5608901977539 398.6611022949219 73.6362533569336 375.6155700683594
532.9134521484375 293.5227966308594 503.8935241699219 291.87310791015625
368.95550537109375 196.01116943359375 380.9761657714844 195.47032165527344
780.23046875 344.0511779785156 773.3405151367188 375.07562255859375
128.07717895507812 471.898193359375 136.045654296875 477.9397888183594
799.5542602539062 255.10646057128906 784.3510131835938 334.2594909667969
731.065185546875 599.3810424804688 701.8294067382812 527.6619262695312
375.8880310058594 344.5726013183594 387.8526916503906 341.43780517578125
688.5945434570312 532.4260864257812 712.7208862304688 599.4603881835938
629.2003173828125 547.9583129882812 639.8690795898438 599.2352905273438
88.23477935791016 406.8763122558594 95.52824401855469 420.72174072265625
