226
678.9969482421875 314.2533264160156 345.9979553222656 314.83935546875
526.025634765625 308.44622802734375 626.0426635742188 313.0781555175781
741.8392333984375 493.96380615234375 750.4134521484375 455.86798095703125
504.1654052734375 246.09483337402344 509.53985595703125 180.04393005371094
506.927490234375 179.9126434326172 501.5477294921875 245.96316528320312
599.9629516601562 248.10545349121094 606.4426879882812 188.93896484375
758.968505859375 454.9931945800781 745.2041625976562 518.8284301757812
247.401123046875 0.9886083602905273 243.140380859375 599.0081176757812
752.0252075195312 253.1461181640625 691.0193481445312 251.34469604492188
453.75140380859375 244.04867553710938 458.0296630859375 178.00192260742188
716.8663330078125 241.97671508789062 720.1969604492188 222.86009216308594
195.03802490234375 0.6467965841293335 237.1953582763672 5.185423374176025
564.9849243164062 107.20602416992188 248.9946746826172 84.07271575927734
436.1705627441406 202.00881958007812 436.79437255859375 189.9376983642578
624.91064453125 307.4881591796875 528.9564208984375 301.7254943847656
645.78125 248.09060668945312 652.1820678710938 192.90513610839844
238.09854125976562 23.926006317138672 0.8933219313621521 2.162719488143921
551.9957275390625 179.07113647460938 510.0276184082031 176.5415496826172
690.0953979492188 250.13536071777344 693.4417724609375 223.05459594726562
434.2549133300781 233.06446838378906 435.3387451171875 211.96603393554688
556.36865234375 182.9402618408203 550.3987426757812 246.0377197265625
349.9793395996094 245.85292053222656 686.9754638671875 254.01370239257812
31.90494728088379 572.6371459960938 131.9761199951172 565.6576538085938
552.8788452148438 247.0813446044922 558.8947143554688 182.0828094482422
604.2483520507812 189.0291748046875 597.4340209960938 247.05096435546875
618.8140869140625 218.98214721679688 616.9790649414062 238.09400939941406
744.8663330078125 519.183349609375 758.9240112304688 452.7722473144531
455.4942626953125 178.96725463867188 451.2861022949219 243.95376586914062
628.6234130859375 239.9521484375 631.28125 219.03573608398438
686.2245483398438 255.79232788085938 679.2948608398438 315.03448486328125
248.92103576660156 74.03182220458984 796.0078735351562 115.89707946777344
0.925089418888092 357.2118835449219 40.00434875488281 356.1618957519531
507.02630615234375 176.4428253173828 458.9917297363281 174.17486572265625
292.9057312011719 167.95339965820312 740.9241943359375 189.57118225097656
649.8992309570312 202.11679077148438 643.9241333007812 248.12002563476562
741.1659545898438 189.86032104492188 730.9295654296875 250.9882049560547
0.9218651652336121 574.8527221679688 24.946640014648438 573.2164916992188
26.670795440673828 573.0167236328125 25.297048568725586 545.9849243164062
237.00344848632812 2.953868865966797 215.9713592529297 1.3837082386016846
604.57275390625 347.9476318359375 602.3403930664062 366.16424560546875
294.4195556640625 94.98347473144531 292.68206787109375 156.0194091796875
512.1477661132812 123.91749572753906 507.1141052246094 175.91424560546875
691.4533081054688 226.0662078857422 687.9584350585938 249.99392700195312
146.99017333984375 172.22152709960938 236.0367889404297 176.17034912109375
234.860107421875 599.0039672851562 236.79537963867188 180.9944305419922
28.294498443603516 599.035888671875 27.070676803588867 574.9963989257812
570.305908203125 60.08831024169922 531.1510009765625 63.01793670654297
613.7050170898438 367.0946350097656 616.149169921875 348.88580322265625
660.9946899414062 114.07585144042969 567.032958984375 107.52745056152344
8.705062866210938 394.9758605957031 8.054057121276855 375.9638977050781
249.04296875 84.4049301147461 799.2068481445312 124.13603210449219
691.9777221679688 253.9661865234375 750.992431640625 255.3279571533203
0.8173466324806213 404.409423828125 150.99508666992188 400.795654296875
344.47021484375 317.0907287597656 347.2252502441406 242.08172607421875
0.9934396147727966 339.4972229003906 40.001426696777344 339.3269348144531
509.783935546875 176.06344604492188 513.3477783203125 132.0281524658203
691.11767578125 347.8795166015625 688.7654418945312 365.1045227050781
523.1317749023438 215.0839385986328 521.6510620117188 235.0482940673828
522.7599487304688 368.20172119140625 524.9742431640625 348.8824157714844
678.0230102539062 115.50725555419922 663.0090942382812 114.80555725097656
753.0 120.99994659423828 682.0180053710938 115.75653076171875
413.0031433105469 310.2900085449219 373.9994812011719 310.1173095703125
514.0889282226562 500.4632873535156 248.91384887695312 516.5827026367188
152.2734375 412.58306884765625 0.8700678944587708 418.8718566894531
144.00376892089844 487.0947570800781 0.951635479927063 492.78387451171875
494.0 311.0234680175781 513.0003662109375 311.03094482421875
0.8865993618965149 138.09841918945312 145.05999755859375 145.88967895507812
326.28582763671875 230.02879333496094 326.7793273925781 207.99505615234375
0.8739578127861023 5.378849506378174 238.08567810058594 27.062641143798828
425.5557861328125 369.9639587402344 427.1809997558594 349.9335632324219
446.4720458984375 492.0072021484375 448.6277160644531 350.9484558105469
658.5928344726562 305.9624938964844 661.0761108398438 279.00701904296875
0.9240277409553528 487.3190002441406 151.84173583984375 480.4983215332031
110.94557189941406 8.755522727966309 146.05154418945312 11.284561157226562
286.899169921875 455.01513671875 286.10791015625 502.0018310546875
371.9917907714844 312.588134765625 414.0254821777344 313.1747131347656
413.6806640625 349.9830017089844 412.6669006347656 369.0354919433594
699.2821044921875 365.87896728515625 702.3434448242188 347.720703125
0.9826683402061462 463.6728515625 151.30245971679688 455.7091369628906
137.95962524414062 565.4425048828125 231.97349548339844 558.634033203125
235.9318084716797 8.72008228302002 185.0097198486328 3.897322177886963
528.6653442382812 60.05708312988281 531.7532348632812 24.064624786376953
726.7940063476562 284.9696960449219 713.4119262695312 375.9134826660156
148.11412048339844 11.758688926696777 227.1813201904297 19.0277042388916
294.99859619140625 314.1235046386719 333.00506591796875 314.553466796875
312.51898193359375 207.9830780029297 311.77850341796875 229.0273895263672
511.89947509765625 348.9925537109375 510.42291259765625 368.9573059082031
0.9910499453544617 349.3926086425781 148.06227111816406 347.2254333496094
10.780381202697754 189.96859741210938 12.032562255859375 221.07919311523438
139.972412109375 401.2813720703125 0.9761249423027039 403.5128479003906
799.1024169921875 333.0178527832031 785.5130004882812 410.9150390625
45.99943161010742 264.0139465332031 6.9827446937561035 262.4232482910156
286.7823791503906 384.99560546875 291.0430603027344 174.00086975097656
352.7384338378906 101.0350570678711 349.8917236328125 160.99485778808594
596.01171875 294.8433532714844 626.0679931640625 297.0902404785156
288.0680847167969 450.38653564453125 341.03857421875 447.7857666015625
542.0028076171875 245.38125610351562 504.99017333984375 245.651123046875
3.712799310684204 319.03253173828125 3.028841733932495 291.9739990234375
116.99565887451172 361.09197998046875 1.0014702081680298 360.6304626464844
0.9345754981040955 176.32852172851562 146.07504272460938 183.47610473632812
254.98306274414062 241.73045349121094 283.99066162109375 242.40298461914062
321.857421875 371.99273681640625 322.9297790527344 350.9454650878906
624.9178466796875 301.1372985839844 595.9246215820312 299.0433044433594
0.9629236459732056 429.1211242675781 150.24566650390625 422.82354736328125
0.9213153719902039 446.32745361328125 151.29417419433594 439.25323486328125
378.0388488769531 302.79718017578125 413.00238037109375 303.9264831542969
408.2400207519531 103.94986724853516 405.0698547363281 152.00460815429688
158.05128479003906 169.1849365234375 0.8942003846168518 164.744384765625
0.931306779384613 243.8848876953125 147.01515197753906 247.36334228515625
21.440956115722656 376.10540771484375 22.714984893798828 394.95166015625
27.406892776489258 546.9756469726562 30.519481658935547 599.0287475585938
236.9591064453125 29.45041275024414 0.9077304005622864 8.016146659851074
248.03030395507812 81.62850189208984 289.00244140625 84.97003173828125
253.96481323242188 165.68482971191406 287.977783203125 167.43243408203125
308.5289001464844 350.9953308105469 308.3305969238281 371.01318359375
431.0816345214844 380.8621826171875 339.039306640625 384.8967590332031
367.9697570800781 447.3799133300781 404.9792785644531 445.5749816894531
0.9998197555541992 285.3195495605469 147.00086975097656 285.2808837890625
131.00155639648438 326.91937255859375 0.9960828423500061 326.7330322265625
0.9846453070640564 326.08197021484375 149.00181579589844 325.69793701171875
251.0038604736328 314.1221008300781 284.00323486328125 314.2672424316406
349.9869079589844 304.4784240722656 366.01220703125 304.62030029296875
147.001953125 187.90689086914062 0.8985176682472229 184.84942626953125
531.080322265625 57.51017379760742 546.9808349609375 60.11674499511719
0.9905761480331421 367.5439758300781 148.07241821289062 364.5045166015625
30.053834915161133 0.44469818472862244 107.2012710571289 7.9238762855529785
707.9956665039062 376.7608337402344 584.9815673828125 378.9757385253906
0.9714027643203735 225.0713653564453 147.02749633789062 228.96995544433594
499.0428161621094 245.0214385986328 470.9653015136719 243.79310607910156
6.7031097412109375 291.91949462890625 9.354654312133789 315.07391357421875
0.9599593877792358 538.4478149414062 151.40162658691406 527.5386352539062
250.989990234375 384.7066345214844 282.0220947265625 383.6473083496094
284.0004577636719 316.41510009765625 251.99940490722656 316.4497375488281
543.3359375 599.2505493164062 576.218994140625 555.163330078125
229.99462890625 560.9230346679688 179.03382873535156 564.4840698242188
434.9827880859375 211.4137725830078 422.9620056152344 210.9138946533203
491.17742919921875 439.0147705078125 498.4938659667969 351.04107666015625
501.1123046875 256.01922607421875 491.88128662109375 309.9797058105469
566.4513549804688 440.83184814453125 621.3253173828125 477.02301025390625
0.9070724248886108 157.9015350341797 146.04913330078125 164.99459838867188
151.15260314941406 369.0126953125 0.9569286108016968 373.585205078125
152.38552856445312 444.318603515625 0.9121823906898499 453.56072998046875
0.896116316318512 504.2591247558594 148.26644897460938 495.46502685546875
176.97821044921875 442.3921203613281 232.9779815673828 440.3854064941406
406.0273742675781 88.63292694091797 293.9793395996094 80.27716064453125
462.1487731933594 109.01280975341797 456.55560302734375 173.96173095703125
628.974853515625 305.6805114746094 658.0460205078125 306.7544250488281
26.010051727294922 575.10986328125 0.9454109072685242 577.4034423828125
152.38282775878906 428.5642395019531 0.9065877795219421 437.39825439453125
146.9998321533203 313.10675048828125 232.00115966796875 313.236083984375
385.210693359375 563.2593994140625 344.3580322265625 596.4407958984375
84.98143768310547 570.78271484375 33.01896286010742 575.221923828125
333.0004577636719 316.1898498535156 294.9983215332031 316.27850341796875
798.9580688476562 118.58908081054688 751.9118041992188 115.238037109375
111.9975814819336 228.11776733398438 1.003366231918335 225.83624267578125
461.01025390625 92.86011505126953 408.9236145019531 89.04197692871094
749.0050659179688 114.93323516845703 564.9287719726562 100.93640899658203
130.0025634765625 246.84066772460938 0.9877251386642456 244.7617645263672
291.01324462890625 79.81116485595703 248.93959045410156 76.86187744140625
483.1258850097656 560.1243286132812 444.3735656738281 599.368896484375
146.07374572753906 148.69520568847656 0.8704383373260498 144.0494842529297
126.99018096923828 344.6018371582031 0.9887858033180237 343.8294982910156
1.070654273033142 192.9967498779297 2.412863254547119 222.11923217773438
180.046630859375 3.5833325386047363 161.93771362304688 1.5564192533493042
443.31182861328125 597.3245239257812 487.4065246582031 552.3989868164062
326.9695739746094 207.71775817871094 312.9523620605469 207.1234893798828
421.0104064941406 292.7529602050781 371.92901611328125 290.6833801269531
564.0693969726562 29.22429847717285 547.7734375 34.267913818359375
15.236741065979004 293.7528381347656 18.026134490966797 318.9971008300781
147.32550048828125 501.5494079589844 0.9301629066467285 512.02392578125
153.42327880859375 460.5670471191406 0.9609302878379822 470.3938293457031
233.01541137695312 442.3638610839844 205.9792022705078 443.509033203125
470.4712219238281 322.6056213378906 444.2359313964844 343.0179748535156
678.9705200195312 407.8118896484375 696.997802734375 404.9858093261719
513.0068359375 96.90762329101562 462.91058349609375 93.21238708496094
149.01068115234375 289.96929931640625 1.0054004192352295 290.5015869140625
27.18796157836914 471.9443054199219 27.66225242614746 482.0627136230469
0.9923564195632935 277.7016906738281 138.01966857910156 279.1943359375
426.99627685546875 349.21429443359375 414.9825134277344 349.005126953125
608.1387329101562 -0.23403970897197723 799.1970825195312 21.247106552124023
766.3732299804688 520.9161987304688 751.9364624023438 516.1941528320312
512.4248657226562 310.01025390625 512.770263671875 261.99835205078125
582.9812622070312 426.7261657714844 608.9903564453125 426.3435363769531
148.39527893066406 532.0548095703125 0.9674148559570312 543.5833129882812
0.8653061389923096 520.818359375 152.3990020751953 511.4626770019531
746.4530029296875 524.3751831054688 799.510986328125 539.1671752929688
403.00628662109375 447.1196594238281 369.99237060546875 448.8546142578125
148.0141143798828 273.05303955078125 0.9941399693489075 273.7330627441406
719.9961547851562 374.9546203613281 755.0030517578125 374.8253173828125
343.2489318847656 246.00946044921875 340.5118713378906 317.9814453125
322.96807861328125 350.26397705078125 308.9770202636719 349.9107360839844
528.1251220703125 22.873687744140625 525.5540161132812 61.037322998046875
151.07017517089844 351.6119384765625 0.9831977486610413 353.89581298828125
150.0379180908203 333.90972900390625 1.0034406185150146 335.3548278808594
562.9469604492188 100.71359252929688 515.9094848632812 97.21780395507812
442.2043151855469 344.01129150390625 434.3530578613281 486.07476806640625
147.3928985595703 517.177490234375 0.9461780786514282 528.290771484375
692.9053344726562 402.45330810546875 673.9539794921875 405.7340393066406
653.6239624023438 491.18768310546875 693.0993041992188 503.6863098144531
705.068603515625 455.002197265625 705.6766967773438 435.9896545410156
342.40472412109375 595.26171875 402.10260009765625 547.1272583007812
414.016845703125 301.3252258300781 379.0137023925781 300.4515380859375
701.101806640625 510.6665954589844 744.7013549804688 523.9780883789062
147.98965454101562 254.73416137695312 0.9710391163825989 253.85765075683594
599.9935913085938 293.36431884765625 581.9991455078125 293.0476379394531
147.98281860351562 235.99574279785156 0.9230854511260986 233.45916748046875
483.02252197265625 374.5954895019531 463.5059814453125 382.2843322753906
699.8416137695312 504.00714111328125 697.8128662109375 459.0084228515625
722.1449584960938 497.0140686035156 722.537841796875 465.006591796875
738.1755981445312 417.7362060546875 799.38330078125 426.24176025390625
733.2115478515625 511.157470703125 718.8607788085938 507.5545959472656
799.1710205078125 530.3858032226562 779.4710083007812 524.8995361328125
766.6519165039062 456.34521484375 799.3115234375 464.7961120605469
234.0320587158203 174.0851593017578 195.0098876953125 172.71786499023438
759.457763671875 426.91046142578125 761.03857421875 434.9924621582031
441.01031494140625 303.2938537597656 458.02130126953125 303.5423583984375
372.7565612792969 289.2259216308594 360.6209411621094 277.3647155761719
702.1376342773438 459.99456787109375 703.6751098632812 499.0521545410156
231.9986114501953 315.2608337402344 191.99974060058594 315.0482177734375
595.0269775390625 430.7889404296875 582.9683227539062 429.2479248046875
730.5570678710938 463.9964904785156 730.2333984375 505.0018310546875
573.2479858398438 35.53782272338867 563.76025390625 30.446823120117188
184.0 175.0 167.0 175.0
153.79177856445312 507.794921875 146.8455047607422 514.8478393554688
610.012451171875 421.6885986328125 672.0331420898438 424.1722717285156
708.9279174804688 436.84112548828125 710.1759033203125 451.9855041503906
