232
69.3424072265625 129.8596649169922 16.309307098388672 0.46337977051734924
660.1141967773438 197.94287109375 657.976806640625 118.83850860595703
203.11521911621094 488.1561279296875 252.68531799316406 451.5735778808594
102.4169692993164 563.2196044921875 197.429931640625 492.2369384765625
312.81231689453125 468.0331726074219 351.2757873535156 420.78240966796875
100.10643768310547 599.1171264648438 208.13104248046875 500.9435119628906
140.0291290283203 62.43401336669922 88.9906005859375 65.8600082397461
18.374406814575195 0.8505410552024841 67.46092224121094 123.81600189208984
199.7400360107422 493.65142822265625 104.50446319580078 564.6763916015625
663.7225341796875 203.28492736816406 668.7035522460938 138.20692443847656
147.026611328125 87.3802490234375 97.9869155883789 90.8131332397461
135.96006774902344 40.42263412475586 80.94660949707031 44.22822952270508
136.01132202148438 45.18367004394531 82.03136444091797 48.50907516479492
151.03338623046875 99.52144622802734 101.97840881347656 102.66281127929688
227.61216735839844 485.8829345703125 251.98789978027344 468.9825439453125
143.05787658691406 70.91700744628906 91.9459228515625 74.14331817626953
149.03012084960938 91.43443298339844 99.06230163574219 94.89864349365234
493.0576171875 183.03199768066406 330.94866943359375 192.0802764892578
141.97727966308594 66.65320587158203 90.06900024414062 70.05337524414062
167.9297637939453 114.7779312133789 96.93439483642578 118.85860443115234
362.38006591796875 369.51092529296875 420.4746398925781 326.2937927246094
702.6939697265625 182.931396484375 707.7947387695312 160.17816162109375
146.0204315185547 83.29973602294922 95.98028564453125 86.71076202392578
144.9490203857422 75.1667251586914 92.96009826660156 78.34782409667969
150.02293395996094 95.31646728515625 100.99061584472656 98.87052154541016
203.3131866455078 558.634521484375 151.5874481201172 584.1641235351562
634.8020629882812 100.89763641357422 629.5621948242188 162.21893310546875
713.4552612304688 15.064530372619629 659.8554077148438 23.02672004699707
138.95114135742188 58.229129791259766 87.03295135498047 61.51988983154297
137.05776977539062 53.895015716552734 85.94799041748047 57.19427490234375
129.00973510742188 27.14134407043457 76.05414581298828 30.786602020263672
359.5912780761719 374.4507751464844 307.2815246582031 413.3783264160156
634.2345581054688 161.83995056152344 643.3510131835938 118.23707580566406
697.6134033203125 148.92340087890625 693.8017578125 168.15887451171875
132.01927185058594 36.29930877685547 78.98157501220703 39.71380615234375
112.76630401611328 585.1710815429688 100.47512817382812 568.3843383789062
125.96481323242188 13.449418067932129 71.06122589111328 16.95802879333496
181.9331512451172 333.8885498046875 235.75975036621094 301.5995178222656
498.6466979980469 0.9594424366950989 493.2815856933594 179.9784698486328
644.5875854492188 93.08123016357422 647.2211303710938 74.03057098388672
774.4887084960938 319.80023193359375 760.6388549804688 355.2496032714844
774.142333984375 379.0547790527344 788.2737426757812 342.33563232421875
782.97998046875 126.37294006347656 777.567138671875 140.5963897705078
131.05088806152344 31.84147071838379 77.94275665283203 35.05351257324219
146.01617431640625 79.26322937011719 94.9631576538086 82.40045166015625
128.04351806640625 22.66414451599121 74.94385528564453 26.143115997314453
136.03512573242188 49.549198150634766 83.9921646118164 52.877471923828125
102.9352035522461 109.83870697021484 155.9375762939453 106.88134002685547
152.6723175048828 581.4082641601562 203.1456756591797 553.457275390625
149.95614624023438 429.9349060058594 225.40394592285156 379.1150817871094
204.9923858642578 20.774169921875 220.0426788330078 20.267230987548828
299.6453857421875 330.46441650390625 360.9270935058594 289.889892578125
587.108154296875 332.13775634765625 623.2860107421875 168.84181213378906
690.126953125 232.26950073242188 698.1326293945312 198.79257202148438
127.94054412841797 18.032474517822266 72.96380615234375 21.411033630371094
123.06596374511719 4.059445381164551 67.96824645996094 7.489987373352051
208.78927612304688 501.2005615234375 147.33340454101562 436.6344909667969
425.597900390625 322.811767578125 475.2032775878906 286.2760009765625
495.58575439453125 185.9871368408203 501.3307800292969 0.9792189002037048
643.7586059570312 202.99790954589844 626.0631713867188 330.870361328125
124.04280090332031 8.654236793518066 69.01660919189453 12.253931999206543
250.04782104492188 146.671875 284.01806640625 144.25379943847656
301.02703857421875 207.5330810546875 262.92218017578125 209.46575927734375
473.0224304199219 145.38084411621094 346.9295654296875 152.80357360839844
227.85398864746094 380.7797546386719 167.05609130859375 421.0845947265625
531.6998901367188 0.9229809641838074 520.024658203125 198.00146484375
663.1331787109375 208.45794677734375 636.9952392578125 330.2136535644531
148.0451202392578 433.9571228027344 210.91151428222656 500.13409423828125
288.1802673339844 426.2354736328125 357.41290283203125 373.2331237792969
316.66119384765625 474.39471435546875 343.0431823730469 503.2142028808594
481.26580810546875 281.35711669921875 563.41259765625 220.2108917236328
246.06333923339844 459.0841979980469 205.46890258789062 489.623291015625
317.97247314453125 209.09698486328125 305.9836120605469 209.46250915527344
62.940155029296875 0.6633681654930115 102.0791015625 109.9716796875
789.5860595703125 279.8486633300781 781.6344604492188 301.5975646972656
9.91513729095459 436.85711669921875 45.00741958618164 416.0124816894531
225.5782470703125 560.4773559570312 196.8211669921875 535.070556640625
666.9552612304688 12.131282806396484 704.9575805664062 10.175360679626465
97.09771728515625 118.96409606933594 53.54824447631836 0.431169331073761
225.1544647216797 586.760009765625 238.14219665527344 585.6201782226562
604.8320922851562 34.06014633178711 606.1420288085938 15.937981605529785
24.158695220947266 0.5438958406448364 87.27703857421875 160.8909454345703
134.2076416015625 0.6438183784484863 167.7498321533203 114.36872863769531
245.99859619140625 558.9482421875 226.93125915527344 559.46533203125
422.0169677734375 328.02288818359375 363.3770446777344 371.5084533691406
98.98373413085938 92.76239013671875 148.02769470214844 89.4043960571289
156.5046844482422 106.15026092529297 138.87525939941406 48.037841796875
189.79847717285156 539.0631103515625 220.76162719726562 565.4530029296875
244.030517578125 580.0006103515625 244.26388549804688 567.9857177734375
355.70989990234375 600.0233764648438 375.34954833984375 567.209228515625
722.9849243164062 59.01200485229492 722.8716430664062 40.00672149658203
226.75094604492188 378.2933654785156 178.53945922851562 337.36456298828125
349.914306640625 147.52906799316406 469.972900390625 140.53465270996094
473.9569396972656 18.341306686401367 333.9668273925781 27.492305755615234
600.9959106445312 11.988174438476562 600.748779296875 32.973487854003906
177.3968048095703 338.99212646484375 145.9041290283203 357.83978271484375
106.91699981689453 274.0982971191406 268.4386291503906 410.48052978515625
136.10011291503906 39.267608642578125 124.74281311035156 1.0764824151992798
330.92626953125 192.86532592773438 303.00775146484375 0.8534712791442871
599.8206176757812 74.06128692626953 602.2028198242188 42.164520263671875
99.99853515625 0.9641256332397461 66.93119049072266 2.312574863433838
177.25160217285156 335.7035217285156 136.732177734375 301.3155517578125
233.03042602539062 306.05096435546875 184.142578125 335.2388000488281
226.0634765625 205.89305114746094 243.7633819580078 216.39865112304688
598.334228515625 40.92526626586914 595.0697631835938 70.00782775878906
629.1248779296875 163.0139923095703 631.2509765625 144.02810668945312
267.5397033691406 412.5489196777344 229.4730224609375 380.6284484863281
356.7461853027344 371.3598327636719 301.6500244140625 332.4961242675781
781.63134765625 301.0498962402344 789.0579833984375 313.8014221191406
219.3834991455078 565.3335571289062 210.17864990234375 587.661376953125
296.5028991699219 461.42413330078125 272.0676574707031 456.6534729003906
474.01580810546875 42.246246337890625 336.0710754394531 51.106475830078125
641.8416748046875 123.90606689453125 640.43994140625 200.8805389404297
785.72998046875 9.419347763061523 771.4845581054688 0.24742946028709412
225.5004425048828 278.7073059082031 129.8783416748047 211.1722412109375
345.3409729003906 500.5335998535156 300.4158935546875 459.45166015625
462.9487609863281 135.10887145996094 356.95416259765625 141.20294189453125
587.9614868164062 75.99606323242188 595.6280517578125 1.0642576217651367
97.42196655273438 383.6000061035156 62.38325119018555 346.63671875
219.3056182861328 21.152257919311523 240.98110961914062 120.00414276123047
235.81796264648438 599.9254150390625 254.98536682128906 582.9834594726562
463.1038818359375 54.65538787841797 348.98846435546875 61.81640625
463.9663391113281 5.486014366149902 341.9655456542969 13.473648071289062
696.3983764648438 274.10748291015625 725.59423828125 165.89051818847656
85.17505645751953 543.8727416992188 114.22750854492188 583.8345947265625
140.93197631835938 296.8772277832031 199.63885498046875 264.3482360839844
558.0797119140625 193.35089111328125 525.95556640625 195.24685668945312
93.90068054199219 80.46029663085938 145.0105438232422 77.16345977783203
86.02884674072266 59.42811965942383 138.06211853027344 55.92198944091797
247.2561798095703 568.9887084960938 247.08868408203125 580.0165405273438
799.8275146484375 244.36349487304688 639.8367309570312 36.3564338684082
696.8956298828125 277.9725341796875 685.5377197265625 321.1414794921875
119.4737319946289 406.5415954589844 98.8082046508789 385.18560791015625
94.97015380859375 84.54568481445312 146.0126495361328 81.19254302978516
132.4007568359375 210.43162536621094 226.2694854736328 276.6177978515625
304.2767639160156 331.60833740234375 359.3400573730469 370.518798828125
79.93279266357422 42.01850128173828 133.02621459960938 38.38283920288086
76.99640655517578 32.944915771484375 130.03170776367188 29.486318588256836
88.04488372802734 63.68086242675781 138.0254364013672 60.38581085205078
196.11351013183594 522.3475952148438 184.69810485839844 526.0755615234375
304.30999755859375 209.1215057373047 267.6094665527344 0.7165684103965759
788.9586181640625 342.65032958984375 775.1463623046875 320.5330810546875
55.50360107421875 340.4696960449219 0.5659934282302856 282.4106750488281
89.99793243408203 67.96919250488281 140.9694366455078 64.54510498046875
239.0701141357422 589.1744384765625 225.0603485107422 590.0108032226562
296.381103515625 461.8033752441406 312.2234802246094 474.0079650878906
641.1817626953125 46.897552490234375 616.7615966796875 3.5707314014434814
646.0867309570312 42.78950500488281 707.0404663085938 39.83436584472656
62.47474670410156 344.5462646484375 120.63164520263672 405.39630126953125
98.49530029296875 566.3556518554688 70.84144592285156 527.1117553710938
84.93695068359375 55.04057312011719 136.04481506347656 51.682044982910156
132.96807861328125 302.9416809082031 103.91188049316406 318.83892822265625
100.0575180053711 96.8350830078125 149.95852661132812 93.39781951904297
101.9823989868164 100.7411117553711 151.02769470214844 97.40737915039062
103.03451538085938 104.56129455566406 152.03370666503906 101.54817962646484
202.95620727539062 552.0669555664062 188.56912231445312 542.658935546875
544.906494140625 317.17901611328125 512.7899780273438 300.40203857421875
78.10981750488281 139.83029174804688 51.05405044555664 143.40866088867188
96.98210906982422 88.73141479492188 147.0265350341797 85.3983154296875
799.362548828125 256.725830078125 663.293701171875 76.7779312133789
78.0190200805664 37.310123443603516 132.06106567382812 33.995582580566406
91.00098419189453 72.01595306396484 142.0529022216797 68.85432434082031
285.0528869628906 0.8303836584091187 318.6238098144531 209.22169494628906
283.4355773925781 473.0895690917969 331.544677734375 513.34912109375
698.0355834960938 198.5725860595703 690.6829223632812 186.18826293945312
767.2880859375 4.339576244354248 800.4024047851562 18.78512191772461
330.96063232421875 195.28851318359375 493.0728454589844 186.31622314453125
635.415283203125 326.8843688964844 658.9659423828125 207.79550170898438
95.76171112060547 267.28009033203125 9.843683242797852 194.18373107910156
710.1198120117188 5.485332489013672 660.0488891601562 4.1566162109375
706.4720458984375 30.5000057220459 715.406494140625 39.6009521484375
92.01692199707031 76.27608489990234 144.00552368164062 73.09010314941406
377.7935485839844 568.0145874023438 359.7165222167969 599.9710083007812
83.04908752441406 50.74733352661133 138.07443237304688 47.13313293457031
513.1438598632812 298.72601318359375 548.3986206054688 317.2409973144531
578.1487426757812 46.8239631652832 582.5106811523438 0.9534674882888794
81.02235412597656 46.353240966796875 136.0550994873047 42.870845794677734
95.91719055175781 387.8601379394531 58.87548065185547 409.7896728515625
68.92516326904297 9.823539733886719 123.95691680908203 6.322785377502441
262.8703308105469 464.4794921875 280.22381591796875 469.1723937988281
299.5380859375 0.7745557427406311 328.4370422363281 197.93594360351562
581.0958862304688 269.7909851074219 535.1369018554688 248.70167541503906
799.763671875 147.40943908691406 784.8462524414062 128.118896484375
70.03131866455078 14.50969409942627 125.00811004638672 11.131974220275879
75.02777862548828 28.429325103759766 128.9315185546875 24.9415225982666
253.96092224121094 581.8162231445312 256.0797119140625 569.8372192382812
261.51220703125 208.88697814941406 248.28329467773438 148.93748474121094
434.8027648925781 330.3320617675781 471.0729675292969 351.87713623046875
72.94515228271484 19.142915725708008 126.04766082763672 15.744830131530762
73.92237091064453 23.80506134033203 128.01889038085938 20.29084587097168
271.7779846191406 455.6617431640625 286.14984130859375 446.2283020019531
336.9288635253906 20.92005157470703 469.0799865722656 12.214070320129395
702.004150390625 12.725096702575684 683.008544921875 12.436320304870605
598.1325073242188 362.11187744140625 656.5591430664062 394.1572265625
654.3641357421875 27.689355850219727 706.1548461914062 20.04965591430664
693.5538940429688 271.7082214355469 667.7218017578125 222.6733856201172
784.3946533203125 436.3277282714844 736.2548217773438 347.40338134765625
340.083984375 56.98720932006836 464.0316467285156 51.748844146728516
537.169921875 247.63397216796875 583.4157104492188 269.1046142578125
621.095458984375 375.6910095214844 592.0845336914062 366.7264709472656
172.6650390625 556.3052978515625 183.01025390625 558.9600219726562
477.94482421875 285.92645263671875 453.9503173828125 303.9338073730469
98.28274536132812 567.2269287109375 62.94200897216797 600.0153198242188
1.5136806964874268 280.5140380859375 59.83217239379883 342.1587829589844
284.69500732421875 522.6525268554688 267.9105224609375 538.9075927734375
733.368408203125 342.3509216308594 697.278564453125 277.40087890625
799.2110595703125 126.9301986694336 783.9617309570312 125.37520599365234
12.273965835571289 193.6773681640625 97.67896270751953 266.200439453125
228.0608367919922 131.2806396484375 211.0517120361328 132.08859252929688
268.1873779296875 539.956787109375 267.60150146484375 550.9788208007812
55.19713592529297 412.32855224609375 11.373231887817383 438.6220703125
67.0156021118164 5.221792221069336 123.01985931396484 1.2823530435562134
777.5338745117188 139.602294921875 800.236572265625 170.07884216308594
203.2317657470703 526.3682861328125 195.76878356933594 523.6301879882812
671.3775634765625 126.66716003417969 660.0598754882812 113.82878112792969
532.0781860351562 505.42333984375 561.0149536132812 500.0809326171875
674.001220703125 146.16737365722656 669.744384765625 197.062255859375
15.842181205749512 452.4745178222656 76.75411987304688 434.1812744140625
207.41616821289062 541.060546875 206.15306091308594 528.8804321289062
799.8944091796875 163.29124450683594 781.2694091796875 139.78651428222656
702.0004272460938 80.18099975585938 723.0050048828125 80.13168334960938
94.22523498535156 429.7509765625 151.06544494628906 394.4933776855469
727.292724609375 109.91220092773438 763.1901245117188 123.18968200683594
762.8817138671875 121.2499008178711 730.4406127929688 105.12541961669922
636.8519897460938 21.571884155273438 645.686279296875 39.15266799926758
563.1033935546875 505.65771484375 530.9546508789062 510.71148681640625
715.79296875 30.085437774658203 718.4900512695312 5.052797794342041
769.0818481445312 54.015899658203125 777.5723876953125 10.305425643920898
636.0255126953125 16.14312744140625 628.8955078125 17.41350555419922
661.420166015625 21.723608016967773 653.235595703125 -0.20751319825649261
191.85475158691406 4.622862339019775 216.2391357421875 124.5447006225586
0.42779943346977234 490.80438232421875 7.282416820526123 470.7546691894531
