334
168.0043182373047 414.9590148925781 170.00567626953125 463.999755859375
276.08819580078125 342.8155212402344 168.82876586914062 354.41693115234375
169.70062255859375 470.4252624511719 287.254150390625 448.0768127441406
283.2447509765625 398.52825927734375 169.7914276123047 416.6976318359375
166.57476806640625 348.98272705078125 168.25680541992188 404.9922790527344
287.97149658203125 391.8173522949219 168.75437927246094 410.426513671875
610.5498046875 304.0348205566406 614.0938720703125 248.06927490234375
708.9629516601562 293.66064453125 610.8231811523438 304.3814392089844
168.8029327392578 406.71875 283.8497619628906 389.0231628417969
799.0634765625 21.352619171142578 589.9978637695312 58.98808670043945
284.15374755859375 389.0082702636719 283.7134704589844 343.9930114746094
337.7906188964844 483.1353454589844 367.2430114746094 476.0036315917969
590.7388305664062 44.70293045043945 799.3418579101562 2.697611093521118
287.02459716796875 335.2247009277344 167.03973388671875 348.3628845214844
713.8012084960938 244.8916015625 709.365966796875 293.9426574707031
760.3848876953125 395.57476806640625 778.0477294921875 328.48602294921875
370.031005859375 330.2757263183594 336.8879089355469 334.0034484863281
367.2658996582031 478.05596923828125 337.1602478027344 485.636474609375
64.03286743164062 165.9983673095703 68.81187438964844 262.0093688964844
289.99700927734375 452.9857177734375 170.77410888671875 477.919921875
515.9442749023438 472.99969482421875 577.85498046875 456.6611633300781
518.189453125 359.3788146972656 550.1460571289062 356.8339538574219
587.2344360351562 83.95191955566406 569.6528930664062 363.9154052734375
85.59169006347656 599.0345458984375 80.97904205322266 411.09869384765625
283.8487854003906 447.99786376953125 284.55322265625 397.99371337890625
451.2149353027344 283.0800476074219 453.2748107910156 226.08221435546875
680.3603515625 293.05169677734375 684.25634765625 265.893310546875
723.9493408203125 391.083740234375 728.6505737304688 337.792724609375
164.25621032714844 355.0128173828125 162.7067413330078 265.0050354003906
150.8802490234375 396.07073974609375 139.99813842773438 70.00006103515625
372.0013427734375 254.03173828125 337.9779052734375 255.48141479492188
369.782958984375 403.7322082519531 350.1861267089844 407.0871887207031
450.2599182128906 396.0397644042969 451.83935546875 345.99493408203125
454.7463684082031 395.0248107910156 456.341552734375 347.0113525390625
459.16497802734375 376.910400390625 457.20977783203125 395.12982177734375
563.1887817382812 416.4832763671875 568.109375 384.0165710449219
571.8150024414062 374.6011047363281 682.76953125 408.7489013671875
614.9935913085938 247.8251190185547 714.0435791015625 244.1864471435547
68.94242858886719 362.4745178222656 0.774652361869812 369.9432373046875
124.16160583496094 405.0556640625 105.1479263305664 407.96630859375
125.55128479003906 432.9789123535156 124.52045440673828 406.0183410644531
456.83709716796875 338.9949951171875 458.4009094238281 288.0122985839844
552.4378662109375 396.058349609375 494.0414733886719 407.2170104980469
511.76080322265625 442.0887451171875 513.06689453125 430.89117431640625
579.0245971679688 188.02247619628906 456.018798828125 186.49085998535156
118.44867706298828 247.02244567871094 117.26640319824219 217.98915100097656
456.2148132324219 221.06333923339844 457.72833251953125 192.03797912597656
564.9407958984375 400.9952697753906 563.6624145507812 416.9729919433594
166.44615173339844 417.9837646484375 164.26397705078125 358.02679443359375
286.99847412109375 276.97149658203125 165.86363220214844 283.4502868652344
457.2275390625 405.00921630859375 455.2396240234375 454.0097351074219
458.89080810546875 280.996337890625 460.62890625 229.02102661132812
457.8941955566406 228.21951293945312 576.0458984375 238.4710235595703
541.376220703125 467.5212097167969 533.097412109375 478.30718994140625
451.9825134277344 190.22877502441406 579.9707641601562 192.05120849609375
614.6865234375 246.13531494140625 619.6004638671875 184.88771057128906
682.4254760742188 408.85687255859375 679.59814453125 439.9634704589844
797.854736328125 0.28273364901542664 749.994873046875 9.974638938903809
75.03173065185547 367.271728515625 0.8753440380096436 375.93267822265625
116.99647521972656 217.1267852783203 97.98336791992188 216.59820556640625
139.1062469482422 65.108154296875 0.9230577945709229 48.64584732055664
165.80096435546875 345.0667724609375 263.00604248046875 335.0588073730469
220.97256469726562 528.9786987304688 222.15711975097656 582.99658203125
526.343994140625 488.2794494628906 516.8934936523438 499.9134826660156
603.0210571289062 381.93011474609375 572.1144409179688 372.62005615234375
588.7342529296875 59.35713195800781 799.3699951171875 25.28742027282715
66.74666595458984 261.0579833984375 62.487640380859375 168.97744750976562
286.7515563964844 397.99609375 285.9467468261719 448.9991455078125
337.0782470703125 336.7110290527344 371.1062927246094 332.9656677246094
398.89154052734375 95.17207336425781 339.9337463378906 89.71600341796875
147.6932830810547 58.931602478027344 155.733154296875 257.97039794921875
460.8505554199219 221.03565979003906 462.14996337890625 190.0482177734375
725.078369140625 336.18865966796875 719.9776000976562 365.3459777832031
6.424352169036865 575.3671875 35.09185028076172 565.2605590820312
165.80039978027344 298.0035400390625 166.61279296875 343.9891662597656
165.96548461914062 290.4151611328125 287.0748291015625 283.2679443359375
283.97149658203125 254.23316955566406 163.9514923095703 258.69549560546875
387.9485168457031 99.9779281616211 383.6235046386719 305.9920959472656
576.97607421875 230.32791137695312 457.1027526855469 221.5901641845703
683.6130981445312 459.7116394042969 659.4532470703125 480.5260925292969
151.1497802734375 429.9704895019531 150.635986328125 409.9580078125
580.9989624023438 160.95651245117188 459.94818115234375 163.7725372314453
563.6895751953125 450.364013671875 458.5574951171875 406.0498046875
603.155029296875 456.089111328125 608.4115600585938 387.95458984375
757.9141235351562 354.0316467285156 758.989501953125 322.96502685546875
339.95184326171875 91.48997497558594 399.7671203613281 97.36925506591797
450.13018798828125 401.0743713378906 448.8265686035156 455.9483642578125
453.7898864746094 345.9930725097656 452.1718444824219 395.00567626953125
459.5602722167969 190.9830780029297 458.4043884277344 221.01556396484375
564.2273559570312 442.43365478515625 450.4936218261719 396.7705383300781
553.865478515625 379.99603271484375 553.3313598632812 398.0393981933594
607.9373168945312 359.0879821777344 610.1683349609375 309.96221923828125
754.08349609375 426.71746826171875 621.5430297851562 387.5461730957031
656.3904418945312 471.3208312988281 669.5556030273438 459.50482177734375
681.927978515625 441.993896484375 684.64501953125 409.9698791503906
682.9334106445312 234.09756469726562 684.6309204101562 217.85690307617188
21.974720001220703 353.631103515625 60.001731872558594 351.0252685546875
153.14712524414062 599.069091796875 157.34048461914062 408.0074768066406
286.2192687988281 341.9981689453125 286.6228332519531 390.003173828125
450.6485900878906 346.03021240234375 448.22576904296875 398.05706787109375
716.7470092773438 32.625160217285156 796.6182861328125 17.926015853881836
773.5990600585938 336.8492431640625 766.3492431640625 356.1313171386719
0.8622697591781616 51.16297912597656 139.05577087402344 67.52906799316406
338.009521484375 258.2462158203125 373.03448486328125 256.89117431640625
451.0760498046875 22.936660766601562 445.6740417480469 187.02218627929688
452.20184326171875 224.020263671875 452.75885009765625 190.9959259033203
458.2667236328125 227.97198486328125 456.27825927734375 280.0106201171875
659.2783813476562 475.3386535644531 680.746826171875 457.6920166015625
158.0216064453125 262.5495300292969 298.0411071777344 257.0458679199219
285.82220458984375 259.9891052246094 285.6741027832031 275.9969787597656
285.66876220703125 284.00006103515625 285.677734375 334.00042724609375
443.75543212890625 457.0269775390625 447.7234802246094 345.95440673828125
556.926025390625 350.3967590332031 518.1411743164062 355.1517028808594
771.272216796875 12.384026527404785 720.088623046875 22.4505672454834
449.3839111328125 340.0823974609375 451.25634765625 285.9051818847656
455.84912109375 191.99365234375 454.5414123535156 223.06488037109375
742.1800537109375 356.0183410644531 763.7807006835938 144.07957458496094
452.3613586425781 455.013427734375 454.25799560546875 403.9724426269531
457.3132019042969 395.2093505859375 565.224609375 437.95733642578125
572.1652221679688 303.1013488769531 454.28924560546875 281.4269104003906
548.071044921875 375.96417236328125 547.375 394.01446533203125
700.322265625 384.75079345703125 622.5633544921875 364.6928405761719
691.0791015625 491.095458984375 686.6968994140625 448.8240966796875
36.46581268310547 568.5394897460938 8.042285919189453 577.1397705078125
105.31916809082031 408.964111328125 106.0281753540039 435.02642822265625
334.0725402832031 250.00042724609375 332.7049865722656 483.998291015625
458.67120361328125 288.6539001464844 571.9646606445312 311.17779541015625
567.9907836914062 374.0310974121094 448.7020568847656 338.6340026855469
464.6547546386719 40.6512565612793 591.3147583007812 8.22956371307373
592.4155883789062 0.9096646308898926 590.7610473632812 29.929359436035156
681.0634155273438 274.121826171875 655.90576171875 272.30596923828125
706.0091552734375 365.94342041015625 723.0490112304688 368.6966552734375
336.6952209472656 332.9999694824219 336.69122314453125 177.00003051757812
381.7738342285156 533.9951782226562 390.9835510253906 99.99964904785156
586.8292236328125 78.98760986328125 590.0244140625 34.92924880981445
655.7197875976562 293.5492858886719 684.0371704101562 296.66204833984375
97.1007080078125 217.95358276367188 98.28485870361328 246.03016662597656
220.7458953857422 419.4585876464844 235.73056030273438 412.4259033203125
338.01666259765625 78.85216522216797 397.8204345703125 85.59296417236328
393.6555480957031 481.9917297363281 405.2020263671875 0.9808452129364014
448.87640380859375 424.9960021972656 449.5856628417969 402.98663330078125
568.2978515625 382.13275146484375 548.8448486328125 375.4517822265625
628.8049926757812 48.956241607666016 707.6680908203125 34.22328567504883
685.6708374023438 410.248779296875 792.4253540039062 438.3860778808594
755.0387573242188 322.9508972167969 753.499755859375 353.0766296386719
81.9684829711914 403.34796142578125 71.2452621459961 436.75775146484375
157.29598999023438 406.62158203125 130.83865356445312 385.9277648925781
305.06591796875 465.2930908203125 158.60166931152344 498.2286376953125
284.9828796386719 216.68324279785156 212.02122497558594 217.63211059570312
606.2459106445312 386.9467468261719 601.3680419921875 456.0260009765625
707.9190063476562 364.2105712890625 701.6211547851562 331.8789978027344
140.71560668945312 53.128334045410156 137.7845916748047 0.9559219479560852
284.5685729980469 102.00003814697266 284.57293701171875 155.0001220703125
405.97528076171875 599.3037109375 414.1514892578125 573.0471801757812
456.03607177734375 287.0012512207031 454.2593078613281 338.009033203125
464.8124694824219 118.3455581665039 585.1928100585938 104.7010726928711
676.7747802734375 440.807861328125 657.6998901367188 444.4111633300781
673.2500610351562 457.4966125488281 658.6168212890625 474.5299377441406
715.6190795898438 46.05760955810547 709.5703735351562 111.05308532714844
793.5325927734375 433.6307678222656 755.6620483398438 426.9020080566406
0.9429778456687927 271.3989562988281 64.041015625 269.15167236328125
59.11825942993164 60.99427795410156 64.00296020507812 161.95147705078125
173.8993682861328 431.4527587890625 197.99256896972656 429.88568115234375
432.8130798339844 467.02655029296875 447.35205078125 21.978832244873047
546.26220703125 364.0479431152344 569.8501586914062 370.5440979003906
619.586669921875 182.04367065429688 623.5267944335938 129.11366271972656
668.6524047851562 277.95318603515625 668.1989135742188 291.00689697265625
742.9061889648438 599.8670654296875 759.0235595703125 583.0225219726562
261.0032958984375 227.50637817382812 167.00729370117188 228.11935424804688
338.7744140625 87.24215698242188 397.88037109375 93.18891143798828
454.7334289550781 234.03494262695312 452.3472900390625 284.1118469238281
617.5319213867188 377.59515380859375 624.9805908203125 368.98321533203125
645.1212158203125 271.66741943359375 640.6480102539062 296.93768310546875
19.98260498046875 264.4262390136719 68.99818420410156 262.94012451171875
254.31971740722656 388.97198486328125 253.4708251953125 348.989990234375
298.3740234375 254.00042724609375 298.5725402832031 77.9983901977539
701.9273071289062 403.0020446777344 702.0109252929688 365.0022277832031
756.36181640625 418.94403076171875 797.5772094726562 425.6129455566406
291.4535827636719 257.99993896484375 291.4310607910156 452.00006103515625
506.9583740234375 0.8609577417373657 449.05902099609375 18.197120666503906
456.38836669921875 346.8835144042969 487.95623779296875 357.1347351074219
655.659912109375 293.09912109375 656.6748657226562 276.1000061035156
698.7374267578125 332.89654541015625 707.2845458984375 393.8197937011719
0.8850952386856079 34.88162612915039 139.14320373535156 52.90121078491211
132.2166290283203 383.9767150878906 152.93948364257812 396.4376220703125
208.00839233398438 216.74478149414062 165.99119567871094 217.21815490722656
284.081298828125 155.73382568359375 216.84481811523438 151.4172821044922
303.7933044433594 319.9910583496094 303.0604553222656 254.9993133544922
333.3663024902344 503.00909423828125 332.2972106933594 546.0322265625
512.9226684570312 493.1485290527344 444.2983703613281 457.42681884765625
565.6929321289062 437.97015380859375 564.4318237304688 450.94476318359375
629.27734375 282.8818054199219 626.94287109375 297.15423583984375
710.5047607421875 467.6373291015625 758.4789428710938 485.4067687988281
746.204345703125 393.8191833496094 761.272216796875 396.4269104003906
102.00981903076172 401.0831604003906 125.39227294921875 398.32232666015625
288.5569152832031 276.0059814453125 288.327392578125 258.98211669921875
288.27545166015625 390.0033874511719 288.9418029785156 335.9869384765625
307.8003234863281 20.987106323242188 307.2628173828125 71.00282287597656
674.3175048828125 31.607078552246094 632.9562377929688 39.778438568115234
659.7055053710938 385.07415771484375 699.2940063476562 395.92755126953125
713.9688110351562 23.83592987060547 676.37548828125 30.97684669494629
740.614501953125 196.8608856201172 727.1341552734375 331.1138916015625
24.007530212402344 355.10369873046875 0.9114739298820496 356.78106689453125
64.65298461914062 270.0185546875 69.57182312011719 362.0763244628906
164.99099731445312 224.92636108398438 284.0077819824219 223.9283905029297
284.54547119140625 223.99583435058594 284.7745666503906 254.0093536376953
285.5747375488281 22.998098373413086 285.6607971191406 49.004432678222656
287.87841796875 449.9981384277344 288.7620849609375 391.98114013671875
320.0549621582031 599.0287475585938 341.3966369628906 558.2073974609375
493.0595703125 406.00341796875 495.13720703125 369.9502868652344
463.9993896484375 182.53416442871094 578.0015258789062 182.66270446777344
156.99160766601562 538.9996337890625 154.37098693847656 599.0161743164062
60.029991149902344 350.0582580566406 57.26310348510742 303.98419189453125
288.3782043457031 333.9958801269531 288.748046875 277.9917297363281
640.9954223632812 297.84210205078125 655.0126342773438 297.43695068359375
696.0418090820312 121.5523910522461 756.076171875 117.00554656982422
625.0859985351562 125.08786010742188 798.861328125 141.47084045410156
798.8189086914062 137.00270080566406 675.8299560546875 125.88040924072266
24.086584091186523 564.2084350585938 34.38615036010742 559.9295043945312
0.9531606435775757 162.2621612548828 139.05984497070312 167.3873291015625
282.6197509765625 413.968994140625 266.0093078613281 403.9844970703125
342.9653625488281 551.8896484375 246.71881103515625 582.1043090820312
337.71673583984375 0.9823615550994873 336.6579895019531 78.00904083251953
622.931884765625 186.75979614257812 740.0274047851562 191.292236328125
764.9525756835938 116.47650909423828 799.1250610351562 113.380859375
116.82830047607422 204.0132293701172 116.64743041992188 187.99269104003906
452.4150085449219 286.015625 450.5322265625 335.98236083984375
481.95843505859375 369.83099365234375 494.0143127441406 369.4022216796875
284.64398193359375 163.9984893798828 284.5848083496094 216.9984130859375
336.657470703125 160.0713653564453 338.25518798828125 122.96792602539062
280.1287536621094 521.9931030273438 279.8206787109375 561.014404296875
500.9580078125 15.843720436096191 522.9805297851562 9.927489280700684
496.1617431640625 361.37384033203125 548.7526245117188 374.95770263671875
0.6799302697181702 365.16522216796875 29.03807258605957 360.21826171875
52.1285400390625 51.94405746459961 138.0723114013672 62.406028747558594
534.8720092773438 6.586073398590088 554.8201904296875 0.4184928238391876
307.3841247558594 77.99842071533203 306.3934020996094 465.0010070800781
335.8682556152344 404.99993896484375 335.8954162597656 338.0003662109375
337.8688659667969 84.99781799316406 337.1866149902344 126.00310516357422
517.9561157226562 480.0540466308594 526.8073120117188 487.2373962402344
589.715576171875 28.755449295043945 461.7700500488281 57.99369812011719
627.9334716796875 40.670101165771484 599.2918090820312 46.44670867919922
297.1210021972656 74.00847625732422 302.1031494140625 2.8671603202819824
745.37646484375 355.9993591308594 745.39404296875 393.0002746582031
154.6702423095703 267.0207824707031 155.92950439453125 287.00445556640625
163.0311737060547 0.7520711421966553 298.7713928222656 17.818309783935547
241.2846221923828 583.8974609375 192.15200805664062 599.4793090820312
567.8958129882812 544.4696044921875 515.9288940429688 505.4256591796875
764.7470092773438 585.5328979492188 794.653076171875 599.7308349609375
148.93724060058594 56.525550842285156 58.907630920410156 45.773441314697266
518.2763671875 514.5018310546875 434.1087646484375 467.803955078125
162.00257873535156 156.94888305664062 205.04443359375 159.11871337890625
456.6112060546875 599.5040893554688 385.9790954589844 545.027099609375
673.001953125 121.98582458496094 711.9552612304688 127.32624053955078
70.6302261352539 261.9669494628906 65.80581665039062 170.01019287109375
543.36181640625 523.4716186523438 567.8401489257812 540.2334594726562
158.62779235839844 284.9752197265625 157.9170684814453 266.96380615234375
639.8995361328125 376.8553771972656 654.9270629882812 378.620849609375
773.0469360351562 133.6183319091797 798.9735107421875 131.65081787109375
55.87010955810547 45.035606384277344 0.8575522899627686 38.13573455810547
299.998779296875 14.006577491760254 227.07350158691406 0.6001704335212708
532.31396484375 479.48004150390625 524.2389526367188 474.604248046875
0.6007246375083923 519.9683837890625 23.7828369140625 529.5266723632812
0.9065378308296204 45.77128982543945 50.152828216552734 51.73878860473633
262.1533508300781 130.9898223876953 261.9247131347656 149.9990997314453
466.6753845214844 430.9949035644531 466.3760986328125 450.00592041015625
518.9517211914062 463.0586853027344 532.0157470703125 463.65423583984375
544.934814453125 91.25991821289062 584.0716552734375 87.81332397460938
190.979736328125 160.7999725341797 162.97238159179688 160.0904083251953
799.118896484375 110.53021240234375 624.9273071289062 124.06419372558594
482.9319763183594 598.9974365234375 483.9989318847656 570.9999389648438
799.0201416015625 598.9577026367188 763.88671875 582.2379760742188
183.00494384765625 149.93544006347656 162.96922302246094 148.4021453857422
265.9925842285156 162.21177673339844 284.9693298339844 162.87612915039062
186.93954467773438 188.3563690185547 223.9996337890625 190.0082550048828
335.0467529296875 451.00054931640625 335.3465576171875 425.9921569824219
398.826171875 87.78382110595703 338.8114013671875 81.93548583984375
72.92765045166016 267.9554443359375 77.44591522216797 362.026611328125
156.2799072265625 158.0147247314453 160.0149688720703 87.00078582763672
159.8832550048828 87.20713806152344 286.0571594238281 99.40896606445312
509.00726318359375 166.4098358154297 562.00830078125 165.46893310546875
112.99059295654297 369.3102722167969 98.85383605957031 377.75531005859375
157.83682250976562 34.00675582885742 156.46755981445312 0.9392313361167908
730.9877319335938 376.6500549316406 740.0467529296875 376.332275390625
731.0752563476562 129.40948486328125 759.0040283203125 132.96824645996094
723.8109741210938 402.7459716796875 741.9155883789062 407.3330383300781
0.6938855648040771 560.1795043945312 25.03635597229004 551.097412109375
163.7116241455078 256.94085693359375 162.70941162109375 227.94091796875
229.92605590820312 187.3806915283203 252.06211853027344 191.68017578125
337.08935546875 490.36041259765625 157.95091247558594 534.76806640625
466.0470275878906 25.17414093017578 496.9529113769531 16.825702667236328
551.1377563476562 539.6455078125 617.4505004882812 565.4140014648438
152.3402099609375 539.0227661132812 148.3218536376953 599.0884399414062
685.8984375 289.9277648925781 700.0571899414062 291.47747802734375
566.13134765625 463.51873779296875 542.8511962890625 469.4122314453125
159.02867126464844 223.00119018554688 161.6468963623047 160.0269012451172
180.88731384277344 443.6494445800781 196.29112243652344 446.3220520019531
754.6646728515625 487.8795471191406 709.1769409179688 470.5359802246094
462.5683288574219 180.03179931640625 463.1880187988281 168.95457458496094
581.01904296875 154.8749237060547 566.00439453125 155.20175170898438
212.01023864746094 151.80616760253906 185.924560546875 150.42735290527344
530.8242797851562 442.6232604980469 517.4107666015625 448.8804931640625
548.3623046875 586.564453125 387.9297790527344 484.10992431640625
133.16310119628906 447.9198303222656 98.54232788085938 454.0585632324219
381.3026123046875 406.9869384765625 379.1318359375 522.9837646484375
667.0288696289062 518.7138671875 715.3223266601562 557.3470458984375
145.35240173339844 0.9579676985740662 147.00286865234375 54.062068939208984
163.42530822753906 590.9378662109375 156.5997772216797 544.2045288085938
524.0219116210938 89.1161880493164 569.1145629882812 80.60717010498047
316.4783630371094 469.9902648925781 314.9625549316406 84.00407409667969
761.9429321289062 599.1160278320312 763.669921875 585.0824584960938
448.9259948730469 21.58156394958496 534.5947875976562 -0.5673139691352844
196.0257568359375 446.8653869628906 204.96009826660156 456.9237060546875
311.9364318847656 481.3893127441406 332.2123107910156 484.6996154785156
261.9658203125 164.59402465820312 228.9600067138672 162.6952362060547
669.5634765625 492.7342834472656 687.9112548828125 497.35260009765625
768.8123779296875 379.08355712890625 799.1158447265625 384.3310546875
158.7012176513672 508.6326599121094 308.539306640625 475.89166259765625
463.569091796875 42.9168701171875 466.7669372558594 26.34088134765625
291.7984619140625 221.98451232910156 292.4017028808594 253.06982421875
496.2033386230469 345.9688415527344 497.0236511230469 325.00091552734375
262.1955261230469 193.99566650390625 262.6387023925781 214.00799560546875
256.2444763183594 326.25860595703125 167.050537109375 296.84674072265625
292.00885009765625 99.98725128173828 293.512939453125 219.0314178466797
725.0410766601562 368.8117370605469 717.9013061523438 405.1769714355469
227.18345642089844 125.20181274414062 262.1258239746094 128.76673889160156
686.07080078125 537.2932739257812 665.11279296875 522.2348022460938
463.5414123535156 159.0174102783203 465.2464599609375 105.97577667236328
377.25360107421875 122.00425720214844 371.4581604003906 467.0245056152344
724.900146484375 394.4147033691406 750.8411254882812 400.6599426269531
313.14910888671875 42.00291061401367 312.56402587890625 71.99149322509766
450.69964599609375 186.21083068847656 452.1211242675781 168.00946044921875
457.09893798828125 47.91767120361328 455.98150634765625 33.00138473510742
325.0712890625 478.3941345214844 319.8402099609375 466.06781005859375
