214
564.9083862304688 20.27269744873047 507.9306640625 27.44948959350586
721.8038330078125 59.077518463134766 719.5878295898438 82.05668640136719
362.8996276855469 111.20062255859375 456.92413330078125 99.39572143554688
445.6370544433594 101.9570541381836 186.01449584960938 148.0816192626953
505.6885070800781 92.17676544189453 455.77850341796875 100.70345306396484
629.773681640625 224.7870635986328 624.2333984375 256.6932373046875
456.18670654296875 93.62286376953125 366.1134033203125 103.985595703125
253.931396484375 131.5626220703125 212.84434509277344 138.00775146484375
376.18035888671875 455.0976867675781 363.4080810546875 478.6794128417969
279.6602783203125 55.9068489074707 271.896240234375 0.8735590577125549
326.87396240234375 48.94442367553711 283.8898010253906 54.07712936401367
466.59027099609375 30.980587005615234 465.60357666015625 0.9801487326622009
703.9344482421875 43.8618049621582 699.8646850585938 75.24183654785156
171.09556579589844 73.74028015136719 506.19134521484375 30.482303619384766
330.4673767089844 47.94889831542969 325.33013916015625 0.9639021158218384
363.09918212890625 479.3835754394531 285.0289001464844 466.8204345703125
769.7379760742188 50.68783950805664 760.4772338867188 88.128662109375
419.35638427734375 0.9804645776748657 421.3327941894531 37.03657150268555
423.807861328125 36.95263671875 421.6975402832031 0.9591026306152344
673.47607421875 82.14586639404297 679.7974243164062 18.17761993408203
510.9528503417969 442.33551025390625 476.922119140625 437.5544128417969
585.4837036132812 203.9455108642578 579.6768798828125 258.96588134765625
370.97979736328125 42.859317779541016 331.7827453613281 48.48686599731445
577.3128051757812 258.92462158203125 583.4540405273438 202.9401092529297
360.6884460449219 482.8283386230469 337.3482666015625 525.19189453125
714.009765625 87.16816711425781 761.1411743164062 84.4343490600586
208.1859130859375 141.2690887451172 255.8945770263672 134.28036499023438
332.9117126464844 118.46754455566406 349.94097900390625 115.64397430419922
473.18292236328125 436.64105224609375 398.9133605957031 426.6436462402344
365.5152587890625 479.27874755859375 392.1352844238281 430.07318115234375
445.05316162109375 492.6706237792969 366.0134582519531 479.91656494140625
464.273193359375 0.9473173022270203 464.9923095703125 31.97700309753418
322.56939697265625 0.8217279314994812 328.0543212890625 49.107421875
481.17095947265625 413.7019958496094 472.9336242675781 436.6166687011719
508.11236572265625 29.895193099975586 544.0482177734375 25.38392448425293
68.953125 84.61968231201172 100.09628295898438 80.78118896484375
330.1658630371094 62.97655487060547 331.29278564453125 119.01422119140625
372.5626525878906 0.9562360048294067 375.83990478515625 43.090232849121094
378.46746826171875 42.044639587402344 375.01959228515625 0.9145293831825256
449.015380859375 23.99968147277832 448.53802490234375 1.0095926523208618
460.13458251953125 92.04468536376953 485.9635925292969 88.7173080444336
628.3090209960938 263.9411926269531 631.3723754882812 227.94659423828125
740.7936401367188 81.97013854980469 743.71044921875 61.813392639160156
642.781494140625 267.6454772949219 799.61181640625 249.20278930664062
110.90889739990234 79.33018493652344 158.12356567382812 72.908447265625
129.9254608154297 157.58419799804688 173.14968872070312 149.8349609375
486.7425537109375 88.06063842773438 485.4388732910156 61.027061462402344
344.226806640625 518.1243286132812 363.8319396972656 482.3597106933594
722.3046875 124.90718841552734 719.8740844726562 143.11666870117188
799.2327880859375 95.92366027832031 716.0281372070312 89.62818145751953
134.01512145996094 23.245059967041016 130.50149536132812 9.124038696289062
239.30714416503906 24.791301727294922 243.01231384277344 47.9980354309082
269.4367370605469 0.9389763474464417 277.14697265625 56.11919021606445
278.8461608886719 189.1555633544922 276.1263732910156 168.9829559326172
388.87872314453125 293.5697021484375 143.63111877441406 362.691162109375
714.2172241210938 86.06006622314453 674.1595458984375 81.57502746582031
781.016845703125 91.05316925048828 782.8939819335938 55.15131378173828
78.80519104003906 506.43072509765625 162.57675170898438 477.76318359375
256.8601989746094 47.01844024658203 253.69708251953125 23.039958953857422
413.1515197753906 599.0558471679688 447.0566101074219 507.0208740234375
43.88307189941406 410.5955810546875 136.91287231445312 383.69866943359375
253.09619140625 22.3581600189209 240.02012634277344 23.28426742553711
430.7709045410156 162.95619201660156 427.93182373046875 113.00387573242188
730.3740844726562 146.05662536621094 733.2750854492188 126.8902816772461
799.3058471679688 254.1639862060547 704.2265625 267.6029968261719
780.8176879882812 599.2141723632812 773.8980712890625 561.0184936523438
507.0160217285156 25.999868392944336 506.80975341796875 0.993320643901825
0.9445642828941345 159.658935546875 67.96197509765625 148.76605224609375
39.94281768798828 0.7419542670249939 179.8116455078125 511.7778625488281
529.2716064453125 138.07044982910156 530.27490234375 119.95983123779297
142.12965393066406 60.971500396728516 136.44757080078125 35.121429443359375
184.76699829101562 150.8389434814453 167.71725463867188 69.63941955566406
185.8913116455078 137.3365478515625 204.0590362548828 134.3603515625
185.59657287597656 598.7061157226562 234.6030731201172 531.4393920898438
314.93353271484375 544.3389282226562 246.99652099609375 531.0177001953125
648.0294189453125 112.00171661376953 647.0322875976562 129.06033325195312
654.2997436523438 599.000244140625 654.3621826171875 518.99951171875
682.9367065429688 78.57828521728516 716.9583740234375 77.06411743164062
760.0503540039062 56.87516403198242 722.0241088867188 57.89690399169922
754.7525024414062 80.25534057617188 757.8733520507812 58.83584213256836
339.21429443359375 151.24351501464844 314.89935302734375 144.35528564453125
655.4205322265625 131.03521728515625 656.9315185546875 112.99427032470703
194.1419677734375 219.67373657226562 145.76153564453125 229.8683319091797
282.8975830078125 468.6011047363281 361.82122802734375 482.04913330078125
427.8292236328125 86.36668395996094 454.9509582519531 83.53104400634766
454.4767761230469 153.0047607421875 454.3127136230469 134.9971466064453
465.5631103515625 463.19781494140625 474.3689880371094 438.1296081542969
475.50421142578125 436.1830139160156 483.81195068359375 413.2947082519531
364.7975769042969 482.257568359375 422.90167236328125 491.6108703613281
538.234375 589.867919921875 581.0552978515625 598.7330322265625
679.970947265625 18.223474502563477 799.0225219726562 21.0513858795166
0.7730576992034912 533.3388671875 75.8511962890625 507.5664978027344
31.90665626525879 292.59375 105.90603637695312 275.591064453125
455.14569091796875 87.37539672851562 428.0262756347656 90.2480697631836
474.85040283203125 439.1567687988281 510.8942565917969 443.8177795410156
735.4612426757812 356.9112243652344 746.8389282226562 416.031005859375
768.5018310546875 348.6769104003906 632.5038452148438 360.6996154785156
343.3960876464844 13.066600799560547 345.9260559082031 36.00815200805664
544.2120361328125 55.98994827270508 543.0760498046875 145.0264892578125
615.7293090820312 0.985170304775238 606.68701171875 166.0376434326172
358.0999755859375 33.992671966552734 356.49066162109375 12.037333488464355
556.3199462890625 481.05902099609375 535.110107421875 596.0203247070312
656.5164184570312 518.9965209960938 657.0509643554688 599.00634765625
774.691650390625 556.8543090820312 783.5885620117188 599.086669921875
0.8761836290359497 351.663330078125 34.479862213134766 339.3047790527344
120.17743682861328 36.95743179321289 126.17546844482422 61.95790100097656
160.21624755859375 293.8792419433594 229.93414306640625 276.73223876953125
234.15057373046875 535.1071166992188 188.46926879882812 599.333740234375
175.53262329101562 209.89010620117188 171.21327209472656 188.95599365234375
187.86329650878906 558.655517578125 108.11988067626953 590.3020629882812
263.0258483886719 171.8267059326172 266.2851867675781 191.12075805664062
331.0523376464844 548.7367553710938 377.0244140625 557.8772583007812
437.1703186035156 2.993725061416626 437.94561767578125 24.038843154907227
532.2064208984375 599.2207641601562 553.8753662109375 480.7942199707031
577.7726440429688 364.1429748535156 562.6050415039062 446.1119689941406
581.9089965820312 259.08685302734375 587.26513671875 203.02532958984375
634.2322998046875 137.0163116455078 643.7870483398438 0.985040545463562
223.22650146484375 48.95882797241211 214.52430725097656 1.0864704847335815
371.0271911621094 170.05044555664062 370.0419616699219 151.0496826171875
396.0810852050781 428.43280029296875 470.8402099609375 439.1180114746094
0.8493852019309998 384.5863342285156 47.0116081237793 367.7783203125
520.4967651367188 0.9946004152297974 520.4464721679688 15.001604080200195
156.27471923828125 191.7015380859375 161.24794006347656 212.9419403076172
275.0738220214844 378.0654296875 249.23875427246094 407.2116394042969
544.00390625 260.9226379394531 641.0079956054688 265.8423767089844
0.49285444617271423 310.87744140625 24.47180938720703 300.0443420410156
452.2871398925781 499.10467529296875 425.3078918457031 573.1122436523438
620.9765014648438 193.61581420898438 585.98388671875 193.10733032226562
297.8073425292969 598.8937377929688 325.4777526855469 548.7120361328125
504.62823486328125 32.00753402709961 505.8443603515625 92.0234146118164
760.9974365234375 90.62349700927734 780.00537109375 90.70195007324219
98.90168762207031 224.02700805664062 37.658531188964844 1.093806266784668
346.052001953125 379.03717041015625 320.2284851074219 415.163330078125
357.99725341796875 153.90005493164062 359.8130187988281 172.01873779296875
436.2271728515625 349.125 417.0267639160156 384.0147399902344
504.2555236816406 358.0966796875 488.68072509765625 399.257568359375
687.0032348632812 266.9220886230469 637.0003662109375 267.09686279296875
656.6563110351562 228.05426025390625 657.9971313476562 211.8344268798828
0.8252798318862915 368.52752685546875 42.748512268066406 353.0240783691406
137.35231018066406 381.1811218261719 31.285966873168945 1.9200248718261719
178.62905883789062 483.7820129394531 274.160888671875 376.2545166015625
443.2260437011719 137.91616821289062 444.3924255371094 154.97315979003906
258.37493896484375 131.77577209472656 256.6275634765625 121.06073760986328
257.2008972167969 111.53459167480469 206.2879180908203 118.19940948486328
322.7327880859375 299.2382507324219 297.7615966796875 166.42083740234375
500.9538879394531 26.63912582397461 470.9329528808594 30.475317001342773
214.85386657714844 130.0598907470703 252.1951446533203 124.25534057617188
784.072509765625 85.32810974121094 799.1131591796875 86.9514389038086
163.4196014404297 473.8829040527344 138.38580322265625 384.17138671875
744.494384765625 411.8992614746094 733.3348388671875 357.13555908203125
754.344482421875 61.92013168334961 752.3797607421875 78.0462646484375
29.723783493041992 336.5241394042969 0.6202688217163086 341.9710388183594
142.29745483398438 228.9261474609375 86.42012023925781 3.8956799507141113
177.63917541503906 519.1004028320312 187.06495666503906 552.98193359375
423.00775146484375 228.97996520996094 471.6944274902344 247.79087829589844
257.0840759277344 534.5825805664062 303.0329895019531 543.836181640625
486.97125244140625 397.9889831542969 502.72760009765625 356.89556884765625
520.4965209960938 122.99959564208984 520.4922485351562 139.00013732910156
655.6636352539062 475.9975891113281 655.4924926757812 499.9963684082031
0.593991756439209 293.1570739746094 19.11392593383789 284.23651123046875
351.4140319824219 115.1095962524414 341.4302978515625 61.73247528076172
354.6991271972656 244.03138732910156 345.6123962402344 156.9361114501953
560.119140625 446.83355712890625 575.7796020507812 363.9583435058594
777.738037109375 309.49432373046875 798.1136474609375 258.64483642578125
245.01219177246094 412.01080322265625 209.7891387939453 451.8133850097656
311.7303161621094 134.97120666503906 288.9188537597656 163.1239776611328
325.0045471191406 553.00244140625 300.25775146484375 599.1382446289062
288.6367492675781 455.7404479980469 373.9965515136719 336.2829895019531
434.7532653808594 214.05123901367188 508.4503173828125 194.88623046875
502.9151306152344 254.21817016601562 536.9589233398438 256.5896911621094
662.09619140625 211.01551818847656 659.34619140625 228.0558624267578
48.94227981567383 371.6493835449219 0.9054520726203918 388.7341613769531
252.08314514160156 121.49479675292969 214.79190063476562 127.76172637939453
57.082542419433594 516.2360229492188 0.9536436200141907 535.867431640625
789.2327880859375 309.85650634765625 783.360107421875 341.25439453125
210.51409912109375 124.01898956298828 209.96206665039062 138.96165466308594
774.2167358398438 343.4608459472656 787.4861450195312 308.4266052246094
40.45469284057617 344.4034423828125 0.5345991849899292 357.5912170410156
543.657470703125 219.00897216796875 543.2115478515625 201.9944610595703
16.383440017700195 272.619384765625 3.404939651489258 280.65411376953125
657.0614013671875 499.000732421875 657.3529663085938 475.0043029785156
290.0049743652344 162.8452911376953 310.9435119628906 298.854736328125
562.1422729492188 254.08702087402344 559.0784301757812 223.8905792236328
798.0993041992188 348.4592590332031 775.1390991210938 344.24267578125
10.641337394714355 256.4561462402344 0.4551966190338135 263.1739196777344
651.7889404296875 215.86526489257812 644.0306396484375 228.0195770263672
0.7013456225395203 336.2145690917969 36.535072326660156 330.2205505371094
335.9230651855469 182.53134155273438 320.5757751464844 193.78521728515625
543.2133178710938 255.97000122070312 538.4480590820312 222.07760620117188
801.3898315429688 274.20819091796875 782.624755859375 311.326904296875
744.2428588867188 215.9376678466797 778.2920532226562 223.7225799560547
27.688308715820312 304.76556396484375 0.7191541790962219 315.27960205078125
527.8845825195312 173.6804656982422 512.698486328125 179.16517639160156
542.4581298828125 222.81199645996094 545.8046264648438 248.767333984375
596.0155029296875 256.6866455078125 585.0422973632812 256.1443176269531
592.9340209960938 207.0592041015625 641.0587158203125 210.0576934814453
0.6104410886764526 275.35430908203125 13.388956069946289 267.6446838378906
45.12763977050781 357.007568359375 0.8528801202774048 373.60760498046875
656.169677734375 376.00103759765625 655.9903564453125 405.0061340332031
109.94678497314453 393.8112487792969 73.05941009521484 404.2107238769531
275.02093505859375 122.12452697753906 297.3970947265625 118.36107635498047
590.7282104492188 479.927734375 528.6925048828125 471.1806945800781
777.9901123046875 226.1337127685547 754.0470581054688 224.36380004882812
21.61312484741211 289.7486572265625 0.9925534725189209 296.978759765625
799.5928344726562 559.2883911132812 773.5595703125 550.2716674804688
783.4136352539062 341.4349060058594 799.357177734375 345.6484069824219
755.3143920898438 543.1546020507812 679.9454345703125 519.1714477539062
206.4373016357422 116.3122787475586 194.2699432373047 108.57546997070312
800.1566772460938 517.1112060546875 756.8969116210938 540.8118896484375
672.3109741210938 407.3920593261719 723.1500854492188 417.2238464355469
774.8679809570312 549.5694580078125 800.3648681640625 535.4678344726562
743.1543579101562 424.35791015625 798.8218994140625 437.74078369140625
569.0450439453125 255.71157836914062 559.9862060546875 255.39474487304688
654.53466796875 510.8420104980469 602.6011352539062 486.8638610839844
