397
546.9889526367188 12.292461395263672 480.97381591796875 13.32337760925293
408.63616943359375 357.98358154296875 412.9346008300781 0.9871720671653748
415.4083251953125 0.9924474358558655 410.88946533203125 355.0113525390625
540.9994506835938 53.50502014160156 479.9985046386719 53.56917190551758
544.9977416992188 29.75678253173828 481.993896484375 30.337892532348633
618.5692749023438 293.9473876953125 648.4766845703125 49.0582160949707
150.8607940673828 120.05368041992188 112.94576263427734 125.6313247680664
538.7965698242188 167.9138641357422 549.4525756835938 19.032390594482422
563.1304321289062 0.850288450717926 548.7920532226562 179.90325927734375
478.9822082519531 0.9552199840545654 471.76318359375 165.03358459472656
648.3359375 47.04015350341797 653.8416748046875 0.9810711145401001
19.457612991333008 295.08709716796875 34.34523391723633 288.82012939453125
40.09850311279297 293.6318359375 78.26222229003906 287.6819152832031
542.9720458984375 58.29387664794922 481.00506591796875 59.309837341308594
530.5579223632812 281.04052734375 535.725341796875 209.90740966796875
547.2273559570312 199.8595428466797 534.3056030273438 362.9449768066406
48.3891716003418 270.3184509277344 15.143488883972168 282.39501953125
76.76953125 274.2469787597656 34.836952209472656 279.75982666015625
364.3955993652344 233.0071258544922 361.65765380859375 0.9922393560409546
433.8650207519531 0.9542366862297058 425.3541259765625 398.0075988769531
454.6608581542969 352.06060791015625 460.4295349121094 193.97918701171875
480.9877014160156 62.23939514160156 543.9874267578125 61.22185516357422
10.273674964904785 265.9762268066406 11.745409965515137 220.99166870117188
538.19482421875 96.52861022949219 479.0107727050781 91.863525390625
480.9767150878906 27.93943214416504 544.0025634765625 27.227148056030273
480.9539489746094 16.273977279663086 546.0029907226562 15.175436973571777
544.9957275390625 41.42670822143555 479.9919128417969 41.90940475463867
7.913881778717041 221.07205200195312 4.435499668121338 265.1920166015625
539.91943359375 84.2392578125 479.1113586425781 80.28681945800781
5.200562477111816 334.42340087890625 94.56945037841797 292.091064453125
150.25253295898438 258.1953125 93.17503356933594 253.05606079101562
609.5945434570312 370.06982421875 615.0060424804688 324.0007019042969
469.87579345703125 204.9947967529297 464.0010986328125 345.0419921875
546.9940185546875 6.6048479080200195 483.99334716796875 7.562997341156006
659.2880249023438 406.4974670410156 676.5574951171875 278.9400939941406
37.11954879760742 203.47348022460938 23.009143829345703 207.03622436523438
38.14292907714844 209.97564697265625 48.41878890991211 270.26947021484375
73.45915985107422 136.9313201904297 100.67818450927734 318.8985595703125
93.66325378417969 249.07376098632812 186.69764709472656 264.78985595703125
164.7820281982422 576.3358764648438 258.8256530761719 545.4688720703125
207.33441162109375 483.3758239746094 241.7369384765625 446.69110107421875
205.01824951171875 502.060546875 231.98011779785156 493.93402099609375
96.99805450439453 282.99017333984375 128.93348693847656 276.6642150878906
244.93698120117188 361.004638671875 252.34938049316406 461.90087890625
481.9714660644531 10.370037078857422 547.9862670898438 9.214805603027344
79.66301727294922 296.41131591796875 40.64268112182617 302.2760314941406
534.010009765625 115.7149658203125 476.9749755859375 113.71295928955078
542.0159912109375 46.86991882324219 480.9814758300781 47.99397659301758
95.68766021728516 559.0503540039062 1.2432773113250732 590.7254028320312
481.95782470703125 22.18514060974121 544.0172729492188 20.74287986755371
537.9464721679688 107.88389587402344 477.98486328125 109.4013442993164
472.0465393066406 164.98748779296875 538.0908813476562 168.02320861816406
62.69029235839844 305.3140563964844 0.3127976953983307 333.4779968261719
226.79367065429688 303.6746826171875 115.52330017089844 374.2484130859375
226.5613250732422 276.9851379394531 108.66290283203125 344.16339111328125
518.9959716796875 104.17866516113281 478.01708984375 103.24795532226562
479.9685974121094 45.52541732788086 545.0029907226562 44.14033508300781
36.037437438964844 200.32872009277344 10.257930755615234 203.26473999023438
11.7466459274292 390.36724853515625 55.66372299194336 366.38421630859375
-0.37071654200553894 580.01806640625 135.38455200195312 542.6668090820312
224.8243408203125 292.3657531738281 112.93791961669922 359.89715576171875
100.86616516113281 318.7398681640625 238.4612579345703 247.9528045654297
363.85400390625 0.9898439049720764 366.56549072265625 228.99327087402344
543.9998168945312 24.88718605041504 480.9983825683594 24.9870548248291
397.9748229980469 571.9332885742188 539.7681274414062 518.385986328125
480.96661376953125 39.139427185058594 543.0184326171875 38.025535583496094
93.11954498291016 255.48397827148438 148.24986267089844 259.8313903808594
227.77398681640625 309.1895751953125 116.66333770751953 381.4825744628906
225.97872924804688 297.9656066894531 114.11917114257812 367.19256591796875
242.8997039794922 334.92279052734375 244.37005615234375 352.0540771484375
478.96734619140625 73.6736831665039 534.9826049804688 72.29407501220703
715.5125732421875 67.08799743652344 718.2666625976562 51.045780181884766
141.01492309570312 26.719072341918945 76.98312377929688 23.317745208740234
226.13229370117188 285.2249450683594 112.45671081542969 352.076171875
153.0337371826172 269.7740173339844 98.64324951171875 290.04266357421875
229.2816619873047 320.41259765625 127.11061096191406 390.1620178222656
227.6554412841797 315.4819030761719 115.41699981689453 390.12335205078125
261.13641357421875 547.4197998046875 167.0029754638672 578.0091552734375
461.22283935546875 174.043701171875 467.4095764160156 0.9431570172309875
708.3247680664062 65.90579986572266 710.9821166992188 46.857994079589844
531.06982421875 215.03138732910156 472.93939208984375 210.8408203125
478.97882080078125 83.901123046875 538.0402221679688 85.28947448730469
539.0025024414062 120.89982604980469 476.96624755859375 119.35527038574219
585.11767578125 586.2603149414062 733.9817504882812 518.9595947265625
167.13265991210938 598.9609375 161.58743286132812 580.1214599609375
215.27320861816406 415.8226623535156 217.7665252685547 447.7841796875
527.9877319335938 277.13421630859375 470.0155944824219 271.8297424316406
526.0532836914062 304.4922180175781 468.9477844238281 298.4974060058594
535.9295654296875 209.04063415527344 470.88909912109375 204.63885498046875
479.9922180175781 56.4553337097168 541.9795532226562 55.56905746459961
563.7914428710938 387.17236328125 600.9693603515625 0.80460524559021
625.333984375 257.90130615234375 616.294921875 318.8955078125
736.0491943359375 520.4180908203125 799.761474609375 208.15536499023438
6.159515857696533 178.29493713378906 31.89221954345703 175.12506103515625
9.923418998718262 199.5926971435547 35.58046340942383 194.76866149902344
94.77794647216797 290.5098876953125 81.73650360107422 296.41839599609375
533.9894409179688 137.25021362304688 475.9662170410156 134.8003387451172
526.9967651367188 126.10697937011719 476.98187255859375 124.60319519042969
480.9710998535156 33.107261657714844 545.0046997070312 32.4675178527832
525.0758666992188 322.32244873046875 468.9953918457031 316.0410461425781
549.0717163085938 179.70010375976562 462.0607604980469 174.8986358642578
102.41512298583984 307.49176025390625 191.17735290527344 267.392578125
216.3008575439453 224.51205444335938 190.29129028320312 239.79376220703125
289.1875915527344 599.4283447265625 234.94760131835938 496.55487060546875
525.9047241210938 308.90966796875 468.9016418457031 302.9390869140625
479.9905090332031 78.72193145751953 541.0020141601562 78.26897430419922
799.5701904296875 326.1230773925781 756.65478515625 524.9254760742188
1.8731920719146729 0.8254046440124512 5.333895683288574 18.133188247680664
109.4850082397461 128.06480407714844 119.55083465576172 208.0565185546875
222.1918487548828 200.50987243652344 205.86892700195312 206.65162658691406
540.306396484375 520.8138427734375 418.284423828125 566.7554321289062
529.057373046875 244.3284454345703 471.9615783691406 239.44964599609375
528.0493774414062 258.4412841796875 470.9648742675781 253.39747619628906
732.197998046875 522.4398803710938 588.1334228515625 587.29638671875
111.47563171386719 125.9383544921875 98.76966857910156 27.900249481201172
228.19044494628906 327.2727966308594 138.78366088867188 389.69012451171875
229.37802124023438 332.53009033203125 148.2665557861328 390.373779296875
523.114501953125 344.0516357421875 467.952880859375 337.3901672363281
642.4234008789062 112.05095672607422 625.0969848632812 256.0116882324219
666.958984375 234.62608337402344 684.0167846679688 235.7433319091797
697.3017578125 251.89340209960938 701.1226196289062 226.8660430908203
112.054931640625 128.37948608398438 151.10525512695312 122.72716522216797
215.3788299560547 246.74618530273438 184.91912841796875 261.8367919921875
266.22772216796875 0.9346691966056824 282.62481689453125 309.07318115234375
524.0497436523438 326.5627136230469 467.97900390625 320.1846618652344
528.0131225585938 267.85791015625 470.94525146484375 262.59332275390625
529.0464477539062 239.4225311279297 471.9334411621094 234.8274688720703
531.0744018554688 225.0136260986328 472.9526062011719 220.62791442871094
531.0827026367188 229.939208984375 472.0517272949219 225.3364715576172
528.0430908203125 286.5832824707031 469.94091796875 280.5710144042969
677.958984375 128.63938903808594 702.0189819335938 129.24136352539062
525.0767211914062 295.2270812988281 468.9350891113281 289.65374755859375
524.1135864257812 330.9896545410156 467.9244079589844 324.6723327636719
528.0403442382812 272.5758361816406 470.8916931152344 267.1383972167969
504.00042724609375 76.02157592773438 479.99005126953125 76.50067138671875
530.0933837890625 282.0332946777344 469.9779968261719 276.2276916503906
525.072265625 313.31341552734375 468.9571533203125 307.4071960449219
526.9315185546875 248.8134307861328 471.9843444824219 244.18605041503906
530.1008911132812 253.82102966308594 471.92791748046875 248.84202575683594
526.1091918945312 299.93109130859375 468.8890380859375 294.086181640625
528.9801635742188 263.2212219238281 470.90869140625 258.01947021484375
524.0630493164062 335.4595947265625 467.89398193359375 328.9090270996094
525.566162109375 351.9704895019531 529.9840087890625 286.9989013671875
32.150848388671875 179.36415100097656 7.234365463256836 182.11941528320312
32.08758544921875 355.87554931640625 0.35717108845710754 369.5032653808594
98.18255615234375 24.109039306640625 95.08081817626953 0.8558298945426941
526.0078125 290.9248962402344 469.8856201171875 285.10260009765625
527.95947265625 234.50550842285156 471.9188232421875 230.0125274658203
524.1410522460938 339.80401611328125 467.97882080078125 333.17950439453125
526.9288940429688 219.9129638671875 472.9447937011719 215.7089385986328
480.9814147949219 67.82023620605469 540.998046875 66.87493133544922
662.4478149414062 222.9718780517578 663.3816528320312 271.05084228515625
93.23283386230469 0.8481603860855103 95.96170043945312 23.004716873168945
142.71859741210938 29.13929557800293 161.84909057617188 205.12510681152344
229.8712921142578 338.194580078125 156.5115966796875 391.701416015625
533.9821166992188 158.3503875732422 475.9799499511719 155.39328002929688
525.0149536132812 317.8618469238281 468.9146423339844 311.7883605957031
122.2112045288086 207.84121704101562 111.98975372314453 129.87025451660156
534.0079956054688 147.8231201171875 475.946044921875 145.19015502929688
537.0422973632812 131.61900329589844 476.9761047363281 129.78021240234375
616.9118041992188 325.9851379394531 609.3181762695312 371.0536193847656
688.0479736328125 34.510440826416016 716.98046875 31.792016983032227
688.8489990234375 21.643625259399414 721.3369750976562 18.02617835998535
706.9043579101562 189.9852752685547 710.9043579101562 163.98529052734375
705.9649658203125 342.3266906738281 765.0368041992188 348.6565246582031
37.07634735107422 208.54615783691406 12.281303405761719 212.01231384277344
54.05052185058594 10.342416763305664 7.097180366516113 6.735091686248779
0.359041690826416 345.62896728515625 92.30171203613281 302.6453552246094
96.36760711669922 27.953088760375977 108.89744567871094 126.14070129394531
230.54029846191406 361.6851806640625 185.7755126953125 396.9834899902344
232.25889587402344 354.3338623046875 179.3067169189453 395.3955383300781
245.31602478027344 308.59320068359375 323.202392578125 315.81817626953125
505.010009765625 98.20930480957031 478.9888610839844 97.87974548339844
460.91436767578125 193.32980346679688 546.9439086914062 198.87049865722656
512.0227661132812 88.78034210205078 539.0096435546875 89.05709838867188
8.961748123168945 41.00761413574219 13.172842025756836 62.16463851928711
144.11404418945312 261.0154113769531 94.04951477050781 258.13836669921875
230.48680114746094 343.6527099609375 165.23683166503906 392.3175354003906
230.5162811279297 349.6786193847656 172.57647705078125 393.75775146484375
229.2449951171875 480.87127685546875 291.24468994140625 598.8714599609375
535.0453491210938 152.7898712158203 475.9784240722656 150.57518005371094
534.98974609375 142.28892517089844 475.9576110839844 140.19577026367188
686.9707641601562 44.400333404541016 717.9945678710938 42.888916015625
759.9977416992188 26.611337661743164 799.0009155273438 26.54807472229004
231.49867248535156 372.604736328125 197.51673889160156 400.62664794921875
656.170654296875 1.0267667770385742 638.5914916992188 113.09278106689453
0.8398237228393555 120.38105773925781 22.126148223876953 118.27500915527344
4.803891181945801 169.53549194335938 30.284347534179688 166.12347412109375
49.60454559326172 541.1663818359375 64.00439453125 542.9647827148438
185.9366455078125 264.871337890625 216.42230224609375 249.8574981689453
231.2650909423828 367.083251953125 192.27322387695312 398.3408203125
684.996337890625 102.52002716064453 705.0094604492188 102.6617431640625
725.572998046875 69.93042755126953 730.3053588867188 40.88681411743164
0.9808936715126038 78.6335220336914 15.028434753417969 79.05718231201172
17.797183990478516 91.03710174560547 20.372705459594727 105.11476135253906
0.8957510590553284 152.37086486816406 27.168588638305664 148.01742553710938
189.9716033935547 241.36447143554688 113.12641906738281 235.3773956298828
390.22900390625 569.8259887695312 350.9002685546875 518.0758056640625
704.6632690429688 112.87784576416016 703.7166748046875 130.9851837158203
715.1432495117188 137.8692169189453 719.2620239257812 110.88734436035156
0.9474537968635559 88.32064056396484 17.02558135986328 87.81756591796875
0.96402907371521 68.94208526611328 13.022812843322754 69.40251922607422
77.95360565185547 25.81336212158203 142.97023010253906 29.521995544433594
534.1572875976562 362.7468566894531 455.1466064453125 352.8317565917969
663.6187133789062 198.11502075195312 671.282470703125 223.51815795898438
663.8573608398438 277.553466796875 692.8507690429688 278.71722412109375
701.0411376953125 135.46864318847656 682.91748046875 134.0660400390625
2.8211405277252197 160.7189483642578 29.008747100830078 157.06265258789062
57.59639358520508 367.32037353515625 34.885704040527344 380.8075256347656
366.0947570800781 232.9993133544922 366.2995910644531 261.005126953125
655.9867553710938 34.6339111328125 682.0172119140625 35.1788330078125
761.9352416992188 350.6029052734375 705.93701171875 344.5863342285156
233.2154998779297 348.8432922363281 231.7425994873047 328.0182189941406
431.9607238769531 489.8801574707031 498.97137451171875 467.9126892089844
489.999755859375 3.440476894378662 544.9996948242188 3.4725403785705566
616.0946044921875 322.1250305175781 662.97900390625 327.194091796875
683.8694458007812 241.25611877441406 668.9194946289062 240.39097595214844
226.11578369140625 242.99038696289062 222.71640014648438 202.02352905273438
236.16200256347656 245.3170623779297 153.32810974121094 287.6421203613281
465.12603759765625 344.9781799316406 525.0772705078125 352.3737487792969
533.0060424804688 598.994140625 481.06976318359375 545.91015625
472.98675537109375 218.17117309570312 529.0379638671875 222.50909423828125
194.23147583007812 402.58001708984375 215.62152099609375 421.1302490234375
324.0042724609375 271.9535217285156 345.81915283203125 273.9630432128906
348.9158935546875 515.06298828125 318.10693359375 473.919921875
326.914794921875 598.7747192382812 393.80157470703125 573.4754028320312
317.9259948730469 471.0554504394531 392.50933837890625 570.6184692382812
671.9567260742188 173.3174285888672 694.9647216796875 174.0731658935547
733.1045532226562 517.3895263671875 676.2315063476562 507.64837646484375
47.38181686401367 360.3161926269531 29.919185638427734 356.35638427734375
238.6862030029297 412.8227233886719 235.76345825195312 385.0248718261719
317.73040771484375 108.00786590576172 318.4889831542969 134.01490783691406
395.18023681640625 575.4806518554688 332.05706787109375 599.1521606445312
483.2415771484375 544.7659912109375 535.4016723632812 598.6109008789062
543.0354614257812 35.485267639160156 481.9986572265625 36.94314956665039
479.951171875 50.8686637878418 541.9873046875 49.447025299072266
0.8241090774536133 111.4576644897461 20.143064498901367 109.2544937133789
30.743730545043945 169.64346313476562 5.274850368499756 174.45489501953125
83.58512878417969 517.7369995117188 55.9634895324707 522.8008422851562
163.98495483398438 202.0016632080078 160.23153686523438 167.97445678710938
370.99462890625 34.39011001586914 410.00042724609375 34.047183990478516
673.837158203125 216.83810424804688 686.7385864257812 219.34515380859375
756.2754516601562 524.6016845703125 736.263916015625 520.6600341796875
799.2774658203125 509.3179016113281 766.8404541015625 503.96722412109375
7.911165714263916 9.028541564941406 53.999210357666016 13.009132385253906
21.22026252746582 423.6373291015625 0.3979116678237915 410.9913635253906
545.001708984375 1.4304479360580444 483.0027160644531 1.6795705556869507
693.1219482421875 180.62631225585938 673.8301391601562 178.9136505126953
475.75604248046875 540.237060546875 430.40850830078125 493.5748291015625
467.91473388671875 326.73602294921875 524.0877075195312 333.24267578125
638.5222778320312 115.94432830810547 630.8264770507812 181.9797821044922
667.3408813476562 256.9129943847656 659.0050659179688 224.2539520263672
684.1260986328125 232.44454956054688 666.9149169921875 231.04898071289062
30.054298400878906 161.35513305664062 3.9012057781219482 165.35385131835938
236.9578094482422 255.003173828125 241.1635284423828 310.9877014160156
467.9515075683594 322.4290771484375 524.0264892578125 328.76580810546875
471.928955078125 241.841064453125 528.9444580078125 246.6573944091797
467.99066162109375 331.0798034667969 524.0431518554688 337.6305236816406
472.9226379394531 222.97793579101562 529.961181640625 227.490478515625
674.9022216796875 183.01144409179688 692.956787109375 183.8892822265625
695.0682983398438 170.72537231445312 669.9795532226562 169.3816375732422
683.8738403320312 80.4880142211914 709.0321044921875 82.62132263183594
23.22096824645996 130.3372344970703 0.8406102657318115 134.03541564941406
234.40989685058594 387.47076416015625 210.3589630126953 408.4122619628906
469.00164794921875 313.9847717285156 525.10205078125 320.0571594238281
468.10205078125 318.08837890625 524.949462890625 324.4514465332031
469.9108581542969 282.87603759765625 526.9310913085938 288.67742919921875
471.9745788574219 232.30078125 529.0737915039062 237.1272735595703
628.8997802734375 258.1835021972656 653.0652465820312 260.2296142578125
698.9757080078125 146.27809143066406 680.8519287109375 144.6964111328125
682.8945922851562 73.26172637939453 710.949462890625 75.60491180419922
0.8275073170661926 385.5162048339844 18.032865524291992 384.85430908203125
184.1362762451172 260.9325256347656 147.8342742919922 256.2981262207031
350.0963134765625 518.298583984375 310.97406005859375 530.9196166992188
468.9752502441406 305.2398986816406 525.0997924804688 311.0333251953125
644.2147827148438 397.5959167480469 626.0352172851562 387.9337463378906
654.6885986328125 599.3672485351562 626.471923828125 575.443359375
230.36390686035156 379.4351806640625 202.5676727294922 402.6788635253906
231.8341064453125 383.81005859375 207.24658203125 405.2823486328125
425.0303649902344 368.9229736328125 389.9454650878906 367.9334411621094
467.9142150878906 339.7171325683594 523.081787109375 346.3165588378906
468.9671630859375 296.32086181640625 526.0853271484375 302.1662292480469
468.9422302246094 309.53289794921875 525.0418090820312 315.6142578125
729.9810791015625 248.20562744140625 764.9610595703125 251.42311096191406
0.8436274528503418 129.65634155273438 24.110395431518555 126.94859313964844
139.66116333007812 0.9325069189071655 142.12713623046875 25.08910369873047
229.85049438476562 312.0127868652344 226.86538696289062 277.0970153808594
479.9960632324219 95.37700653076172 512.0010986328125 95.17552947998047
467.967041015625 335.2760009765625 524.0039672851562 341.9667053222656
470.9165954589844 264.9032287597656 527.8925170898438 270.163818359375
668.9429931640625 243.84039306640625 682.9464111328125 244.79029846191406
720.7488403320312 99.51408386230469 687.8771362304688 96.22997283935547
692.0443725585938 428.68145751953125 746.110107421875 436.2093505859375
11.037345886230469 61.779083251953125 0.9167945384979248 62.264217376708984
108.05646514892578 344.8399353027344 115.04963684082031 390.99249267578125
469.95465087890625 287.45068359375 525.9910278320312 293.08941650390625
471.94580078125 227.68516540527344 529.978271484375 232.27503967285156
470.9475402832031 269.5692138671875 528.1071166992188 274.83746337890625
702.0330810546875 125.90518951416016 677.9644165039062 125.1783218383789
722.8658447265625 86.67416381835938 687.0159301757812 83.80146026611328
713.7922973632812 109.56417083740234 711.3543090820312 138.6949005126953
14.38074779510498 313.3558044433594 0.7692448496818542 317.1783142089844
11.447371482849121 265.0458679199219 15.10180377960205 309.0745544433594
320.942138671875 277.5522155761719 346.085205078125 280.186767578125
471.9573059082031 246.50274658203125 529.0551147460938 251.35067749023438
691.1469116210938 199.7296600341797 676.1165771484375 197.99163818359375
686.9671020507812 92.35701751708984 706.0286254882812 92.81951141357422
683.7588500976562 110.88407135009766 703.814208984375 113.45135498046875
688.9719848632812 68.3874282836914 709.0117797851562 69.837158203125
28.838022232055664 153.420166015625 1.0278356075286865 156.27149963378906
23.834793090820312 122.96470642089844 0.9047026634216309 124.82597351074219
61.963680267333984 535.8939819335938 79.32421112060547 529.9463500976562
94.04879760742188 130.43678283691406 109.0845718383789 128.75697326660156
475.9441223144531 138.27613830566406 533.9642333984375 140.8172149658203
709.0055541992188 78.92069244384766 682.923095703125 77.10391998291016
-1.2120500802993774 417.7931823730469 25.276599884033203 433.240478515625
432.42889404296875 492.58331298828125 478.2554626464844 539.7518310546875
468.91192626953125 291.86920166015625 526.0347900390625 297.6564025878906
469.966064453125 278.3360290527344 529.0703125 284.30352783203125
665.0812377929688 188.9717254638672 673.30419921875 212.59039306640625
470.0003356933594 273.99658203125 528.042236328125 279.5592956542969
730.0003662109375 39.9046745300293 688.0009155273438 39.748050689697266
21.97123908996582 113.66059875488281 0.868554413318634 115.44883728027344
34.337730407714844 188.82766723632812 21.05223274230957 191.28265380859375
472.9752502441406 213.3215789794922 529.9457397460938 217.70510864257812
468.9342041015625 300.6075439453125 526.022705078125 306.7901916503906
713.8222045898438 142.5763702392578 680.902587890625 138.8639373779297
705.954345703125 90.42525482177734 680.9208374023438 87.7374267578125
16.009624481201172 90.09101104736328 0.8617759943008423 91.69300842285156
112.96355438232422 238.44569396972656 189.7769775390625 244.72727966308594
470.9794616699219 260.21820068359375 528.0389404296875 265.58599853515625
681.7526245117188 136.3826904296875 705.0209350585938 138.79856872558594
470.935302734375 255.72401428222656 529.0963745117188 260.9213562011719
167.0320587158203 119.20362854003906 207.13980102539062 112.88778686523438
235.35079956054688 398.3921813964844 216.90390014648438 414.8925476074219
471.0798645019531 251.08982849121094 527.0873413085938 256.0042724609375
235.2259979248047 404.2504577636719 218.39501953125 419.4377746582031
313.8714294433594 468.09649658203125 273.17828369140625 413.8662109375
537.0711669921875 499.91424560546875 503.77001953125 472.277099609375
673.9153442382812 222.02862548828125 663.7860717773438 192.0723419189453
666.8764038085938 180.0431671142578 673.7564697265625 199.7357177734375
195.01663208007812 30.731287002563477 235.98345947265625 33.26726150512695
471.98394775390625 237.192626953125 529.9979858398438 242.0244903564453
620.9990234375 34.85348129272461 640.0049438476562 34.72403335571289
671.5518798828125 145.22802734375 679.4661865234375 160.780517578125
728.0062866210938 26.275985717773438 689.992431640625 26.462583541870117
674.8838500976562 200.93341064453125 695.9312744140625 203.55250549316406
54.942440032958984 12.157441139221191 72.95559692382812 133.15548706054688
235.92169189453125 414.915771484375 221.92982482910156 427.9245300292969
475.94647216796875 143.19314575195312 529.0191040039062 145.5736846923828
719.0675048828125 18.489665985107422 696.9769287109375 19.49105453491211
732.003173828125 12.176530838012695 697.9600219726562 12.793022155761719
13.024189949035645 71.5099105834961 0.956469714641571 72.08238983154297
744.0239868164062 143.56597900390625 771.993896484375 145.1102752685547
42.972496032714844 369.9432067871094 19.21830177307129 381.45062255859375
274.6991882324219 413.4768981933594 316.15338134765625 468.88525390625
598.9651489257812 396.12200927734375 563.6998901367188 386.05084228515625
675.7537231445312 212.08798217773438 665.0040893554688 181.99853515625
249.6220245361328 462.01397705078125 249.17794799804688 449.9934387207031
340.9595031738281 234.6437225341797 362.00201416015625 235.96778869628906
410.9934387207031 36.517189025878906 370.9998779296875 36.010353088378906
676.027099609375 197.9908447265625 669.352783203125 178.21847534179688
557.447509765625 444.0536193847656 563.6588745117188 392.1986999511719
188.94509887695312 243.90870666503906 213.1967315673828 229.3271942138672
710.9940795898438 111.05950164794922 684.953369140625 108.4690170288086
307.98333740234375 170.3022918701172 344.9811096191406 172.34254455566406
744.01708984375 437.8763732910156 692.8892822265625 430.8002014160156
705.0835571289062 130.8364715576172 714.4287719726562 139.5395965576172
506.0046081542969 87.56369018554688 480.996826171875 87.29930877685547
683.9373168945312 279.5278625488281 665.704833984375 397.80035400390625
680.7739868164062 148.0906982421875 697.8981323242188 149.94210815429688
0.6385226249694824 396.02655029296875 13.929149627685547 398.397216796875
767.8928833007812 507.6117248535156 799.1597290039062 513.0879516601562
15.015213966369629 82.48530578613281 0.9864962697029114 82.34439086914062
475.93487548828125 148.40699768066406 525.014892578125 150.67868041992188
476.9405212402344 127.65686798095703 522.9888916015625 129.3096160888672
56.295310974121094 524.2518310546875 47.49667739868164 534.5708618164062
505.2784423828125 471.6644287109375 537.006103515625 497.99261474609375
474.9623107910156 158.7320556640625 505.931640625 160.32711791992188
459.06396484375 432.9228210449219 494.6548767089844 462.4164733886719
673.2179565429688 135.45941162109375 679.9982299804688 147.0010223388672
669.198974609375 170.92425537109375 674.61376953125 185.1470489501953
684.7871704101562 241.08143615722656 689.0964965820312 252.34564208984375
346.0767517089844 270.4413757324219 320.7308654785156 266.95880126953125
477.9984436035156 90.81519317626953 501.9967346191406 90.61295318603516
235.4511260986328 426.4514465332031 224.94760131835938 436.94757080078125
422.10943603515625 353.972412109375 423.7575378417969 241.01104736328125
427.932373046875 104.00027465820312 427.6536560058594 34.99332046508789
12.964808464050293 429.0510559082031 0.6238713264465332 420.5457458496094
364.7903137207031 265.001953125 364.5103454589844 235.00457763671875
425.4696960449219 240.0068359375 424.6578369140625 176.97865295410156
715.0 31.0 699.0 31.0
426.10498046875 174.00416564941406 426.3499450683594 109.0013198852539
233.69204711914062 393.7686462402344 213.75054931640625 411.7229309082031
133.97946166992188 431.88543701171875 144.01556396484375 430.08685302734375
236.5262451171875 419.5378112792969 222.37571716308594 433.38397216796875
672.9951171875 224.0462646484375 691.9956665039062 226.0411376953125
