326
326.8105163574219 224.08119201660156 376.9144287109375 219.133544921875
0.9246070981025696 97.37138366699219 252.3852996826172 67.21256256103516
291.1673583984375 82.99838256835938 363.3192443847656 70.90457153320312
45.011844635009766 91.14320373535156 0.9822412729263306 94.78531646728516
384.1612548828125 251.8316192626953 333.1166687011719 256.3253479003906
320.1332092285156 388.8045959472656 251.08815002441406 56.981658935546875
356.2109375 82.28446960449219 301.2161560058594 91.31620788574219
387.89593505859375 226.9383087158203 319.8634338378906 233.60670471191406
323.1123046875 248.26504516601562 391.1090393066406 242.22816467285156
503.195068359375 2.028594732284546 450.9866027832031 11.929410934448242
64.1496353149414 160.7297821044922 30.906892776489258 167.54591369628906
334.9356994628906 48.57639694213867 305.9954528808594 52.970035552978516
138.8953857421875 76.4184799194336 250.0750274658203 56.4170036315918
0.7560518980026245 351.7908935546875 89.17095184326172 347.65032958984375
27.10783576965332 168.53175354003906 10.960707664489746 171.80624389648438
79.93653106689453 225.81837463378906 52.7606201171875 235.3149871826172
168.60218811035156 486.5809020996094 63.99079895019531 595.0264892578125
373.05987548828125 211.56434631347656 327.93133544921875 216.352783203125
382.01287841796875 257.1583557128906 335.9111022949219 260.9067077636719
412.9689025878906 377.9671936035156 347.9676208496094 379.9241638183594
438.18023681640625 107.02586364746094 461.17327880859375 102.98625946044922
83.95936584472656 80.29705810546875 134.9623565673828 77.34883117675781
372.0052185058594 199.0490264892578 325.007080078125 204.0664520263672
370.1055908203125 194.9888458251953 324.8739318847656 199.81942749023438
359.0910339355469 138.62557983398438 314.86346435546875 145.06170654296875
394.0156555175781 334.28631591796875 349.9833068847656 336.69512939453125
403.0111083984375 29.05938148498535 435.9787902832031 22.88667869567871
450.0690002441406 146.1043701171875 465.5670166015625 135.8575897216797
772.009033203125 465.63970947265625 581.004150390625 464.3737487792969
119.79255676269531 351.6761474609375 12.783546447753906 420.22320556640625
-1.6263028383255005 400.2967224121094 137.7146759033203 322.489013671875
365.08367919921875 173.66607666015625 320.0406799316406 179.3238525390625
367.0944519042969 177.7618865966797 321.05804443359375 183.46823120117188
373.01885986328125 203.17530822753906 325.9186096191406 208.24363708496094
373.0392761230469 207.3661346435547 326.9263610839844 212.31356811523438
368.0576477050781 186.4939422607422 322.9715270996094 191.75595092773438
390.006103515625 308.107666015625 344.98089599609375 310.6632080078125
393.00164794921875 327.03338623046875 348.011962890625 329.2437438964844
384.99761962890625 276.9698791503906 339.0489501953125 280.6168518066406
252.87188720703125 56.82186508178711 288.6359558105469 231.8700714111328
333.947021484375 91.67121124267578 305.8702392578125 96.19448852539062
329.0953674316406 101.50174713134766 306.94512939453125 105.71124267578125
354.1732177734375 116.02741241455078 310.0779113769531 123.4620361328125
357.0189208984375 134.1206512451172 313.97998046875 140.8723602294922
363.1173095703125 160.93560791015625 318.0731506347656 166.58352661132812
368.1324157714844 182.11181640625 321.95379638671875 187.6120147705078
364.0397033691406 169.31101989746094 319.86602783203125 174.9507598876953
384.0065612792969 269.0794982910156 338.07171630859375 272.869140625
387.0498352050781 288.6817932128906 341.92547607421875 291.9803466796875
400.019775390625 363.3983459472656 355.0313415527344 365.6312561035156
449.8938293457031 14.431902885437012 503.0916748046875 4.4906463623046875
0.937419056892395 84.87067413330078 80.96873474121094 80.435791015625
352.378173828125 110.93709564208984 309.8515625 119.2396240234375
352.22393798828125 130.49124145507812 312.9092102050781 136.39535522460938
360.146728515625 152.08082580566406 316.0098571777344 158.072509765625
362.8955383300781 165.17872619628906 318.9701232910156 170.76499938964844
383.0110778808594 265.13677978515625 337.98260498046875 268.78546142578125
392.0311279296875 315.5445251464844 346.01007080078125 318.17626953125
392.9859619140625 311.7523193359375 345.9668884277344 314.4154052734375
384.0085754394531 273.11090087890625 339.0449523925781 276.58221435546875
351.0046081542969 342.0992736816406 395.0489196777344 340.0531311035156
68.6009521484375 578.6065063476562 159.46217346191406 486.4557189941406
124.08615112304688 323.97509765625 115.7313003540039 295.07769775390625
355.044189453125 148.3254852294922 315.95013427734375 153.6327362060547
361.0700988769531 156.5264434814453 317.9033203125 162.27392578125
369.0704345703125 190.60646057128906 323.98187255859375 195.84396362304688
393.9744567871094 330.5287780761719 348.9441833496094 332.9703063964844
632.4696044921875 582.1800537109375 782.9086303710938 484.8587646484375
46.07693862915039 358.1986083984375 1.1100722551345825 380.2247009277344
79.04351043701172 330.58447265625 22.90796661376953 334.76385498046875
299.60906982421875 285.8753356933594 317.6224365234375 373.8725891113281
345.92144775390625 126.52606964111328 311.8627014160156 132.17176818847656
354.9292907714844 372.1453857421875 401.9753112792969 370.3519592285156
385.0084533691406 281.1190490722656 339.95147705078125 284.31622314453125
391.0201416015625 319.320556640625 346.00927734375 322.1478576660156
396.0123596191406 345.2386169433594 351.97509765625 347.51934814453125
399.0443115234375 360.037353515625 354.9538879394531 361.9205322265625
12.003731727600098 357.2903137207031 35.986915588378906 356.9820251464844
248.8644561767578 0.6255591511726379 331.8873291015625 414.02264404296875
359.042236328125 143.30450439453125 314.9201965332031 149.42471313476562
386.0654602050781 284.953125 340.9349060058594 288.05224609375
395.0028381347656 338.0539245605469 350.0222473144531 340.42230224609375
388.0404052734375 292.5993347167969 341.9800109863281 295.70361328125
351.9871826171875 345.7507019042969 396.0250244140625 343.4866638183594
38.9305305480957 352.4417419433594 0.7747321724891663 357.189697265625
125.07685852050781 377.1097106933594 22.356107711791992 449.08099365234375
123.72565460205078 372.6018371582031 22.535240173339844 442.32550048828125
128.47926330566406 385.66302490234375 40.29365921020508 449.40625
98.37435150146484 315.56390380859375 77.8078384399414 329.2169189453125
345.02777099609375 108.15235900878906 308.9504089355469 114.72786712646484
389.0166931152344 300.244140625 342.9585876464844 303.39459228515625
390.9514465332031 323.1650390625 347.0417175292969 325.7177734375
378.31585693359375 219.11343383789062 367.8551940917969 156.0240020751953
397.0033264160156 349.0684814453125 352.961669921875 351.2130126953125
119.80570220947266 358.7027893066406 16.960365295410156 425.9393615722656
73.08112335205078 302.1634521484375 96.31414031982422 290.6329650878906
187.49807739257812 599.2178955078125 152.88092041015625 519.48583984375
288.7763671875 234.046630859375 295.0216064453125 263.9954833984375
301.33062744140625 91.75067138671875 326.1075134277344 223.9798583984375
383.0089111328125 261.1053466796875 336.9158020019531 265.004638671875
396.0395202636719 341.85052490234375 350.9973449707031 343.9429626464844
388.03582763671875 296.5217590332031 342.97357177734375 299.61505126953125
354.99859619140625 359.964111328125 399.009521484375 358.24365234375
440.1235656738281 116.74412536621094 462.1796569824219 113.08203887939453
459.0021057128906 228.0015869140625 473.6928405761719 208.52252197265625
1.2664237022399902 376.66278076171875 26.249317169189453 366.6202392578125
120.54322814941406 363.8168029785156 18.70042610168457 431.549560546875
121.46363067626953 368.6848449707031 20.396032333374023 437.1078796386719
367.1202697753906 151.9805450439453 355.9599304199219 83.00648498535156
398.012451171875 356.24169921875 353.9747314453125 358.509033203125
436.9934997558594 96.95555877685547 460.0837097167969 93.57109069824219
448.0733642578125 168.56546020507812 468.2526550292969 165.94781494140625
53.53432083129883 544.487060546875 1.8666762113571167 596.8551025390625
127.90634155273438 286.80279541015625 113.34192657470703 293.7199401855469
143.75390625 391.07110595703125 173.99021911621094 495.7138671875
347.9154968261719 380.0160827636719 322.9759826660156 249.00457763671875
398.0309143066406 352.6335754394531 353.04046630859375 354.82904052734375
346.9930725097656 323.88385009765625 390.0191650390625 321.3218688964844
348.0506896972656 331.0213623046875 393.0391540527344 328.7889404296875
354.9943542480469 363.8876647949219 399.03375244140625 361.67071533203125
381.8678894042969 567.7459716796875 445.75225830078125 534.5235595703125
52.38573455810547 238.09619140625 80.43182373046875 228.2271728515625
128.3739776611328 391.1486511230469 48.597129821777344 449.8120422363281
126.47926330566406 381.67498779296875 31.22100257873535 449.3112487792969
105.63252258300781 330.14044189453125 71.99622344970703 348.79620361328125
320.0975036621094 233.7902069091797 291.4126892089844 83.7299575805664
339.0225524902344 123.1377944946289 310.95611572265625 127.73196411132812
393.50848388671875 310.0812683105469 383.9361572265625 252.17587280273438
347.97198486328125 327.4772033691406 392.9500732421875 325.06781005859375
353.0000915527344 353.0022277832031 396.9969787597656 350.93560791015625
10.042610168457031 174.195556640625 66.20864868164062 161.95758056640625
159.78370666503906 372.4757080078125 227.88352966308594 366.6407470703125
363.52752685546875 71.0750732421875 388.3443298339844 227.26307678222656
355.97705078125 367.4524230957031 400.02545166015625 365.6075744628906
464.92864990234375 274.9617919921875 475.2900695800781 255.61968994140625
732.0086059570312 225.22169494628906 755.0126953125 224.3265380859375
87.99126434326172 343.98486328125 108.51080322265625 332.1517028808594
344.921142578125 312.5600891113281 391.0019836425781 310.0360412597656
403.27490234375 370.1193542480469 394.70330810546875 318.048828125
454.7106018066406 187.7142791748047 469.24932861328125 173.25062561035156
552.1861572265625 483.08013916015625 504.7349548339844 1.124550700187683
567.022705078125 482.14007568359375 552.0331420898438 481.7445373535156
6.169554710388184 97.94795989990234 27.41737174987793 167.17881774902344
141.69422912597656 434.64166259765625 65.61955261230469 499.55413818359375
136.1697998046875 412.213623046875 68.3220443725586 466.1471252441406
332.24761962890625 256.76873779296875 353.7656555175781 372.85809326171875
351.9713439941406 349.4430236816406 397.0064392089844 347.1251220703125
389.9546203613281 304.2236633300781 343.9947509765625 306.91009521484375
353.9843444824219 356.7027282714844 398.0201416015625 354.38189697265625
349.9748840332031 338.5182800292969 395.0089416503906 336.17169189453125
390.8041076660156 243.03147888183594 412.52740478515625 378.2366027832031
29.97069549560547 166.69911193847656 8.98755168914795 99.00386047363281
144.1561737060547 443.1775207519531 63.84479904174805 513.8235473632812
349.9877624511719 334.7733459472656 394.021240234375 332.39288330078125
450.1254577636719 136.2201690673828 464.135009765625 128.2369384765625
567.3682861328125 536.6453857421875 622.9566040039062 504.9239196777344
763.0140991210938 221.6410675048828 729.964111328125 222.3687286376953
28.853206634521484 171.35519409179688 69.37789154052734 302.19268798828125
130.1710662841797 395.22882080078125 56.323089599609375 450.4322204589844
113.34734344482422 295.1850280761719 121.88883972167969 325.31500244140625
343.9462585449219 305.1662902832031 389.0168151855469 302.2611083984375
345.9516296386719 320.20880126953125 395.0128479003906 317.2103271484375
469.0729064941406 276.5970153808594 479.3215026855469 258.17889404296875
777.1022338867188 0.9899308681488037 771.920654296875 462.9878845214844
71.59520721435547 300.8149108886719 52.05751419067383 237.98211669921875
340.9297790527344 289.9886169433594 386.9855041503906 286.7913818359375
341.9964599609375 293.9518737792969 387.0472106933594 290.642822265625
460.4229431152344 96.41653442382812 437.7564697265625 103.18441772460938
463.134033203125 125.3408432006836 442.52801513671875 136.09568786621094
451.55572509765625 29.170886993408203 458.4201354980469 87.18692779541016
51.408260345458984 235.8734588623047 30.990398406982422 170.0029754638672
131.6223602294922 399.5029602050781 61.5577507019043 452.734130859375
343.9328308105469 308.8755187988281 390.00738525390625 306.1238098144531
444.4436340332031 531.656982421875 407.6084289550781 500.4623718261719
745.9473876953125 292.144287109375 591.9149169921875 301.6161193847656
150.96087646484375 468.9588623046875 63.82745361328125 551.8185424804688
150.76034545898438 463.745361328125 61.11048126220703 548.1173706054688
149.55960083007812 459.6026306152344 59.38493347167969 543.337646484375
117.40206146240234 294.8832702636719 125.8659439086914 324.0389099121094
152.1313934326172 473.0999450683594 64.59415435791016 557.5794677734375
327.9257507324219 214.30894470214844 373.04949951171875 209.46078491210938
339.95709228515625 282.427734375 385.0037536621094 279.04986572265625
461.8705749511719 114.01364135742188 463.038818359375 125.10127258300781
500.73944091796875 574.5464477539062 565.2717895507812 537.4730834960938
132.9499969482422 403.93524169921875 65.19580841064453 456.2535705566406
156.05348205566406 480.0542907714844 68.38953399658203 566.3955078125
154.91844177246094 519.035888671875 190.07797241210938 598.9656982421875
342.9640197753906 301.4705810546875 388.9554443359375 298.3446350097656
404.5033874511719 599.4488525390625 379.33441162109375 571.6015625
467.0484313964844 149.0714874267578 446.8404541015625 162.76454162597656
602.9810180664062 418.6289978027344 742.009765625 416.703857421875
740.19384765625 190.99948120117188 739.6925659179688 3.998143434524536
12.153282165527344 319.3328857421875 43.25635528564453 303.53582763671875
323.8752136230469 197.87123107910156 369.97503662109375 192.77426147460938
345.9614562988281 316.38067626953125 384.0008544921875 314.01373291015625
336.989990234375 270.8745422363281 383.0159606933594 267.1998291015625
377.6451416015625 572.3077392578125 345.01702880859375 589.033203125
342.0439758300781 297.6506042480469 388.0366516113281 294.5423889160156
338.97119140625 278.63873291015625 384.00372314453125 275.0467224121094
774.5718994140625 471.9946594238281 780.459716796875 0.9932461977005005
253.768798828125 324.963623046875 253.10585021972656 310.94769287109375
746.0033569335938 422.31610107421875 600.9878540039062 423.85296630859375
138.1808624267578 87.20825958251953 209.0571746826172 365.9854736328125
292.3699035644531 599.4212036132812 195.8850555419922 455.07684326171875
325.9065246582031 206.14024353027344 372.0137939453125 201.12672424316406
326.9130554199219 210.18067932128906 373.0303649902344 205.2860565185547
339.94329833984375 286.1585693359375 382.021728515625 283.32232666015625
406.14935302734375 498.8224792480469 373.03338623046875 470.9602966308594
465.3795471191406 140.5409393310547 444.4548645019531 155.2230682373047
536.950439453125 0.9188799262046814 577.0634765625 470.90924072265625
752.1485595703125 507.2284851074219 610.3003540039062 599.4619750976562
1.0916212797164917 523.101318359375 40.952266693115234 487.052978515625
145.92330932617188 446.91400146484375 62.43795394897461 521.3698120117188
148.4114532470703 455.450439453125 59.606266021728516 536.5689697265625
321.93682861328125 185.47940063476562 367.120849609375 179.99575805664062
337.9029235839844 274.8238220214844 383.0083312988281 271.10101318359375
477.4997253417969 256.7187805175781 467.17010498046875 275.0956115722656
502.0260009765625 413.8278503417969 538.0219116210938 412.6969909667969
159.8143310546875 486.3535461425781 137.94589233398438 413.0161437988281
336.0022277832031 267.0265197753906 382.0146484375 263.17510986328125
435.0365295410156 25.19123649597168 402.8731689453125 31.336217880249023
746.0194702148438 315.3643798828125 595.0234375 323.43792724609375
732.93017578125 279.9322814941406 601.9019165039062 288.4994201660156
73.04524230957031 345.83404541015625 45.019222259521484 347.3543701171875
154.30731201171875 476.291015625 66.79562377929688 561.7908325195312
350.0376281738281 526.0776977539062 402.77862548828125 500.54278564453125
336.0041809082031 263.0500183105469 382.0175476074219 259.2103271484375
375.4499816894531 470.4680480957031 446.4210205078125 530.5022583007812
322.2181091308594 48.84227752685547 333.0122375488281 46.04727554321289
315.84130859375 155.77359008789062 359.0240173339844 150.185546875
448.88262939453125 535.7720947265625 383.2846984863281 569.5528564453125
229.97323608398438 334.13720703125 249.98500061035156 333.51654052734375
404.92584228515625 501.84521484375 379.1025390625 514.2140502929688
168.93838500976562 561.859375 134.8993682861328 576.770263671875
324.8887634277344 201.96409606933594 371.00140380859375 197.0129852294922
347.0616455078125 533.943115234375 407.51483154296875 599.44775390625
468.69537353515625 169.7529754638672 449.46929931640625 187.5081787109375
506.072021484375 478.9910888671875 498.0211181640625 413.8737487792969
314.9011535644531 147.33702087402344 359.1112365722656 140.74610900878906
322.0787658691406 189.6828155517578 368.04388427734375 184.38043212890625
451.8329162597656 9.093696594238281 498.892578125 0.4173300862312317
732.9963989257812 410.7255859375 610.97802734375 412.3230895996094
54.78525924682617 542.0736694335938 66.68849182128906 576.7637329101562
126.19043731689453 324.6680908203125 93.65998840332031 344.44061279296875
317.92669677734375 164.4296875 361.97021484375 158.768310546875
322.8707580566406 193.9004364013672 369.0555419921875 188.4724884033203
312.9228820800781 139.50120544433594 354.9995422363281 132.99710083007812
474.35052490234375 212.27333068847656 461.6761474609375 228.52723693847656
565.8934326171875 539.8139038085938 511.10992431640625 571.1919555664062
734.0753173828125 327.5912780761719 606.9813842773438 333.607177734375
315.07586669921875 151.56167602539062 359.08331298828125 145.6168212890625
327.8611755371094 218.73326110839844 373.08514404296875 213.7769317626953
524.0882568359375 0.901522159576416 567.635009765625 482.12353515625
730.4312744140625 14.005078315734863 732.2529296875 218.0066680908203
215.25921630859375 75.9448471069336 223.13702392578125 112.9708480834961
318.9567565917969 168.6544952392578 360.06365966796875 163.50851440429688
471.38848876953125 257.63873291015625 461.27703857421875 274.7544250488281
490.98443603515625 269.80078125 522.1068725585938 267.3670349121094
548.0032348632812 479.5379333496094 507.00518798828125 479.2530212402344
319.88836669921875 177.09213256835938 364.9448547363281 171.5515594482422
579.7182006835938 464.9393615722656 540.52685546875 0.871056318283081
94.48544311523438 592.8519287109375 167.59046936035156 560.0863037109375
116.49564361572266 0.6157111525535583 136.11422729492188 76.97064971923828
327.9920959472656 397.9302978515625 302.9740295410156 400.7713317871094
138.51583862304688 321.1330871582031 129.12362670898438 286.96600341796875
320.9219665527344 181.37794494628906 365.9659118652344 175.72816467285156
338.63616943359375 48.062347412109375 332.7764587402344 13.866947174072266
470.4308166503906 208.53501892089844 454.8074035644531 227.65960693359375
746.516845703125 4.999822616577148 746.5891723632812 216.00048828125
746.77001953125 246.9952850341797 747.0458984375 291.9997253417969
309.86492919921875 120.4353256225586 355.04620361328125 116.53529357910156
240.0459747314453 187.99017333984375 250.5458221435547 237.09710693359375
338.6041564941406 527.3617553710938 265.0899963378906 446.9177551269531
321.4064025878906 17.69635009765625 326.6753234863281 24.748262405395508
459.0584716796875 89.27055358886719 437.0077819824219 94.03594970703125
227.43875122070312 131.90322875976562 237.62490844726562 178.08273315429688
762.6486206054688 248.0463104248047 763.77294921875 208.02171325683594
793.004150390625 369.0000915527344 799.1001586914062 99.00225830078125
129.99459838867188 386.0015869140625 120.16608428955078 352.2427978515625
198.03233337402344 454.9783020019531 292.0029296875 594.998046875
595.9583740234375 295.3293151855469 739.962646484375 286.3973693847656
12.334513664245605 421.5509948730469 22.014934539794922 450.3220520019531
746.9035034179688 316.00048828125 747.4188232421875 415.0030212402344
311.1482849121094 129.9296417236328 339.89532470703125 125.34390258789062
319.9779052734375 172.8308563232422 364.0107727050781 167.08255004882812
464.4118957519531 131.6093292236328 443.50286865234375 145.74388122558594
61.105709075927734 548.1727294921875 151.6757354736328 462.77728271484375
69.65724182128906 568.66064453125 155.88063049316406 482.8800048828125
465.9132995605469 227.9354705810547 474.51153564453125 216.38064575195312
58.223388671875 541.1572265625 148.75433349609375 457.7333984375
127.6678695678711 334.09375 142.2943878173828 385.9169006347656
579.995361328125 467.66241455078125 772.0139770507812 469.0090026855469
66.6789321899414 558.70068359375 153.5464630126953 474.53192138671875
599.163330078125 329.5356140136719 734.0244750976562 324.6798095703125
66.28208923339844 465.6658020019531 136.2976837158203 408.5919494628906
59.550254821777344 533.5050048828125 147.0227813720703 454.02508544921875
63.29954147338867 511.1996154785156 144.28453063964844 440.32513427734375
63.47315216064453 517.4065551757812 145.5125732421875 444.577392578125
308.8144836425781 117.0184326171875 350.0428161621094 109.22663116455078
54.470211029052734 448.63470458984375 129.20082092285156 393.27105712890625
58.36648178100586 528.295654296875 146.23452758789062 449.2607421875
68.20315551757812 475.0209655761719 135.92198181152344 419.9041442871094
69.37395477294922 562.380859375 155.15655517578125 478.1594543457031
450.81842041015625 450.0267333984375 384.6329040527344 0.4651537835597992
66.17589569091797 496.03021240234375 141.22085571289062 432.2598876953125
751.3895874023438 225.01756286621094 752.0802612304688 249.02645874023438
64.23448944091797 453.30517578125 132.11416625976562 401.1485900878906
31.550792694091797 445.7821044921875 125.6546630859375 379.5096435546875
23.387903213500977 445.12054443359375 124.04492950439453 375.0645446777344
249.45761108398438 427.5812072753906 333.06683349609375 518.9388427734375
66.57345581054688 489.4904479980469 140.01263427734375 428.01507568359375
335.9068298339844 258.8941955566406 382.0845642089844 255.0037078857422
60.39738464355469 450.52685546875 131.1322479248047 397.1753234863281
308.03350830078125 12.891288757324219 322.858154296875 17.46025276184082
0.7020280957221985 484.1426086425781 20.71735191345215 477.18670654296875
39.1786003112793 446.2498474121094 126.74871826171875 383.64849853515625
46.930789947509766 446.9050598144531 129.04026794433594 387.05523681640625
734.49609375 180.99400329589844 733.5172119140625 100.0058364868164
136.412109375 505.40655517578125 96.6854019165039 545.6761474609375
64.37060546875 503.27044677734375 141.65296936035156 436.5977478027344
249.7006072998047 238.0673370361328 238.68162536621094 189.07159423828125
594.0984497070312 523.1692504882812 569.3355712890625 537.5767822265625
394.0009765625 368.0655517578125 376.9898376464844 368.31927490234375
467.0025939941406 395.4009094238281 451.99853515625 395.33575439453125
661.0 413.0 717.0 413.0
78.59140014648438 353.3190002441406 47.12088394165039 372.20147705078125
