139
449.6112976074219 275.1616516113281 403.52362060546875 351.5050354003906
399.8585510253906 352.40570068359375 449.14892578125 273.7196960449219
504.7902526855469 599.4822387695312 550.4485473632812 524.6635131835938
332.8708801269531 286.92083740234375 390.428466796875 200.2979278564453
384.5787048339844 197.57115173339844 319.4497985839844 291.99993896484375
0.49000558257102966 577.43603515625 27.28304100036621 553.2071533203125
30.78476905822754 549.759521484375 134.25021362304688 457.1622009277344
553.3544311523438 524.8308715820312 515.6031494140625 586.3699951171875
158.84329223632812 598.8526000976562 223.29232788085938 530.3343505859375
392.0549011230469 203.10140991210938 336.1563415527344 289.81146240234375
688.464599609375 558.755615234375 700.1832885742188 533.0836791992188
405.9673156738281 510.97479248046875 337.6702575683594 599.5169677734375
669.943603515625 599.4364624023438 682.9028930664062 571.4176025390625
334.32391357421875 599.2518310546875 404.1932373046875 509.3728332519531
407.15228271484375 505.3434753417969 425.0350341796875 482.2526550292969
773.9201049804688 104.52423858642578 755.8051147460938 136.31922912597656
142.58103942871094 323.45733642578125 60.58614730834961 386.7592468261719
427.2806091308594 483.2130126953125 409.14215087890625 507.10791015625
441.22735595703125 279.7261047363281 400.51849365234375 336.37261962890625
28.604692459106445 555.5545043945312 1.0237855911254883 580.0267944335938
140.2586669921875 451.2945251464844 182.38311767578125 414.2976379394531
224.1522979736328 533.1428833007812 162.1885223388672 599.1768798828125
767.2107543945312 153.53578186035156 786.7725830078125 120.27804565429688
136.41539001464844 458.4626770019531 32.59763717651367 551.6657104492188
686.187255859375 43.655555725097656 699.3038330078125 12.704963684082031
702.7058715820312 531.8687744140625 689.5912475585938 561.2637939453125
794.8939819335938 67.93921661376953 783.478515625 87.8477783203125
62.564178466796875 391.3258361816406 311.4731140136719 599.6295776367188
307.4576110839844 599.6468505859375 64.8296127319336 396.2032165527344
310.2008056640625 441.1882019042969 228.44715881347656 528.4190673828125
227.5472869873047 525.5708618164062 309.2950134277344 439.3317565917969
0.7232142090797424 321.5871276855469 75.59481048583984 271.39556884765625
183.30511474609375 416.34002685546875 141.64639282226562 453.7203674316406
335.1817321777344 298.8470764160156 391.6123046875 209.85191345214844
682.1991577148438 577.0880126953125 672.4339599609375 599.1917114257812
171.92532348632812 174.4412078857422 0.9345146417617798 182.63311767578125
405.5215148925781 508.650146484375 226.87161254882812 377.1744384765625
63.25058364868164 388.3225402832031 149.96327209472656 320.9527282714844
462.8422546386719 76.96824645996094 429.9984436035156 81.9897689819336
633.96240234375 0.6358819603919983 613.006103515625 60.35306930541992
228.0440673828125 374.9400939941406 405.4224548339844 505.42572021484375
689.9653930664062 0.9860067367553711 677.1553955078125 32.65840148925781
145.69195556640625 317.4180908203125 0.6131662726402283 210.5250244140625
332.2021179199219 281.1152038574219 353.2701416015625 244.1539764404297
516.1566772460938 587.7839965820312 532.5240478515625 599.6561279296875
751.4437255859375 523.3275756835938 656.269287109375 536.0193481445312
799.0106201171875 462.0598449707031 718.9804077148438 476.2494812011719
76.24169158935547 273.3557434082031 0.7551291584968567 324.6395568847656
31.20672035217285 552.7874145507812 79.38086700439453 599.6366577148438
334.9445495605469 8.999244689941406 334.9781494140625 51.00001907348633
408.6554260253906 508.1068115234375 512.0275268554688 583.9624633789062
511.34979248046875 586.5228271484375 407.6356506347656 510.4970703125
0.6100486516952515 433.4822692871094 34.79814529418945 407.73199462890625
127.99737548828125 99.48480224609375 152.00209045410156 99.61479187011719
0.17288728058338165 521.84033203125 29.393442153930664 550.6002807617188
83.26583099365234 268.6372375488281 148.44021606445312 316.3992919921875
84.12995147705078 265.1944580078125 153.7711639404297 218.6575469970703
1.045650839805603 207.93797302246094 81.58228302001953 267.20880126953125
424.06719970703125 55.4587287902832 456.1119384765625 50.764137268066406
250.36041259765625 355.38299560546875 232.32974243164062 372.35040283203125
75.40581512451172 599.6038818359375 0.304627388715744 525.7067260742188
186.23707580566406 233.63681030273438 115.63855743408203 187.55372619628906
161.542724609375 115.70632934570312 170.76307678222656 69.95225524902344
0.6268143653869629 339.4318542480469 20.98145866394043 357.0214538574219
59.93976974487305 386.7624816894531 0.9984753131866455 342.00201416015625
688.5183715820312 562.2015991210938 745.760986328125 599.3681030273438
37.249446868896484 408.3190612792969 0.8350780606269836 436.7890625
253.51206970214844 7.855140686035156 258.02838134765625 54.99728012084961
153.9486083984375 220.9241180419922 86.44078063964844 266.6507568359375
116.52670288085938 185.20059204101562 187.6278839111328 232.04702758789062
307.8295593261719 282.4039001464844 318.95794677734375 287.0996398925781
51.97426986694336 7.561399459838867 8.96946907043457 6.852721214294434
68.69950866699219 0.7521292567253113 126.70877838134766 164.45755004882812
394.13916015625 214.22207641601562 404.46917724609375 207.74867248535156
741.4500122070312 599.8330078125 661.8252563476562 547.2646484375
483.9832763671875 3.8021271228790283 420.9955749511719 4.6822123527526855
169.21339416503906 7.95947265625 179.8617706298828 64.02625274658203
787.57080078125 120.3409194946289 775.1360473632812 104.68627166748047
445.9985046386719 287.52679443359375 463.99835205078125 287.5782470703125
153.1475067138672 322.80145263671875 217.05084228515625 370.277587890625
465.4101867675781 286.2779846191406 472.72174072265625 275.4891357421875
699.3046264648438 12.512194633483887 691.2382202148438 1.5611319541931152
80.86598205566406 5.745079517364502 105.34407806396484 88.89871215820312
218.26931762695312 367.6376037597656 159.19683837890625 323.7351379394531
216.49755859375 99.35287475585938 247.01348876953125 90.0442123413086
799.38427734375 26.647790908813477 775.0209350585938 0.06430479139089584
768.3896484375 404.305908203125 793.8939819335938 381.8794250488281
164.0034942626953 6.264541149139404 89.00130462646484 6.472169399261475
117.94078063964844 134.69529724121094 74.38772583007812 0.22663867473602295
366.1713562011719 310.0747375488281 342.7244567871094 295.80926513671875
396.4552001953125 332.4093322753906 374.57684326171875 315.5491027832031
763.4857788085938 364.5050048828125 711.0813598632812 270.2861633300781
745.6533813476562 462.2748107910156 731.1083984375 469.2268371582031
427.96612548828125 84.73517608642578 463.1579284667969 80.23485565185547
49.35742950439453 169.2574005126953 0.8145630359649658 48.07427978515625
553.0230102539062 436.878173828125 657.8668823242188 456.7038269042969
799.3202514648438 37.69524002075195 764.2090454101562 0.8010320067405701
426.4249572753906 341.47662353515625 418.8292541503906 332.3126525878906
792.4388427734375 593.3014526367188 755.5625 520.73046875
739.8884887695312 468.80072021484375 751.5834350585938 462.25567626953125
454.89715576171875 47.68539810180664 425.0019226074219 50.02446365356445
612.9973754882812 60.38481521606445 799.46875 362.71087646484375
745.6133422851562 448.2356262207031 761.8120727539062 461.23419189453125
387.93988037109375 369.6846008300781 407.96112060546875 371.44281005859375
469.9471435546875 265.0929260253906 455.9310302734375 257.1212463378906
180.72547912597656 186.08145141601562 160.45274353027344 117.75579071044922
379.0538024902344 357.7755432128906 387.7499694824219 368.38531494140625
243.7933349609375 95.12480163574219 217.82456970214844 101.2571029663086
728.8229370117188 462.3625793457031 653.7905883789062 452.61114501953125
446.7153015136719 258.6965637207031 436.836669921875 268.8409729003906
281.6854553222656 292.37054443359375 293.0998840332031 302.0603332519531
446.0160827636719 219.59178161621094 427.9750671386719 220.08209228515625
561.6845092773438 420.22320556640625 687.7491455078125 432.56256103515625
682.8704833984375 572.1512451171875 711.643798828125 600.3822631835938
178.49069213867188 64.10037231445312 167.45591735839844 8.10722541809082
628.994140625 532.9900512695312 669.4807739257812 509.1193542480469
608.34130859375 215.52078247070312 628.107666015625 188.350830078125
533.3897094726562 297.32244873046875 523.772216796875 279.1203308105469
717.0717163085938 429.8260192871094 745.7787475585938 462.08673095703125
287.7666320800781 279.8069763183594 244.2577667236328 260.689208984375
670.8171997070312 510.82354736328125 646.7654418945312 535.7388916015625
702.88037109375 455.2797546386719 728.0344848632812 457.6314392089844
234.7124481201172 271.224853515625 201.3264617919922 228.52664184570312
266.9436340332031 88.26461791992188 303.03814697265625 85.49742889404297
510.995361328125 79.65078735351562 532.0020141601562 79.57844543457031
631.7825927734375 192.8221435546875 611.912841796875 217.11062622070312
734.6806030273438 461.6016540527344 716.13671875 429.91998291015625
655.2725219726562 562.7622680664062 630.1660766601562 533.9827270507812
289.7459411621094 202.791015625 276.73687744140625 218.60614013671875
317.01507568359375 289.95428466796875 305.9048767089844 286.288330078125
698.9566650390625 601.1134033203125 682.324951171875 577.1632080078125
610.8671264648438 407.0123596191406 606.5779418945312 360.8533630371094
456.549560546875 118.94929504394531 458.92132568359375 97.87858581542969
408.38726806640625 369.463623046875 412.3163757324219 366.18157958984375
460.4774169921875 142.86410522460938 457.5447998046875 154.1416778564453
535.7973022460938 273.98883056640625 535.07958984375 287.00439453125
634.0805053710938 435.60992431640625 587.0209350585938 425.8984680175781
434.0621032714844 150.0045166015625 435.1575622558594 134.93875122070312
463.74578857421875 99.09215545654297 471.4036560058594 120.2161865234375
