238
695.968994140625 400.70025634765625 673.7249145507812 477.21075439453125
750.5223999023438 213.8605194091797 725.8733520507812 298.2550964355469
670.3654174804688 488.3995056152344 647.0689697265625 568.0202026367188
670.36181640625 478.3970947265625 693.2048950195312 400.05975341796875
127.0319595336914 136.8625030517578 106.42832946777344 281.9187927246094
690.6177978515625 400.1829833984375 666.193359375 482.6496276855469
677.0313720703125 495.00921630859375 655.730712890625 567.5084838867188
722.9017333984375 297.9714660644531 747.5375366210938 213.1561279296875
268.4676513671875 207.08731079101562 275.7064208984375 168.31861877441406
769.0890502929688 149.73692321777344 753.5760498046875 203.45513916015625
399.73577880859375 483.939453125 415.775390625 413.9485168457031
665.1898193359375 487.05523681640625 641.7796630859375 567.5177612304688
696.3008422851562 389.37835693359375 720.0494995117188 307.72357177734375
722.8612670898438 308.6678161621094 699.2811889648438 389.49859619140625
745.0721435546875 212.0208740234375 720.17626953125 298.0509948730469
762.0335083007812 153.72328186035156 748.195068359375 202.0558624267578
750.88037109375 202.25042724609375 764.3717651367188 154.8212890625
217.15867614746094 370.3362731933594 281.0921936035156 0.32478052377700806
717.2498779296875 308.0732727050781 692.346923828125 392.98162841796875
418.5870361328125 400.9111633300781 432.11456298828125 338.024658203125
684.6654663085938 600.5149536132812 652.2634887695312 571.9712524414062
401.0084533691406 486.7987060546875 236.0474395751953 479.87060546875
644.3159790039062 567.508544921875 667.557861328125 487.8709716796875
114.52294158935547 286.9307861328125 136.71449279785156 133.95858764648438
119.32339477539062 341.4736328125 167.65467834472656 332.20025634765625
249.13507080078125 384.5604553222656 422.20648193359375 400.7991943359375
785.3980712890625 540.9721069335938 797.4130249023438 510.5581970214844
642.5303955078125 567.3721313476562 677.1425170898438 599.912109375
799.6876220703125 516.2401733398438 790.1939086914062 543.4170532226562
111.43831634521484 291.06378173828125 106.20353698730469 327.0296325683594
302.897705078125 0.6262637972831726 274.1724548339844 162.20843505859375
418.9527893066406 413.7539978027344 402.0348815917969 485.7732849121094
471.6016540527344 210.90994262695312 407.66644287109375 493.698486328125
708.9828491210938 542.3590698242188 715.931396484375 523.3402709960938
772.1900024414062 535.0700073242188 782.2664794921875 507.72967529296875
152.82899475097656 0.8344335556030273 134.99082946777344 126.99870300292969
233.0543975830078 475.7750549316406 399.0379333496094 483.14605712890625
593.4073486328125 0.8516621589660645 573.8564453125 78.96407318115234
637.20849609375 568.34912109375 687.6060180664062 393.8861999511719
695.61083984375 539.5388793945312 703.48193359375 515.8280029296875
799.0226440429688 143.60691833496094 767.0148315429688 143.08665466308594
425.0285949707031 516.9130859375 196.00291442871094 510.889404296875
246.8543701171875 390.974365234375 231.8550262451172 476.15057373046875
264.1076354980469 299.0193176269531 248.6617431640625 385.11871337890625
227.68846130371094 482.759765625 284.0884094238281 174.83302307128906
688.6026611328125 390.8857727050781 757.8562622070312 149.95867919921875
799.139892578125 105.55858612060547 779.9356079101562 107.28231048583984
414.91680908203125 413.9630432128906 247.86767578125 399.5316162109375
799.8081665039062 580.849853515625 678.0762939453125 495.31463623046875
756.9076538085938 203.2605438232422 772.181640625 150.05215454101562
89.72860717773438 429.79638671875 80.57777404785156 486.932373046875
145.80172729492188 364.2746887207031 139.72845458984375 404.1110534667969
191.90040588378906 66.98466491699219 184.94578552246094 112.14564514160156
483.1844177246094 206.8134307861328 530.3512573242188 0.6228415369987488
785.4010009765625 0.544104814529419 744.9890747070312 142.28199768066406
460.0047912597656 560.2677612304688 515.00244140625 560.6286010742188
799.87890625 565.6958618164062 670.3866577148438 478.4262390136719
215.01095581054688 122.00179290771484 222.72085571289062 74.79110717773438
655.9363403320312 569.0747680664062 692.77001953125 600.4442749023438
667.6158447265625 555.19580078125 662.6281127929688 570.8817749023438
719.6412353515625 526.211669921875 714.3870849609375 542.1277465820312
721.4229736328125 500.51446533203125 739.5950927734375 441.4910888671875
682.4844970703125 479.2641296386719 799.9288940429688 556.589111328125
776.4573974609375 515.8165893554688 770.0781860351562 534.6884155273438
748.017578125 147.5208740234375 799.0588989257812 149.39642333984375
199.28158569335938 19.04330825805664 195.4099884033203 44.21685028076172
345.11871337890625 486.8076171875 405.10528564453125 490.0558776855469
423.06915283203125 405.2320556640625 247.95809936523438 389.46533203125
512.9964599609375 340.2333068847656 592.3527221679688 1.3167294263839722
214.17269897460938 364.8234558105469 170.89828491210938 335.2246398925781
508.9124755859375 0.5536289811134338 497.5066833496094 53.89451217651367
548.7122192382812 582.923095703125 704.2359619140625 0.7958798408508301
799.2214965820312 206.92098999023438 757.1661987304688 202.44024658203125
63.88714599609375 599.4760131835938 101.29945373535156 372.55474853515625
171.7017364501953 599.59814453125 219.46156311035156 383.88079833984375
231.02676391601562 482.32366943359375 344.0081787109375 486.79351806640625
570.79296875 91.94804382324219 562.7648315429688 123.94098663330078
646.8729248046875 115.70524597167969 520.4489135742188 599.1173706054688
677.127685546875 0.7701064348220825 647.2676391601562 114.07054138183594
701.7235717773438 411.9185485839844 682.1549682617188 478.34027099609375
715.5661010742188 524.8551635742188 710.159912109375 541.0534057617188
168.75885009765625 407.1243591308594 175.1929473876953 367.86773681640625
226.21339416503906 52.875789642333984 230.1623077392578 27.86772346496582
409.9593811035156 329.29644775390625 264.80731201171875 309.40618896484375
273.09442138671875 252.017333984375 265.0167236328125 296.0030822753906
436.4947509765625 331.8904724121094 421.4438171386719 401.3130187988281
545.9400634765625 188.98558044433594 456.7194519042969 559.9324951171875
473.3262939453125 159.0684814453125 464.3453063964844 201.8625946044922
441.2221984863281 323.3649597167969 264.8109436035156 299.3912353515625
407.0465087890625 493.8341979980469 234.00279235839844 486.9298400878906
792.9019775390625 545.629638671875 799.469482421875 526.1583862304688
216.1365203857422 91.8987045288086 204.57489013671875 76.31539916992188
267.2185363769531 80.03744506835938 259.6939697265625 123.94756317138672
121.22818756103516 350.304443359375 96.54739379882812 377.69091796875
464.2587890625 208.8179473876953 457.4316101074219 236.6147918701172
493.67724609375 68.14796447753906 476.2667541503906 147.8397979736328
384.0537414550781 390.793701171875 396.0443115234375 335.7916564941406
623.15478515625 107.48387145996094 572.8775634765625 92.4082260131836
705.8972778320312 517.9663696289062 698.6173706054688 540.2021484375
10.718507766723633 0.968452513217926 0.6330590844154358 90.95887756347656
182.21632385253906 547.0400390625 172.58139038085938 599.1076049804688
266.0330810546875 295.7652282714844 408.0318298339844 315.7740173339844
404.5857849121094 489.9067077636719 467.7584533691406 209.39601135253906
747.8258056640625 212.17434692382812 799.1790771484375 219.79275512695312
464.2157897949219 202.9707489013672 286.07952880859375 165.62071228027344
460.1950988769531 237.97164916992188 281.7869873046875 204.12278747558594
799.6373901367188 439.66424560546875 694.6777954101562 389.57965087890625
106.21183776855469 281.43243408203125 0.8388049602508545 267.1928405761719
168.86651611328125 382.18609619140625 158.65972900390625 371.3196105957031
222.82632446289062 74.64627075195312 192.59117126464844 66.52136993408203
523.584228515625 599.1526489257812 679.860107421875 0.9634585380554199
613.6469116210938 576.18310546875 776.5073852539062 0.8605503439903259
784.728515625 508.9071350097656 775.3095703125 536.4478759765625
269.6006774902344 174.94378662109375 265.1053466796875 206.87403869628906
544.050537109375 0.5502402186393738 424.9573059082031 516.7594604492188
780.9609985351562 508.93280029296875 726.9300537109375 506.672607421875
782.036376953125 107.78776550292969 801.042724609375 34.529972076416016
86.79027557373047 392.5453796386719 92.68281555175781 427.22381591796875
110.87812042236328 290.9320068359375 0.7990280389785767 276.5368347167969
195.08096313476562 45.57787322998047 210.5132598876953 48.537784576416016
280.0892028808594 5.015356540679932 272.6990661621094 47.94819641113281
460.4291687011719 119.1025619506836 456.4237976074219 135.8623046875
799.5123901367188 320.2151184082031 722.274658203125 298.0431213378906
272.229736328125 50.0380973815918 268.088134765625 75.01461791992188
792.0489501953125 503.0398864746094 724.0217895507812 499.57257080078125
702.9163208007812 267.68365478515625 694.4085693359375 296.82733154296875
41.052982330322266 240.37591552734375 5.966271877288818 237.39730834960938
94.6600112915039 389.1534729003906 97.85131072998047 417.01702880859375
156.36770629882812 443.732177734375 183.98048400878906 429.96087646484375
276.5426330566406 179.11724853515625 270.2887878417969 208.06239318847656
276.640625 169.7919921875 482.3877258300781 211.0530242919922
513.9998168945312 562.8834228515625 460.9998474121094 562.8741455078125
542.8323364257812 221.80519104003906 594.8666381835938 232.64035034179688
799.491455078125 477.1319580078125 792.3935546875 503.5686950683594
694.9636840820312 511.3731689453125 688.7936401367188 527.3073120117188
739.9378051757812 440.3939208984375 799.6592407226562 449.8258361816406
218.6851348876953 383.4485168457031 212.68161010742188 365.10418701171875
158.92376708984375 369.00177001953125 169.58494567871094 380.4555358886719
471.26202392578125 511.063232421875 512.1050415039062 341.7840576171875
488.8593444824219 453.3116455078125 536.9497680664062 458.4682922363281
671.2841186523438 599.78369140625 637.7647094726562 569.1629028320312
49.088470458984375 257.3187255859375 11.680431365966797 252.46080017089844
96.31548309326172 376.5301513671875 104.00997161865234 365.3204345703125
187.08038330078125 112.5844497680664 201.91232299804688 115.4532699584961
410.95452880859375 328.2481994628906 435.6744689941406 332.7769470214844
455.3586120605469 246.62913513183594 438.62481689453125 320.68927001953125
539.1017456054688 455.6448059082031 490.0031433105469 451.95794677734375
566.1746215820312 345.71514892578125 514.1835327148438 338.6496276855469
683.027099609375 512.0076904296875 671.3656616210938 553.103759765625
699.2411499023438 403.5785217285156 736.71484375 421.59320068359375
0.7860853672027588 110.03582000732422 127.7409896850586 136.25418090820312
137.0543670654297 128.0078887939453 155.4903564453125 0.9260645508766174
175.02017211914062 366.80670166015625 146.9088592529297 363.8734130859375
229.2930908203125 28.352941513061523 199.29669189453125 19.340951919555664
574.858154296875 91.4934310913086 623.1767578125 105.38525390625
650.7832641601562 568.3616943359375 672.9783325195312 491.2817077636719
180.48902893066406 338.1535949707031 179.0395965576172 323.8943176269531
288.15716552734375 119.21258544921875 298.3232421875 63.87567138671875
725.6550903320312 310.0943298339844 799.5131225585938 333.3718566894531
781.2189331054688 442.0824279785156 742.2880249023438 432.79290771484375
745.2811889648438 426.375732421875 764.0719604492188 434.84033203125
0.8527125120162964 99.68280029296875 135.07838439941406 128.63661193847656
279.68792724609375 214.69410705566406 454.8236389160156 246.95736694335938
596.2460327148438 229.8247833251953 542.106689453125 218.49026489257812
173.0113525390625 433.7961730957031 121.94697570800781 430.95208740234375
291.5294494628906 450.7718811035156 284.70172119140625 464.8553771972656
286.2503662109375 166.28448486328125 296.6932678222656 120.38524627685547
56.34165954589844 238.89566040039062 13.022342681884766 231.86239624023438
476.2875671386719 147.81590270996094 371.1727600097656 122.28864288330078
145.8520965576172 352.2539978027344 178.6320037841797 356.1201477050781
39.75529098510742 253.4168243408203 106.82707214355469 265.001220703125
366.07073974609375 120.69851684570312 299.956787109375 105.18416595458984
728.015380859375 503.6556701660156 785.0357055664062 506.19903564453125
452.9971008300781 566.3051147460938 426.99945068359375 566.056884765625
677.2318725585938 477.0672912597656 699.2035522460938 401.3492431640625
770.9722290039062 135.32423400878906 799.0438232421875 135.9134063720703
497.3235168457031 54.92683029174805 389.20135498046875 22.332046508789062
702.0277709960938 391.42572021484375 725.9487915039062 309.2762756347656
795.7838134765625 504.20513916015625 799.2247314453125 491.0588073730469
2.712979316711426 239.26634216308594 32.862632751464844 243.08465576171875
699.3761596679688 442.0809020996094 734.7906494140625 452.6983642578125
728.9669189453125 298.9903259277344 753.536865234375 214.86473083496094
133.04750061035156 125.00703430175781 143.11268615722656 57.01668167114258
1.866395354270935 97.98446655273438 13.137728691101074 1.0160092115402222
139.2772216796875 134.0402374267578 122.15609741210938 252.0226593017578
408.0511169433594 146.7840576171875 296.6644287109375 120.4176025390625
512.9315185546875 341.5018310546875 565.900390625 348.72998046875
410.8802185058594 429.2564392089844 398.0721130371094 414.0943603515625
142.8176727294922 136.92225646972656 216.88824462890625 151.56529235839844
151.92698669433594 315.47076416015625 173.9722137451172 314.4181213378906
288.84130859375 411.80035400390625 316.1553649902344 417.2164306640625
431.0 568.0029907226562 458.995361328125 567.886474609375
304.6309814453125 62.15169906616211 315.6871337890625 16.165203094482422
424.32977294921875 349.14532470703125 425.9615783691406 334.2143859863281
472.717529296875 5.935928821563721 465.15838623046875 39.26274108886719
0.7418981194496155 260.9563293457031 58.996315002441406 266.0422058105469
185.94342041015625 118.24751281738281 214.07366943359375 124.67774963378906
296.3205871582031 107.06212615966797 303.9305725097656 67.79275512695312
350.6871337890625 425.1947021484375 344.2469177246094 414.8463134765625
795.9979248046875 509.1770324707031 785.9876098632812 509.0599365234375
260.7761535644531 203.1334228515625 265.9287109375 173.15963745117188
740.6434326171875 453.8628845214844 757.6348876953125 460.8836669921875
367.3699951171875 15.784294128417969 318.0672302246094 0.7790732979774475
412.1166687011719 144.49630737304688 472.8686218261719 158.5672149658203
0.6561772227287292 70.95845794677734 8.616186141967773 5.074446678161621
718.975341796875 253.69056701660156 712.025146484375 276.7055969238281
145.6693878173828 318.3140869140625 138.0782928466797 333.0403747558594
221.97630310058594 302.1810607910156 170.93434143066406 295.5018005371094
778.545654296875 132.21351623535156 785.1701049804688 115.28397369384766
167.57749938964844 334.1976013183594 178.03936767578125 337.8883972167969
439.7161865234375 154.1931610107422 411.63970947265625 147.5146484375
433.562744140625 524.1306762695312 555.1097412109375 0.7932316064834595
637.2637939453125 599.7470092773438 614.0834350585938 576.9006958007812
105.0788345336914 326.0104675292969 109.59983825683594 291.9468994140625
115.8897705078125 445.0048522949219 115.14030456542969 427.9938049316406
411.63726806640625 84.80249786376953 437.73028564453125 96.59672546386719
739.8859252929688 466.7982482910156 730.8309936523438 476.84771728515625
286.5994567871094 260.7447204589844 273.17889404296875 253.52670288085938
174.00881958007812 317.327880859375 156.0119171142578 317.0916748046875
165.1138916015625 309.6868591308594 145.13096618652344 317.3418884277344
297.0063781738281 116.97351837158203 408.3017578125 143.74551391601562
536.6295166015625 63.1450080871582 526.9893188476562 104.99754333496094
483.5687255859375 163.13406372070312 474.05670166015625 203.48483276367188
719.4524536132812 397.0310363769531 749.0656127929688 410.8595275878906
186.66664123535156 319.6640625 166.25918579101562 309.4805908203125
513.81298828125 28.72856330871582 506.8961486816406 58.976253509521484
263.8106689453125 416.98419189453125 277.8675537109375 419.6884765625
698.6176147460938 599.0711669921875 697.8934936523438 585.0054931640625
714.93896484375 277.2768859863281 721.4671020507812 255.1377410888672
348.12200927734375 282.582763671875 332.95672607421875 278.1479797363281
543.37158203125 36.843666076660156 537.8096923828125 59.2014274597168
520.3663940429688 0.8803952932357788 515.4207153320312 27.079418182373047
552.1063232421875 411.02923583984375 532.539306640625 482.14837646484375
192.99215698242188 529.3595581054688 341.0089416503906 532.5900268554688
299.12890625 439.9194030761719 306.4911804199219 451.6928405761719
558.5109252929688 599.7365112304688 537.4855346679688 585.7747802734375
606.5333251953125 196.13412475585938 591.6869506835938 255.17274475097656
633.7686767578125 479.92633056640625 627.0523071289062 501.01666259765625
