304
702.58056640625 488.73443603515625 704.8174438476562 476.77874755859375
708.5330200195312 463.696044921875 714.6163940429688 434.33489990234375
732.9819946289062 450.7501525878906 723.097412109375 491.0238952636719
774.4683837890625 186.87368774414062 746.4328002929688 304.865234375
787.9573974609375 484.0562744140625 695.0211181640625 413.6520690917969
667.7268676757812 439.1686706542969 658.4600830078125 479.10675048828125
693.314208984375 416.8983154296875 796.79150390625 495.8929443359375
672.7108154296875 444.1593933105469 664.3799438476562 481.3094482421875
728.9378662109375 503.6874084472656 747.9808959960938 499.9038391113281
771.02490234375 478.7479248046875 761.9168701171875 513.978515625
776.1712646484375 474.7607727050781 790.105224609375 431.71038818359375
455.38555908203125 337.0663146972656 448.670166015625 376.1152648925781
728.01904296875 481.0047912597656 735.0313720703125 453.00787353515625
759.1758422851562 336.5353088378906 785.13134765625 231.03231811523438
447.3948059082031 381.0662841796875 440.48211669921875 422.248779296875
707.9484252929688 262.7591857910156 702.377197265625 287.0863952636719
731.1593627929688 366.6075439453125 717.6583862304688 429.9271545410156
765.6796264648438 448.9414367675781 768.4306030273438 433.8959045410156
745.8115844726562 307.9537353515625 734.2455444335938 355.0602722167969
172.71044921875 269.1673583984375 175.8592987060547 236.98623657226562
678.3974609375 392.0901184082031 669.1161499023438 433.0263366699219
778.75830078125 299.939453125 774.0426025390625 318.7601013183594
245.7027130126953 387.0906066894531 293.6200866699219 318.7336730957031
397.794189453125 269.828125 389.5119323730469 327.930419921875
689.680908203125 342.9270935058594 679.8950805664062 385.74749755859375
700.74462890625 293.9422607421875 691.223876953125 336.0506286621094
172.4710235595703 250.5311279296875 24.690353393554688 295.99346923828125
683.4395141601562 488.219970703125 608.1902465820312 482.4980163574219
675.4308471679688 435.41436767578125 709.5358276367188 466.1898498535156
789.9893188476562 254.7450408935547 780.37841796875 292.84320068359375
234.666015625 245.13351440429688 172.29608154296875 269.17376708984375
799.001953125 172.48728942871094 778.9982299804688 172.56854248046875
799.3463745117188 407.07562255859375 790.0216064453125 449.786376953125
267.2032165527344 286.20672607421875 307.5534973144531 246.54574584960938
565.8373413085938 289.96759033203125 592.6983642578125 155.13912963867188
671.5823974609375 434.1340637207031 680.7789916992188 394.1793212890625
444.72467041015625 383.9508056640625 463.4570007324219 279.0816345214844
661.1744384765625 480.0391540527344 669.6790771484375 442.1524353027344
680.4891967773438 412.86798095703125 674.6583862304688 435.4286193847656
748.6932983398438 379.4149475097656 758.0440063476562 341.2558288574219
767.0372924804688 503.009521484375 773.1581420898438 479.0403747558594
412.6049499511719 382.1179504394531 415.9443054199219 364.9891357421875
433.96270751953125 587.9224243164062 410.98773193359375 598.9744873046875
461.2964782714844 306.0559387207031 456.0231018066406 334.0043640136719
560.4859619140625 291.89971923828125 549.1470947265625 350.0286865234375
685.7445068359375 337.16748046875 702.6218872070312 262.139892578125
783.0352783203125 427.3371276855469 789.5948486328125 407.1936950683594
343.2547912597656 425.0475158691406 324.2643737792969 526.86279296875
268.587158203125 597.9508056640625 453.9979248046875 524.9947509765625
592.485595703125 281.09686279296875 553.9295043945312 474.38751220703125
197.67135620117188 319.08013916015625 270.6878662109375 268.5489807128906
617.6179809570312 168.1990966796875 665.2647705078125 176.47579956054688
663.9795532226562 436.2134704589844 655.0862426757812 477.018798828125
656.6683959960938 477.1517028808594 665.5263671875 438.11944580078125
678.1912841796875 320.55914306640625 673.7696533203125 338.70013427734375
704.37451171875 287.8603820800781 709.71484375 263.93634033203125
778.5194091796875 326.8804626464844 754.8679809570312 421.9671630859375
652.0650024414062 478.0145568847656 661.7176513671875 434.9367370605469
31.36072540283203 152.0229949951172 40.98931121826172 0.9355903267860413
548.65185546875 352.932861328125 531.8671264648438 439.974365234375
693.4945068359375 337.8869323730469 703.0344848632812 295.2313537597656
735.0056762695312 360.9741516113281 686.5750122070312 336.8458557128906
759.7028198242188 531.0131225585938 757.9780883789062 491.9568176269531
799.099853515625 298.0260925292969 766.8245239257812 421.4310302734375
786.1426391601562 405.7807312011719 780.911865234375 426.23321533203125
26.76451301574707 229.92715454101562 129.79800415039062 218.22198486328125
546.44873046875 347.66363525390625 554.4251708984375 310.8753662109375
689.4348754882812 343.0331726074219 731.4461669921875 366.0124816894531
177.61813354492188 462.46002197265625 75.64620208740234 599.4808959960938
726.6102294921875 122.90560913085938 697.5520629882812 242.8915252685547
726.9453735351562 485.7095031738281 744.9923095703125 487.09954833984375
736.5615234375 353.8759460449219 750.958740234375 361.0824279785156
0.8295088410377502 253.1256103515625 22.18741798400879 248.96119689941406
269.1932373046875 421.6213684082031 286.6963806152344 384.3268127441406
336.3523864746094 245.9050750732422 339.1208801269531 227.01771545410156
345.9245300292969 524.0855102539062 376.9158020019531 522.8638916015625
630.983154296875 90.9967269897461 609.9855346679688 198.9971923828125
674.5961303710938 389.3529052734375 665.5806884765625 430.1283874511719
663.8213500976562 433.409423828125 673.6692504882812 389.60003662109375
771.062255859375 476.91888427734375 712.8385009765625 432.2103271484375
752.5391845703125 358.933349609375 738.1676025390625 351.6684875488281
321.06744384765625 533.1677856445312 333.5494079589844 453.7719421386719
483.095703125 66.15953063964844 479.3472900390625 91.90496826171875
785.7517700195312 230.96548461914062 799.1692504882812 232.65988159179688
132.00161743164062 224.0187530517578 0.937804102897644 235.27586364746094
326.50970458984375 224.9305419921875 323.7924499511719 244.1122589111328
427.0671691894531 538.1712646484375 289.1064453125 592.2714233398438
403.770751953125 499.2037658691406 408.0513000488281 483.0135498046875
423.0366516113281 240.84007263183594 419.99456787109375 259.16510009765625
529.3974609375 436.70257568359375 537.0199584960938 395.63250732421875
538.1910400390625 389.84197998046875 545.2221069335938 353.8480529785156
720.180908203125 415.7336120605469 674.7578735351562 384.88409423828125
746.4486694335938 302.61016845703125 699.2069702148438 287.35888671875
781.9223022460938 161.90176391601562 799.048828125 160.68995666503906
219.95523071289062 105.28691864013672 192.01141357421875 100.92684173583984
458.7564392089844 599.366455078125 415.3304443359375 570.5028686523438
413.6127014160156 571.5665283203125 434.9123840332031 586.128173828125
462.9548034667969 144.26377868652344 442.0544128417969 140.68252563476562
619.051513671875 160.69302368164062 666.0703735351562 168.58038330078125
635.9613647460938 476.3164367675781 650.9815063476562 478.15142822265625
674.854248046875 385.19061279296875 684.5858154296875 341.57696533203125
696.3662109375 294.0825500488281 687.35009765625 334.07891845703125
700.63623046875 293.0106506347656 744.1213989257812 308.6626892089844
777.995361328125 172.6475830078125 799.0443115234375 172.37103271484375
440.063720703125 140.6159210205078 423.0348205566406 137.79010009765625
320.5751037597656 538.7649536132812 266.6703796386719 586.8717041015625
319.18743896484375 368.87286376953125 321.85540771484375 351.8209228515625
415.65386962890625 453.68194580078125 404.1253356933594 498.546142578125
432.58477783203125 260.9309997558594 435.76483154296875 241.79473876953125
604.1876831054688 487.82489013671875 688.6607666015625 95.9268798828125
682.1140747070312 316.2491149902344 695.7708740234375 255.17237854003906
666.4059448242188 479.524658203125 701.2447509765625 489.1104736328125
680.7113647460938 394.8750305175781 717.0865478515625 419.8740234375
34.1530876159668 242.8384246826172 0.6274974942207336 248.9599151611328
43.58382797241211 0.971450924873352 32.88090133666992 156.99183654785156
0.584484875202179 336.938720703125 153.61749267578125 277.02301025390625
369.96551513671875 129.22274780273438 325.9369201660156 122.40758514404297
538.8018798828125 395.3844299316406 448.6448059082031 382.48193359375
627.0489501953125 301.5936584472656 605.0075073242188 298.9376220703125
646.3568725585938 475.30657958984375 681.0450439453125 321.78424072265625
219.09454345703125 349.4336242675781 195.0955810546875 345.42742919921875
190.96202087402344 92.23763275146484 469.20550537109375 136.7144012451172
449.1106872558594 377.2410583496094 537.1343994140625 390.07843017578125
588.0658569335938 479.5383605957031 559.9252319335938 475.5240478515625
694.9219360351562 44.82383728027344 630.5916748046875 73.3349609375
784.0846557617188 530.9968872070312 764.2214965820312 512.7587280273438
44.395835876464844 421.5214538574219 120.2164077758789 363.96771240234375
256.2186584472656 318.29998779296875 223.68487548828125 354.61358642578125
297.3817138671875 316.87615966796875 117.19647979736328 601.0269775390625
418.9970397949219 137.01968383789062 377.0484313964844 130.67962646484375
403.2314453125 363.8870849609375 400.7019348144531 381.1031188964844
441.229736328125 586.450439453125 458.752197265625 577.51416015625
189.90794372558594 100.57774353027344 469.30291748046875 145.09909057617188
456.99267578125 334.0488586425781 546.0905151367188 347.3958740234375
608.8499755859375 114.9685287475586 600.8359375 153.1753387451172
671.3668823242188 336.67095947265625 674.8143310546875 319.5596618652344
138.81834411621094 209.50706481933594 0.9132120013237 226.28672790527344
559.8367919921875 474.1404724121094 587.9759521484375 478.16790771484375
682.5048217773438 386.1158752441406 691.8959350585938 345.2056579589844
757.1688232421875 249.05999755859375 710.0716552734375 240.6011505126953
734.8925170898438 138.23619079589844 787.1245727539062 130.8853759765625
785.748291015625 457.39007568359375 781.4024658203125 476.8666687011719
23.98304557800293 248.7999725341797 19.200841903686523 297.0199279785156
309.32318115234375 349.9103698730469 307.0416259765625 367.137939453125
379.1905212402344 396.8552551269531 366.31243896484375 468.8770446777344
480.8756103515625 138.8166046142578 459.122314453125 272.18304443359375
433.0625915527344 367.4839782714844 473.5360107421875 137.0941619873047
599.9776000976562 157.8014373779297 542.4742431640625 453.89788818359375
787.7005615234375 323.9295349121094 799.6491088867188 273.1527404785156
238.9415283203125 108.37867736816406 223.9891815185547 106.07005310058594
414.2781066894531 599.5760498046875 436.42626953125 588.8829345703125
685.5796508789062 341.35064697265625 676.31884765625 383.0707702636719
793.1424560546875 109.81208801269531 799.0169067382812 83.00370788574219
18.582521438598633 297.71014404296875 0.5315274000167847 303.5525817871094
139.07164001464844 537.0458374023438 189.56959533691406 458.085205078125
422.34088134765625 82.34027099609375 411.8497009277344 92.84996032714844
437.3819274902344 587.8777465820312 454.3956298828125 599.8582763671875
547.9110717773438 352.607666015625 456.5269775390625 339.23175048828125
687.653564453125 462.9306640625 684.0742797851562 480.8147277832031
799.9554443359375 517.0296020507812 774.2183227539062 504.5497131347656
703.1121826171875 40.2448844909668 791.4412231445312 -0.2198016345500946
25.392730712890625 296.09130859375 28.55177879333496 247.90505981445312
131.9548797607422 395.16259765625 -0.11745686829090118 503.63946533203125
365.19390869140625 489.8526611328125 384.0256652832031 386.8218994140625
531.1204223632812 440.15655517578125 439.8391418457031 427.1269836425781
752.1405029296875 485.009033203125 727.3551635742188 481.494873046875
784.562255859375 456.5951843261719 798.8980102539062 467.1386413574219
162.1805877685547 357.8657531738281 200.2582550048828 330.35748291015625
324.02191162109375 121.85868072509766 276.0884094238281 114.4295654296875
301.47674560546875 315.5755920410156 289.91571044921875 295.4733581542969
303.9032287597656 254.64324951171875 397.7354431152344 268.75872802734375
779.935791015625 322.4060363769531 764.0177001953125 319.88812255859375
31.947668075561523 200.13253784179688 39.440311431884766 90.02996063232422
174.77914428710938 400.7843322753906 158.96035766601562 416.98486328125
410.87664794921875 480.4079284667969 434.46661376953125 371.8840637207031
441.1081848144531 419.4029846191406 529.2276611328125 436.85009765625
462.822265625 296.1891784667969 554.8587036132812 309.9452209472656
556.3388061523438 305.72344970703125 463.3155212402344 291.87982177734375
717.887451171875 514.3972778320312 672.851806640625 489.4615173339844
754.1716918945312 270.2667541503906 703.1586303710938 258.32257080078125
0.7715920805931091 244.39923095703125 35.91226577758789 239.3851318359375
53.713584899902344 421.5712890625 9.205368041992188 451.3074035644531
166.29087829589844 204.7960662841797 199.2970428466797 212.77053833007812
212.1217498779297 435.06854248046875 196.7283935546875 462.41009521484375
274.0306091308594 113.79949951171875 241.0362091064453 108.76277923583984
275.8485107421875 487.2828674316406 326.0775451660156 443.69927978515625
389.2980041503906 327.8796081542969 300.09234619140625 315.3428649902344
792.7955322265625 112.95186614990234 784.7925415039062 146.951171875
91.1630630493164 599.8521728515625 104.50764465332031 581.6392211914062
12.19386100769043 565.2014770507812 149.04530334472656 427.04486083984375
468.1083068847656 139.3236541748047 190.8509063720703 94.93122100830078
591.9334716796875 294.9891357421875 600.90771484375 239.9849395751953
631.1452026367188 73.06648254394531 580.1351318359375 65.13119506835938
31.116962432861328 114.9503173828125 26.380245208740234 199.13392639160156
138.0107879638672 267.0379943847656 171.43768310546875 257.54046630859375
195.5908966064453 50.04426574707031 199.18882751464844 2.0141451358795166
765.4142456054688 512.9503784179688 798.7088623046875 533.4722900390625
473.8000793457031 134.3318634033203 483.61163330078125 81.11276245117188
476.96282958984375 566.9226684570312 535.01513671875 539.0314331054688
763.8184814453125 322.6538391113281 786.9784545898438 325.1961669921875
80.6162109375 427.5423583984375 0.6600697040557861 494.59466552734375
247.5062255859375 599.5025634765625 262.119873046875 555.706298828125
556.0423583984375 287.7163391113281 466.1053771972656 274.2939147949219
187.51608276367188 599.2614135742188 202.4725341796875 569.7328491210938
714.426513671875 257.1065673828125 754.2098999023438 266.0681457519531
799.3489379882812 63.15302276611328 733.0648193359375 83.214111328125
377.0018005371094 526.0489501953125 346.0072937011719 527.1972045898438
414.10107421875 95.4531021118164 388.0661315917969 90.64213562011719
562.1697998046875 259.8652648925781 503.8302307128906 251.13438415527344
193.6243133544922 569.3700561523438 224.73907470703125 501.422607421875
339.0765075683594 530.6126708984375 321.7227478027344 532.77978515625
471.7825622558594 251.4294891357422 541.1549682617188 261.98126220703125
701.8011474609375 260.7789306640625 752.7967529296875 273.796142578125
164.99493408203125 371.091796875 202.04771423339844 373.1345520019531
220.64308166503906 433.7491455078125 245.84561157226562 397.8914794921875
592.5289306640625 153.12338256835938 604.7047729492188 100.93112182617188
664.875 170.80413818359375 618.7459106445312 163.63475036621094
119.88836669921875 564.9278564453125 137.04002380371094 538.3798217773438
200.84295654296875 1.9482697248458862 573.3964233398438 63.64479064941406
285.43267822265625 294.98443603515625 266.95263671875 287.11114501953125
346.9979248046875 319.0182189941406 367.07861328125 321.3118896484375
547.4830932617188 467.92181396484375 621.4720458984375 89.3333511352539
605.9439086914062 300.4189453125 626.968505859375 303.2350158691406
788.9937744140625 105.96483612060547 746.1004028320312 113.56661224365234
0.5501204133033752 307.5478820800781 113.26497650146484 272.62750244140625
23.727153778076172 272.9842529296875 24.880373001098633 252.99310302734375
0.0295143723487854 482.725341796875 55.57168197631836 440.43743896484375
459.8113708496094 276.2520751953125 565.815673828125 292.2232666015625
468.10400390625 518.2349853515625 335.8294677734375 500.254638671875
757.3558959960938 491.6383361816406 751.87841796875 486.111572265625
721.953125 202.89051818847656 768.0359497070312 205.31663513183594
480.13861083984375 205.10269165039062 507.1128845214844 209.26910400390625
502.058837890625 250.57814025878906 473.90899658203125 246.6525115966797
542.1411743164062 453.9774169921875 424.0453186035156 437.6716613769531
572.1422119140625 214.12518310546875 494.90716552734375 201.5710906982422
783.8592529296875 146.663818359375 726.8596801757812 152.66819763183594
12.250761985778809 446.0962829589844 39.553077697753906 423.4609375
771.419677734375 433.1062927246094 764.1558837890625 461.7862243652344
225.687744140625 527.8489379882812 191.02182006835938 599.494384765625
209.35818481445312 565.145751953125 228.37001037597656 573.1175537109375
595.0160522460938 360.89825439453125 614.0171508789062 363.89093017578125
325.10577392578125 527.1153564453125 339.06182861328125 527.898681640625
183.8137664794922 169.19546508789062 456.0611572265625 211.60751342773438
728.1264038085938 121.74827575683594 793.1297607421875 110.76802825927734
110.84329223632812 599.5657348632812 151.94827270507812 538.29443359375
235.03530883789062 311.8505554199219 258.16180419921875 317.3153076171875
432.32275390625 372.23748779296875 428.8619079589844 391.5138244628906
460.9559326171875 598.0476684570312 483.0474548339844 597.0254516601562
543.0697631835938 215.49673461914062 569.9689331054688 219.22402954101562
614.7373046875 412.9443359375 664.140380859375 179.8178253173828
414.01275634765625 498.0007019042969 415.9177551269531 463.9953918457031
6.078006744384766 574.4094848632812 11.997775077819824 500.99981689453125
367.83697509765625 317.16546630859375 389.552001953125 320.202880859375
464.3396911621094 273.23040771484375 484.1830139160156 157.85948181152344
236.7490997314453 512.2207641601562 264.994873046875 539.9879760742188
553.0179443359375 529.8696899414062 470.9223327636719 518.56396484375
486.8780212402344 417.4619445800781 507.0553283691406 422.7905578613281
551.0443725585938 581.981689453125 558.3480224609375 599.6817016601562
555.28369140625 478.0727233886719 419.4304504394531 458.0755920410156
539.9205322265625 264.5350036621094 471.9349670410156 254.4377899169922
490.7840270996094 593.8277587890625 527.2059326171875 587.117919921875
537.1629028320312 584.020263671875 550.151123046875 581.946533203125
799.4186401367188 81.21714782714844 695.717041015625 100.7976303100586
326.9667053222656 440.5544738769531 340.117431640625 439.5719909667969
5.866517066955566 505.9900207519531 0.8598297238349915 572.989501953125
491.7103271484375 122.27352142333984 495.4215393066406 99.06741333007812
787.0805053710938 451.8813781738281 799.477294921875 460.29693603515625
493.0832214355469 201.35655212402344 480.8990478515625 199.780517578125
489.07110595703125 228.5480499267578 539.0916137695312 236.41757202148438
548.3040161132812 331.079833984375 496.10321044921875 307.76885986328125
422.773193359375 443.2600402832031 552.9554443359375 466.69183349609375
281.09063720703125 415.294921875 311.9660339355469 419.26409912109375
629.2742309570312 94.14208984375 483.373046875 68.57819366455078
661.266845703125 181.84791564941406 654.2159423828125 215.8373565673828
623.4619750976562 599.298095703125 588.771240234375 536.6807250976562
653.7722778320312 190.1642303466797 593.599365234375 473.1274719238281
408.1058349609375 65.72750854492188 393.82611083984375 67.80460357666016
700.8702392578125 259.18353271484375 716.2070922851562 186.46548461914062
725.7704467773438 153.12423706054688 730.348388671875 124.73368072509766
724.0511474609375 189.48863220214844 774.0951538085938 187.76974487304688
499.09619140625 183.38819885253906 555.9486083984375 192.32704162597656
487.6799011230469 95.94725799560547 481.2651672363281 134.87892150878906
799.3845825195312 246.08604431152344 783.0223388671875 319.22869873046875
769.0830078125 374.02960205078125 777.696044921875 349.89154052734375
310.80279541015625 425.40069580078125 331.68206787109375 435.6776123046875
590.1455688476562 138.02139282226562 490.4181213378906 123.1888198852539
266.9032897949219 547.2451782226562 252.66026306152344 599.7220458984375
690.3733520507812 96.14451599121094 713.96630859375 109.06156921386719
325.1482849121094 310.0344543457031 350.8493347167969 313.9811706542969
490.6685791015625 313.5633850097656 473.2522277832031 305.4580383300781
485.86077880859375 156.8868408203125 581.0272216796875 171.82667541503906
758.7518310546875 412.90985107421875 767.6194458007812 388.4985046386719
527.6994018554688 588.0975341796875 531.405029296875 599.5175170898438
489.6712951660156 96.09686279296875 600.45703125 113.4638442993164
399.9903564453125 350.76190185546875 413.009521484375 350.2349853515625
475.9317626953125 574.7708129882812 491.9830017089844 576.19189453125
417.3499450683594 72.50836944580078 408.0694274902344 65.90247344970703
599.0481567382812 484.227294921875 612.1030883789062 424.0223693847656
589.5850219726562 116.85646057128906 588.5711059570312 133.91506958007812
389.7919616699219 290.34796142578125 289.85723876953125 274.9249572753906
246.81710815429688 484.41064453125 259.46881103515625 459.235595703125
542.3570556640625 599.2178955078125 537.5862426757812 585.1401977539062
671.028076171875 318.23748779296875 663.6558227539062 350.1514892578125
115.0483627319336 271.1600646972656 137.1460723876953 264.4834899902344
