213
603.4541015625 25.042898178100586 605.1483764648438 7.108490943908691
786.960205078125 101.58111572265625 796.1886596679688 78.67314910888672
344.8963317871094 26.766733169555664 276.902099609375 28.946514129638672
0.8096684813499451 152.25030517578125 393.40081787109375 52.57881164550781
798.6385498046875 78.84527587890625 788.7694091796875 101.90128326416016
394.8189392089844 5.17380952835083 414.94793701171875 0.762420117855072
618.5997924804688 0.9530203938484192 615.6370239257812 26.192167282104492
239.03509521484375 60.155181884765625 288.0171203613281 49.07573699951172
433.91656494140625 599.0284423828125 435.4710693359375 548.9835815429688
435.27264404296875 545.9822998046875 437.77996826171875 442.9703063964844
278.35772705078125 599.0870361328125 286.2087097167969 566.8075561523438
239.09596252441406 31.746810913085938 274.285888671875 27.22472381591797
392.23785400390625 0.958087682723999 396.0979309082031 114.96282196044922
582.615234375 200.23422241210938 474.1500244140625 254.3009796142578
601.175537109375 203.8815460205078 583.0150756835938 330.28948974609375
590.988525390625 136.97293090820312 416.55670166015625 210.95480346679688
588.2854614257812 153.64248657226562 423.3996276855469 226.8994903564453
480.2472229003906 369.8193054199219 573.0514526367188 310.649169921875
614.135009765625 25.23201560974121 616.7593994140625 1.0825237035751343
290.2274475097656 51.059288024902344 346.2153625488281 46.896888732910156
591.2625732421875 144.60394287109375 416.7676696777344 220.46556091308594
587.9053955078125 168.7958526611328 442.9886474609375 235.9755401611328
586.177001953125 191.36097717285156 467.3161315917969 249.6447296142578
582.99853515625 550.18408203125 549.8828125 370.02154541015625
595.009521484375 132.0769500732422 597.3063354492188 101.9471206665039
0.7880945205688477 191.2338409423828 107.63545989990234 161.68197631835938
600.300537109375 81.8375473022461 413.33489990234375 148.9332275390625
594.2643432617188 119.65450286865234 416.73687744140625 191.3484344482422
606.1478271484375 166.1505889892578 602.7268676757812 192.2265625
607.1183471679688 7.012910842895508 605.2616577148438 24.028549194335938
234.9322967529297 14.863273620605469 237.5572509765625 51.9605712890625
276.8075256347656 31.039899826049805 277.5517578125 15.977851867675781
319.18878173828125 0.8599925637245178 321.5804443359375 21.167186737060547
592.7129516601562 128.30743408203125 416.6928405761719 201.2588348388672
588.9493408203125 160.8883514404297 434.06787109375 231.14962768554688
594.5317993164062 111.34996795654297 415.5500183105469 181.85775756835938
586.4064331054688 176.85984802246094 452.1518859863281 240.3212890625
581.0003051757812 208.00057983398438 480.0909118652344 259.17926025390625
581.2374877929688 221.4519500732422 490.1646728515625 269.3133239746094
195.77354431152344 46.90401840209961 0.6333329677581787 87.22547149658203
595.2965087890625 102.77394104003906 415.48626708984375 171.6589813232422
584.4915161132812 185.0200653076172 460.3926086425781 244.81480407714844
597.5341186523438 93.43475341796875 415.6770935058594 161.13259887695312
700.8289184570312 0.7726841568946838 673.0263671875 144.00511169433594
285.91009521484375 35.707115173339844 287.626953125 46.903865814208984
440.2950134277344 441.9838562011719 437.88775634765625 547.0203247070312
582.5142822265625 213.9945831298828 485.1702880859375 264.3293151855469
579.1002807617188 229.1877899169922 493.07122802734375 275.13336181640625
592.0422973632812 599.1764526367188 583.9053344726562 555.0174560546875
753.1103515625 598.9566650390625 738.17724609375 560.930419921875
712.9971923828125 216.38771057128906 765.0006713867188 216.14761352539062
113.99574279785156 159.9849090576172 391.23297119140625 81.82633209228516
393.2315368652344 48.87895965576172 345.58642578125 61.4300537109375
318.4040222167969 543.5730590820312 238.59402465820312 599.842529296875
276.4202575683594 145.89968872070312 228.3245391845703 159.1757354736328
552.36572265625 369.9330139160156 585.6970825195312 551.872314453125
570.9783935546875 444.66009521484375 616.99462890625 446.16510009765625
735.9459228515625 557.021484375 693.112548828125 449.3530578613281
0.7915326356887817 66.88323211669922 135.9357452392578 41.655818939208984
60.005882263183594 177.0204620361328 0.9947794079780579 193.98184204101562
178.10400390625 73.52005767822266 201.95016479492188 68.7508544921875
398.774658203125 103.26889038085938 539.9270629882812 59.76332473754883
395.3775939941406 22.256322860717773 494.3079833984375 30.13092803955078
584.973876953125 554.7406616210938 438.9790954589844 549.5925903320312
576.6978149414062 256.22601318359375 502.6446228027344 298.3756103515625
580.0849609375 235.156005859375 496.7517395019531 280.544189453125
0.8746693134307861 113.4377670288086 158.08753967285156 78.39269256591797
243.06434631347656 197.18057250976562 309.21710205078125 173.60926818847656
624.7986450195312 269.6849060058594 738.614990234375 558.1519165039062
288.9759826660156 564.994384765625 281.0658874511719 599.0153198242188
577.1306762695312 243.2363739013672 498.3361511230469 286.79925537109375
574.0742797851562 270.1270446777344 501.6788024902344 312.4505920410156
586.490478515625 555.9093627929688 594.4694213867188 599.0980224609375
622.6513671875 55.95710754394531 688.0339965820312 34.10173797607422
739.3284912109375 559.86865234375 755.1146240234375 599.3539428710938
799.0159912109375 562.5923461914062 741.9859619140625 560.3583984375
347.4188232421875 59.79085922241211 295.1191711425781 64.36307525634766
547.5191040039062 345.0978088378906 551.9743041992188 367.0052185058594
564.0056762695312 446.7516174316406 442.9773864746094 443.9907531738281
799.7799682617188 147.2342529296875 779.6676635742188 214.20053100585938
442.0089416503906 441.56390380859375 562.02001953125 444.0228271484375
578.5637817382812 249.0144805908203 501.39007568359375 291.9024963378906
692.3612670898438 447.2522277832031 661.6678466796875 369.52606201171875
307.82830810546875 7.083336353302002 308.8291015625 21.154403686523438
434.0234069824219 549.4083251953125 317.9676513671875 544.8175659179688
394.2573547363281 27.944528579711914 489.5917663574219 35.974151611328125
412.40625 148.96131896972656 414.4714660644531 224.0420379638672
395.7750244140625 115.2940673828125 624.4503173828125 42.41293716430664
660.4020385742188 366.2347717285156 622.536865234375 269.7892150878906
741.000732421875 557.9791259765625 799.035400390625 559.9674072265625
307.5450134277344 71.16281127929688 185.8281707763672 101.30618286132812
499.7196960449219 291.1679382324219 495.2136535644531 337.3138122558594
697.0068969726562 447.7625427246094 745.9945068359375 449.1878662109375
150.71665954589844 153.91175842285156 115.29537963867188 163.13446044921875
133.4191436767578 328.0158386230469 182.58798217773438 298.9962463378906
236.77618408203125 51.45795440673828 258.890869140625 48.24811935424805
575.2363891601562 275.3981628417969 501.5073547363281 319.1701965332031
575.6141357421875 263.06787109375 502.493408203125 305.1191101074219
577.1080932617188 268.0159606933594 580.4973754882812 245.073486328125
71.2547836303711 576.42333984375 123.41642761230469 545.0303344726562
238.4626007080078 189.4137420654297 307.8995666503906 166.6930694580078
259.9491882324219 419.36737060546875 293.0382080078125 412.1758728027344
439.0011901855469 546.9671020507812 584.029541015625 552.1771850585938
588.4534912109375 180.06150817871094 591.8556518554688 154.9804229736328
512.99853515625 364.3402099609375 547.0065307617188 364.4874267578125
735.9930419921875 560.1932373046875 590.0023193359375 554.9363403320312
438.0077209472656 550.0274047851562 436.6758728027344 599.0183715820312
571.4388427734375 283.7333984375 501.68450927734375 325.4727478027344
582.8439331054688 224.12542724609375 584.9661865234375 209.84634399414062
274.1256408691406 45.371463775634766 237.87557983398438 57.63215255737305
570.53173828125 301.8583984375 494.84246826171875 348.7456970214844
592.4281616210938 35.1861572265625 545.3262329101562 50.0349235534668
585.0197143554688 552.4237060546875 705.0503540039062 556.52734375
617.6377563476562 32.087738037109375 621.934814453125 0.8534567356109619
159.1741943359375 107.6851806640625 0.7371326684951782 147.966064453125
11.289454460144043 473.8587951660156 72.46549987792969 599.2607421875
232.06689453125 248.4174041748047 189.99569702148438 193.471923828125
230.57154846191406 599.1206665039062 221.74868774414062 567.7891845703125
321.0114440917969 542.6786499023438 434.0104675292969 546.7058715820312
571.36279296875 295.5919189453125 496.62841796875 341.3937072753906
75.70857238769531 599.1397094726562 6.330999374389648 454.4439392089844
308.6597595214844 169.79782104492188 241.52650451660156 194.43467712402344
780.0203857421875 75.91495513916016 764.701416015625 72.24705505371094
29.555891036987305 103.14213562011719 0.766692042350769 110.02399444580078
690.9575805664062 450.1813049316406 638.9887084960938 448.31414794921875
119.42453002929688 550.7012329101562 76.4393539428711 576.7257080078125
764.0032348632812 218.71322631835938 730.00390625 218.8662872314453
120.97044372558594 7.822353839874268 7.938327312469482 26.62934112548828
660.9959716796875 369.2027587890625 606.997314453125 368.1376647949219
791.2538452148438 394.843505859375 737.517822265625 307.6807556152344
292.03875732421875 387.3487854003906 262.9843444824219 386.6670227050781
626.2865600585938 35.91231918334961 399.3717346191406 107.18354797363281
736.136962890625 303.916748046875 694.4480590820312 235.3355255126953
696.02978515625 234.98191833496094 796.9105834960938 401.0543212890625
245.32470703125 126.1361312866211 190.91065979003906 141.6874237060547
778.2740478515625 214.0794219970703 798.348876953125 144.81129455566406
280.47698974609375 186.07798767089844 283.8757629394531 208.86940002441406
591.9890747070312 304.3365783691406 628.9825439453125 305.5381164550781
666.9969482421875 367.1807556152344 749.0075073242188 368.55157470703125
742.220458984375 98.99703979492188 778.02880859375 106.8690414428711
246.34690856933594 412.0657653808594 262.4339904785156 421.92364501953125
294.95263671875 156.0846710205078 275.03363037109375 144.93991088867188
602.9932250976562 447.51983642578125 570.985595703125 447.1019287109375
598.7649536132812 98.11579895019531 601.2000732421875 82.03028869628906
759.8162841796875 43.170799255371094 798.9509887695312 49.31236267089844
0.44256964325904846 104.29243469238281 25.04672622680664 99.22695922851562
193.87147521972656 248.18435668945312 214.57130432128906 262.61492919921875
449.2355041503906 38.277652740478516 477.49224853515625 47.490169525146484
160.48947143554688 194.0579071044922 169.22598266601562 271.0877990722656
298.76416015625 20.994688034057617 279.65301513671875 16.463525772094727
735.99658203125 308.2184143066406 693.9912109375 307.5589599609375
290.21282958984375 166.72434997558594 248.6846466064453 178.92678833007812
555.9821166992188 365.8638610839844 593.997802734375 366.2286071777344
217.0090789794922 251.26060485839844 191.93820190429688 217.0452880859375
489.76568603515625 275.09320068359375 497.11016845703125 293.5584411621094
538.2599487304688 54.90263366699219 593.302978515625 39.05206298828125
545.1416625976562 49.41579055786133 496.6014709472656 37.64324188232422
599.3225708007812 28.394912719726562 617.2033081054688 31.9881534576416
738.5125732421875 107.06143951416016 776.0167236328125 115.92923736572266
209.9640655517578 266.45343017578125 164.4816436767578 213.29920959472656
549.9947509765625 367.26104736328125 524.00537109375 366.7354431152344
635.40673828125 132.91497802734375 672.61181640625 116.37640380859375
186.04690551757812 100.70519256591797 178.56163024902344 74.12344360351562
600.9724731445312 366.2198181152344 655.9895629882812 367.462646484375
624.0031127929688 445.8853759765625 690.0089721679688 447.6673583984375
0.6993207335472107 37.09807586669922 9.524721145629883 64.155029296875
753.0066528320312 451.25341796875 726.9998168945312 451.0220031738281
170.29046630859375 46.96421813964844 164.60362243652344 0.8024442791938782
635.992919921875 307.3279113769531 591.9918212890625 306.38079833984375
112.19876098632812 160.9458465576172 139.93609619140625 262.74493408203125
799.0020141601562 259.2359313964844 761.9993286132812 259.2696838378906
284.1952209472656 7.135339260101318 254.14654541015625 0.3509088456630707
137.56886291503906 42.137550354003906 125.16692352294922 3.2657907009124756
261.5096740722656 411.7536926269531 287.0926513671875 404.3187561035156
625.9959716796875 447.8497009277344 607.0097045898438 448.36029052734375
643.9999389648438 305.3756408691406 676.0001220703125 305.3821105957031
137.93380737304688 264.0184631347656 99.97612762451172 128.0066680908203
181.25830078125 215.859619140625 216.35452270507812 254.58499145507812
226.0807342529297 169.88046264648438 246.75442504882812 183.8441162109375
95.97322082519531 166.9054412841797 63.064022064208984 176.22605895996094
743.9989013671875 306.5967102050781 774.0006713867188 306.6524963378906
749.0061645507812 77.9671859741211 775.0289916992188 82.84542083740234
6.060694217681885 348.0252380371094 0.715874195098877 360.88189697265625
284.7915954589844 397.2167663574219 265.80548095703125 402.2689514160156
490.2345275878906 38.60390090942383 540.586669921875 53.40598678588867
30.70773696899414 485.68963623046875 66.95055389404297 503.1029052734375
238.22328186035156 73.14540100097656 208.13290405273438 76.27698516845703
65.66101837158203 399.9749755859375 63.22756576538086 432.9429931640625
226.95870971679688 252.02842712402344 216.26881408691406 236.5034637451172
725.0 450.3987121582031 699.0 450.39794921875
799.0104370117188 50.936065673828125 759.91064453125 44.54684829711914
102.93806457519531 128.73854064941406 109.9085464477539 153.74676513671875
67.77306365966797 578.6220092773438 77.78728485107422 599.10400390625
677.9959106445312 305.18609619140625 726.994140625 306.2659606933594
206.0728759765625 72.9803237915039 186.45860290527344 0.33616653084754944
461.9753112792969 8.15378475189209 556.3094482421875 23.30063247680664
686.9955444335938 307.4380187988281 644.9998779296875 307.01348876953125
108.0120620727539 165.2728729248047 135.33145141601562 264.1846618652344
262.3852844238281 387.4753723144531 248.065673828125 399.0810241699219
202.4757843017578 0.6922759413719177 214.64915466308594 59.073158264160156
207.94064331054688 42.243385314941406 198.39163208007812 0.6802757382392883
554.5904541015625 20.922080993652344 593.10888671875 6.2865986824035645
100.7194595336914 139.0728302001953 105.89967346191406 159.0260467529297
189.77590942382812 191.34951782226562 206.11280822753906 201.82406616210938
63.9933967590332 434.0057373046875 83.08929443359375 455.9222106933594
108.78351593017578 484.42523193359375 210.844970703125 501.90521240234375
67.31272888183594 502.92950439453125 108.37487030029297 489.11419677734375
132.18382263183594 0.6422149538993835 145.90130615234375 46.02982711791992
292.1164855957031 410.3529052734375 299.4550476074219 400.3332824707031
381.08184814453125 285.12298583984375 402.0855712890625 287.0831298828125
0.4554808437824249 445.65435791015625 69.83831787109375 468.4912414550781
69.86976623535156 473.495849609375 33.00492858886719 483.0190734863281
400.0123596191406 291.8700866699219 385.9493713378906 290.5320129394531
