164
531.7593994140625 141.51663208007812 510.64996337890625 195.69471740722656
580.401611328125 182.95904541015625 569.8646240234375 209.34527587890625
317.24212646484375 526.226806640625 303.52642822265625 419.93206787109375
659.2757568359375 553.8163452148438 749.2738647460938 346.6844787597656
71.96791076660156 128.39852905273438 0.9563472867012024 129.82139587402344
453.3296203613281 138.84890747070312 445.8647155761719 171.96951293945312
333.908203125 189.78782653808594 336.8262634277344 174.77191162109375
711.8793334960938 44.612239837646484 719.319091796875 23.110416412353516
799.7711181640625 200.3147430419922 769.5322875976562 274.40093994140625
100.43229675292969 156.9579620361328 99.01675415039062 176.07528686523438
785.7435302734375 346.8851013183594 772.0042114257812 377.55389404296875
630.7305908203125 281.9064025878906 636.9561767578125 263.9847717285156
480.9893798828125 181.74127197265625 489.4718322753906 148.6087646484375
487.4226989746094 181.1107635498047 496.46685791015625 146.59823608398438
575.183837890625 599.454833984375 614.2703857421875 497.7196960449219
770.9166870117188 283.9657897949219 761.8881225585938 305.95404052734375
332.2064514160156 544.4016723632812 313.4869384765625 414.2110595703125
403.00494384765625 449.3400573730469 418.4988708496094 519.8904418945312
492.3883972167969 153.09060668945312 486.99041748046875 176.2310333251953
116.13219451904297 190.27886962890625 98.11793518066406 192.14093017578125
307.02203369140625 419.876220703125 319.8782043457031 526.0147705078125
367.5073547363281 159.292236328125 386.7299499511719 60.141517639160156
692.58349609375 100.85489654541016 705.4850463867188 63.820594787597656
767.6331787109375 0.510959804058075 722.6500244140625 126.23258972167969
315.592041015625 415.2178649902344 330.2236022949219 519.828857421875
326.4828796386719 230.90383911132812 331.7159423828125 202.76123046875
456.1626281738281 210.25294494628906 452.658203125 226.3607635498047
766.79345703125 326.10711669921875 798.9560546875 322.59747314453125
460.3871154785156 275.84686279296875 467.6781005859375 246.669677734375
471.371337890625 232.84500122070312 475.6089782714844 215.65704345703125
501.815673828125 22.955244064331055 493.51861572265625 57.12592315673828
513.9368286132812 62.727378845214844 522.9129028320312 27.721256256103516
615.349853515625 326.1215515136719 625.6327514648438 296.52496337890625
680.51708984375 57.84012222290039 667.9935302734375 95.66678619384766
693.6329956054688 17.87517547607422 685.9931640625 40.337791442871094
113.54987335205078 225.1222381591797 116.25210571289062 190.8621368408203
448.94219970703125 240.9862823486328 442.3320617675781 268.84149169921875
724.5008544921875 127.18096923828125 769.6484375 2.2343082427978516
77.02615356445312 135.99986267089844 0.9735621213912964 137.98934936523438
155.0471649169922 6.923972129821777 136.5263671875 239.0419921875
611.018798828125 599.1360473632812 682.044921875 589.3251342773438
604.0879516601562 289.3612365722656 594.3217163085938 318.7748107910156
675.315185546875 257.75775146484375 659.7020874023438 301.8946228027344
775.5309448242188 524.9066162109375 736.289794921875 591.1715698242188
77.78099060058594 0.9455037713050842 72.05615234375 129.0025177001953
86.36256408691406 309.7034912109375 111.79257202148438 296.5975036621094
315.2690124511719 198.2060546875 310.8947448730469 225.14527893066406
265.90008544921875 0.8536558747291565 229.67906188964844 273.0903625488281
302.4262390136719 424.6910095214844 312.07159423828125 562.8554077148438
362.767822265625 29.967222213745117 366.89935302734375 0.7034278512001038
330.79461669921875 563.202880859375 336.2572937011719 541.8103637695312
349.0050354003906 0.6651172637939453 345.0581359863281 24.177623748779297
386.7677917480469 52.95768356323242 394.43328857421875 10.896717071533203
614.5994262695312 257.5417785644531 608.9191284179688 274.31134033203125
66.83374786376953 254.99435424804688 64.4173812866211 326.0821838378906
146.9720001220703 129.12815856933594 193.02084350585938 127.64889526367188
490.21527099609375 548.1474609375 589.0178833007812 486.4324645996094
769.3575439453125 274.7618408203125 459.4963684082031 185.28111267089844
98.43060302734375 192.9584197998047 95.93991088867188 227.06863403320312
401.95770263671875 109.7738037109375 392.29852294921875 154.28179931640625
654.850341796875 17.953615188598633 634.9127197265625 82.28289031982422
765.8746948242188 259.54718017578125 787.502685546875 205.7998809814453
117.03463745117188 175.10226440429688 119.02149963378906 155.0021209716797
336.8692932128906 548.5763549804688 365.0904541015625 545.9851684570312
619.9967041015625 491.9987487792969 578.6163330078125 599.23779296875
698.18115234375 589.2200927734375 628.0928955078125 599.6257934570312
771.0955810546875 282.6708984375 362.0403747558594 163.86097717285156
738.5333862304688 344.9292907714844 731.8800048828125 388.83026123046875
134.65635681152344 319.40069580078125 109.80097198486328 333.65289306640625
382.00225830078125 53.989986419677734 322.1302795410156 40.425018310546875
440.12017822265625 178.3540496826172 368.2593994140625 159.98521423339844
522.8710327148438 26.5776309967041 502.75726318359375 22.087339401245117
728.38330078125 387.7049560546875 684.1873168945312 480.089599609375
629.8536987304688 102.95391082763672 662.059326171875 0.7037090063095093
642.3341064453125 349.7588195800781 675.4146728515625 258.4258117675781
81.99761962890625 131.9378662109375 122.05375671386719 130.40184020996094
705.760986328125 63.103023529052734 680.8474731445312 57.70394515991211
130.27462768554688 241.16807556152344 71.02320861816406 255.09872436523438
258.80413818359375 553.8106689453125 242.56431579589844 570.6123046875
421.4115905761719 500.8390197753906 426.7928161621094 548.0236206054688
602.7056884765625 459.05908203125 633.1348266601562 467.5148010253906
626.5679931640625 296.2928466796875 604.673583984375 288.9769592285156
403.51373291015625 462.7672424316406 416.0047912597656 543.999267578125
527.5031127929688 9.872349739074707 529.857666015625 0.7065513730049133
137.0131378173828 239.06199645996094 208.2078857421875 223.98138427734375
386.673583984375 59.407833099365234 799.4376220703125 155.1126251220703
578.5328369140625 202.79150390625 584.2623291015625 184.4569854736328
631.9628295898438 471.1103820800781 601.9964599609375 461.0105895996094
779.943359375 413.29730224609375 799.0609130859375 411.75555419921875
331.7778015136719 202.66197204589844 315.587890625 197.22781372070312
467.6816711425781 245.93771362304688 449.71533203125 239.83859252929688
334.7153015136719 534.9193725585938 325.7724304199219 566.5018920898438
321.8878173828125 42.46822738647461 381.0832824707031 56.65245819091797
391.8538513183594 432.7393798828125 377.790283203125 440.62603759765625
563.9215698242188 211.3216552734375 580.17431640625 215.28514099121094
683.3251953125 245.53945922851562 725.78173828125 256.8214416503906
798.8009033203125 229.33004760742188 777.787353515625 280.324462890625
770.9165649414062 1.4392070770263672 799.2247314453125 6.816910266876221
322.5793762207031 566.2757568359375 326.14532470703125 545.8507690429688
402.1717529296875 549.0086669921875 401.4664001464844 563.0234985351562
548.8410034179688 149.864990234375 533.9755249023438 147.13302612304688
607.520263671875 439.5735778808594 591.0428466796875 413.6073913574219
799.3471069335938 350.98297119140625 786.764892578125 346.68890380859375
154.07089233398438 4.5891876220703125 131.0656280517578 0.6196655035018921
510.00390625 197.9827117919922 538.3617553710938 204.40199279785156
0.9304519295692444 109.92452239990234 18.0591983795166 111.21305084228516
377.48809814453125 154.71188354492188 443.8164367675781 168.86058044433594
622.4854736328125 402.3564758300781 639.7028198242188 427.2059020996094
418.0074768066406 578.0479736328125 381.9488220214844 583.671875
497.6192321777344 146.78651428222656 454.85675048828125 137.67201232910156
494.4145202636719 184.09066772460938 512.92333984375 189.2738494873047
600.68701171875 222.97840881347656 635.920166015625 234.24952697753906
109.76066589355469 333.8247985839844 84.82872772216797 326.5902404785156
117.10557556152344 0.46009576320648193 153.68458557128906 7.613017559051514
203.8187713623047 15.893339157104492 253.9857635498047 26.070148468017578
624.7552490234375 207.19427490234375 611.103759765625 211.3415069580078
191.02223205566406 130.03465270996094 147.99911499023438 130.95912170410156
723.7030639648438 248.98719787597656 766.356201171875 261.81573486328125
794.7442016601562 410.6730041503906 754.4793090820312 395.3701171875
542.80126953125 197.65673828125 567.9220581054688 205.2576141357422
799.1043701171875 306.1073303222656 784.9111328125 319.9085998535156
598.5264282226562 438.53436279296875 630.8432006835938 448.5080871582031
745.3333740234375 349.47222900390625 757.7783813476562 340.6861267089844
759.9746704101562 138.1106414794922 799.2079467773438 147.09153747558594
74.90011596679688 325.2931213378906 108.72115325927734 336.81829833984375
161.95742797851562 7.2114577293396 200.0250701904297 14.875454902648926
331.15350341796875 586.3597412109375 414.9881591796875 576.8952026367188
181.0196990966797 363.8970642089844 318.02642822265625 365.18060302734375
377.16217041015625 444.2542419433594 380.3031311035156 454.60455322265625
549.150634765625 414.68170166015625 570.561279296875 424.81396484375
691.7174682617188 586.6416625976562 603.9945678710938 548.0122680664062
242.00112915039062 129.32955932617188 203.99815368652344 129.45960998535156
776.5607299804688 277.8186950683594 796.3997192382812 229.7522430419922
364.96014404296875 573.6287231445312 379.9756164550781 573.9962768554688
405.8524169921875 569.2249145507812 438.736572265625 573.1865844726562
16.842668533325195 109.98651123046875 17.588293075561523 45.995201110839844
726.2642822265625 251.8470458984375 697.3065795898438 240.23545837402344
602.9776611328125 398.092529296875 622.3005981445312 402.7538146972656
642.9013061523438 226.35321044921875 688.9402465820312 239.21392822265625
748.6329345703125 408.0391540527344 749.017578125 392.00042724609375
101.18157958984375 500.7237243652344 56.71880340576172 511.87921142578125
110.271240234375 336.49664306640625 134.64657592773438 323.1838684082031
229.91453552246094 274.22747802734375 589.8291625976562 409.45465087890625
635.16455078125 230.4506378173828 600.0230102539062 219.92327880859375
765.8818969726562 529.1617431640625 730.2329711914062 586.9091796875
242.88426208496094 581.6409301757812 269.9999084472656 588.1598510742188
398.1478271484375 561.6995849609375 383.7076721191406 554.5940551757812
30.92313575744629 599.5321655273438 0.6872742772102356 595.1652221679688
785.9207153320312 334.1205749511719 799.5867919921875 343.107666015625
24.86475944519043 553.8307495117188 131.79823303222656 571.2393188476562
800.6343383789062 536.7354125976562 778.110107421875 528.1033325195312
315.55401611328125 417.3231506347656 302.4866638183594 406.62713623046875
269.3650207519531 325.48529052734375 280.0859680175781 312.25909423828125
386.8846740722656 442.00396728515625 387.159912109375 449.9945068359375
118.99982452392578 131.99423217773438 82.0043716430664 133.1410675048828
277.4137878417969 574.2210693359375 269.8154296875 554.069580078125
208.4851837158203 488.8375244140625 171.25772094726562 505.3238830566406
105.25224304199219 295.3870544433594 86.11918640136719 304.257080078125
439.0168151855469 552.8347778320312 481.0224609375 552.4495239257812
582.587646484375 208.62841796875 601.1688232421875 213.33335876464844
143.42330932617188 378.92327880859375 137.2666015625 344.9516906738281
143.04579162597656 343.8631286621094 147.6334228515625 378.9171142578125
169.650390625 503.1934509277344 165.32398986816406 495.3740234375
177.4808349609375 490.5547790527344 183.97659301757812 482.97991943359375
