322
459.59600830078125 394.4687194824219 473.14044189453125 358.67474365234375
694.7117919921875 251.4632110595703 631.63134765625 402.84637451171875
94.54258728027344 489.3738708496094 39.60245132446289 437.256591796875
198.93710327148438 137.64431762695312 202.95118713378906 125.6490249633789
409.0425720214844 333.0127258300781 400.59283447265625 361.28045654296875
265.5684814453125 226.51602172851562 252.60279846191406 264.86572265625
402.12725830078125 219.4054718017578 409.642822265625 198.51181030273438
144.76766967773438 310.258056640625 151.21676635742188 291.0728759765625
341.7931823730469 387.2851257324219 370.8966369628906 306.32232666015625
593.3092041015625 385.46002197265625 634.8303833007812 319.78955078125
250.3832244873047 271.79388427734375 238.35519409179688 307.7845153808594
376.1891174316406 348.7298583984375 382.5858459472656 329.5282897949219
70.89260864257812 533.5824584960938 78.8211898803711 512.5554809570312
277.9169006347656 209.6382598876953 228.5657958984375 357.8554382324219
363.1475830078125 343.6844482421875 375.86773681640625 309.3211975097656
255.53118896484375 265.1824645996094 269.2027893066406 225.3826446533203
604.4346923828125 599.6202392578125 661.128173828125 468.48773193359375
89.42762756347656 99.85469818115234 93.18657684326172 85.04736328125
245.85629272460938 40.27363967895508 170.23153686523438 0.5591041445732117
449.9909362792969 425.9964294433594 428.87054443359375 479.5545959472656
502.5856018066406 502.83233642578125 476.88519287109375 566.3580932617188
68.66877746582031 508.5132141113281 7.600125312805176 445.41912841796875
145.29042053222656 514.6463012695312 126.53677368164062 552.2706909179688
284.57476806640625 208.1916046142578 342.476318359375 34.492095947265625
129.46841430664062 552.2355346679688 148.55247497558594 514.2777709960938
138.34336853027344 288.7923889160156 131.7613525390625 309.60833740234375
221.06752014160156 353.0225524902344 233.89431762695312 314.6305847167969
435.42626953125 344.0476379394531 429.0260009765625 377.1980895996094
698.2291259765625 456.3759765625 779.6871948242188 494.5329284667969
752.7644653320312 211.1812744140625 772.8822631835938 237.32098388671875
78.4306869506836 136.83726501464844 85.64141845703125 111.61164855957031
166.37083435058594 321.07525634765625 160.6765594482422 349.1372985839844
195.82965087890625 205.265380859375 243.71832275390625 55.54962921142578
241.2240447998047 308.0780944824219 255.07705688476562 268.3298034667969
165.96177673339844 -0.8787475824356079 247.565185546875 40.895965576171875
358.7367858886719 99.58628845214844 396.1215515136719 117.84591674804688
386.9548645019531 261.34967041015625 400.6759338378906 223.88133239746094
580.6548461914062 341.9446105957031 574.48388671875 380.3985900878906
590.1580810546875 345.4690856933594 620.1354370117188 271.45989990234375
227.0279083251953 358.3982238769531 160.9844207763672 355.3361511230469
347.6545715332031 387.2283630371094 360.99310302734375 348.9975891113281
456.6647644042969 482.2547912597656 437.72784423828125 531.6622314453125
546.1416015625 171.67823791503906 558.1375122070312 139.67669677734375
581.7679443359375 379.8881530761719 597.3013916015625 347.6632385253906
632.1674194335938 337.54150390625 625.2021484375 352.5576171875
30.99261474609375 300.6918029785156 38.22032165527344 277.0674133300781
149.03207397460938 176.44961547851562 129.35145568847656 246.81861877441406
188.9127655029297 169.29209899902344 195.7519073486328 147.9206085205078
225.6177520751953 355.2103576660156 240.50491333007812 311.49090576171875
312.7948913574219 224.93142700195312 258.3462219238281 387.7814025878906
348.7575378417969 35.91728210449219 234.80833435058594 369.9346008300781
389.0484924316406 267.3727722167969 376.5426330566406 302.5484619140625
646.2246704101562 363.89630126953125 619.4324951171875 352.9421691894531
127.25270080566406 552.994873046875 92.20529174804688 544.1834716796875
161.00169372558594 349.97406005859375 226.1806640625 354.23931884765625
236.8410186767578 313.9469909667969 223.4405975341797 354.1468811035156
363.0245056152344 350.3677673339844 350.2073974609375 386.0744323730469
373.5487976074219 308.1935119628906 361.2454833984375 343.0865478515625
413.6785583496094 199.24351501464844 406.2032165527344 220.0729217529297
408.0635986328125 220.67820739746094 415.04608154296875 200.35948181152344
671.1408081054688 497.061767578125 626.1956176757812 599.5244750976562
778.7431030273438 497.85955810546875 745.515625 476.2087097167969
24.653697967529297 550.8343505859375 2.2785284519195557 597.611572265625
68.97603607177734 105.99315643310547 61.773250579833984 131.2207794189453
124.62738037109375 555.8133544921875 102.79408264160156 599.3977661132812
254.72312927246094 21.221548080444336 245.7427215576172 50.53391647338867
275.1168212890625 346.0389404296875 336.3310241699219 162.4435272216797
372.2397155761719 302.7275695800781 385.46905517578125 265.8097229003906
403.3667297363281 225.77163696289062 390.5865478515625 261.2115173339844
300.3777770996094 399.18505859375 423.63372802734375 47.87149429321289
660.2216796875 466.0011291503906 682.7064208984375 457.24609375
693.064453125 106.62213897705078 678.6663818359375 142.26914978027344
375.6770935058594 316.8780822753906 365.3827819824219 344.1445007324219
348.3573303222656 386.7508239746094 441.7452392578125 443.1080017089844
753.158447265625 213.4150390625 553.8840942382812 159.42791748046875
575.9843139648438 94.55179595947266 583.404541015625 77.73723602294922
798.9146728515625 243.29449462890625 776.0921020507812 236.68202209472656
211.13638305664062 574.4653930664062 129.11712646484375 553.5408935546875
445.33538818359375 80.47810363769531 404.6133728027344 194.2196044921875
544.6643676757812 429.9019775390625 551.862548828125 405.2518615722656
563.3611450195312 123.77411651611328 558.8309936523438 136.586669921875
736.382080078125 471.7942810058594 697.4851684570312 459.4688415527344
552.6724853515625 161.20388793945312 752.8215942382812 215.6557159423828
183.0557098388672 144.01760864257812 176.2928924560547 165.40875244140625
602.1339721679688 343.621826171875 585.6347045898438 381.4037780761719
598.3773803710938 363.1190185546875 604.083251953125 345.0262756347656
595.8477172851562 392.343017578125 618.7698974609375 402.5184020996094
773.7396850585938 235.65591430664062 799.6809692382812 243.8420867919922
92.78296661376953 546.8331298828125 124.0084228515625 554.9676513671875
105.92169952392578 599.4601440429688 127.4944839477539 556.246826171875
127.230224609375 445.3940124511719 174.50222778320312 297.8014221191406
544.22119140625 173.71009826660156 460.9715576171875 397.36163330078125
768.8994750976562 240.9562225341797 677.3330078125 451.1450500488281
4.087072372436523 446.6646423339844 69.00662231445312 506.7515563964844
359.45233154296875 347.51641845703125 345.2543029785156 387.4460144042969
381.8548583984375 25.951190948486328 352.82696533203125 112.27806854248047
393.0473937988281 262.3053283691406 405.8553466796875 226.30430603027344
7.289444923400879 455.380615234375 63.39667892456055 518.1782836914062
378.19854736328125 303.7167053222656 390.7323303222656 268.2588806152344
20.88724136352539 274.9682312011719 14.296045303344727 298.3651123046875
47.271217346191406 539.9838256835938 23.19669532775879 580.9400024414062
120.75113677978516 287.9211120605469 88.1655502319336 390.73553466796875
171.9674072265625 280.9898681640625 194.8962860107422 207.27880859375
270.0001525878906 440.001708984375 120.84899139404297 454.4400329589844
491.353759765625 348.2707824707031 597.9727172851562 399.994873046875
580.63671875 360.08856201171875 583.1497802734375 342.0208435058594
594.7139282226562 346.83740234375 585.213134765625 363.5527648925781
186.93814086914062 521.239013671875 137.86080932617188 508.5378112792969
233.2250213623047 500.0559387207031 246.2163543701172 447.8051452636719
571.9963989257812 385.007568359375 524.7698974609375 362.4823913574219
683.8637084960938 369.32525634765625 655.2743530273438 357.3453063964844
91.86894226074219 400.6052551269531 121.35377502441406 316.12347412109375
106.78218841552734 231.93869018554688 116.3105239868164 198.08740234375
149.8187713623047 505.4129943847656 174.3927764892578 456.6937255859375
361.3951110839844 93.21465301513672 398.2254333496094 111.55543518066406
751.8933715820312 215.12173461914062 591.1332397460938 600.72314453125
21.979305267333984 581.2733154296875 37.47889709472656 538.1722412109375
129.85643005371094 556.5836181640625 169.89356994628906 566.4326171875
175.06570434570312 300.45379638671875 212.99801635742188 305.01654052734375
329.14605712890625 393.40740966796875 426.416748046875 119.79264831542969
482.2452087402344 558.09912109375 504.93096923828125 501.97210693359375
559.9551391601562 209.9824981689453 507.525146484375 344.4248352050781
800.2520751953125 104.53489685058594 755.5269775390625 209.22512817382812
68.26806640625 515.42529296875 62.3358268737793 533.1126098632812
439.15234375 446.74957275390625 342.60162353515625 388.0110778808594
497.60296630859375 500.5374450683594 511.9062194824219 496.65460205078125
790.450927734375 347.2056884765625 769.2610473632812 393.6629638671875
279.7802734375 182.59677124023438 272.7337646484375 203.9119873046875
686.736572265625 116.59237670898438 668.5520629882812 136.42320251464844
129.18145751953125 247.98562622070312 0.6436492204666138 224.9920654296875
142.93496704101562 391.7535095214844 122.64350891113281 443.8611755371094
453.67181396484375 413.9338073730469 458.22747802734375 460.17462158203125
532.7101440429688 345.2824401855469 581.7811279296875 221.91293334960938
571.0350952148438 373.9235534667969 535.6122436523438 357.666015625
179.39080810546875 310.3788146972656 223.7999267578125 338.3180236816406
382.93072509765625 329.6170654296875 406.9646301269531 332.31512451171875
271.1356201171875 223.46954345703125 196.41769409179688 204.3662567138672
474.8252258300781 355.4090270996094 372.7867126464844 302.48321533203125
633.5477905273438 318.1701965332031 661.0744018554688 328.8074035644531
676.9501953125 144.1433563232422 642.8927001953125 132.30877685546875
85.97523498535156 397.5642395019531 70.96688079833984 398.4171447753906
128.21505737304688 507.2306213378906 176.7753448486328 520.8037719726562
460.2695617675781 412.06610107421875 514.6212768554688 448.56396484375
563.6567993164062 418.6575012207031 587.850830078125 431.2857666015625
423.4166259765625 373.97802734375 424.84979248046875 335.9190368652344
511.2574157714844 261.3202209472656 402.3485412597656 220.07960510253906
557.0032958984375 150.9873504638672 756.4161987304688 203.4171142578125
192.25906372070312 0.5217052102088928 250.085205078125 31.842702865600586
365.2811584472656 344.4844970703125 459.5872802734375 395.9233093261719
581.6446533203125 297.8566589355469 601.0403442382812 305.90277099609375
620.5949096679688 271.13592529296875 674.830322265625 290.4758605957031
37.886192321777344 276.6760559082031 21.836021423339844 273.97406005859375
45.94601821899414 447.21923828125 84.22413635253906 489.0496520996094
655.0598754882812 358.8578796386719 682.7749633789062 370.5341796875
61.630462646484375 230.63243103027344 91.8907699584961 237.48251342773438
115.51705169677734 465.15301513671875 114.20889282226562 478.1219482421875
398.2716369628906 113.5013427734375 360.44256591796875 95.14899444580078
371.1930847167969 306.6186218261719 416.8185729980469 329.36395263671875
618.3844604492188 397.223876953125 594.7376098632812 385.5108947753906
194.4479522705078 209.2340850830078 265.7869567871094 226.8621368408203
490.6534423828125 486.4735107421875 455.94744873046875 461.0718078613281
401.5923156738281 224.0457305908203 509.0272521972656 265.93011474609375
732.7576904296875 381.58905029296875 768.472412109375 396.28240966796875
493.0661315917969 307.8475036621094 387.4183044433594 262.03533935546875
799.713623046875 565.6657104492188 671.8497924804688 497.2808532714844
104.00003814697266 321.9994812011719 0.9042056798934937 314.27923583984375
86.58383178710938 111.19193267822266 69.56380462646484 105.24929809570312
234.02015686035156 370.5715637207031 155.02175903320312 369.45709228515625
220.3180389404297 344.1223449707031 172.1051483154297 314.82696533203125
0.613258421421051 134.4002227783203 150.75949096679688 175.8707733154297
237.076171875 194.72544860839844 203.18780517578125 185.3231201171875
520.3640747070312 233.9680938720703 414.17620849609375 196.5006103515625
553.9276123046875 157.26466369628906 629.0515747070312 177.81149291992188
773.60107421875 599.7006225585938 658.37451171875 534.0986328125
771.7840576171875 394.3552551269531 791.3558959960938 351.1612854003906
149.2687225341797 260.9676208496094 133.8977508544922 271.85565185546875
202.57247924804688 188.82913208007812 273.8838806152344 205.49684143066406
506.5053405761719 418.3387145996094 464.44287109375 405.5440368652344
749.7960205078125 599.3517456054688 654.0858764648438 543.8519287109375
796.8062133789062 599.3468017578125 662.3316650390625 524.1958618164062
255.10690307617188 267.4131164550781 180.22364807128906 253.7722930908203
295.5293884277344 134.52830505371094 282.29962158203125 175.77536010742188
799.4613647460938 594.1683959960938 664.7568969726562 519.4381713867188
799.3841552734375 587.3012084960938 666.776123046875 514.4072875976562
773.89501953125 398.2594909667969 799.2035522460938 408.4968566894531
69.90353393554688 380.044921875 88.00659942626953 399.04071044921875
385.35980224609375 265.4482727050781 491.41314697265625 312.32763671875
512.57177734375 420.82177734375 585.5234375 458.83380126953125
664.7064208984375 599.4633178710938 636.5902099609375 581.6466674804688
695.670654296875 599.5422973632812 643.4856567382812 567.8468627929688
656.3554077148438 351.14825439453125 698.1129760742188 251.04713439941406
174.01571655273438 566.9401245117188 208.03338623046875 575.8728637695312
526.8425903320312 216.44207763671875 423.8318176269531 182.51052856445312
583.1785278320312 474.9612731933594 486.1424560546875 439.33575439453125
761.6354370117188 599.6331787109375 656.399169921875 539.0435180664062
262.0010986328125 395.1524963378906 144.9713134765625 395.9893493652344
426.0423889160156 333.80828857421875 377.3287048339844 323.03564453125
537.5623779296875 365.8095397949219 569.131103515625 380.72247314453125
654.8129272460938 599.296142578125 635.3629760742188 587.0083618164062
633.9261474609375 403.3946533203125 649.88232421875 365.9498596191406
784.7797241210938 599.3900756835938 660.3611450195312 529.13134765625
799.2456665039062 573.5432739257812 671.180908203125 504.6636047363281
799.3092041015625 580.4310302734375 668.7432861328125 509.4723815917969
0.7245806455612183 219.95782470703125 33.86027145385742 229.48593139648438
247.9938201904297 447.9984130859375 214.9777374267578 576.251708984375
705.8444213867188 599.2594604492188 645.835693359375 563.2740478515625
738.734619140625 599.452880859375 652.163818359375 548.720458984375
716.75146484375 599.4176635742188 647.7764282226562 558.375732421875
776.1577758789062 227.40272521972656 799.1390991210938 233.4735107421875
0.7432007193565369 28.652162551879883 219.6631622314453 114.85543823242188
257.7542724609375 144.57679748535156 272.7282409667969 152.51275634765625
309.9023132324219 91.32404327392578 297.2002258300781 130.74227905273438
674.838134765625 599.2632446289062 639.62451171875 577.6106567382812
727.72216796875 599.4703369140625 649.7549438476562 553.4149169921875
685.5579223632812 599.7172241210938 641.612548828125 572.6286010742188
60.179359436035156 385.0029296875 24.793291091918945 370.5045166015625
213.24964904785156 160.23822021484375 269.44146728515625 178.65283203125
427.57177734375 116.20501708984375 441.2398681640625 78.08600616455078
632.8289794921875 173.65420532226562 555.1689453125 153.35374450683594
654.955810546875 90.63162231445312 672.1514282226562 91.833984375
774.844970703125 503.3222351074219 799.0221557617188 514.9539794921875
267.9866943359375 181.0415496826172 212.5843963623047 163.29762268066406
435.22357177734375 459.640380859375 329.6271057128906 393.99127197265625
409.6513977050781 197.97796630859375 519.900634765625 237.2787628173828
753.8734741210938 205.4827423095703 692.8707275390625 189.49330139160156
631.1571655273438 178.41184997558594 752.32421875 210.78648376464844
248.0535888671875 33.901275634765625 186.32997131347656 0.3921847641468048
319.3470764160156 91.4455337524414 280.4265441894531 207.47219848632812
753.9479370117188 488.06756591796875 768.6771850585938 499.41888427734375
87.07437133789062 507.72021484375 100.24373626708984 506.36029052734375
292.70849609375 109.53589630126953 287.9993591308594 122.64041900634766
543.4043579101562 552.1640014648438 558.0612182617188 516.0248413085938
213.232421875 303.3648376464844 193.0123748779297 295.9661865234375
582.7774658203125 77.274169921875 535.011962890625 68.93144989013672
88.84596252441406 229.58363342285156 107.15422821044922 234.4156494140625
453.7218017578125 98.18560028076172 562.5933227539062 123.73309326171875
680.265625 145.11691284179688 696.7117919921875 107.75348663330078
121.4718017578125 438.8067626953125 141.01998901367188 385.3731689453125
511.9283142089844 496.1412048339844 495.57366943359375 487.83990478515625
591.2316284179688 422.4332275390625 568.37158203125 413.0907897949219
512.8768310546875 37.7668571472168 799.200927734375 83.74889373779297
237.39170837402344 161.7658233642578 215.38670349121094 154.7816162109375
125.73394775390625 291.4004211425781 137.85012817382812 281.8106689453125
281.27056884765625 176.1466827392578 240.27056884765625 163.1466522216797
95.48397064208984 334.8330078125 79.32083892822266 384.78021240234375
488.63568115234375 599.4937133789062 277.9724426269531 444.0373229980469
439.52923583984375 532.2029418945312 456.7538146972656 487.2890930175781
626.1378173828125 352.6534118652344 646.15380859375 360.6133117675781
192.74859619140625 289.3960266113281 174.74928283691406 277.9703063964844
534.7890625 443.01129150390625 558.8373413085938 462.2038269042969
21.892925262451172 375.3701171875 63.97450637817383 387.5446472167969
229.47415161132812 108.91434478759766 250.41119384765625 118.05848693847656
424.8803405761719 481.7247009277344 298.2950134277344 399.5455627441406
563.3248901367188 211.16912841796875 693.4783935546875 251.67591857910156
799.1705932617188 236.4385223388672 774.6956787109375 229.00152587890625
421.4281005859375 195.7753143310547 521.7535400390625 230.84426879882812
241.38145446777344 278.1711120605469 217.01869201660156 266.9593811035156
697.907470703125 249.2967071533203 563.5630493164062 207.4012451171875
690.054443359375 188.79505920410156 635.890625 174.41180419921875
379.0952453613281 25.854005813598633 326.41650390625 0.1465064287185669
291.59619140625 494.51568603515625 393.9263916015625 574.6480102539062
435.58447265625 151.39761352539062 538.6871948242188 182.052001953125
330.4658203125 34.505043029785156 325.224853515625 50.74991989135742
231.88661193847656 136.29647827148438 254.41600036621094 144.91220092773438
296.54998779296875 130.765380859375 257.7797546386719 113.49443054199219
409.6623229980469 194.8773193359375 430.8437194824219 136.57989501953125
311.3545227050781 393.2516784667969 432.16741943359375 469.1415100097656
558.4773559570312 136.07003784179688 447.117431640625 108.52522277832031
656.9747924804688 100.91764068603516 644.8840942382812 104.62158966064453
152.27328491210938 375.7584533691406 259.5226745605469 384.8005676269531
249.2541046142578 87.4325180053711 294.19830322265625 107.5571517944336
547.6105346679688 456.50506591796875 533.3682250976562 445.5224609375
304.5156555175781 467.1055908203125 302.7081604003906 493.0493469238281
420.2823791503906 183.10116577148438 432.5559387207031 148.84091186523438
0.9943680167198181 367.0445556640625 20.005496978759766 366.9324951171875
40.089473724365234 220.50927734375 70.18301391601562 225.9962615966797
578.8630981445312 84.66325378417969 428.2614440917969 53.57822799682617
582.7158813476562 431.5256652832031 561.8628540039062 420.25372314453125
223.02244567871094 537.0060424804688 232.3915252685547 502.1051025390625
382.79315185546875 119.92281341552734 368.0630187988281 159.3966827392578
797.5305786132812 535.9448852539062 732.0032958984375 502.9934997558594
434.7503967285156 568.7867431640625 443.385986328125 599.1744995117188
446.93524169921875 106.97566986083984 454.0552978515625 88.0207748413086
329.17083740234375 58.6972541809082 255.3979034423828 17.066984176635742
674.3943481445312 112.16065979003906 657.4937133789062 99.34869384765625
661.5380859375 526.8232421875 791.562744140625 599.7792358398438
301.64739990234375 491.05084228515625 303.4552307128906 468.0357666015625
659.565673828125 531.7669677734375 779.5819091796875 599.7381591796875
663.9569702148438 522.0772705078125 799.7470703125 597.6578369140625
391.1239929199219 583.8436889648438 286.7550048828125 501.0482482910156
665.9693603515625 517.0555419921875 799.6414184570312 590.8379516601562
34.8235969543457 393.4083557128906 16.148395538330078 431.0735778808594
267.8885498046875 521.7833862304688 281.94805908203125 505.8358154296875
668.3809814453125 512.3026123046875 799.5650634765625 583.9656372070312
263.52313232421875 529.5780029296875 349.0561218261719 600.14404296875
244.44491577148438 56.14682388305664 312.0607604980469 88.87446594238281
359.9365539550781 30.738182067871094 380.2005920410156 25.827743530273438
291.48028564453125 393.1661071777344 386.568603515625 118.1966323852539
670.3516845703125 507.3487854003906 799.4900512695312 577.0926513671875
39.8715705871582 563.390380859375 46.176151275634766 565.464599609375
352.5814208984375 173.18885803222656 320.1445617675781 273.0469665527344
395.2260437011719 573.7890014648438 392.4117431640625 584.1122436523438
655.3174438476562 541.4514770507812 756.4367065429688 599.9732666015625
278.38018798828125 -1.413782000541687 343.0918884277344 35.588157653808594
212.26991271972656 577.0728759765625 222.25845336914062 540.0697631835938
657.5883178710938 536.7203979492188 767.647216796875 599.6173095703125
345.80841064453125 32.94352340698242 323.2992858886719 19.142854690551758
482.08660888671875 204.7485809326172 503.9083251953125 212.26611328125
434.9443054199219 138.19036865234375 545.4353637695312 170.51170349121094
60.531471252441406 562.629150390625 68.09385681152344 553.0742797851562
3.4055533409118652 464.8487854003906 0.595025360584259 475.89697265625
282.3057861328125 505.8584289550781 390.024169921875 592.9700927734375
653.6016235351562 545.9672241210938 744.9094848632812 599.1553955078125
445.20751953125 81.52235412597656 569.1341552734375 109.40381622314453
356.62518310546875 600.560791015625 268.18280029296875 522.6572265625
285.3327331542969 351.486572265625 276.2562561035156 345.6045837402344
249.4814453125 545.357666015625 261.4087219238281 529.3036499023438
0.6560137271881104 376.77923583984375 18.93929100036621 380.31402587890625
198.9342498779297 599.9535522460938 210.55577087402344 588.5672607421875
337.0247497558594 171.89613342285156 347.8849792480469 174.48291015625
220.408447265625 579.5028686523438 237.37420654296875 559.314453125
303.5321044921875 602.694580078125 245.6220245361328 548.3373413085938
