279
744.46923828125 458.8332824707031 737.08447265625 482.3406982421875
799.2750854492188 215.0846405029297 752.38623046875 367.5035705566406
776.5851440429688 487.5651550292969 768.5070190429688 513.8485107421875
720.2413330078125 471.7731018066406 727.5966186523438 447.17840576171875
745.1689453125 273.0497741699219 737.4813232421875 299.1418151855469
738.91357421875 483.2872619628906 745.9288330078125 460.9776306152344
753.943603515625 505.3368225097656 716.8829956054688 503.7725524902344
470.8175964355469 376.9565124511719 460.74945068359375 419.1787109375
696.3556518554688 460.38836669921875 688.3357543945312 488.3826599121094
712.4605712890625 497.5993347167969 715.883056640625 484.44903564453125
779.6241455078125 479.09619140625 795.7310791015625 436.7564392089844
735.7213745117188 304.6191711425781 722.4618530273438 349.1375427246094
244.0348358154297 253.00662231445312 240.4069061279297 272.077392578125
679.571044921875 484.16650390625 688.3377685546875 454.0984802246094
481.7834777832031 334.1907653808594 472.3148193359375 373.07666015625
705.3252563476562 406.393310546875 692.7866821289062 448.639892578125
739.4848022460938 299.8501281738281 747.0045776367188 274.0013427734375
487.0549011230469 314.01458740234375 482.5115966796875 331.1357421875
690.8746337890625 455.2707214355469 681.1363525390625 486.732666015625
774.91943359375 353.2897033691406 799.535400390625 275.168701171875
590.2911376953125 296.0747985839844 553.0742797851562 445.26800537109375
717.6654663085938 348.9725341796875 758.3518676757812 195.62399291992188
750.1149291992188 375.7101745605469 734.2724609375 424.0892028808594
759.6151123046875 538.9921264648438 760.4935302734375 495.9896545410156
729.9685668945312 506.72882080078125 750.0465087890625 504.401123046875
188.7425994873047 398.5105285644531 201.2218780517578 442.93768310546875
687.43359375 450.42291259765625 677.4061279296875 484.414794921875
720.3416137695312 356.10113525390625 707.5899658203125 399.1746520996094
746.7092895507812 460.32965087890625 777.0463256835938 487.08148193359375
208.58242797851562 460.86669921875 192.91729736328125 397.52581787109375
724.7339477539062 350.9219055175781 737.8458862304688 306.2482604980469
720.3821411132812 435.0320129394531 797.2323608398438 496.2201232910156
778.4432983398438 406.8796081542969 766.7118530273438 466.14093017578125
288.9609069824219 254.375244140625 280.2601318359375 282.7733154296875
427.60614013671875 259.7017517089844 415.1266174316406 318.027099609375
469.7343444824219 380.4015197753906 494.3135986328125 274.2301330566406
597.282958984375 294.8038024902344 649.2724609375 104.8009262084961
199.35635375976562 444.8980712890625 186.20965576171875 398.9400329589844
711.8262939453125 482.9631042480469 709.5048217773438 493.89483642578125
368.72576904296875 232.94082641601562 372.7763366699219 214.16751098632812
238.0027313232422 571.012451171875 427.86016845703125 529.362548828125
462.3377990722656 253.83370971679688 466.8865051269531 235.72036743164062
624.633544921875 284.90032958984375 571.4140625 480.5686340332031
607.8411254882812 476.6967468261719 627.1635131835938 474.3414611816406
701.3380126953125 403.38983154296875 689.1975708007812 445.05755615234375
198.12220764160156 204.46112060546875 165.96189880371094 197.16798400878906
550.4046020507812 441.5899658203125 560.6672973632812 401.6575012207031
562.5604248046875 394.6073303222656 572.9691772460938 356.4460754394531
684.04541015625 487.3117370605469 692.8031616210938 457.9413146972656
657.52880859375 173.03604125976562 706.8935546875 184.4599609375
715.97314453125 354.283447265625 703.489013671875 397.1424560546875
779.9124755859375 428.0257873535156 779.5784301757812 400.99285888671875
779.7264404296875 489.30517578125 799.2084350585938 506.7674865722656
731.5516357421875 301.44580078125 718.4277954101562 347.1229248046875
720.7451782226562 356.42449951171875 750.0060424804688 373.989990234375
191.22607421875 266.2198486328125 201.5027313232422 208.91082763671875
426.1326904296875 354.2502746582031 422.4117736816406 371.0909729003906
454.5806579589844 232.38601684570312 450.2071838378906 250.2947998046875
761.2002563476562 397.3814392089844 773.84716796875 357.5870361328125
757.6810302734375 360.5782470703125 769.0753784179688 366.86334228515625
75.36798858642578 43.44846725463867 505.9015197753906 142.4283447265625
114.02174377441406 49.95065689086914 89.02725219726562 38.93815231323242
176.71148681640625 169.95394897460938 173.81056213378906 188.12936401367188
489.9422912597656 137.2731475830078 460.0105895996094 130.94989013671875
700.1777954101562 451.8353271484375 720.91552734375 474.22589111328125
185.42718505859375 190.89405822753906 188.77867126464844 172.77410888671875
360.85845947265625 409.9604797363281 333.5179748535156 507.8653869628906
725.9390258789062 487.4179382324219 747.07275390625 490.5015563964844
780.1727294921875 535.8433837890625 762.548828125 516.4091796875
136.7044677734375 63.9539794921875 93.09235382080078 344.0143737792969
201.6448974609375 205.27264404296875 207.4783935546875 170.0792999267578
483.240234375 330.95947265625 574.0189819335938 351.91778564453125
267.8558349609375 190.78318786621094 264.3898620605469 209.07386779785156
276.140869140625 211.81179809570312 280.0865173339844 193.79989624023438
753.2650146484375 368.9104309082031 718.6870727539062 349.7593994140625
734.6973266601562 304.8216552734375 766.7664794921875 316.63397216796875
165.08140563964844 310.8408203125 168.02883911132812 293.83172607421875
426.10394287109375 532.4864501953125 314.08984375 556.4205322265625
628.1937866210938 473.7677917480469 735.4082641601562 101.54151916503906
769.1317749023438 310.5899658203125 733.2981567382812 299.0722961425781
799.326416015625 406.61627197265625 760.3710327148438 397.4271545410156
799.4434814453125 503.4922790527344 731.145751953125 443.8331604003906
14.349297523498535 477.1780700683594 -0.6430410146713257 590.7831420898438
296.7082824707031 287.184326171875 299.7178039550781 259.29327392578125
360.43634033203125 210.88961791992188 356.8568420410156 229.1678009033203
562.7285766601562 400.1608581542969 471.5686950683594 378.8445129394531
659.8861694335938 165.50845336914062 707.2007446289062 176.10353088378906
702.0698852539062 347.7604064941406 706.487548828125 330.61041259765625
797.6296997070312 492.70672607421875 731.505126953125 439.61639404296875
770.7092895507812 364.7539367675781 758.2066650390625 357.636962890625
695.5850219726562 449.1726989746094 707.6802368164062 408.2008056640625
710.3605346679688 331.6750793457031 703.9302978515625 349.3386535644531
731.95458984375 421.0603332519531 703.8342895507812 399.8917541503906
16.00162696838379 468.30108642578125 27.36589813232422 392.7541809082031
253.08261108398438 458.3350830078125 235.1415252685547 409.2177734375
415.2604064941406 317.86968994140625 192.1235809326172 266.4635925292969
653.9202880859375 118.69711303710938 642.7151489257812 158.63955688476562
676.53466796875 95.87154388427734 654.7120971679688 174.9205322265625
689.784423828125 488.2066650390625 711.1885375976562 497.5689392089844
36.38312530517578 324.217041015625 41.145687103271484 293.8659362792969
209.6275634765625 235.1314239501953 204.15939331054688 261.2427978515625
473.0259094238281 373.88995361328125 562.2601928710938 394.8945007324219
520.86572265625 136.7335662841797 489.7558898925781 269.17755126953125
641.6243896484375 162.6332550048828 562.38720703125 459.8366394042969
705.87939453125 429.96405029296875 699.4767456054688 451.44024658203125
704.855224609375 407.7076416015625 732.0438232421875 425.93463134765625
764.3928833007812 514.6118774414062 785.7594604492188 536.2376098632812
799.5179443359375 458.3495178222656 791.2109375 451.735107421875
0.6425057053565979 350.9117431640625 23.16819953918457 343.51202392578125
75.84234619140625 114.8321533203125 45.95122528076172 320.992919921875
253.34889221191406 331.8661804199219 257.0201110839844 314.0041198730469
343.0388488769531 352.7751770019531 347.0166320800781 335.7699890136719
329.5227966308594 512.131591796875 351.19390869140625 426.0419006347656
75.85181427001953 50.99064254760742 76.86196899414062 34.99128341674805
166.82989501953125 199.71742248535156 197.7512664794922 207.04905700683594
282.11907958984375 285.3213806152344 294.1011047363281 287.42388916015625
721.8801879882812 44.79671859741211 673.1304321289062 73.52433013916016
727.9262084960938 39.87846374511719 794.1773071289062 -0.3546735346317291
799.4736938476562 358.75482177734375 774.3270874023438 353.4495544433594
23.06334686279297 403.1293029785156 0.5809090733528137 414.1446228027344
436.8121643066406 528.082763671875 460.06573486328125 523.3209838867188
526.3430786132812 63.84962463378906 521.9116821289062 83.20868682861328
714.6925048828125 328.9087829589844 732.776611328125 267.9337463378906
0.9758111238479614 302.9239196777344 41.0156135559082 290.194580078125
379.0291748046875 477.7591857910156 411.2009582519531 348.05767822265625
430.3725280761719 452.7550048828125 416.05902099609375 489.41351318359375
112.80799102783203 598.1196899414062 234.88914489746094 571.4917602539062
238.0441131591797 420.7318115234375 246.07078552246094 451.9818115234375
334.8721008300781 332.9755859375 331.63470458984375 349.93023681640625
758.3001098632812 490.7926330566406 726.7576904296875 482.9518127441406
156.48263549804688 290.91497802734375 153.81715393066406 307.13427734375
454.9822082519531 589.0217895507812 426.3187255859375 565.6097412109375
587.2201538085938 310.0206604003906 493.2478942871094 288.897216796875
491.98516845703125 293.06500244140625 585.673828125 314.4303283691406
622.6557006835938 298.90594482421875 630.837890625 268.9557189941406
236.89051818847656 275.65692138671875 268.02569580078125 280.84576416015625
264.5392761230469 274.7225646972656 268.0129699707031 256.43267822265625
457.951904296875 130.22914123535156 427.0537414550781 123.74390411376953
709.9074096679688 400.97247314453125 722.6205444335938 358.1843566894531
780.8320922851562 338.6675720214844 799.1803588867188 343.2830505371094
799.22509765625 340.0142517089844 781.2489013671875 335.9098205566406
800.3053588867188 524.7351684570312 774.6170654296875 509.9293518066406
201.78518676757812 207.9445343017578 427.6991271972656 259.32293701171875
566.7723999023438 473.8666076660156 668.6079711914062 94.01823425292969
14.877917289733887 412.7653503417969 0.5848652720451355 420.2021484375
17.911428451538086 354.7597351074219 0.6734902858734131 361.1142883300781
0.8532209992408752 288.2653503417969 31.046546936035156 282.23297119140625
245.01904296875 311.8296203613281 242.17483520507812 328.2040710449219
291.3871154785156 453.26104736328125 340.8057556152344 422.94342041015625
461.3385314941406 419.58758544921875 550.4898681640625 440.95635986328125
577.01953125 480.9239501953125 600.0396118164062 486.8459777832031
424.26300048828125 566.891357421875 456.52899169921875 593.5696411132812
760.9970092773438 212.5074005126953 799.0015869140625 212.73043823242188
424.9543151855469 123.20960235595703 326.0750427246094 101.65573120117188
552.1666870117188 445.30474853515625 460.8979797363281 423.4255676269531
483.8374328613281 562.4103393554688 522.2276611328125 551.82568359375
589.012451171875 291.944580078125 495.9974365234375 271.0113525390625
773.66748046875 357.3536376953125 799.3298950195312 363.6570129394531
193.95106506347656 473.6922302246094 15.955343246459961 470.4568176269531
779.2354736328125 277.9645690917969 739.2564086914062 268.8725891113281
0.8073737621307373 410.66082763671875 15.584677696228027 402.2686767578125
268.9776306152344 89.1049575805664 244.0445556640625 83.79093170166016
458.0079345703125 88.96576690673828 430.1130676269531 82.51139831542969
673.2308349609375 73.868896484375 624.03466796875 63.83008575439453
515.7964477539062 202.8993377685547 542.2518310546875 208.8872528076172
723.40478515625 524.51025390625 703.17431640625 507.78912353515625
747.7327270507812 274.10906982421875 777.9083251953125 281.38043212890625
799.2086181640625 157.2107696533203 770.8445434570312 162.0977783203125
726.0044555664062 511.9837646484375 738.8671264648438 515.4878540039062
786.1111450195312 254.60592651367188 747.04052734375 251.49166870117188
771.8679809570312 136.2736358642578 733.7347412109375 257.23162841796875
0.7089107632637024 271.4443664550781 24.196361541748047 267.04937744140625
186.05113220214844 402.5688781738281 198.39320373535156 461.2867736816406
317.9939270019531 100.02873229980469 294.9638977050781 95.17110443115234
489.8867492675781 272.49652099609375 594.463623046875 296.35150146484375
68.2082748413086 86.30802154541016 0.70208740234375 65.98979949951172
508.1227111816406 135.41908264160156 460.9060974121094 125.44451904296875
596.2422485351562 263.9172668457031 507.0103759765625 243.95364379882812
705.9259643554688 178.34991455078125 658.3617553710938 168.28964233398438
799.4330444335938 466.4083557128906 789.1087646484375 458.8514404296875
28.876060485839844 345.63458251953125 0.41887345910072327 355.2866516113281
199.13458251953125 262.2218017578125 238.00949096679688 268.94512939453125
348.0014953613281 512.8920288085938 331.0186767578125 512.656005859375
454.04998779296875 362.98211669921875 448.4490051269531 386.0788879394531
165.71987915039062 134.2556610107422 489.1329650878906 206.4039764404297
560.9937133789062 213.0253143310547 586.1785278320312 219.28126525878906
217.0166473388672 468.1969909667969 203.9409942626953 469.30157470703125
503.8643798828125 248.59616088867188 574.3131713867188 264.6235046386719
320.9961853027344 598.9573974609375 378.1651306152344 593.8474731445312
785.533447265625 533.285400390625 799.5858764648438 538.3858032226562
244.9611053466797 464.6780090332031 228.95310974121094 466.6117858886719
375.0111083984375 305.9444580078125 395.0118103027344 309.9409484863281
743.7755737304688 266.03826904296875 779.2781982421875 273.7129821777344
0.6862603425979614 12.701903343200684 77.26549530029297 46.93159866333008
609.1782836914062 218.23590087890625 550.6318969726562 204.5778045654297
32.31515884399414 285.50360107421875 0.6119608879089355 292.1487121582031
0.7474439740180969 129.16123962402344 64.34639739990234 136.5932159423828
778.9490966796875 146.72744750976562 799.3580322265625 142.91798400878906
20.01650619506836 459.8478698730469 59.98006820678711 464.1837158203125
386.9658508300781 513.3927612304688 355.93951416015625 510.6957702636719
394.7221374511719 306.2032165527344 415.02496337890625 310.8918762207031
427.5060119628906 490.0599365234375 430.97589111328125 460.7602844238281
320.2473449707031 -0.1783689558506012 607.9559936523438 60.20975875854492
562.1419677734375 460.39794921875 441.4842529296875 431.9464111328125
0.628413736820221 31.02889060974121 49.160247802734375 48.55628967285156
0.6642890572547913 60.70051193237305 64.73369598388672 73.34894561767578
127.01688385009766 376.152587890625 92.03077697753906 375.4554138183594
502.9142761230469 319.3315124511719 487.6423645019531 315.3833312988281
791.12158203125 454.8466796875 799.9276123046875 461.8302917480469
495.33392333984375 269.08148193359375 522.9915771484375 155.75389099121094
553.8494873046875 232.41741943359375 572.8972778320312 239.284912109375
744.7525634765625 62.99911880493164 705.975341796875 58.19935989379883
481.185791015625 517.2410888671875 348.08380126953125 484.6576843261719
459.9209899902344 79.8787612915039 452.4757995605469 84.73017120361328
571.8404541015625 266.71661376953125 505.77569580078125 252.00750732421875
555.4934692382812 586.8685913085938 558.8084716796875 599.3173217773438
587.8978271484375 219.49685668945312 606.9158935546875 223.4088897705078
755.8764038085938 245.95628356933594 766.5316772460938 215.8343505859375
622.3671875 176.56675720214844 591.44287109375 293.11749267578125
0.747477114200592 111.38709259033203 35.066463470458984 117.63491821289062
576.3072509765625 338.3620910644531 538.845947265625 320.3198547363281
195.06129455566406 582.2825927734375 139.0920867919922 594.4244995117188
318.6092224121094 286.1098937988281 320.5622863769531 275.28179931640625
204.2047882080078 182.04046630859375 199.87132263183594 203.97457885742188
490.0035400390625 588.5791015625 530.0081176757812 588.3351440429688
767.0394897460938 107.77080535888672 741.9237670898438 103.44236755371094
788.0911865234375 477.8719787597656 799.6409301757812 486.1003723144531
335.21588134765625 508.4251403808594 348.9576721191406 510.3087463378906
528.0363159179688 199.8193359375 516.8839721679688 197.57716369628906
540.9869384765625 586.2979736328125 554.9855346679688 586.4388427734375
572.5547485351562 484.7728576660156 435.3491516113281 450.5981750488281
566.898193359375 538.41064453125 485.91571044921875 518.340087890625
689.485107421875 244.13768005371094 705.3873901367188 188.10995483398438
455.9941711425781 590.433349609375 483.0018615722656 590.5430297851562
531.2127075195312 93.8003158569336 521.3709716796875 132.6013946533203
62.544681549072266 59.68837356567383 0.5995274186134338 33.96436309814453
512.9940795898438 225.02783203125 552.1309814453125 233.38681030273438
167.02313232421875 470.1800537109375 193.71119689941406 466.7517395019531
533.1790771484375 120.26866912841797 538.2409057617188 98.05488586425781
54.32012176513672 385.52923583984375 61.97931671142578 407.00738525390625
623.6319580078125 599.1489868164062 613.7351684570312 574.702392578125
692.8311767578125 205.23658752441406 616.4896850585938 473.4240417480469
439.65179443359375 437.2572326660156 571.4511108398438 473.7605285644531
299.8763122558594 283.46075439453125 312.3217468261719 286.8013610839844
536.888916015625 182.51426696777344 593.281982421875 194.69454956054688
770.0123901367188 162.00340270996094 778.2955322265625 131.8067626953125
54.28904724121094 127.87965393066406 0.9682789444923401 114.1229476928711
674.0712280273438 99.19969940185547 526.9675903320312 66.6683349609375
270.73187255859375 255.47715759277344 244.85829162597656 250.78070068359375
742.4375610351562 534.3916015625 758.6227416992188 540.9334106445312
738.4700317382812 103.9079818725586 760.9747924804688 117.04320526123047
0.8154228329658508 358.4295959472656 14.953035354614258 353.8548583984375
59.05231857299805 408.53790283203125 49.704994201660156 387.2513122558594
373.843994140625 597.0404052734375 425.99114990234375 592.8887939453125
532.7092895507812 325.8636779785156 515.80517578125 315.3121643066406
632.1552734375 142.2476043701172 532.47900390625 121.6788558959961
0.7533063888549805 336.395263671875 26.3834228515625 325.9399108886719
525.9134521484375 155.39895629882812 621.2022705078125 176.0674285888672
329.209228515625 408.7149963378906 353.6285095214844 419.9744567871094
354.01788330078125 295.9310607910156 377.719482421875 302.0811462402344
458.633056640625 64.56010437011719 447.02801513671875 56.957252502441406
189.9317626953125 376.4019775390625 331.1075439453125 400.3664855957031
437.9620666503906 591.8276977539062 451.9797668457031 591.3741455078125
27.937231063842773 412.9842529296875 57.07382583618164 414.8424072265625
0.5418941974639893 69.52900695800781 67.7965087890625 89.67919158935547
529.9386596679688 589.177490234375 531.6201171875 599.2307739257812
434.32928466796875 386.25439453125 414.5890197753906 380.38134765625
532.6585693359375 94.64427185058594 644.607177734375 117.8917236328125
460.25347900390625 92.07195281982422 469.7817077636719 58.505760192871094
543.0442504882812 599.2111206054688 540.377197265625 587.1375732421875
417.7915344238281 280.91412353515625 211.05307006835938 233.7672882080078
776.9903564453125 129.956787109375 799.647705078125 124.90460205078125
94.03498077392578 344.84716796875 128.0823974609375 352.6399841308594
150.0039520263672 396.7982177734375 120.00469207763672 396.94683837890625
321.02490234375 288.7844543457031 332.9808044433594 290.1662292480469
702.8659057617188 188.9646453857422 694.9508666992188 218.98704528808594
58.143009185791016 416.9671936035156 61.78070068359375 432.82086181640625
725.8838500976562 262.9502868652344 712.2926025390625 294.6971435546875
608.7156982421875 564.108642578125 603.7423706054688 551.0984497070312
