283
591.4940185546875 328.0034484863281 591.8971557617188 269.9992980957031
310.94580078125 270.3987121582031 286.9604187011719 272.5606994628906
784.516845703125 413.9815368652344 782.7339477539062 364.0451965332031
674.7958374023438 380.9967346191406 674.1707763671875 420.0347595214844
771.2638549804688 275.86798095703125 770.4866943359375 291.9752197265625
589.3714599609375 272.9892578125 589.0156860351562 326.9935302734375
791.4241943359375 496.0826416015625 794.3327026367188 445.9612731933594
781.597412109375 395.5413818359375 665.903564453125 375.55816650390625
243.6728515625 333.20770263671875 72.71044921875 364.4136962890625
668.9393310546875 292.6031188964844 769.0230102539062 296.39129638671875
731.4928588867188 408.5580139160156 747.7466430664062 389.90771484375
46.97932815551758 227.1566162109375 310.01739501953125 220.70950317382812
286.7567443847656 324.69775390625 248.77442932128906 331.7923889160156
452.0110778808594 158.12831115722656 633.9492797851562 142.41281127929688
187.54763793945312 281.9617614746094 183.99032592773438 231.00067138671875
166.76319885253906 342.3327331542969 247.83213806152344 330.8181457519531
769.5958862304688 359.02899169921875 766.5835571289062 317.0298767089844
182.59353637695312 230.96658325195312 185.52200317382812 282.9706115722656
773.5047607421875 331.9809875488281 783.1036376953125 81.96558380126953
51.986202239990234 299.8692932128906 310.06622314453125 272.6274719238281
247.65757751464844 322.5405578613281 168.4192657470703 337.25738525390625
769.0825805664062 291.6472473144531 666.9627075195312 288.0617980957031
797.9558715820312 369.9237365722656 795.9005737304688 398.0657653808594
383.1496276855469 438.9761657714844 378.3680114746094 408.94140625
414.9017639160156 315.0033264160156 413.34405517578125 268.95452880859375
676.0689086914062 330.954833984375 760.0993041992188 336.4930114746094
94.61447143554688 228.02687072753906 99.0733413696289 291.994873046875
482.45733642578125 291.841552734375 479.9864807128906 315.8959045410156
651.6262817382812 438.37310791015625 631.5922241210938 450.31591796875
94.89422607421875 291.00927734375 53.82849884033203 295.3936767578125
589.0751953125 326.9119873046875 462.05987548828125 318.1336364746094
768.9974365234375 242.7821502685547 699.9952392578125 243.5991668701172
675.6287231445312 337.9981994628906 675.45849609375 373.007080078125
675.0547485351562 374.4368591308594 763.0010375976562 382.9896240234375
714.0159912109375 432.7917175292969 731.9869995117188 434.16925048828125
747.9650268554688 422.3430480957031 761.9798583984375 422.04705810546875
770.341552734375 293.99261474609375 769.881591796875 335.0098876953125
795.7870483398438 405.9500427246094 794.1801147460938 444.96624755859375
101.65637969970703 290.95233154296875 97.0802001953125 227.92156982421875
648.5849609375 434.0281066894531 653.7617797851562 142.0135040283203
101.1124496459961 426.4124450683594 65.74259948730469 436.0559387207031
663.6910400390625 422.00897216796875 664.178466796875 275.99725341796875
57.96064758300781 366.7777404785156 72.8480453491211 364.14178466796875
413.9658508300781 268.4609069824219 588.9637451171875 272.5519104003906
593.4591674804688 269.9999084472656 593.4494018554688 328.00006103515625
72.54087829589844 -0.19155292212963104 28.860857009887695 16.638883590698242
146.7789764404297 286.0131530761719 143.32318115234375 227.9807586669922
141.17416381835938 229.99044799804688 144.30174255371094 287.03826904296875
626.3121337890625 431.02178955078125 622.3312377929688 488.02313232421875
795.0581665039062 68.00190734863281 793.15771484375 125.9723892211914
0.9960089921951294 223.49549865722656 40.993507385253906 223.17909240722656
592.2823486328125 162.9945526123047 591.9559936523438 206.0072479248047
752.4781494140625 403.578369140625 781.126220703125 409.3763427734375
764.0449829101562 424.32733154296875 748.0296630859375 423.89666748046875
89.99983978271484 154.00265502929688 39.00830841064453 150.864990234375
39.03190994262695 141.58529663085938 198.01397705078125 153.8184051513672
618.8994750976562 260.99639892578125 619.51123046875 243.982421875
0.8402800559997559 62.98191833496094 30.202035903930664 67.7579345703125
223.7987518310547 277.01190185546875 221.9647216796875 246.00209045410156
695.0782470703125 492.8968200683594 767.9490356445312 476.8515625
193.0131378173828 519.0303955078125 74.52999877929688 570.2265625
672.2048950195312 420.5332946777344 764.2250366210938 433.3890380859375
159.123291015625 256.98907470703125 160.81057739257812 276.01678466796875
371.6038513183594 101.45130157470703 715.163330078125 48.05089569091797
767.0067749023438 272.61737060546875 665.0032958984375 270.81298828125
658.9681396484375 273.3947448730469 771.9776611328125 275.97662353515625
786.494140625 360.0185852050781 795.4393920898438 122.01651763916016
792.3916625976562 129.9764404296875 783.6005249023438 356.9845275878906
172.03135681152344 121.48968505859375 146.00674438476562 119.8902359008789
560.0936889648438 323.7179260253906 587.0264282226562 320.20269775390625
716.5128784179688 547.9720458984375 716.2677001953125 561.0238037109375
726.6563110351562 551.2033081054688 763.1676635742188 532.32421875
766.932861328125 413.4670715332031 791.1513061523438 416.94720458984375
0.8058748245239258 361.8740234375 54.921409606933594 352.5441589355469
55.32892608642578 346.88946533203125 39.11012649536133 151.90765380859375
220.48216247558594 246.9761505126953 222.0166015625 277.9991760253906
449.26025390625 297.9670104980469 449.6546936035156 313.03521728515625
494.4550476074219 317.9635009765625 492.59637451171875 294.791748046875
727.9468383789062 554.228759765625 789.1270141601562 568.4537963867188
250.94992065429688 324.5214538574219 266.8801574707031 322.8546447753906
449.9637756347656 315.9535827636719 415.0521545410156 314.6273498535156
583.290771484375 90.98287963867188 582.6146240234375 118.9906997680664
789.9009399414062 446.1060485839844 782.3633422851562 418.1717834472656
284.67999267578125 276.96002197265625 287.50872802734375 325.087646484375
422.9967041015625 311.41534423828125 446.0016174316406 311.2857360839844
558.97900390625 503.3121643066406 590.1072387695312 505.4060363769531
789.3206787109375 565.5958862304688 725.2377319335938 550.9591064453125
761.1295776367188 342.52178955078125 666.715576171875 334.2441101074219
34.19211196899414 84.71585083007812 0.8902183771133423 79.73382568359375
178.5249786376953 396.02484130859375 177.5308380126953 377.0245361328125
417.9971923828125 160.96656799316406 447.95513916015625 158.46316528320312
763.0870361328125 334.91717529296875 765.0565795898438 360.7671203613281
781.3594970703125 426.4744873046875 766.4788818359375 422.9678955078125
0.8989222049713135 82.70784759521484 34.079132080078125 87.44583892822266
29.916725158691406 66.45233917236328 0.7990041375160217 61.09177780151367
135.9762420654297 157.3116912841797 105.99797058105469 155.02662658691406
142.94337463378906 348.6684875488281 157.04437255859375 346.25970458984375
261.1279602050781 599.0100708007812 264.5120849609375 555.8832397460938
584.919677734375 525.1981201171875 656.8988037109375 517.9895629882812
676.08203125 317.9590148925781 676.538818359375 330.0174560546875
713.9911499023438 201.723876953125 770.02978515625 199.93165588378906
92.00109100341797 224.0901641845703 47.99544143676758 224.62445068359375
170.58822631835938 274.01776123046875 170.36138916015625 255.99545288085938
581.9834594726562 119.5073471069336 553.049560546875 120.47771453857422
653.7461547851562 138.00840759277344 654.3209228515625 86.98108673095703
91.5434341430664 417.0249328613281 90.5064468383789 398.0269470214844
267.8854675292969 539.9151000976562 263.3825378417969 599.0291137695312
30.90174102783203 36.49709701538086 341.0394287109375 97.80059814453125
90.28529357910156 397.1864318847656 77.31392669677734 400.3055419921875
382.98876953125 219.5990447998047 631.0182495117188 212.6515655517578
536.094482421875 260.03302001953125 536.5784301757812 243.98728942871094
799.2677001953125 59.297813415527344 639.3413696289062 77.93025207519531
789.2664794921875 570.939453125 725.989990234375 555.0397338867188
769.0296020507812 461.05023193359375 793.0685424804688 461.79901123046875
223.07850646972656 319.8707275390625 245.98248291015625 317.8056640625
266.7474060058594 322.1005859375 264.8929443359375 299.00860595703125
390.44635009765625 453.766357421875 382.8438720703125 406.7021484375
769.9967651367188 193.91111755371094 684.9995727539062 196.9888916015625
772.7260131835938 30.447227478027344 799.7233276367188 22.43810272216797
672.2310791015625 442.6609191894531 652.1200561523438 454.2091064453125
121.47197723388672 527.9613037109375 115.82353210449219 459.01446533203125
310.7156066894531 221.0109100341797 316.3956604003906 369.023193359375
673.9766235351562 432.6257629394531 698.0700073242188 431.12188720703125
787.9622802734375 404.6326904296875 795.9340209960938 405.1076354980469
29.8856258392334 70.79783630371094 0.9077174067497253 66.64373779296875
464.2214050292969 259.0290222167969 464.57861328125 243.989990234375
526.2111206054688 244.0015869140625 526.0909423828125 260.0081787109375
777.1595458984375 466.54229736328125 766.43408203125 486.23638916015625
533.559326171875 507.2471923828125 536.4854736328125 476.9503173828125
530.8148803710938 477.554931640625 540.9915771484375 427.5909118652344
764.0462036132812 361.6458435058594 774.9903564453125 363.073974609375
73.9282455444336 570.907470703125 76.74125671386719 599.12548828125
76.90804290771484 400.9090576171875 78.93086242675781 421.1070861816406
543.257568359375 427.844482421875 536.4649658203125 503.9522399902344
786.0494995117188 361.749267578125 771.2320556640625 358.8243713378906
791.9671020507812 466.196533203125 776.8876953125 463.6705322265625
334.1500549316406 557.9807739257812 339.4022216796875 598.9484252929688
634.1574096679688 146.13392639160156 307.3133239746094 170.24685668945312
41.001651763916016 225.3135986328125 0.9974947571754456 225.52426147460938
76.15582275390625 341.80462646484375 55.57217025756836 345.790771484375
167.28395080566406 380.9201965332031 168.34413146972656 397.9786071777344
239.27296447753906 363.06005859375 240.5991668701172 379.11572265625
356.98248291015625 175.0299530029297 363.16351318359375 384.99517822265625
664.503173828125 375.0001525878906 664.5093994140625 394.0001525878906
132.4070587158203 531.2100830078125 117.22618103027344 416.10205078125
186.16798400878906 599.3237915039062 207.23028564453125 523.3410034179688
314.76446533203125 370.1085510253906 259.648681640625 384.6703186035156
698.0140380859375 243.2726287841797 668.9844970703125 243.5926055908203
755.3181762695312 359.0869140625 759.03955078125 345.4644470214844
724.6874389648438 557.2123413085938 788.8084106445312 573.7432250976562
34.227081298828125 85.0727767944336 29.694520950317383 36.93460464477539
115.27395629882812 386.0614929199219 130.03599548339844 372.9173278808594
461.05535888671875 450.46124267578125 432.9796447753906 453.83026123046875
587.025146484375 292.7689514160156 434.9655456542969 291.0534362792969
194.0041961669922 398.94091796875 191.12457275390625 349.99267578125
585.8986206054688 356.927734375 585.1084594726562 379.9005432128906
669.99072265625 202.70497131347656 695.9964599609375 201.8882293701172
776.9141845703125 88.94661712646484 775.7813110351562 111.98925018310547
798.4107666015625 308.9949035644531 797.934326171875 363.9907531738281
65.97404479980469 262.9149169921875 67.73053741455078 283.0235290527344
71.84424591064453 564.0117797851562 56.91184997558594 366.8551940917969
306.4389953613281 363.9963073730469 306.304443359375 347.9974365234375
206.0138397216797 533.731201171875 188.20773315429688 599.056640625
429.95281982421875 288.9671630859375 429.3236083984375 309.0414733886719
645.9585571289062 139.98463439941406 641.5468139648438 439.0228271484375
342.135009765625 420.9862060546875 374.0838317871094 416.61236572265625
660.6034545898438 99.98628234863281 659.2894287109375 137.9754180908203
743.1025390625 573.5972900390625 731.4186401367188 599.6365356445312
777.73681640625 276.0174255371094 776.4117431640625 332.03338623046875
790.2920532226562 539.9856567382812 790.9010009765625 509.9776916503906
91.9876480102539 172.9468536376953 94.62824249267578 222.02000427246094
141.36260986328125 302.9651184082031 140.38169860839844 349.00811767578125
158.04180908203125 432.25238037109375 168.4910430908203 513.3233642578125
669.94140625 156.13316345214844 774.0068969726562 149.10177612304688
684.9293212890625 178.78497314453125 745.0169067382812 175.2904510498047
133.25035095214844 557.1173706054688 113.50665283203125 599.2374877929688
446.9302978515625 317.1736755371094 478.0462646484375 314.5484313964844
607.431884765625 243.9917755126953 607.5296630859375 261.0027160644531
620.1027221679688 466.0144348144531 617.171630859375 486.8836669921875
669.9935913085938 248.0883331298828 743.0087280273438 248.51730346679688
152.913818359375 378.2956848144531 136.17039489746094 373.4154052734375
302.34881591796875 262.0115661621094 302.468994140625 247.99545288085938
338.1392517089844 598.9785766601562 333.65948486328125 569.8984375
722.9736328125 572.0543212890625 743.0111083984375 572.5552978515625
0.8570302128791809 75.85648345947266 24.69361686706543 79.83544158935547
775.051025390625 112.44190979003906 665.662353515625 125.076904296875
163.8717041015625 457.92578125 157.39773559570312 381.8810119628906
238.52139282226562 432.3258972167969 269.1618347167969 423.5660400390625
659.9656982421875 140.9744873046875 656.361572265625 287.0582580566406
741.9992065429688 251.21180725097656 670.9965209960938 250.95321655273438
326.9229431152344 432.27093505859375 323.1362609863281 417.2172546386719
401.392578125 258.00970458984375 401.4901123046875 243.99644470214844
534.5655517578125 433.0591735839844 475.3624572753906 449.3197021484375
575.0438232421875 313.0802001953125 560.0279541015625 313.6894836425781
743.0380249023438 202.89071655273438 716.001953125 204.04531860351562
769.9356079101562 499.30645751953125 791.0538940429688 503.7434387207031
304.046142578125 164.38864135742188 38.89582824707031 144.3804931640625
248.40171813964844 378.00531005859375 248.46237182617188 361.9979553222656
393.4480895996094 244.01100158691406 393.7274475097656 258.0253601074219
589.9682006835938 508.3939208984375 558.9281616210938 505.8907165527344
770.50537109375 248.01451110839844 771.2702026367188 274.0801086425781
420.9964599609375 424.00048828125 424.23211669921875 446.8253479003906
526.4388427734375 351.9833679199219 526.6009521484375 366.0046081542969
606.4214477539062 358.99053955078125 606.528076171875 375.0097961425781
774.8701171875 149.96646118164062 772.022216796875 245.91160583496094
536.353759765625 367.02447509765625 536.6434326171875 351.0116271972656
617.980224609375 523.780029296875 593.994140625 525.9349975585938
742.1290283203125 32.879005432128906 711.6591186523438 0.3819960653781891
752.2869873046875 18.922534942626953 771.3555908203125 30.099424362182617
232.7603759765625 446.3264465332031 276.7694091796875 454.2765197753906
550.025146484375 356.9998779296875 549.8841552734375 330.9952087402344
127.69926452636719 362.6266174316406 104.0364761352539 389.0326843261719
291.33148193359375 411.5600891113281 323.1858825683594 407.43572998046875
386.19854736328125 358.9945068359375 382.49334716796875 224.95872497558594
538.9136962890625 317.089599609375 560.9338989257812 318.8343200683594
27.86211395263672 17.004384994506836 27.35171890258789 0.9570077657699585
265.96820068359375 429.81634521484375 240.85508728027344 434.16265869140625
551.00146484375 506.9081115722656 534.0057373046875 506.6378173828125
33.89450454711914 89.74790954589844 0.9850576519966125 85.1059341430664
645.0897216796875 503.58056640625 562.7902221679688 485.98101806640625
708.9985961914062 572.999267578125 694.9620971679688 599.5093994140625
681.9827270507812 223.57992553710938 733.9993286132812 222.94696044921875
305.98431396484375 455.912353515625 324.01336669921875 456.2222595214844
455.4403991699219 244.97879028320312 455.64697265625 259.00518798828125
475.66607666015625 312.5749206542969 471.8963623046875 297.2718505859375
651.220458984375 471.9437255859375 693.96533203125 489.08648681640625
692.133544921875 471.40753173828125 670.1951293945312 478.59552001953125
114.1319580078125 420.04248046875 112.42069244384766 385.0773010253906
59.010459899902344 357.0389404296875 70.27233123779297 354.0138244628906
159.6439971923828 118.82403564453125 149.40237426757812 101.97087097167969
697.8700561523438 414.64263916015625 716.13427734375 418.3360290527344
748.0037231445312 248.6009063720703 769.0018920898438 248.79579162597656
0.6091712713241577 570.5126953125 9.990673065185547 562.9883422851562
326.2493896484375 416.72955322265625 329.32342529296875 430.92999267578125
585.3028564453125 121.00727081298828 586.0235595703125 91.00056457519531
144.24264526367188 118.98365020751953 142.08753967285156 86.99410247802734
497.94024658203125 314.65582275390625 507.01123046875 314.2525329589844
158.0683135986328 343.8279724121094 150.33285522460938 295.785400390625
662.953125 568.8911743164062 710.0333251953125 571.3665771484375
663.5119018554688 205.36376953125 670.3224487304688 158.3363494873047
789.9639892578125 573.9976196289062 788.3126831054688 599.08642578125
796.4088745117188 84.03489685058594 798.5487060546875 58.96148681640625
570.1923217773438 100.12089538574219 556.9509887695312 97.22400665283203
661.260986328125 100.13270568847656 781.2991333007812 85.44441986083984
0.45276376605033875 588.3485717773438 11.334423065185547 579.2076416015625
326.3609619140625 435.6343994140625 332.0937194824219 456.9748229980469
659.2095947265625 518.8643798828125 648.666015625 502.5690612792969
637.8112182617188 482.7821350097656 630.6439208984375 456.09564208984375
200.98492431640625 154.17822265625 250.05661010742188 158.3311309814453
348.6095886230469 455.0758972167969 343.96826171875 431.2005615234375
138.60089111328125 87.115478515625 141.40164184570312 121.04938507080078
746.0176391601562 310.17730712890625 678.0941772460938 316.9453125
328.5440673828125 457.70428466796875 322.03076171875 434.9911804199219
708.1013793945312 599.61962890625 723.48681640625 572.27392578125
146.57073974609375 409.822998046875 128.58966064453125 422.2923278808594
495.9451599121094 416.55804443359375 514.7791748046875 414.2205810546875
601.981201171875 568.190185546875 649.016845703125 568.9326782226562
115.298828125 452.9805908203125 113.87174987792969 431.0083312988281
558.3696899414062 488.4390869140625 541.524169921875 502.62255859375
144.35940551757812 378.6766662597656 150.95562744140625 400.4063415527344
176.1722869873047 94.6829605102539 163.70437622070312 97.82807922363281
763.0159912109375 485.10748291015625 743.8448486328125 487.95587158203125
7.019804954528809 508.01727294921875 0.4653955101966858 515.5338134765625
81.86570739746094 354.4226379394531 107.12716674804688 348.5467224121094
558.5813598632812 427.9984436035156 558.3627319335938 487.0013427734375
675.9764404296875 468.90093994140625 692.0177612304688 469.32061767578125
656.9445190429688 297.00042724609375 657.5729370117188 377.99554443359375
145.07742309570312 96.99315643310547 146.58314514160156 114.03682708740234
542.9971923828125 566.3718872070312 587.0022583007812 566.70068359375
351.8782958984375 430.85113525390625 355.75128173828125 453.70318603515625
562.8824462890625 125.10370635986328 582.9310913085938 122.47467041015625
648.3999633789062 570.5170288085938 624.50146484375 600.20849609375
768.0951538085938 24.57245445251465 780.0960693359375 22.578248977661133
549.5798950195312 260.0097961425781 549.3384399414062 225.0045623779297
640.9451293945312 600.2919921875 661.8124389648438 568.8754272460938
490.9587097167969 565.118896484375 527.0072021484375 564.3276977539062
13.202635765075684 584.2733764648438 0.1955520063638687 593.9147338867188
511.81396484375 314.1144714355469 510.92559814453125 304.9106750488281
144.94004821777344 122.47725677490234 166.9692840576172 125.2444839477539
572.967529296875 600.8164672851562 602.6824340820312 568.6300659179688
186.0089874267578 99.98013305664062 176.660888671875 95.74927520751953
527.186279296875 568.013916015625 497.55780029296875 592.4641723632812
505.7161865234375 600.9142456054688 543.242431640625 567.2704467773438
