169
725.398681640625 28.861276626586914 705.0104370117188 117.23311614990234
393.95013427734375 512.5714721679688 518.8871459960938 498.0303649902344
700.3177490234375 137.8423309326172 683.55908203125 210.36029052734375
263.915283203125 527.2608032226562 388.8782958984375 512.938232421875
486.5567321777344 315.11175537109375 499.7803039550781 130.91244506835938
521.0291137695312 500.24908447265625 394.1246643066406 515.0675048828125
8.886195182800293 556.0047607421875 130.01754760742188 542.1534423828125
514.1481323242188 303.9774169921875 515.1815185546875 265.00482177734375
539.2434692382812 581.16552734375 521.5505981445312 500.31719970703125
651.1279296875 477.9520568847656 615.408935546875 382.59600830078125
390.1520690917969 515.3464965820312 220.06292724609375 534.5571899414062
435.0754699707031 59.99376678466797 437.2218933105469 85.98167419433594
383.2165222167969 397.9876708984375 379.7948913574219 337.9546813964844
389.86865234375 406.9806823730469 496.895751953125 393.19091796875
498.6813049316406 394.2742614746094 481.6294250488281 312.2850646972656
130.0708770751953 544.620849609375 4.988635063171387 558.9004516601562
113.02902221679688 308.6340026855469 271.311767578125 246.79803466796875
481.0541076660156 313.4219665527344 381.1578063964844 326.23077392578125
273.86907958984375 419.8604431152344 364.9308166503906 409.39788818359375
393.4035949707031 557.0386352539062 386.46673583984375 450.0345764160156
380.9482116699219 323.5813293457031 477.94866943359375 311.5848388671875
46.10862731933594 223.10400390625 48.05892562866211 296.07861328125
49.355960845947266 234.06289672851562 66.44832611083984 228.3386993408203
501.8136901855469 398.04058837890625 541.900146484375 582.021728515625
520.9307861328125 498.22332763671875 499.7989196777344 397.0419921875
502.87469482421875 392.9505920410156 615.9342041015625 379.44891357421875
786.1539916992188 470.3658752441406 666.1015625 483.9008483886719
45.92332458496094 446.3477783203125 154.94483947753906 433.5307312011719
268.09930419921875 422.837890625 160.0758819580078 435.6402282714844
499.0943908691406 395.7878723144531 410.0546569824219 406.4561767578125
662.1688232421875 481.54486083984375 786.989501953125 467.9039001464844
43.96742248535156 297.0142517089844 44.525394439697266 219.99656677246094
381.44158935546875 338.9721984863281 392.3973693847656 513.0379028320312
132.4161376953125 542.8699951171875 156.03494262695312 436.7851257324219
160.88597106933594 433.0282287597656 266.95111083984375 420.5832214355469
374.515869140625 155.248046875 361.154296875 183.03587341308594
799.2628784179688 43.739402770996094 726.8662109375 28.641643524169922
155.12635803222656 436.089111328125 0.9967435002326965 453.971923828125
260.98272705078125 527.9985961914062 274.11895751953125 368.92724609375
363.1072082519531 411.9062194824219 272.9493103027344 422.57159423828125
393.42138671875 515.9754638671875 395.9835510253906 560.0009765625
514.8146362304688 117.96438598632812 513.3150634765625 209.9888458251953
799.4617309570312 166.42344665527344 701.4926147460938 137.73245239257812
800.7205810546875 377.78717041015625 769.4242553710938 446.194091796875
272.07830810546875 423.00634765625 263.6601257324219 527.0534057617188
398.5248718261719 175.64878845214844 347.7672424316406 216.71231079101562
527.042724609375 498.4371337890625 652.0223999023438 486.2293395996094
617.1039428710938 381.8641357421875 503.06964111328125 395.5790100097656
617.5667724609375 382.1589660644531 697.4757690429688 599.92626953125
327.4582214355469 216.91937255859375 232.9994659423828 263.9989318847656
484.7764587402344 317.04803466796875 501.296630859375 393.936279296875
506.89361572265625 260.12298583984375 512.5784912109375 311.2691345214844
741.412353515625 98.81087493896484 752.9437255859375 62.98188018798828
40.96955871582031 230.90390014648438 38.842041015625 297.9949951171875
211.0731201171875 530.2860717773438 259.0240478515625 528.752197265625
645.9273681640625 483.3411865234375 552.9548950195312 493.5911560058594
717.0111694335938 90.2653579711914 723.66455078125 64.91197204589844
799.3754272460938 28.02481460571289 650.2505493164062 -0.31819862127304077
731.2230224609375 5.799156665802002 799.2898559570312 18.43899917602539
19.719722747802734 516.9019165039062 42.916011810302734 450.6206359863281
158.44308471679688 437.0979309082031 135.66358947753906 540.1466674804688
705.4881591796875 117.21127319335938 799.3218383789062 142.82080078125
276.51007080078125 368.9600524902344 272.26544189453125 421.0216369628906
596.0697631835938 304.00933837890625 588.9794311523438 356.99725341796875
683.9354858398438 209.26893615722656 800.0169067382812 249.03115844726562
379.2708435058594 302.98016357421875 380.7391357421875 323.01910400390625
687.6343383789062 344.1773681640625 671.7646484375 400.9342041015625
799.0617065429688 256.8254089355469 598.9730834960938 186.07620239257812
390.5804138183594 458.0285339355469 387.1827392578125 408.0555725097656
609.7642211914062 93.09943389892578 620.9667358398438 6.995670318603516
435.7384338378906 43.69691848754883 465.92718505859375 37.637229919433594
596.2904052734375 189.9695281982422 798.7507934570312 262.9161376953125
799.3734741210938 153.6649627685547 605.5931396484375 99.45439147949219
0.9215059876441956 451.2853088378906 43.84309005737305 446.5713195800781
487.55419921875 109.00411224365234 487.22235107421875 72.9979476928711
604.9805297851562 102.2585220336914 597.5245971679688 188.21897888183594
465.17828369140625 65.99348449707031 466.49554443359375 102.01844787597656
599.214111328125 185.02513122558594 608.0331420898438 109.88652038574219
405.8799133300781 277.0221252441406 350.55743408203125 324.64752197265625
45.064727783203125 452.0230407714844 22.263925552368164 516.0939331054688
429.547119140625 110.12628173828125 423.75311279296875 89.34768676757812
799.229248046875 262.3599548339844 609.2486572265625 194.30587768554688
610.6552734375 111.19313049316406 700.9215698242188 137.2714385986328
489.2940673828125 29.894729614257812 491.0851135253906 51.91172790527344
517.1689453125 267.00433349609375 516.242919921875 303.0062561035156
615.93701171875 0.9942807555198669 607.496337890625 93.95426940917969
689.9605712890625 571.01513671875 656.6690673828125 484.1268005371094
333.96270751953125 203.7293701171875 346.9288330078125 204.39210510253906
799.3430786132812 270.05328369140625 614.3555908203125 203.01870727539062
156.71945190429688 435.93829345703125 162.19607543945312 411.0431213378906
591.3174438476562 183.035400390625 611.6187744140625 0.9574927687644958
320.42291259765625 24.10831069946289 326.7913818359375 58.039154052734375
109.73094940185547 295.9449157714844 233.532470703125 249.4167938232422
506.1318359375 73.45001983642578 457.32769775390625 37.812339782714844
124.18754577636719 301.8161926269531 53.03794860839844 318.1651306152344
688.935302734375 202.18780517578125 798.9634399414062 240.1060333251953
622.7071533203125 7.459787368774414 726.7339477539062 28.326377868652344
727.5166625976562 94.85163116455078 738.5636596679688 58.86605453491211
35.94304656982422 294.1151428222656 15.961463928222656 295.40130615234375
7.002432346343994 324.0105285644531 61.33644485473633 311.4560852050781
336.023193359375 209.86419677734375 330.2231140136719 294.2901306152344
39.099491119384766 320.58648681640625 0.8433229923248291 327.0764465332031
174.20262145996094 243.7899627685547 180.74380493164062 233.8317108154297
342.5065002441406 64.08146667480469 336.722900390625 29.045743942260742
614.0258178710938 377.9492492675781 491.65850830078125 315.7054138183594
767.3676147460938 446.6296081542969 793.5370483398438 389.786865234375
486.7720031738281 71.71377563476562 465.68743896484375 64.9784164428711
507.2032470703125 84.94021606445312 502.3426208496094 74.83519744873047
488.3575134277344 46.119361877441406 485.38409423828125 30.11442756652832
564.149169921875 207.0943603515625 581.0792846679688 0.9243916869163513
50.99333953857422 294.0742492675781 46.64356994628906 235.1000518798828
233.5232391357422 121.28107452392578 307.01885986328125 143.65284729003906
435.24810791015625 284.1285095214844 423.0111999511719 117.29256439208984
509.8321838378906 308.1900634765625 503.9957580566406 272.326171875
514.2088623046875 88.97096252441406 517.1107177734375 109.8456039428711
336.8612365722656 28.447092056274414 320.85162353515625 23.478076934814453
304.3082275390625 146.06961059570312 255.98045349121094 130.0590057373047
379.5357666015625 322.96112060546875 378.1585388183594 303.9884948730469
753.7974243164062 69.26358795166016 743.2764282226562 101.09137725830078
98.37675476074219 0.45411965250968933 118.83976745605469 52.06352996826172
328.2176208496094 213.39712524414062 310.0570373535156 206.84201049804688
358.01702880859375 184.7766571044922 336.9110107421875 183.166259765625
786.0435791015625 465.914794921875 621.575439453125 381.8304443359375
212.53250122070312 0.5175709128379822 219.93153381347656 24.02155303955078
121.00581359863281 52.98569869995117 342.593505859375 143.00067138671875
231.9580535888672 28.011917114257812 224.1883087158203 0.6624107360839844
380.0297546386719 329.8475341796875 430.8273620605469 339.7601318359375
487.4041748046875 133.6470947265625 449.32293701171875 119.87168884277344
310.1810607910156 205.0903778076172 336.72650146484375 210.37405395507812
486.4957580566406 288.895263671875 482.14862060546875 309.8231506347656
669.848388671875 400.95916748046875 682.7823486328125 352.9413757324219
337.3477783203125 240.71588134765625 340.75958251953125 208.86712646484375
347.90216064453125 203.98324584960938 341.380126953125 242.0651092529297
432.2073059082031 44.11587142944336 420.0308532714844 65.8992919921875
799.621826171875 297.3894958496094 564.5338134765625 206.6175079345703
159.03195190429688 237.34207153320312 123.00475311279297 238.19960021972656
555.8153686523438 276.4427490234375 509.02734375 256.93438720703125
345.97845458984375 140.3760528564453 366.0272216796875 141.525390625
336.93389892578125 186.70257568359375 359.976806640625 187.59738159179688
495.313720703125 36.01938247680664 480.2378845214844 15.822429656982422
552.2642211914062 206.146240234375 544.8803100585938 219.48724365234375
757.630615234375 104.53089141845703 779.2738037109375 99.08887481689453
581.69384765625 438.61541748046875 623.3370971679688 459.33245849609375
431.0896911621094 345.5672607421875 379.6070251464844 334.8958740234375
0.7094486951828003 319.8338623046875 12.94642162322998 316.78497314453125
121.92832946777344 236.43174743652344 153.18780517578125 232.48898315429688
380.0945739746094 326.05242919921875 363.0524597167969 327.5838317871094
587.1593627929688 356.8891906738281 594.129150390625 304.01702880859375
570.8440551757812 0.9119399189949036 555.6681518554688 200.1270751953125
492.30126953125 52.036155700683594 493.9859313964844 37.99831008911133
336.5415344238281 291.86016845703125 346.0616455078125 328.725830078125
179.31549072265625 152.02468872070312 178.34310913085938 125.05974578857422
479.1630554199219 16.447154998779297 467.0379943847656 12.871159553527832
331.6212158203125 335.0367431640625 334.1696472167969 291.9508972167969
590.9734497070312 594.2824096679688 631.0892333984375 598.0496215820312
44.910587310791016 102.81383514404297 56.19032669067383 97.39627838134766
34.31084060668945 220.8055877685547 8.568071365356445 179.64471435546875
184.6711883544922 126.89205169677734 182.70811462402344 151.05752563476562
359.0523681640625 338.4678955078125 332.1163635253906 335.8175048828125
546.0279541015625 219.6334686279297 556.0459594726562 220.39767456054688
56.25984573364258 98.35163116455078 79.52999877929688 107.67753601074219
67.9167251586914 111.37628173828125 46.63140106201172 106.66547393798828
30.537052154541016 173.72116088867188 42.7035026550293 197.15394592285156
571.662841796875 230.82211303710938 690.2258911132812 279.4492492675781
795.150634765625 385.8271179199219 764.2764282226562 369.4779968261719
347.5404968261719 327.2063903808594 366.0638122558594 332.7882995605469
478.0736999511719 574.5430297851562 555.0076904296875 586.9525146484375
468.2415771484375 13.46197509765625 459.0075988769531 18.015399932861328
72.29576873779297 599.4457397460938 87.31712341308594 589.4779052734375
