267
560.6771850585938 291.1910095214844 569.1384887695312 216.90187072753906
542.8729858398438 447.9850158691406 551.0045166015625 379.00054931640625
776.2189331054688 45.18516540527344 581.8652954101562 64.65556335449219
339.02642822265625 340.4298095703125 177.9588165283203 350.330078125
336.0984191894531 348.5172119140625 178.91653442382812 358.7132263183594
551.974853515625 370.21978759765625 559.6824340820312 300.96466064453125
579.7565307617188 120.2024154663086 585.1934204101562 73.02229309082031
692.4978637695312 525.9165649414062 698.965087890625 486.99420166015625
562.8372802734375 301.0936279296875 555.2646484375 368.8059387207031
561.3479614257812 385.1540832519531 554.2620849609375 447.1442565917969
567.9768676757812 328.8768310546875 563.1156616210938 369.25469970703125
31.6887149810791 287.1088562011719 9.01345157623291 13.998883247375488
553.9028930664062 379.98883056640625 545.9527587890625 449.1095886230469
341.07049560546875 163.95716857910156 339.9627990722656 187.998291015625
338.0198669433594 275.7181396484375 177.03244018554688 280.1724853515625
341.0342712402344 267.49591064453125 175.00686645507812 271.2997131347656
409.0608215332031 0.9431855082511902 404.4618225097656 76.96744537353516
570.2069091796875 207.13233947753906 578.8856811523438 127.98745727539062
389.94256591796875 465.5318298339844 440.0473937988281 459.3863830566406
566.4510498046875 215.26913452148438 558.0015258789062 292.21978759765625
572.224365234375 217.91261291503906 564.0027465820312 290.88763427734375
557.0454711914062 301.00506591796875 549.3197631835938 370.2587890625
588.9337158203125 69.87908935546875 583.3463134765625 119.15266418457031
151.15826416015625 0.959163248538971 156.48289489746094 151.98297119140625
179.841552734375 424.0054931640625 335.6527099609375 411.6280822753906
342.99774169921875 188.04327392578125 344.04058837890625 164.0017547607422
548.6000366210938 376.9557189941406 540.6134033203125 449.06793212890625
705.4495849609375 455.90472412109375 699.561279296875 489.924072265625
776.390869140625 48.893489837646484 724.285888671875 346.8751220703125
174.97442626953125 267.79107666015625 337.986083984375 264.3418884277344
347.4530029296875 163.98312377929688 339.61944580078125 417.9882507324219
545.5339965820312 372.05841064453125 553.6398315429688 297.9606018066406
582.3137817382812 73.92139434814453 577.1222534179688 119.24310302734375
541.53076171875 448.1749267578125 641.3839111328125 531.9268188476562
12.903128623962402 155.92135620117188 23.717864990234375 280.1116638183594
177.89012145996094 346.15789794921875 335.9837646484375 336.7279357910156
574.294677734375 0.9269812107086182 567.5518798828125 66.05713653564453
582.2353515625 128.91419982910156 573.4796142578125 206.9416046142578
6.467132091522217 9.045145034790039 18.069599151611328 145.99411010742188
49.436256408691406 324.1098937988281 84.58987426757812 313.62493896484375
403.6998596191406 84.98505401611328 384.68255615234375 466.8846130371094
576.1214599609375 128.23486328125 567.141357421875 209.3477783203125
644.9180297851562 530.08740234375 615.3668823242188 562.2556762695312
713.6810302734375 408.1086120605469 718.029541015625 380.84521484375
338.8936462402344 417.9420471191406 180.98146057128906 433.8155517578125
563.4183349609375 208.15261840820312 578.1747436523438 71.01880645751953
440.21759033203125 461.7394104003906 389.0179748535156 468.1437683105469
537.064697265625 450.114501953125 545.353759765625 373.0380554199219
575.0454711914062 70.51409912109375 775.161376953125 52.825782775878906
759.81884765625 -0.02835741639137268 586.7299194335938 30.46706199645996
715.855712890625 378.1787414550781 623.9570922851562 385.4585266113281
648.60107421875 531.8679809570312 549.7111206054688 449.1498718261719
662.3668212890625 423.6891784667969 668.2352905273438 392.8544616699219
342.37127685546875 117.95514678955078 341.2689514160156 157.97987365722656
176.59878540039062 430.0118713378906 168.66783142089844 161.98023986816406
562.4374389648438 369.2916564941406 704.40478515625 456.9638366699219
586.48583984375 119.05325317382812 591.8641357421875 69.985107421875
762.0264892578125 122.75393676757812 586.0421752929688 119.01490020751953
622.5057373046875 385.20196533203125 627.882568359375 345.1183776855469
52.739341735839844 44.02027893066406 54.51799011230469 66.88189697265625
339.6217041015625 264.8714599609375 343.23846435546875 197.95883178710938
344.94232177734375 32.96635818481445 342.58807373046875 106.98690032958984
702.3570556640625 466.4390869140625 551.8627319335938 370.6446838378906
697.4863891601562 410.7680969238281 700.3766479492188 391.90447998046875
137.19688415527344 350.24102783203125 132.87399291992188 389.6444396972656
230.50692749023438 505.9916687011719 231.62359619140625 574.0225830078125
552.5137939453125 177.15771484375 570.8782348632812 0.8831353187561035
707.72802734375 393.9483642578125 703.338623046875 417.0643005371094
343.02142333984375 189.5301971435547 172.02854919433594 187.0395050048828
339.91265869140625 198.9692840576172 338.6410217285156 243.98985290527344
402.2972412109375 163.00811767578125 406.7245788574219 0.9924736618995667
523.0302734375 460.10809326171875 551.9069213867188 184.88531494140625
594.3555908203125 546.3511352539062 630.6709594726562 532.1580810546875
639.4295043945312 443.0531921386719 635.3294677734375 476.16461181640625
684.990234375 395.99786376953125 681.275146484375 413.0599060058594
30.153156280517578 287.98797607421875 32.42886734008789 316.96630859375
55.82417297363281 86.87100982666016 58.65840148925781 126.95344543457031
99.055419921875 340.9303283691406 74.01863861083984 341.6492004394531
101.63764953613281 374.9596862792969 99.49308013916016 341.03204345703125
172.98341369628906 196.36463928222656 340.98291015625 198.40603637695312
310.3872985839844 495.98773193359375 309.1655578613281 557.0433349609375
681.5336303710938 465.702392578125 563.2322387695312 387.1563415527344
341.0384216308594 158.8126220703125 168.02540588378906 153.21498107910156
335.5897216796875 415.9350280761719 337.5854187011719 341.907958984375
656.1304931640625 526.0270385742188 729.0777587890625 529.2290649414062
28.96665382385254 286.2989501953125 0.9349436163902283 287.6322937011719
83.080810546875 68.9956283569336 81.8373794555664 46.00879669189453
136.0168914794922 469.9864196777344 134.42784118652344 585.0059204101562
140.1169891357422 384.9947204589844 144.03436279296875 471.9984436035156
462.015869140625 163.878173828125 403.99920654296875 163.0567626953125
403.986572265625 165.5269775390625 462.9737548828125 167.02972412109375
454.9749755859375 269.7272644042969 401.9954528808594 270.769287109375
576.5774536132812 207.06448364257812 585.2907104492188 129.03245544433594
0.9869198799133301 263.7671203613281 21.01649284362793 263.55462646484375
122.5163345336914 0.9763200879096985 138.76129150390625 355.19439697265625
176.69569396972656 352.969970703125 179.80287170410156 424.9653625488281
466.10906982421875 473.00897216796875 504.9136657714844 0.9107085466384888
554.395751953125 291.93499755859375 562.5682983398438 215.9535675048828
607.1073608398438 479.87042236328125 610.8865356445312 453.8383483886719
723.4471435546875 355.8788146972656 719.754150390625 372.7268981933594
765.3486328125 531.0728759765625 786.8575439453125 428.17926025390625
0.9783024787902832 146.85223388671875 18.018177032470703 147.2860565185547
22.54532814025879 146.95472717285156 34.089820861816406 285.9925537109375
87.04800415039062 130.9968719482422 84.24603271484375 88.04918670654297
345.52020263671875 0.9789145588874817 345.7842712402344 20.016862869262695
357.6492919921875 599.5333862304688 396.4149169921875 552.3408203125
409.00262451171875 273.2362976074219 454.0081787109375 272.7384033203125
648.0714721679688 327.1219482421875 716.0617065429688 324.83160400390625
716.898193359375 324.751953125 711.5360107421875 348.5709228515625
784.6019287109375 0.934059202671051 776.8106079101562 47.968624114990234
787.1133422851562 426.23187255859375 790.2735595703125 411.0569763183594
15.813339233398438 145.01510620117188 5.863378047943115 22.011051177978516
174.13198852539062 223.96591186523438 175.45689392089844 267.95611572265625
487.4869689941406 0.9602333307266235 475.54937744140625 154.96507263183594
639.8347778320312 530.196533203125 590.9285278320312 489.0850524902344
84.90742492675781 87.57646179199219 56.945125579833984 85.9344482421875
73.46781158447266 342.89019775390625 75.93931579589844 375.92974853515625
84.8591079711914 314.9678649902344 96.0584945678711 316.5981750488281
358.9098205566406 435.180419921875 152.87391662597656 457.85430908203125
158.94778442382812 157.88619995117188 348.9959411621094 163.14682006835938
356.40673828125 159.97921752929688 361.97869873046875 0.9642131924629211
580.1043701171875 402.0141296386719 572.9278564453125 454.990234375
740.9732055664062 247.11651611328125 569.3042602539062 207.67567443847656
621.4483642578125 472.07891845703125 624.7825317382812 453.13775634765625
584.0552368164062 57.497352600097656 778.5447998046875 35.908103942871094
583.8989868164062 129.16880798339844 760.029296875 137.37107849121094
22.978042602539062 279.39715576171875 0.934439480304718 280.2000732421875
48.539527893066406 594.1998901367188 34.84888458251953 357.1820068359375
180.9705810546875 374.2483215332031 214.9517059326172 375.0491027832031
363.1630859375 162.00491333007812 360.36431884765625 255.04104614257812
385.0810241699219 484.0045471191406 382.7309875488281 525.9849243164062
725.0681762695312 317.2713623046875 646.9710083007812 321.4595031738281
703.9359741210938 392.3073425292969 700.9447631835938 411.1499938964844
33.16374588012695 370.3121643066406 40.900352478027344 391.0372009277344
153.26779174804688 457.94732666015625 134.28123474121094 0.9467697739601135
337.3760681152344 337.9351806640625 340.17236328125 267.8871154785156
624.0498657226562 441.00811767578125 619.0065307617188 472.0010681152344
714.8641357421875 384.986083984375 708.5054321289062 447.0517883300781
143.0672607421875 513.9911499023438 149.01109313964844 559.2611083984375
342.1064758300781 107.063720703125 238.09107971191406 101.34370422363281
376.3350524902344 0.9355345368385315 359.5292053222656 434.9817810058594
464.98980712890625 51.12186813354492 409.9562683105469 46.52317428588867
638.3802490234375 478.9237365722656 641.0623779296875 457.1307373046875
175.19387817382812 272.9638366699219 177.436767578125 346.98675537109375
397.0166931152344 272.0008239746094 402.2688903808594 165.01319885253906
454.0956726074219 477.0837097167969 490.474609375 0.9598571062088013
567.4127197265625 290.153564453125 575.3493041992188 217.1466827392578
549.1412963867188 183.78941345214844 545.95849609375 211.8820037841797
549.8826904296875 448.2024841308594 557.0029296875 382.00030517578125
784.351806640625 426.8697509765625 768.4712524414062 505.89373779296875
158.40635681152344 193.0055694580078 158.0777587890625 157.98988342285156
284.82440185546875 398.9518127441406 281.41192626953125 411.387451171875
395.2061767578125 551.1920166015625 263.81280517578125 573.917724609375
566.264892578125 303.6054992675781 706.6044311523438 367.8639221191406
588.14599609375 486.8263854980469 565.900634765625 468.1181335449219
575.503173828125 218.94876098632812 738.3892211914062 260.4732971191406
643.662841796875 458.95098876953125 640.7322387695312 479.1064758300781
632.991943359375 385.9163513183594 715.0029296875 378.0304260253906
43.81821060180664 338.39453125 31.98946189880371 361.4822692871094
126.87945556640625 339.7496643066406 133.50924682617188 349.6593017578125
443.12109375 543.7129516601562 402.9220275878906 550.541015625
720.8872680664062 361.259521484375 559.3837280273438 291.1164855957031
631.6106567382812 532.4500122070312 537.1971435546875 450.7720947265625
671.20556640625 393.2472839355469 665.0980834960938 423.0201110839844
467.0707092285156 263.9300231933594 447.2666931152344 526.9447631835938
558.8416748046875 368.0915832519531 565.913330078125 303.0993957519531
701.2025756835938 418.036865234375 705.7665405273438 392.95751953125
107.99357604980469 395.93109130859375 65.0869140625 399.9320373535156
799.2728881835938 219.0166015625 750.8143310546875 212.34927368164062
0.974402904510498 154.6072540283203 13.007096290588379 154.3861083984375
626.272705078125 471.1924133300781 630.6707763671875 442.1014099121094
798.957275390625 355.9468688964844 783.985107421875 367.9814453125
60.99108123779297 126.0328140258789 73.00849914550781 125.92200469970703
396.5223388671875 555.4209594726562 361.2420349121094 599.195068359375
234.25827026367188 599.282958984375 259.3011169433594 576.425537109375
787.1013793945312 405.78094482421875 709.1975708007812 369.734130859375
31.483755111694336 358.8248596191406 34.63490676879883 349.536865234375
53.0001335144043 153.876708984375 70.00011444091797 153.8952178955078
63.82314682006836 331.5146179199219 98.79084014892578 333.9739074707031
260.9778137207031 577.9761962890625 238.21066284179688 599.2257080078125
275.9875183105469 364.2384033203125 302.0208435058594 365.602294921875
390.076904296875 407.0041809082031 391.81512451171875 374.9357604980469
24.647300720214844 358.3622741699219 35.945770263671875 400.5501403808594
125.3250503540039 328.9580993652344 85.1770248413086 316.4325866699219
627.2897338867188 566.2281494140625 612.1071166992188 585.509521484375
712.5614013671875 374.96246337890625 799.6226196289062 414.63360595703125
257.209228515625 575.21142578125 113.18743133544922 600.0852661132812
411.00933837890625 44.87206268310547 464.019287109375 48.73520278930664
734.9974975585938 14.98404598236084 780.9777221679688 7.856267929077148
150.8660430908203 571.2420043945312 140.01910400390625 520.4227905273438
274.0354919433594 117.30305480957031 174.93601989746094 112.25634765625
614.22900390625 582.0508422851562 610.395751953125 599.3099975585938
31.490436553955078 346.5851135253906 41.84182357788086 333.8712158203125
136.42587280273438 346.9660339355469 124.90058135986328 331.07208251953125
508.099609375 506.1482238769531 521.6845703125 497.01861572265625
170.93907165527344 108.15785217285156 341.93914794921875 117.15656280517578
307.05255126953125 16.505590438842773 166.93482971191406 1.613134503364563
241.4633026123047 390.1383056640625 224.59458923339844 397.0039367675781
772.0761108398438 365.7880554199219 726.022705078125 370.2353820800781
391.9216003417969 371.9959716796875 396.89898681640625 274.99481201171875
393.8759765625 373.8994445800781 440.8428955078125 368.60614013671875
231.0157470703125 100.69969940185547 171.91604614257812 97.60163879394531
346.0708312988281 20.372278213500977 309.09039306640625 16.199098587036133
795.4540405273438 351.2391052246094 799.1083984375 329.017822265625
7.82044792175293 8.886479377746582 115.08605194091797 19.095857620239258
165.22833251953125 58.085723876953125 168.1549072265625 16.1503849029541
666.9691772460938 529.5225830078125 644.0004272460938 531.0068359375
284.8278503417969 584.477294921875 326.7809143066406 599.6075439453125
153.8582763671875 164.93963623046875 155.83778381347656 193.08175659179688
612.017333984375 561.5313110351562 603.4796752929688 545.7406616210938
30.914037704467773 316.00726318359375 28.553550720214844 288.0376892089844
98.66954803466797 316.4017333984375 95.20771789550781 304.9372863769531
161.0419464111328 164.00015258789062 160.93423461914062 193.0034637451172
210.02479553222656 228.66363525390625 183.9781036376953 228.1803436279297
387.8208923339844 474.6473083496094 143.34063720703125 507.0205078125
407.20709228515625 554.3591918945312 469.19671630859375 574.3912963867188
598.1865844726562 23.021320343017578 600.719970703125 0.8537136316299438
607.5823974609375 538.4547119140625 523.1160278320312 460.8736572265625
349.4787902832031 118.02042388916016 347.77178955078125 158.03292846679688
71.76520538330078 300.0657043457031 90.72856140136719 297.7638244628906
143.8365478515625 473.59625244140625 315.9482421875 453.5554504394531
320.9432067871094 599.1505737304688 286.009521484375 585.9747314453125
338.6021423339844 241.21954345703125 273.23095703125 219.3108367919922
600.2462768554688 578.2511596679688 578.0208740234375 600.041259765625
168.88677978515625 149.0728302001953 170.28038024902344 112.97222137451172
230.86647033691406 380.5806579589844 246.22024536132812 375.6916809082031
372.4756164550781 460.6767272949219 386.5965576171875 0.9568917155265808
542.8562622070312 209.89955139160156 545.39892578125 180.94720458984375
782.8385009765625 370.085205078125 794.9903564453125 393.11566162109375
309.943115234375 28.696914672851562 340.9812316894531 31.22991371154785
474.7742919921875 166.90310668945312 467.58172607421875 257.88787841796875
573.36767578125 539.7294921875 600.0338134765625 575.97509765625
193.96128845214844 19.386293411254883 169.90225219726562 16.975439071655273
487.70037841796875 599.2105712890625 448.9344177246094 544.0460815429688
305.98321533203125 119.2369613647461 277.9115295410156 117.25027465820312
82.90093994140625 293.792236328125 64.73839569091797 302.4512634277344
148.2668914794922 546.9786987304688 145.79568481445312 516.0162963867188
158.28221130371094 14.21883773803711 156.5726776123047 0.7996498346328735
217.0487518310547 252.11138916015625 215.49307250976562 238.82518005371094
751.8779907226562 214.7100372314453 799.198974609375 222.8422088623047
168.98330688476562 14.167764663696289 194.13233947753906 16.669692993164062
586.1229858398438 31.009233474731445 588.3909301757812 0.8040972352027893
787.7113037109375 434.14984130859375 774.047119140625 499.0099182128906
345.22662353515625 104.00233459472656 345.3912658691406 88.0040283203125
449.13165283203125 537.0098876953125 453.4056701660156 480.1055908203125
261.3590393066406 59.116233825683594 292.805908203125 68.64081573486328
352.31591796875 28.010709762573242 350.7558288574219 74.02562713623047
129.2229461669922 548.9205322265625 125.65035247802734 583.8619995117188
102.34683227539062 302.2218322753906 83.98336029052734 294.037353515625
599.9520263671875 290.1876220703125 634.0260620117188 298.8979797363281
352.38037109375 0.9635699391365051 352.98834228515625 24.000307083129883
462.876953125 574.381591796875 426.1481628417969 562.5404052734375
253.0153350830078 372.51947021484375 268.0000915527344 372.9975891113281
475.2261657714844 3.016312837600708 443.3464660644531 445.0249938964844
776.1406860351562 422.7170104980469 730.089111328125 399.8207092285156
355.21185302734375 459.13458251953125 382.3020935058594 465.76580810546875
560.4940185546875 169.9510955810547 558.4554443359375 191.0440216064453
521.756591796875 497.3720397949219 547.4769897460938 520.6806030273438
89.93045806884766 300.1751403808594 73.95967102050781 301.5216064453125
274.0430908203125 153.01356506347656 295.04669189453125 153.93138122558594
372.6452941894531 246.02745056152344 371.6666259765625 269.0283508300781
565.7517700195312 600.941162109375 457.43402099609375 475.4886779785156
248.81666564941406 224.6898956298828 230.5146942138672 219.82623291015625
387.2467346191406 151.89637756347656 390.67779541015625 126.95567321777344
575.400390625 58.03889083862305 577.6416625976562 34.96519088745117
545.5529174804688 181.77810668945312 552.7574462890625 176.6586456298828
275.0877380371094 222.1946258544922 260.9289245605469 220.6524200439453
