336
697.657958984375 251.0142822265625 694.2335815429688 169.03201293945312
694.590576171875 149.9738006591797 690.0677490234375 47.99699401855469
304.15911865234375 367.98431396484375 322.17333984375 365.0724182128906
701.349365234375 373.9878845214844 697.157470703125 252.9945526123047
687.9410400390625 25.68153190612793 664.987060546875 29.930238723754883
555.8903198242188 226.83633422851562 614.9312744140625 221.2707977294922
617.09423828125 256.1866760253906 559.0631713867188 260.79541015625
533.1605224609375 78.03498840332031 616.1796264648438 65.15817260742188
606.1817626953125 77.1999740600586 544.091796875 86.60614776611328
173.062744140625 333.1065673828125 219.02488708496094 306.0422668457031
646.6516723632812 32.176204681396484 784.9111938476562 5.77123498916626
625.8704833984375 229.5712127685547 547.8768310546875 236.64111328125
126.07312774658203 138.7002716064453 246.12158203125 126.1643295288086
287.8599853515625 366.38287353515625 263.9560241699219 371.80615234375
513.9934692382812 401.0007019042969 476.6900939941406 58.14251708984375
346.74884033203125 362.9999084472656 326.75421142578125 368.0213317871094
171.78408813476562 322.55963134765625 210.75160217285156 303.4538269042969
206.79510498046875 314.62725830078125 189.94073486328125 323.8921813964844
235.96609497070312 370.8257141113281 249.24183654785156 368.2431945800781
302.3807067871094 455.4799499511719 341.24896240234375 461.3520202636719
370.4049987792969 365.5271301269531 319.9765625 428.9813537597656
459.8958435058594 562.6528930664062 405.16998291015625 592.3135986328125
285.81451416015625 85.87733459472656 476.2748107910156 63.320255279541016
587.8350830078125 41.04467010498047 555.7552490234375 46.58222579956055
616.2697143554688 66.04315185546875 625.96142578125 230.06137084960938
153.9021453857422 258.8305969238281 204.73109436035156 241.2237091064453
163.85218811035156 291.6836242675781 210.86817932128906 269.71783447265625
200.6561279296875 285.54766845703125 166.80496215820312 299.89874267578125
328.381591796875 381.33111572265625 349.37628173828125 375.31256103515625
615.6177368164062 221.0885772705078 606.4502563476562 78.03523254394531
165.95738220214844 296.8933410644531 201.8256378173828 282.5635681152344
216.22084045410156 479.20782470703125 237.56292724609375 456.5297546386719
245.45675659179688 126.91219329833984 291.8815612792969 368.4072570800781
319.9432067871094 431.7720642089844 278.4072570800781 482.5148010253906
322.2457275390625 363.06304931640625 321.46563720703125 328.9893493652344
495.3067321777344 0.7719116806983948 540.3164672851562 455.9687194824219
626.9470825195312 247.0031280517578 635.4801025390625 391.0899963378906
141.97515869140625 207.86354064941406 195.82838439941406 198.0574951171875
186.1235809326172 216.4545440673828 148.20745849609375 226.76304626464844
195.03416442871094 194.19126892089844 141.5955047607422 203.73507690429688
191.26422119140625 132.1597442626953 241.85101318359375 365.1639099121094
396.0552978515625 377.8236083984375 447.07318115234375 379.1199035644531
146.3858184814453 224.5100860595703 198.07740783691406 211.302978515625
151.97325134277344 249.9097442626953 203.21426391601562 234.7229461669922
170.03021240234375 316.0595703125 204.72781372070312 298.4632873535156
227.99034118652344 451.9895935058594 212.45359802246094 466.4113464355469
267.311767578125 426.2914733886719 292.44146728515625 399.4127502441406
384.9253845214844 353.7107849121094 341.8043212890625 409.8497009277344
351.8765563964844 369.8924255371094 387.7232360839844 328.7588195800781
193.11053466796875 247.28956604003906 161.51568603515625 259.3508605957031
479.12237548828125 57.987060546875 491.71240234375 177.03041076660156
543.9024047851562 87.84097290039062 555.5316162109375 226.95556640625
549.1181640625 252.43299865722656 627.082763671875 246.0033721923828
778.8536376953125 0.6885483264923096 756.1646728515625 11.350393295288086
159.12356567382812 274.4347839355469 207.32962036132812 257.9647521972656
137.80760192871094 180.15028381347656 191.06353759765625 174.6109161376953
262.6170654296875 416.2037658691406 255.09251403808594 365.1336975097656
324.7206726074219 366.95684814453125 326.580810546875 398.02508544921875
387.9044189453125 329.1615905761719 395.3724670410156 379.7975769042969
11.02151870727539 493.0305480957031 0.10138624906539917 500.724609375
265.00604248046875 480.5616149902344 216.00157165527344 479.88641357421875
359.0583190917969 327.5662536621094 331.9341125488281 330.3603210449219
373.2998352050781 329.4429931640625 361.8280029296875 343.8631896972656
560.9190673828125 393.0071716308594 548.4801635742188 252.86862182617188
626.1170654296875 383.05682373046875 618.0042114257812 256.9997253417969
694.9879150390625 15.928070068359375 744.7620239257812 7.581035137176514
142.97384643554688 215.87254333496094 197.5238800048828 204.67955017089844
203.88108825683594 237.62083435058594 153.78970336914062 253.3294219970703
162.1694793701172 284.38006591796875 208.8131103515625 263.58087158203125
634.9757080078125 391.15264892578125 560.9505615234375 393.2760314941406
621.00927734375 356.2167663574219 569.019287109375 358.4486389160156
136.7928924560547 172.26075744628906 175.08348083496094 167.7009735107422
197.95248413085938 207.78317260742188 144.66258239746094 219.46014404296875
274.1164855957031 363.17578125 233.70436096191406 160.05882263183594
325.3361511230469 457.10235595703125 340.9710998535156 438.1511535644531
617.0057373046875 316.09747314453125 566.06494140625 319.10107421875
665.62451171875 410.9212646484375 647.0126342773438 26.950916290283203
325.8243103027344 314.03173828125 334.68084716796875 363.0576477050781
447.7387390136719 395.59466552734375 399.71197509765625 405.4645080566406
619.0104370117188 348.20733642578125 568.9865112304688 350.7326354980469
617.0443115234375 299.7315673828125 564.9929809570312 302.88360595703125
196.952392578125 200.76861572265625 141.81752014160156 212.11314392089844
211.26287841796875 273.3475036621094 164.5319366455078 294.1925048828125
250.66943359375 428.6556091308594 232.85922241210938 446.8414611816406
313.99298095703125 81.23414611816406 284.9891052246094 80.3628921508789
492.14031982421875 180.9844970703125 498.4333190917969 237.95213317871094
498.593505859375 241.0438232421875 509.2595520019531 339.9720153808594
547.0804443359375 236.9928436279297 533.0003662109375 78.91090393066406
558.46240234375 261.876953125 568.8156127929688 384.9313659667969
747.4348754882812 77.00919342041016 746.4913940429688 18.992008209228516
718.9241943359375 591.887451171875 798.9796752929688 537.9698486328125
188.99301147460938 164.97093200683594 136.16351318359375 177.6796875
150.36099243164062 241.50936889648438 201.3651885986328 228.42333984375
209.34512329101562 266.5931091308594 163.0635223388672 288.1364440917969
330.2755432128906 420.2170104980469 372.6027526855469 366.4747314453125
497.20416259765625 499.14105224609375 461.1205139160156 600.4673461914062
550.088134765625 92.65279388427734 601.1031494140625 85.76377868652344
621.0076904296875 352.15814208984375 568.984619140625 354.6833190917969
190.67091369628906 171.72750854492188 138.3269805908203 185.2643585205078
183.87989807128906 264.72479248046875 162.10006713867188 274.2292785644531
213.3901824951172 303.71649169921875 172.1764373779297 326.1603088378906
203.01441955566406 231.05078125 151.61544799804688 245.6457061767578
187.20762634277344 304.4120178222656 168.8343505859375 313.6712951660156
207.21255493164062 255.0748748779297 195.8652801513672 257.3187561035156
234.0448455810547 158.99049377441406 228.35621643066406 132.13636779785156
303.64166259765625 465.82928466796875 300.2925720214844 512.0935668945312
361.0056457519531 344.6343078613281 338.9954528808594 344.2940368652344
509.877685546875 350.0152282714844 513.1130981445312 375.98590087890625
620.0133056640625 344.283935546875 567.9868774414062 346.7201232910156
187.245849609375 157.94786071777344 155.0757293701172 166.29197692871094
330.99237060546875 82.11405181884766 315.9927062988281 81.10868072509766
620.0180053710938 340.4158935546875 567.9856567382812 342.6687316894531
207.82046508789062 260.2935791015625 161.1483154296875 280.634765625
188.59193420410156 403.8509216308594 230.64971923828125 570.8363647460938
215.0868682861328 290.895751953125 203.90113830566406 291.98046875
266.0484924316406 383.4523620605469 290.19976806640625 380.86395263671875
347.8872985839844 74.3183822631836 430.93182373046875 60.58766174316406
558.640625 598.385009765625 666.27978515625 535.478759765625
621.0074462890625 360.1844787597656 569.9693603515625 362.2389831542969
621.0117797851562 364.35809326171875 569.9683227539062 366.0354309082031
254.89193725585938 463.5625 267.13311767578125 460.53900146484375
322.265625 474.1909484863281 343.9031982421875 481.2948913574219
615.03662109375 270.4772033691406 562.9595947265625 274.4731140136719
214.8795623779297 295.930419921875 170.44985961914062 319.98382568359375
280.1004638671875 46.27663040161133 36.79328918457031 12.488512992858887
620.0185546875 324.4075012207031 566.9918823242188 326.82147216796875
618.0234375 328.5011291503906 567.0413208007812 330.88372802734375
700.6815185546875 283.98602294921875 702.8944702148438 392.0021667480469
140.70191955566406 200.09677124023438 194.93771362304688 191.60235595703125
284.3984680175781 395.3917541503906 264.78802490234375 414.7856750488281
335.07318115234375 432.88543701171875 319.8760681152344 431.88775634765625
402.39898681640625 424.9398193359375 405.8793640136719 448.0181884765625
617.0083618164062 308.14990234375 565.9440307617188 310.99603271484375
622.003662109375 376.1416015625 570.9859008789062 377.45013427734375
622.0084228515625 368.2859802246094 570.0239868164062 369.8156433105469
227.79530334472656 571.2844848632812 205.1080780029297 475.21063232421875
341.5604248046875 576.9489135742188 382.8358154296875 583.1015014648438
391.4313659667969 392.08935546875 385.30584716796875 353.10906982421875
618.0119018554688 320.2114562988281 566.94873046875 323.0911560058594
688.1250610351562 19.714887619018555 647.78515625 26.772066116333008
177.27261352539062 301.5548400878906 167.23825073242188 306.48492431640625
246.3779754638672 363.9303894042969 240.66015625 332.8784484863281
274.56915283203125 484.881103515625 281.1090393066406 516.1860961914062
348.3188171386719 494.48779296875 307.2168273925781 479.0906677246094
617.005859375 312.1062316894531 565.9949951171875 314.9085693359375
616.99072265625 332.7651062011719 567.9881591796875 334.6998291015625
691.5501098632812 31.01673698425293 695.6776123046875 141.97479248046875
689.9548950195312 72.00148010253906 692.8473510742188 159.97213745117188
155.916748046875 162.2560272216797 173.03807067871094 160.3402557373047
36.86592483520508 15.985798835754395 279.9927978515625 49.0528564453125
307.1572265625 338.122802734375 295.6762390136719 259.338623046875
616.00927734375 283.1409912109375 563.9707641601562 286.55474853515625
568.990234375 384.6120910644531 624.97998046875 383.203857421875
615.0429077148438 295.6355285644531 565.0007934570312 299.0121765136719
570.9556274414062 379.7001647949219 621.0338134765625 377.9901123046875
695.0977783203125 165.0414276123047 700.3743896484375 279.9368896484375
237.32760620117188 366.2527160644531 222.89944458007812 340.6194763183594
216.99383544921875 482.6401062011719 267.0084533691406 483.1212158203125
354.1856994628906 484.140625 321.0062255859375 476.9711608886719
619.0234375 336.54620361328125 567.9885864257812 338.734130859375
614.0140380859375 262.1986083984375 561.9908447265625 265.8706970214844
607.064208984375 177.56982421875 557.023193359375 183.2059326171875
688.00439453125 16.025897979736328 649.9149780273438 22.499954223632812
-0.49535882472991943 431.4669189453125 51.92131805419922 599.3367919921875
274.646484375 454.69696044921875 296.8121032714844 428.83892822265625
427.8486328125 339.345458984375 448.0455322265625 337.4978332519531
616.0213623046875 287.3183898925781 564.0538330078125 290.80279541015625
568.973388671875 360.3654479980469 621.0076293945312 358.1820068359375
569.9963989257812 367.8817443847656 622.0093383789062 366.30767822265625
570.9928588867188 371.7582702636719 622.0369262695312 370.2476806640625
118.05570220947266 0.7105003595352173 276.16717529296875 31.131145477294922
346.5301208496094 84.0724105834961 383.516357421875 324.07452392578125
565.9409790039062 312.958984375 617.0601806640625 310.06134033203125
615.0512084960938 274.6952209472656 563.9600830078125 278.4584655761719
570.98828125 375.5535583496094 622.005615234375 374.2124938964844
569.9677734375 364.0955505371094 621.0098876953125 362.2772521972656
745.0502319335938 10.300634384155273 690.8906860351562 19.345626831054688
327.0487365722656 307.6568603515625 362.1522521972656 305.0514831542969
433.0310363769531 60.18802261352539 476.0149841308594 53.090675354003906
622.007080078125 372.2474670410156 570.020751953125 373.7289733886719
12.000642776489258 509.3194885253906 40.79399490356445 599.3855590820312
201.1129913330078 473.9734802246094 179.55885314941406 382.103515625
434.3503723144531 72.95692443847656 448.5027770996094 188.06114196777344
754.9622192382812 165.68026733398438 735.874267578125 167.9358367919922
0.4733927249908447 471.1859130859375 8.044529914855957 492.6312255859375
297.497802734375 395.0874938964844 306.1590881347656 444.79803466796875
567.9857788085938 344.6717529296875 620.01806640625 342.4166564941406
568.98486328125 352.6980895996094 620.0072631835938 350.14459228515625
754.734375 417.3656921386719 749.1873168945312 291.99169921875
428.03521728515625 344.6465148925781 450.0787353515625 343.4460754394531
453.4701843261719 240.0698699951172 447.3874206542969 193.9488983154297
180.91709899902344 220.01724243164062 183.2341766357422 231.1592559814453
187.26840209960938 328.1615905761719 202.49822998046875 397.11083984375
448.97149658203125 191.8848114013672 454.55029296875 238.93475341796875
465.7708740234375 332.900390625 472.8916015625 388.0140075683594
610.0189208984375 200.19357299804688 558.0276489257812 205.28228759765625
566.9918823242188 328.8062744140625 618.0277709960938 326.6600341796875
4.3036675453186035 514.8603515625 31.414731979370117 599.824951171875
243.4158935546875 451.3074645996094 253.530517578125 463.5621337890625
280.72650146484375 190.04653930664062 269.6407165527344 124.89098358154297
342.02691650390625 463.88641357421875 319.0162048339844 463.3302001953125
447.1234130859375 187.98399353027344 440.1217956542969 133.9842071533203
475.0603942871094 55.35982131958008 432.9053649902344 62.436222076416016
799.3795166015625 540.5651245117188 733.0650634765625 585.096923828125
37.00933074951172 599.3173217773438 8.838430404663086 511.3720703125
43.65207290649414 599.110595703125 14.913283348083496 508.70965576171875
399.9021911621094 550.995361328125 379.85235595703125 551.9735107421875
652.2074584960938 546.3533935546875 561.391845703125 599.6674194335938
567.9888305664062 336.741943359375 618.0250854492188 334.5799255371094
755.9389038085938 118.22650909423828 735.984375 119.8021469116211
480.48834228515625 466.7734680175781 494.4193115234375 496.8055114746094
567.9868774414062 340.70892333984375 619.0182495117188 338.4040222167969
568.9821166992188 356.61138916015625 621.0098876953125 354.2143859863281
733.9389038085938 259.0465087890625 756.8372802734375 289.1239013671875
333.89227294921875 346.14306640625 359.8502197265625 348.5893859863281
615.9963989257812 278.9477233886719 563.9688720703125 282.55029296875
567.9884033203125 348.76605224609375 620.0091552734375 346.1839904785156
196.8739471435547 288.0916748046875 197.8445281982422 300.0126647949219
535.2022705078125 411.38427734375 502.0338134765625 416.2314453125
615.0279541015625 291.4115295410156 564.0591430664062 294.8713684082031
735.0014038085938 102.93319702148438 756.9913940429688 103.40289306640625
160.69566345214844 283.8302307128906 171.908203125 329.77838134765625
331.1451110839844 333.4212341308594 360.1490783691406 330.46014404296875
455.0578308105469 242.9927215576172 461.7349853515625 296.0333557128906
565.9539794921875 321.2348327636719 617.009765625 318.1626892089844
613.026123046875 266.3263244628906 562.9466552734375 270.3331298828125
774.0001831054688 201.00123596191406 736.1025390625 205.80833435058594
99.03185272216797 15.789802551269531 170.06765747070312 26.553518295288086
293.6038818359375 259.0728454589844 281.7631530761719 194.67581176757812
480.9302673339844 60.726131439208984 500.4471740722656 55.75605392456055
778.0479736328125 136.6276397705078 742.989990234375 137.6608428955078
177.8523712158203 27.98174476623535 278.1408996582031 43.06297302246094
187.9547882080078 251.20204162597656 190.07652282714844 262.1784973144531
225.60914611816406 25.214900970458984 181.56886291503906 17.44318199157715
297.5256652832031 431.4456481933594 275.9194030761719 456.9316711425781
565.9983520507812 316.96966552734375 617.0125122070312 314.23370361328125
566.9926147460938 332.8306579589844 616.0299682617188 330.6846008300781
566.99658203125 324.9341735839844 618.9592895507812 322.2207336425781
777.1575927734375 77.7305679321289 730.8133544921875 81.95038604736328
756.6142578125 284.29351806640625 733.355712890625 253.7292938232422
211.1609344482422 457.3896179199219 226.94595336914062 450.8691711425781
776.1141357421875 89.49339294433594 731.9320678710938 91.5159912109375
138.04461669921875 9.763761520385742 97.781005859375 2.1595771312713623
172.02708435058594 180.22665405273438 174.83319091796875 192.27182006835938
439.74627685546875 132.03286743164062 432.2397766113281 74.09850311279297
617.0062866210938 304.122314453125 565.9874877929688 306.75714111328125
756.3883666992188 292.705078125 733.0446166992188 261.9660949707031
733.4068603515625 231.55987548828125 752.342529296875 251.62060546875
37.07510757446289 6.4922099113464355 87.16259765625 13.900712013244629
179.87339782714844 378.5240478515625 151.3282928466797 266.170654296875
333.9302978515625 0.8558354377746582 345.4101257324219 74.93644714355469
564.9429931640625 308.97216796875 616.0631103515625 306.1381530761719
276.1289367675781 29.31981086730957 248.00228881835938 23.987937927246094
608.9933471679688 204.92958068847656 558.9678955078125 209.6608123779297
606.9944458007812 190.95468139648438 576.0916137695312 194.7464599609375
733.1306762695312 185.83477783203125 750.5281982421875 199.596435546875
275.4328308105469 27.1007080078125 270.77392578125 0.8625805974006653
561.9650268554688 272.5664367675781 614.02978515625 268.369873046875
564.9381713867188 305.030029296875 617.9776611328125 301.6496276855469
718.1322631835938 399.5408020019531 740.3086547851562 405.9284973144531
272.7980041503906 33.21432113647461 236.7960968017578 27.22587013244629
755.9951782226562 257.38348388671875 741.00390625 257.5003967285156
778.0445556640625 125.7451400756836 733.9629516601562 128.37977600097656
314.6546936035156 479.146484375 351.9794616699219 490.38836669921875
736.1044921875 170.96945190429688 755.099365234375 168.9217529296875
150.3132781982422 184.16607666015625 153.04750061035156 195.47218322753906
458.2294616699219 454.6116027832031 479.489501953125 467.17144775390625
635.8408813476562 546.2755737304688 586.9688110351562 518.0540161132812
734.0083618164062 94.15837097167969 755.0552978515625 93.0463638305664
759.58251953125 299.993408203125 760.7603149414062 404.0027160644531
45.87087631225586 462.0398864746094 81.06006622314453 575.9814453125
140.99610900878906 205.00086975097656 126.46376037597656 139.67437744140625
179.0584259033203 191.98736572265625 176.07791137695312 178.19932556152344
384.2882995605469 381.2080078125 351.98272705078125 425.987548828125
596.9674682617188 187.70411682128906 557.0106201171875 192.09645080566406
563.9974365234375 288.9615478515625 617.0289306640625 285.435546875
-0.6621227860450745 285.4914245605469 91.78636932373047 598.1762084960938
284.05877685546875 71.20236206054688 313.0487060546875 73.33898162841797
564.9258422851562 296.86968994140625 615.0382690429688 293.5830993652344
733.5606079101562 223.43258666992188 751.9186401367188 242.08009338378906
778.009521484375 147.01702880859375 751.0025024414062 147.26979064941406
192.6216583251953 262.0190124511719 193.05221557617188 247.9404296875
565.0007934570312 293.0115661621094 615.0463256835938 289.699951171875
30.43993377685547 0.6285737752914429 184.86351013183594 599.2931518554688
736.2366333007812 209.03089904785156 756.083740234375 206.71853637695312
763.050537109375 119.00858306884766 762.914794921875 103.99172973632812
161.46923828125 233.1339569091797 149.5779571533203 236.51622009277344
492.79779052734375 171.9019012451172 489.86083984375 148.01710510253906
798.7935180664062 488.109619140625 759.1298217773438 413.4001770019531
760.8182373046875 256.1553649902344 778.5997924804688 273.380859375
733.550537109375 215.39910888671875 751.3509521484375 231.7083740234375
608.0103759765625 209.09381103515625 576.9488525390625 212.5385284423828
776.0177612304688 254.42999267578125 757.0089721679688 255.2163848876953
760.2156372070312 169.50955200195312 777.8788452148438 177.2755126953125
150.84986877441406 195.3857879638672 141.66531372070312 197.63064575195312
172.05027770996094 8.75225830078125 131.11300659179688 0.44320619106292725
314.5608825683594 402.10906982421875 305.96722412109375 367.5113525390625
361.01629638671875 348.0147705078125 374.83746337890625 332.7586975097656
699.0440673828125 412.3505859375 665.7901000976562 410.09503173828125
1.9666409492492676 314.308837890625 45.467708587646484 459.8602294921875
276.1205749511719 144.97860717773438 281.94708251953125 177.83203125
768.2738037109375 103.9927978515625 768.306884765625 119.00812530517578
460.95556640625 301.8793640136719 454.276123046875 248.96514892578125
264.6614990234375 599.3406372070312 240.58876037597656 575.4202270507812
290.0181579589844 598.3692626953125 264.01092529296875 597.6203002929688
667.8851318359375 464.9628601074219 665.7040405273438 412.970458984375
777.1011352539062 181.75442504882812 750.9894409179688 182.71316528320312
186.41262817382812 230.97056579589844 185.41880798339844 217.04147338867188
773.6058349609375 119.0450668334961 773.0860595703125 102.96489715576172
166.7888641357422 234.04205322265625 165.02676391601562 225.19381713867188
316.8104248046875 353.01190185546875 315.6175537109375 334.0240173339844
563.0267944335938 276.381591796875 615.0511474609375 272.72802734375
760.85986328125 209.2007293701172 779.0640258789062 221.9082489013672
577.9703979492188 198.72998046875 557.9913940429688 200.92141723632812
680.9993896484375 401.0737609863281 712.005615234375 401.3338928222656
159.39862060546875 195.41427612304688 156.53475952148438 184.34425354003906
773.78466796875 173.00360107421875 773.8489990234375 158.9947052001953
303.0134582519531 508.0008239746094 305.2912902832031 471.0179443359375
774.0394897460938 215.00582885742188 773.9666748046875 203.0001983642578
122.73670196533203 140.30581665039062 139.11688232421875 207.97171020507812
379.3746337890625 375.2772521972656 349.5074462890625 415.6354675292969
756.4117431640625 15.987665176391602 757.9708251953125 68.03083038330078
769.8006591796875 159.853271484375 770.7984008789062 172.09791564941406
775.09912109375 264.98406982421875 773.8462524414062 257.1853332519531
583.0804443359375 184.6475372314453 557.9710693359375 187.76710510253906
733.130126953125 177.7996063232422 749.4080200195312 188.37173461914062
763.2023315429688 166.0369873046875 762.92041015625 159.9573211669922
777.02294921875 191.32691955566406 755.0611572265625 192.87025451660156
745.0112915039062 260.56744384765625 756.0267944335938 260.3487243652344
763.635986328125 0.3770647943019867 746.297607421875 10.509278297424316
762.0896606445312 119.41429901123047 776.0682983398438 121.5536117553711
160.6006622314453 225.8450469970703 162.7852020263672 234.31336975097656
300.2111511230469 599.9557495117188 282.6317138671875 585.4462280273438
245.13095092773438 370.0033264160156 250.9443359375 404.009521484375
735.03955078125 252.1278839111328 749.6063232421875 269.4913635253906
285.6636962890625 198.873779296875 289.8763122558594 221.02352905273438
