219
226.75819396972656 193.02195739746094 460.061279296875 164.5012969970703
445.92608642578125 264.98773193359375 459.2794189453125 184.54837036132812
431.85089111328125 349.8081359863281 442.7625732421875 284.4594421386719
318.6332092285156 287.6104736328125 444.9061279296875 265.46478271484375
232.77407836914062 305.8097839355469 318.1159362792969 289.6108093261719
425.2247009277344 190.6134490966797 229.699462890625 217.8419189453125
316.21221923828125 312.020751953125 234.2218475341797 329.06707763671875
425.099365234375 145.93475341796875 227.10438537597656 166.98193359375
472.973388671875 171.79713439941406 227.99111938476562 203.9322509765625
477.8274230957031 140.96949768066406 472.5037841796875 171.0890350341797
204.6820831298828 465.2975769042969 163.02365112304688 0.8185024261474609
427.5096130371094 368.8977966308594 400.32183837890625 376.19854736328125
426.0055236816406 434.25299072265625 474.9693908691406 172.4332275390625
454.061767578125 273.3038635253906 233.0463104248047 318.2278747558594
497.9086608886719 499.7563171386719 548.8694458007812 480.6518249511719
768.8765258789062 339.9359130859375 736.52587890625 402.2729187011719
448.062744140625 135.60418701171875 222.89439392089844 158.98291015625
441.3882751464844 285.8638000488281 326.7392883300781 309.74847412109375
727.2708129882812 420.1367492675781 706.5055541992188 461.25531005859375
81.47428894042969 485.6130676269531 177.686767578125 458.3633117675781
422.6753845214844 426.9462890625 239.78125 483.2899169921875
425.0845031738281 432.2735290527344 238.6495361328125 489.865478515625
439.9483337402344 357.8025207519531 236.73150634765625 410.97381591796875
470.3645324707031 183.88880920410156 454.8097839355469 272.791748046875
800.8284912109375 258.96136474609375 761.68505859375 333.4117126464844
453.3811950683594 268.0658874511719 467.91680908203125 183.98561096191406
762.0601806640625 334.526123046875 687.5556030273438 482.28857421875
681.5816040039062 481.79083251953125 799.7861938476562 245.39312744140625
23.011093139648438 427.04656982421875 0.6144106984138489 432.3811340332031
209.94715881347656 468.33050537109375 126.77832794189453 456.51934814453125
474.81219482421875 170.96725463867188 480.005859375 141.17535400390625
550.4509887695312 482.152587890625 497.3616943359375 502.9244079589844
284.2685241699219 278.6124267578125 351.6593017578125 271.6853942871094
485.56829833984375 139.73953247070312 431.3291931152344 437.8779602050781
410.0399169921875 145.26368713378906 500.9257507324219 131.50946044921875
470.5560302734375 167.9219207763672 475.3124694824219 140.8790740966797
127.21353149414062 461.0553283691406 61.962562561035156 500.64166259765625
526.5948486328125 410.7779235839844 574.0181884765625 395.0548095703125
151.4068145751953 470.4673767089844 112.35853576660156 481.293212890625
502.34161376953125 130.87210083007812 527.621826171875 0.7322818040847778
736.4873046875 403.18743896484375 799.7442626953125 455.0929870605469
96.10411071777344 107.71533203125 39.01095199584961 111.18047332763672
430.62969970703125 437.84234619140625 276.99560546875 486.9862976074219
453.09442138671875 283.0166320800781 439.91314697265625 357.8084411621094
799.2955932617188 281.1543884277344 778.3814697265625 321.19921875
53.80398178100586 183.2593536376953 81.1330795288086 180.18179321289062
64.89006805419922 72.72186279296875 88.96996307373047 70.65080261230469
238.91014099121094 492.7100830078125 427.46484375 434.2732849121094
239.12460327148438 486.4068298339844 424.5730285644531 429.60595703125
236.3812255859375 418.4565734863281 424.72198486328125 372.6363220214844
598.8688354492188 289.46502685546875 553.8770141601562 300.4984436035156
-0.629118025302887 344.4753723144531 23.49395751953125 427.14764404296875
194.81349182128906 0.8867087960243225 204.8128204345703 160.94921875
237.56649780273438 481.9722900390625 222.26478576660156 169.03594970703125
226.09158325195312 167.02626037597656 226.87074279785156 193.97482299804688
575.4386596679688 397.3464050292969 527.0377807617188 413.11602783203125
1.072817087173462 238.54815673828125 79.15616607666016 228.17556762695312
97.80445861816406 462.720703125 46.14021301269531 513.0652465820312
120.77638244628906 516.2892456054688 139.15908813476562 510.50567626953125
732.2420043945312 403.09954833984375 766.2758178710938 336.6534729003906
799.9568481445312 482.8851623535156 728.0201416015625 421.1416015625
48.5261116027832 143.7615203857422 61.99471664428711 116.99734497070312
438.1940002441406 368.03106689453125 434.8409423828125 388.97454833984375
489.1829528808594 567.4295043945312 413.3169250488281 599.7440185546875
663.045654296875 150.4384765625 592.8693237304688 157.74501037597656
208.07620239257812 167.8690643310547 228.09764099121094 166.11349487304688
691.6596069335938 479.3166198730469 799.5390014648438 583.4415283203125
55.9339599609375 192.36483764648438 106.90281677246094 187.06533813476562
450.673583984375 449.00262451171875 210.54002380371094 527.5945434570312
356.6651916503906 230.77984619140625 360.9722900390625 204.66555786132812
414.711669921875 212.11602783203125 447.27294921875 241.6995849609375
493.0069580078125 568.0015869140625 485.8619689941406 599.1974487304688
616.6507568359375 58.903873443603516 495.0365295410156 500.73480224609375
734.9579467773438 0.6290494799613953 542.9577026367188 539.9849243164062
799.6812744140625 362.07861328125 770.105224609375 340.2101135253906
778.939453125 321.58355712890625 799.9727172851562 335.5333557128906
220.98666381835938 51.70656204223633 271.0196838378906 49.43294143676758
591.9317626953125 161.47691345214844 649.9876708984375 153.90554809570312
687.4036254882812 481.564208984375 799.6691284179688 591.3155517578125
206.6066436767578 518.599365234375 213.0203857421875 496.29339599609375
214.0039825439453 227.9426727294922 210.56597900390625 167.7392578125
215.62245178222656 186.00872802734375 215.03323364257812 228.01449584960938
485.1754455566406 46.667686462402344 223.0099639892578 59.20816421508789
448.11053466796875 244.68589782714844 412.52545166015625 212.23098754882812
592.3296508789062 158.3470001220703 624.30615234375 35.81892013549805
800.0452270507812 469.75384521484375 725.5873413085938 407.2997741699219
70.88423919677734 129.67410278320312 82.82262420654297 162.06536865234375
799.2275390625 586.7652587890625 690.0480346679688 480.950439453125
695.2603149414062 476.628662109375 724.8037109375 417.4009094238281
709.2354125976562 459.5360412597656 799.984375 505.0366516113281
799.916748046875 347.6966552734375 766.7445678710938 324.3631591796875
35.47880554199219 434.867431640625 55.346046447753906 506.6273498535156
83.00908660888672 24.99955177307129 22.001256942749023 25.276689529418945
148.2534637451172 486.0223083496094 129.9295196533203 481.2718811035156
231.7606201171875 321.0149841308594 235.38133239746094 378.9136047363281
799.3047485351562 579.6851196289062 694.620361328125 478.3591003417969
779.8497314453125 320.5497131347656 799.0475463867188 314.1423645019531
397.0481262207031 79.82597351074219 217.95677185058594 90.2579116821289
780.2681884765625 224.6453094482422 798.6070556640625 186.80955505371094
152.8023681640625 548.0993041992188 191.10426330566406 520.142822265625
208.87637329101562 528.6079711914062 221.46963500976562 492.51275634765625
589.29150390625 502.11541748046875 787.8594970703125 0.5484829545021057
466.0270080566406 20.004545211791992 462.3160705566406 42.05319595336914
59.13838195800781 66.9776840209961 62.226348876953125 86.12477111816406
206.32089233398438 502.97900390625 205.00865173339844 482.9339599609375
409.1376953125 556.8402709960938 401.2846374511719 599.2379150390625
439.0291442871094 77.4968032836914 398.0527648925781 79.89983367919922
542.4035034179688 544.9552001953125 493.78582763671875 565.4930419921875
553.630126953125 303.5112609863281 598.114013671875 292.4588928222656
39.21575927734375 432.2161865234375 0.33811715245246887 291.1824645996094
61.66809844970703 519.7335205078125 87.77520751953125 487.21392822265625
570.1345825195312 472.40350341796875 737.8026123046875 0.929809033870697
28.306394577026367 36.415775299072266 43.451175689697266 25.2552490234375
30.96327018737793 73.00557708740234 58.0002555847168 72.00691986083984
204.99774169921875 160.96389770507812 218.00938415527344 160.14990234375
482.2183837890625 64.86872100830078 470.8895263671875 132.31736755371094
798.7366333007812 192.8725128173828 782.757568359375 225.8826446533203
20.55722999572754 25.679861068725586 30.27383041381836 72.9437026977539
420.1771240234375 193.88218688964844 417.43121337890625 213.06173706054688
774.1614990234375 321.08447265625 799.4813842773438 270.2397155761719
191.0515594482422 519.1612548828125 85.30894470214844 552.9663696289062
226.6501922607422 205.95974731445312 229.74542236328125 255.95384216308594
244.00021362304688 219.73509216308594 274.0009765625 219.75906372070312
764.7561645507812 364.2718505859375 789.3428955078125 356.03790283203125
64.68984985351562 118.341064453125 51.20414733886719 145.6177215576172
193.66001892089844 386.57196044921875 42.64857482910156 422.5238952636719
464.680419921875 183.76931762695312 450.2372131347656 266.3910827636719
470.9286804199219 521.8145751953125 499.0049133300781 511.0128173828125
799.5335083007812 310.4023132324219 779.280029296875 318.1075439453125
75.98900604248047 178.6288604736328 57.97519302368164 179.16232299804688
111.11244201660156 555.5764770507812 153.4759521484375 547.3133544921875
343.0813903808594 278.7779541015625 315.95977783203125 281.61566162109375
383.1362609863281 233.79640197753906 415.28314208984375 268.6609802246094
447.49981689453125 283.7381896972656 435.7088317871094 351.2982482910156
515.4296875 437.1183776855469 591.1449584960938 162.31546020507812
229.67666625976562 260.9676818847656 231.82635498046875 305.96051025390625
112.95150756835938 482.2015075683594 119.61672973632812 516.8814697265625
580.9527587890625 599.1411743164062 494.88262939453125 570.3508911132812
653.0179443359375 479.47283935546875 800.220703125 162.5670166015625
63.07120132446289 113.89397430419922 94.84446716308594 135.23159790039062
107.72713470458984 187.0413055419922 95.790771484375 108.18303680419922
222.28953552246094 154.03916931152344 218.97894287109375 94.00115966796875
60.973228454589844 28.30084228515625 41.96281051635742 29.02876853942871
220.80563354492188 484.29339599609375 197.10789489746094 457.274169921875
427.0865478515625 109.7635726928711 444.9701843261719 107.73686218261719
492.5476989746094 499.37200927734375 503.4515380859375 512.6286010742188
495.0924377441406 567.7276611328125 581.3388671875 597.001708984375
53.81217956542969 55.387020111083984 41.74287796020508 49.529823303222656
328.018310546875 70.37294006347656 438.9852294921875 68.89247131347656
38.24557113647461 111.95055389404297 52.7614631652832 184.0480194091797
93.42045593261719 137.35023498535156 64.56226348876953 118.67647552490234
156.30575561523438 506.1015319824219 151.18991088867188 471.11846923828125
472.34027099609375 140.85618591308594 466.9829406738281 165.43226623535156
492.46923828125 0.6744990348815918 487.1515197753906 42.01948928833008
506.0659484863281 138.0135040283203 482.1447448730469 254.82485961914062
56.265777587890625 528.0504150390625 71.65476989746094 563.5826416015625
223.68875122070312 126.97394561767578 224.63592529296875 152.01377868652344
420.698974609375 213.12332153320312 424.6748352050781 190.58975219726562
525.7918701171875 99.95552825927734 451.24908447265625 448.8395690917969
780.0491333007812 368.24072265625 762.9911499023438 367.1365966796875
78.58070373535156 599.068603515625 77.24459075927734 551.9647216796875
200.828369140625 176.03076171875 209.72967529296875 225.68995666503906
210.31260681152344 92.0391845703125 205.11912536621094 0.9362025856971741
43.10529327392578 425.4428405761719 194.12716674804688 389.5348205566406
70.58099365234375 49.217071533203125 54.04176330566406 36.943721771240234
0.012689379043877125 280.271240234375 41.394371032714844 430.89166259765625
545.1593627929688 541.4174194335938 569.3841552734375 474.1383361816406
132.25547790527344 451.9808044433594 101.00152587890625 456.0118408203125
433.3451843261719 366.8853454589844 422.8547058105469 426.7994689941406
799.1644897460938 598.8340454101562 682.1439208984375 482.85479736328125
84.22907257080078 159.55441284179688 74.53218841552734 132.80706787109375
90.03399658203125 71.14904022216797 82.93895721435547 25.163707733154297
195.64501953125 154.01199340820312 195.4993896484375 173.99635314941406
361.71563720703125 172.05165100097656 362.802978515625 156.98577880859375
82.26095581054688 51.098114013671875 77.11161041259766 64.7939224243164
218.89093017578125 599.0170288085938 206.0194549560547 516.5288696289062
461.0522155761719 65.577880859375 482.0614013671875 63.679386138916016
502.09326171875 514.246826171875 274.471923828125 600.2490234375
68.64274597167969 554.12109375 60.23748779296875 521.4534912109375
56.56294631958008 35.26886749267578 72.4085464477539 47.469398498535156
438.16259765625 188.81842041015625 434.2553405761719 206.8385467529297
468.4847717285156 131.07020568847656 472.133544921875 105.87451934814453
178.9807586669922 464.16156005859375 208.20057678222656 479.7494812011719
438.1645812988281 166.12547302246094 421.29461669921875 153.6031036376953
116.92671203613281 221.40489196777344 175.1520233154297 214.2344970703125
432.2947082519531 327.76409912109375 406.1392822265625 295.08807373046875
101.3364486694336 552.263427734375 113.1545639038086 557.66162109375
101.95854949951172 458.5028991699219 115.03456115722656 459.58074951171875
799.1763916015625 370.3019714355469 786.9962158203125 369.0364990234375
71.89265441894531 31.058563232421875 82.17435455322266 49.90488052368164
313.0466613769531 221.9573516845703 304.4678955078125 212.57229614257812
388.0186462402344 273.98382568359375 352.70513916015625 233.2556610107422
581.78955078125 597.15869140625 542.5437622070312 545.0977783203125
32.75358200073242 52.7689094543457 28.11931800842285 37.65675354003906
357.048095703125 231.44541931152344 382.9400634765625 233.69100952148438
41.2619743347168 29.269933700561523 32.129356384277344 38.13328552246094
43.707305908203125 469.7879943847656 33.61384201049805 436.1157531738281
291.6763916015625 321.59368896484375 315.7852478027344 361.72967529296875
207.67526245117188 473.4834899902344 217.63966369628906 486.5107421875
57.37321472167969 558.816162109375 49.82304763793945 525.2648315429688
148.75985717773438 441.21685791015625 137.89808654785156 429.1889953613281
140.37863159179688 452.65057373046875 150.45689392089844 446.7850341796875
218.43174743652344 60.0328369140625 216.7515869140625 30.95656967163086
374.971923828125 341.7290344238281 389.9866943359375 341.3973083496094
100.65264129638672 434.8171691894531 137.38465881347656 422.9852294921875
47.60893630981445 471.84765625 38.308956146240234 434.67254638671875
220.052734375 493.5599365234375 204.8408660888672 474.5285949707031
460.3153991699219 444.852294921875 555.2091064453125 5.045116424560547
69.71114349365234 564.1508178710938 54.84587097167969 534.5858764648438
173.01121520996094 218.08865356445312 129.9417266845703 223.53955078125
220.98834228515625 549.965576171875 403.6746826171875 488.0402526855469
769.817626953125 600.1552734375 652.7130737304688 480.30328369140625
129.86676025390625 428.5384826660156 110.9960708618164 433.98638916015625
200.79708862304688 512.3563232421875 194.4330291748047 490.8717346191406
130.33709716796875 419.90576171875 89.40947723388672 441.90118408203125
151.9830780029297 424.213623046875 131.95034790039062 422.6267395019531
197.0388641357422 444.126953125 164.508056640625 426.083984375
422.866455078125 597.68212890625 460.87884521484375 581.7116088867188
661.6124877929688 600.2332763671875 645.17138671875 581.7365112304688
