193
730.0181274414062 464.0758361816406 708.5693359375 469.1959533691406
128.84922790527344 356.053466796875 235.99778747558594 338.986083984375
317.91729736328125 264.3773193359375 282.87152099609375 269.03271484375
695.0797729492188 62.30635070800781 465.0557556152344 122.21412658691406
359.239501953125 496.0082702636719 361.4153747558594 432.9798278808594
653.0414428710938 324.0573425292969 648.0718994140625 240.99569702148438
717.5407104492188 464.118896484375 695.1480712890625 0.8961592316627502
706.8948364257812 0.9528759121894836 732.1837768554688 481.1483154296875
0.9674025774002075 226.4969024658203 314.078369140625 206.2095184326172
483.496337890625 288.8358459472656 485.7119445800781 309.0316162109375
649.06787109375 319.8858947753906 484.0452575683594 314.59002685546875
521.2403564453125 278.91290283203125 519.6058959960938 311.9309997558594
645.0780639648438 244.99517822265625 649.7820434570312 321.0753173828125
3.0018222332000732 133.82090759277344 319.9995422363281 137.04629516601562
286.63409423828125 330.09527587890625 232.70335388183594 340.45587158203125
411.51678466796875 493.9830017089844 409.90753173828125 445.0359191894531
411.32757568359375 444.9972229003906 411.2411193847656 465.99688720703125
714.581787109375 426.0123596191406 715.3805541992188 453.018310546875
235.1651611328125 333.08770751953125 129.1793670654297 349.1812744140625
284.04071044921875 271.3056335449219 319.0849609375 266.637939453125
645.7495727539062 203.01409912109375 647.2687377929688 229.98486328125
345.9422302246094 261.552001953125 319.9869079589844 264.89849853515625
427.3528137207031 495.80615234375 596.1132202148438 456.48590087890625
692.809814453125 389.95166015625 691.374755859375 365.91790771484375
220.7745819091797 342.8309326171875 0.8527835607528687 385.23651123046875
136.01014709472656 286.0807189941406 87.8906478881836 292.1301574707031
551.1763916015625 245.06002807617188 549.4257202148438 221.04185485839844
354.44732666015625 143.3646697998047 694.1903076171875 51.7054557800293
140.6946258544922 285.9040222167969 131.71328735351562 220.9014434814453
645.6063842773438 230.02395629882812 641.8330688476562 168.01016235351562
103.97715759277344 99.32665252685547 68.15230560302734 96.8217544555664
0.7395708560943604 307.9742126464844 281.2459411621094 271.9130554199219
319.5675964355469 268.05133056640625 333.09124755859375 381.9891662597656
442.07257080078125 255.3951873779297 645.095458984375 244.83523559570312
681.5049438476562 188.03341674804688 680.6224365234375 174.95799255371094
706.5192260742188 470.977294921875 706.9384155273438 499.015869140625
571.9881591796875 315.7699890136719 588.9945678710938 314.8945617675781
683.4043579101562 225.03274536132812 682.0282592773438 199.99844360351562
703.0296020507812 498.97564697265625 705.6157836914062 395.8900146484375
733.2883911132812 499.0399169921875 731.4364624023438 466.0316162109375
172.99964904785156 144.10325622558594 1.0016026496887207 143.52407836914062
84.12217712402344 292.9822082519531 74.19111633300781 224.82644653320312
192.0152587890625 278.86724853515625 184.44046020507812 220.94239807128906
72.88484191894531 393.7953796386719 46.7282829284668 408.5172424316406
117.15281677246094 277.98492431640625 114.98466491699219 256.00152587890625
485.9967956542969 312.31976318359375 447.00433349609375 312.224853515625
90.07423400878906 312.496826171875 100.14816284179688 310.99163818359375
238.62472534179688 272.9165344238281 231.56227111816406 220.05848693847656
581.5913696289062 465.4386901855469 472.4609069824219 491.9008483886719
521.0079956054688 313.2836608886719 536.9671630859375 312.834228515625
97.53269958496094 400.9503479003906 71.96054077148438 394.3041687011719
92.89921569824219 364.4858703613281 110.79945373535156 360.9769592285156
180.0953826904297 279.5876770019531 141.80555725097656 285.80194091796875
219.3831787109375 266.9585266113281 217.21975708007812 246.97621154785156
322.0355224609375 500.61578369140625 421.10968017578125 494.902099609375
650.228515625 240.98561096191406 655.4591064453125 324.0340576171875
623.9383544921875 450.7273864746094 596.7317504882812 465.5061950683594
666.5235595703125 201.90147399902344 668.0858764648438 226.05911254882812
706.5667724609375 404.9918212890625 706.4356689453125 443.99810791015625
21.374958038330078 299.779541015625 10.676539421081543 233.05186462402344
129.25128173828125 221.10086059570312 138.01190185546875 286.13311767578125
577.051513671875 233.9983673095703 576.3552856445312 211.98875427246094
608.8954467773438 432.9648132324219 604.3544311523438 446.45587158203125
682.1640625 199.57521057128906 667.1189575195312 201.1421356201172
182.292236328125 220.96405029296875 189.5603790283203 280.0540771484375
407.50775146484375 454.9797668457031 406.1888427734375 487.04888916015625
406.91162109375 198.4267120361328 697.1060791015625 153.68807983398438
665.2864379882812 176.96554565429688 665.6357421875 190.00975036621094
99.81398010253906 257.8824462890625 102.98744201660156 279.8573913574219
322.0635681152344 266.4804382324219 347.1535339355469 263.16033935546875
481.9195556640625 313.26678466796875 519.2383422851562 309.1725158691406
623.2341918945312 535.895263671875 582.3358154296875 570.2083129882812
709.5960693359375 487.0190734863281 732.0346069335938 495.91265869140625
279.59246826171875 274.04986572265625 286.46014404296875 330.1883850097656
447.3267517089844 312.87738037109375 442.0529479980469 255.81027221679688
621.9739990234375 31.86785125732422 582.5183715820312 39.63372039794922
114.09759521484375 256.1583251953125 101.02190399169922 257.2599792480469
238.8744659423828 333.1573181152344 268.8060607910156 328.6982727050781
483.9385986328125 220.82102966308594 485.711669921875 240.026611328125
615.177734375 317.2644958496094 647.2470092773438 312.757568359375
112.9792709350586 247.00161743164062 112.03941345214844 234.99691772460938
134.22579956054688 397.0275573730469 120.2418441772461 400.1005554199219
281.7428894042969 268.9037170410156 278.2521057128906 241.9673309326172
71.86712646484375 226.01881408691406 81.50238037109375 294.0704650878906
160.9619598388672 562.9025268554688 66.32801055908203 599.84033203125
457.9580383300781 308.59185791015625 482.9001159667969 306.0282897949219
494.7215270996094 239.01560974121094 493.60040283203125 219.02239990234375
204.76194763183594 247.8981475830078 207.32752990722656 267.08990478515625
203.88621520996094 328.1819152832031 231.90060424804688 324.28533935546875
398.69708251953125 36.32001495361328 481.3341979980469 -0.49452000856399536
638.837646484375 84.94853973388672 641.9130859375 135.00534057617188
70.42562866210938 97.19208526611328 62.06645965576172 61.74848175048828
709.2326049804688 365.6624450683594 678.44580078125 342.71820068359375
119.7430191040039 400.73504638671875 122.97603607177734 422.0036315917969
208.10430908203125 407.8672180175781 201.49952697753906 352.93994140625
232.2064208984375 327.3102111816406 203.96217346191406 331.75994873046875
305.6065979003906 358.7987976074219 307.8878479003906 377.0140380859375
469.3148498535156 278.9039306640625 471.22064208984375 304.98388671875
222.0 144.0 179.0 144.0
349.5111389160156 475.04034423828125 351.08160400390625 494.0757751464844
516.110595703125 284.05047607421875 484.04498291015625 287.4271240234375
564.09716796875 212.92031860351562 565.6298828125 234.02687072753906
676.1377563476562 364.919921875 677.698486328125 387.09161376953125
17.120851516723633 446.1180419921875 14.148122787475586 423.9801025390625
86.54908752441406 310.017578125 88.73037719726562 366.010498046875
292.3604736328125 239.83950805664062 294.393310546875 257.0715637207031
428.87646484375 244.01007080078125 427.4128112792969 226.0478515625
614.0687866210938 4.636367321014404 605.2219848632812 32.040164947509766
635.0446166992188 310.7989501953125 619.9799194335938 311.64007568359375
541.490478515625 581.045654296875 455.6313171386719 601.6328735351562
589.1554565429688 458.8759460449219 578.9172973632812 528.575439453125
780.0330810546875 365.5890808105469 731.9423828125 361.7149353027344
158.63217163085938 420.0487365722656 150.92556762695312 361.87738037109375
587.848388671875 377.07818603515625 586.4153442382812 355.9718017578125
220.98841857910156 377.8727722167969 223.44317626953125 396.9429626464844
317.0809326171875 374.9380798339844 316.0531005859375 356.9969482421875
574.6284790039062 355.0286560058594 576.1737060546875 375.063720703125
269.56219482421875 328.2093811035156 265.6083984375 301.0570373535156
419.7020568847656 227.02781677246094 421.2925109863281 244.0660400390625
439.8117980957031 359.11444091796875 438.1621398925781 341.984375
571.396728515625 527.5336303710938 583.6358642578125 459.2181396484375
694.10595703125 54.39078140258789 637.22119140625 69.81564331054688
31.341421127319336 459.33294677734375 0.7847661375999451 467.1596984863281
234.83950805664062 394.0888977050781 233.45697021484375 376.0415954589844
378.18426513671875 149.88262939453125 402.7766418457031 398.0221252441406
596.1179809570312 456.8111267089844 589.8733520507812 485.9728698730469
503.07861328125 307.9937438964844 501.6570129394531 290.10675048828125
538.4757080078125 311.9171447753906 533.198486328125 281.6170959472656
730.8798828125 357.49078369140625 799.0817260742188 362.9856262207031
430.3363952636719 341.84893798828125 432.172607421875 358.0935363769531
601.0032348632812 448.96136474609375 582.8790893554688 447.4573669433594
708.4992065429688 370.9385070800781 708.868408203125 403.9567565917969
0.893486738204956 18.03125762939453 351.9698181152344 54.2921142578125
647.6251220703125 359.00555419921875 647.7628173828125 393.0130920410156
72.90528106689453 579.4027099609375 46.94850540161133 444.3944091796875
494.6289367675781 347.8208923339844 496.6323547363281 366.0404357910156
505.8817443847656 368.0103454589844 504.1277770996094 347.9888000488281
196.02261352539062 479.33856201171875 250.61346435546875 495.3203430175781
516.1917724609375 305.1206970214844 514.9246215820312 286.1385498046875
0.9975026249885559 141.44215393066406 56.00139617919922 141.75282287597656
338.88592529296875 458.00445556640625 338.1811218261719 439.992919921875
603.3413696289062 360.89501953125 600.6903076171875 327.02423095703125
734.9512329101562 499.00225830078125 739.5657958984375 599.02001953125
109.81832885742188 428.50299072265625 101.55193328857422 401.8964538574219
303.1047668457031 433.49066162109375 338.41650390625 425.9505310058594
44.59794616699219 448.2710266113281 41.73733901977539 422.91680908203125
91.19717407226562 64.45158386230469 78.55160522460938 69.97306823730469
734.260498046875 514.0888061523438 717.2235717773438 509.21795654296875
337.4212341308594 461.62945556640625 345.13751220703125 491.2248840332031
368.9394226074219 442.31982421875 406.00164794921875 439.0185241699219
422.71087646484375 368.12548828125 406.7166748046875 203.83287048339844
452.6083068847656 457.0068664550781 452.2586975097656 437.0304870605469
637.0892944335938 302.7083740234375 615.0449829101562 303.8606262207031
314.2259521484375 206.98074340820312 319.08648681640625 263.99261474609375
540.859619140625 307.54986572265625 551.9497680664062 308.5542907714844
58.99998474121094 137.0038604736328 0.9934055805206299 136.79019165039062
61.945709228515625 573.0081787109375 55.926448822021484 533.0110473632812
709.1392822265625 175.02587890625 712.865234375 154.97496032714844
583.5097045898438 453.1568603515625 623.6322631835938 443.6756591796875
212.67300415039062 463.9131774902344 231.98236083984375 460.887451171875
694.132080078125 356.89239501953125 705.3758544921875 370.6938171386719
587.1489868164062 484.65435791015625 592.15576171875 457.84234619140625
443.30438232421875 442.7796630859375 439.1063537597656 456.03369140625
455.5288391113281 436.9971618652344 455.62530517578125 454.99664306640625
116.89961242675781 504.8522644042969 104.5375747680664 429.56854248046875
113.97676086425781 360.0058288574219 101.8662338256836 311.782470703125
341.1912841796875 491.9521484375 333.7173156738281 462.0707092285156
512.0260620117188 290.99700927734375 513.6380004882812 305.0415344238281
94.23348236083984 436.49664306640625 62.586360931396484 451.3744201660156
321.6283264160156 410.1370849609375 303.90179443359375 417.7720031738281
58.02452087402344 63.16905212402344 64.39556884765625 99.93144989013672
525.183837890625 432.65386962890625 558.2499389648438 437.17022705078125
222.85072326660156 456.46270751953125 299.7492370605469 435.0974426269531
591.9345092773438 308.8096008300781 615.1064453125 310.6836853027344
42.77952194213867 443.3737487792969 58.195159912109375 576.20947265625
338.79547119140625 439.442138671875 349.3806457519531 444.3388671875
107.3503646850586 71.20685577392578 91.84256744384766 64.35638427734375
558.3999633789062 308.23272705078125 556.4447021484375 294.78985595703125
595.21240234375 6.274153709411621 581.89013671875 2.3754935264587402
97.96929931640625 410.07489013671875 97.05490112304688 434.1161804199219
666.700927734375 583.332763671875 627.7936401367188 600.7708129882812
619.94189453125 0.9505428671836853 621.4686889648438 30.02789878845215
625.0233154296875 33.99887466430664 623.4290161132812 0.9311020970344543
692.5535278320312 404.355224609375 671.7330322265625 400.4081726074219
531.887451171875 275.9170227050781 475.925537109375 277.9603271484375
557.0013427734375 439.982421875 534.055908203125 438.2565002441406
67.92113494873047 101.76262664794922 102.89586639404297 103.32746124267578
642.013427734375 274.571533203125 533.0264282226562 277.12652587890625
57.608436584472656 532.9035034179688 61.75292205810547 559.0391845703125
595.2928466796875 42.92095947265625 622.4127807617188 34.298240661621094
364.09893798828125 472.9900817871094 365.7065734863281 489.0294189453125
616.2095947265625 27.087453842163086 617.8794555664062 3.9912850856781006
610.1826782226562 596.3228759765625 624.2326049804688 579.3642578125
