249
401.4983825683594 230.0198974609375 392.4164123535156 0.9834882020950317
189.48419189453125 310.331298828125 121.83628845214844 0.8172199726104736
96.68514251708984 227.0408935546875 94.22476196289062 208.1007080078125
404.5328063964844 294.9680480957031 401.7773132324219 249.0133514404297
288.9726867675781 144.0511016845703 220.97145080566406 146.00741577148438
124.4676513671875 0.8981214761734009 190.72972106933594 305.0588684082031
208.97242736816406 92.03929138183594 285.9664001464844 89.82955932617188
669.4088745117188 599.3321533203125 795.3583374023438 444.2911071777344
292.0323791503906 166.15089416503906 223.97369384765625 168.06475830078125
272.0262756347656 13.71790885925293 198.01565551757812 16.427703857421875
300.9676208496094 102.01128387451172 198.94602966308594 105.35194396972656
297.0306091308594 203.1533660888672 230.0247039794922 204.93099975585938
266.37225341796875 534.0673828125 342.30029296875 482.96044921875
305.0115051269531 266.47332763671875 241.00074768066406 268.0306701660156
298.98394775390625 213.3533477783203 232.0003662109375 215.01502990722656
286.9979553222656 90.12379455566406 275.9728698730469 0.8798116445541382
301.0093688964844 223.46571350097656 233.9761505126953 224.8163604736328
307.02154541015625 284.86865234375 244.0106964111328 286.43115234375
293.9725036621094 171.7786865234375 225.0074462890625 173.33084106445312
305.0097961425781 271.46771240234375 242.01644897460938 272.7857971191406
449.9961242675781 66.71334838867188 428.9999694824219 66.99800872802734
591.8513793945312 0.8949887752532959 552.2610473632812 433.93243408203125
279.0150146484375 59.427955627441406 205.96458435058594 61.990478515625
292.05780029296875 136.99977111816406 218.00404357910156 139.1396942138672
274.01422119140625 20.367692947387695 199.01028442382812 23.266294479370117
302.02386474609375 242.8995819091797 237.01657104492188 244.62464904785156
303.9895935058594 257.48138427734375 239.97523498535156 258.7648010253906
303.0105285644531 252.3946990966797 238.97604370117188 254.10073852539062
249.0062255859375 1.2528700828552246 195.9645233154297 2.5583908557891846
279.02471923828125 65.73753356933594 207.00506591796875 68.15130615234375
294.0239562988281 176.8498992919922 225.9652862548828 178.76841735839844
296.0227966308594 192.87159729003906 228.96405029296875 194.6248016357422
418.615478515625 531.5117797851562 521.5554809570312 450.43560791015625
499.2155456542969 599.2250366210938 671.8609008789062 433.8547668457031
273.9941711425781 26.860340118408203 200.0391387939453 29.939939498901367
292.0223388671875 160.8937530517578 223.96487426757812 162.59384155273438
321.99365234375 302.72235107421875 234.97052001953125 304.7078857421875
584.7633666992188 0.893055260181427 545.9251098632812 449.9935302734375
276.0055847167969 40.15483474731445 202.95643615722656 42.79405212402344
276.99505615234375 46.83941650390625 203.97203063964844 49.09388732910156
291.009033203125 155.34725952148438 222.00372314453125 157.14300537109375
294.0099182128906 182.3940887451172 226.9768829345703 184.08224487304688
306.00848388671875 280.3433837890625 243.9722137451172 281.8740234375
300.9888000488281 218.49029541015625 233.0216522216797 219.9845428466797
292.0091552734375 434.01568603515625 353.49346923828125 398.132080078125
279.0370178222656 53.082054138183594 204.95266723632812 55.61595153808594
291.0208740234375 149.7657470703125 221.96315002441406 151.6475372314453
300.0107727050781 228.56118774414062 234.97714233398438 229.8096466064453
332.76129150390625 598.6918334960938 378.45562744140625 563.2971801757812
429.9165954589844 95.76976013183594 449.0321044921875 94.47368621826172
555.903564453125 420.99114990234375 594.4625854492188 0.9506685733795166
272.0326232910156 6.876285076141357 196.95054626464844 9.671709060668945
302.0035705566406 238.17222595214844 236.01136779785156 239.54623413085938
422.0382080078125 23.51182746887207 454.03082275390625 23.02509880065918
297.98974609375 208.44874572753906 230.9943084716797 209.69361877441406
295.01513671875 187.64065551757812 227.98167419433594 189.22463989257812
299.98626708984375 233.33612060546875 235.9722900390625 234.66085815429688
302.04266357421875 218.99496459960938 292.3786315917969 137.19154357910156
430.03253173828125 121.22586059570312 449.0456848144531 120.72139739990234
451.0184631347656 79.52432250976562 428.9753723144531 80.29991912841797
519.9908447265625 61.522274017333984 545.0199584960938 61.04338455200195
275.0205078125 33.53038787841797 201.01513671875 36.3916130065918
302.0177307128906 247.7992706298828 237.98268127441406 249.2194061279297
304.0218811035156 261.9478454589844 240.00979614257812 263.42486572265625
302.934326171875 124.00715637207031 322.4437255859375 303.1694641113281
449.9788818359375 112.4604263305664 430.9824523925781 112.72113800048828
451.0002136230469 139.1547393798828 430.9999694824219 139.14974975585938
485.1597900390625 482.2037048339844 425.1939392089844 529.2471923828125
169.85768127441406 598.7879638671875 261.5132141113281 537.2747192382812
234.97007751464844 305.0054016113281 202.96578979492188 127.82554626464844
281.03961181640625 78.14640045166016 209.95172119140625 80.60315704345703
390.30865478515625 0.9439216256141663 399.3968505859375 213.02584838867188
428.93304443359375 44.625282287597656 449.0314636230469 43.646175384521484
456.6953125 325.9989013671875 456.81048583984375 188.99899291992188
797.9009399414062 444.9197692871094 672.6574096679688 599.5325317382812
204.0263214111328 126.88249206542969 303.0277404785156 123.93008422851562
289.54766845703125 0.8304181694984436 300.6492614746094 102.14800262451172
9.861550331115723 598.7606811523438 55.59666442871094 572.3027954101562
140.1110076904297 0.7698993682861328 212.22323608398438 348.9537658691406
428.05206298828125 32.974700927734375 453.0342102050781 31.640390396118164
429.90582275390625 106.69709777832031 449.0946960449219 105.3101806640625
568.2791137695312 536.2886962890625 502.6832580566406 599.7067260742188
799.79052734375 333.2312927246094 774.7188720703125 418.9177551269531
105.90251922607422 183.2857208251953 58.47977066040039 1.1354414224624634
281.00665283203125 72.22592163085938 208.01104736328125 74.3751449584961
344.6990966796875 484.551025390625 268.4411926269531 535.6582641601562
428.028564453125 74.1396255493164 450.039794921875 73.58778381347656
21.84914779663086 409.3569641113281 165.658935546875 599.25830078125
192.96762084960938 0.8326520323753357 208.71337890625 91.87662506103516
431.955078125 163.10345458984375 448.06494140625 162.2962646484375
431.0121154785156 134.32510375976562 450.0601806640625 133.61582946777344
60.753211975097656 0.8042632341384888 139.75352478027344 304.8041687011719
296.9728088378906 197.9397430419922 229.99122619628906 199.65823364257812
429.12432861328125 88.51185607910156 454.2014465332031 86.44979095458984
523.002197265625 446.1993408203125 469.98663330078125 446.7816162109375
121.0589599609375 534.1001586914062 206.78001403808594 483.62640380859375
243.97174072265625 294.7149963378906 309.9837951660156 293.2634582519531
451.8514099121094 324.31121826171875 421.97735595703125 310.04742431640625
476.9670715332031 181.944091796875 535.9720458984375 180.10409545898438
526.6490478515625 450.04437255859375 557.3511352539062 0.8872900009155273
395.9839782714844 55.00074005126953 399.7662048339844 136.9646453857422
428.05035400390625 60.23918533325195 451.0530090332031 59.30461502075195
799.0088500976562 223.33912658691406 605.9835205078125 228.36659240722656
162.59613037109375 599.3055419921875 19.241418838500977 409.8173522949219
206.37188720703125 480.62969970703125 71.201904296875 345.797607421875
263.07574462890625 539.1136474609375 221.0735321044922 567.1102905273438
305.99871826171875 275.9408874511719 242.9849090576172 277.30059814453125
453.1879577636719 90.15412139892578 428.8497314453125 92.2777328491211
468.076416015625 447.0009460449219 473.6748352050781 0.9833665490150452
774.994140625 421.43218994140625 555.9865112304688 423.6988830566406
0.9991989731788635 292.1066589355469 63.01823043823242 292.5723876953125
310.7528076171875 293.1472473144531 302.6974792480469 224.9176483154297
448.9529724121094 101.40319061279297 429.83526611328125 102.90994262695312
476.9847717285156 283.2500305175781 531.0233764648438 282.153564453125
786.0199584960938 207.79132080078125 623.9718017578125 211.88409423828125
66.26228332519531 316.7190246582031 1.5690730810165405 338.6766357421875
72.21284484863281 343.7863464355469 264.5783386230469 535.41943359375
399.9321594238281 145.96780395507812 403.2490234375 241.99139404296875
403.9830017089844 245.4105682373047 448.0040283203125 244.1399688720703
471.9889221191406 370.31011962890625 522.0081176757812 369.50738525390625
522.4751586914062 452.5984191894531 487.37298583984375 480.4697570800781
675.0238037109375 434.0248107910156 570.3842163085938 534.4005737304688
216.97763061523438 139.8338623046875 243.33631896972656 294.9428405761719
285.8058166503906 435.2428894042969 219.6936492919922 382.3831481933594
343.6947326660156 481.3829650878906 290.3285217285156 438.84234619140625
261.91748046875 536.0828857421875 210.3026123046875 484.696044921875
288.45086669921875 438.7784118652344 232.20603942871094 471.3557434082031
372.40191650390625 570.49951171875 336.38592529296875 599.4796142578125
403.79736328125 249.96018981933594 405.6476135253906 287.0176086425781
449.01708984375 51.23725891113281 429.00927734375 51.04338836669922
453.0848083496094 27.774621963500977 426.05096435546875 29.066442489624023
463.6529541015625 185.00511169433594 465.094970703125 0.992907702922821
612.9896240234375 220.57130432128906 794.0288696289062 216.19332885742188
292.5585632324219 437.30999755859375 369.3965148925781 499.51019287109375
402.5924987792969 273.9942626953125 402.80523681640625 296.00189208984375
428.0484924316406 9.057151794433594 451.04595947265625 8.002456665039062
215.1955108642578 479.32769775390625 285.5965881347656 437.3238830566406
451.0344543457031 148.6836700439453 430.087646484375 149.73916625976562
747.0089111328125 362.7239074707031 603.9813232421875 364.4804992675781
325.3818359375 599.6167602539062 264.45098876953125 538.5477905273438
491.68487548828125 599.3946533203125 422.7321472167969 544.33544921875
137.60447692871094 304.1036682128906 106.42489624023438 185.15074157714844
198.84280395507812 105.02861785888672 179.87416076660156 0.8408496975898743
220.0555419921875 379.9303283691406 290.1563415527344 435.8038330078125
449.0877380371094 39.53315734863281 427.87109375 40.747257232666016
39.513057708740234 441.9563293457031 2.9970216751098633 458.9936218261719
267.1581726074219 537.8411254882812 329.2947692871094 599.7083129882812
562.2508544921875 533.619873046875 487.02166748046875 483.9671630859375
615.000244140625 266.01092529296875 773.032958984375 262.4696960449219
758.0066528320312 375.4906921386719 587.9973754882812 377.8057556152344
-0.1611393392086029 194.40174865722656 32.924102783203125 290.0262451171875
791.00634765625 252.26963806152344 604.0154418945312 256.65869140625
323.1570739746094 418.27105712890625 293.32403564453125 435.5591735839844
631.1058349609375 112.88667297363281 645.2979736328125 0.9110236763954163
773.0458984375 266.0508728027344 617.9892578125 269.5202941894531
245.01722717285156 288.7408447265625 308.0064392089844 287.2768249511719
420.422607421875 307.146728515625 452.0850830078125 322.8282165527344
426.4812316894531 544.3952026367188 495.0421142578125 598.9470825195312
639.87548828125 487.22454833984375 720.1505126953125 531.7284545898438
59.982666015625 216.72523498535156 79.03302001953125 215.52330017089844
161.10231018066406 441.198486328125 126.90988159179688 458.8251953125
246.1023406982422 395.1973571777344 303.6641540527344 365.35223388671875
488.48138427734375 482.26898193359375 564.6983642578125 532.4580688476562
593.9892578125 371.232177734375 753.01416015625 369.01312255859375
524.0083618164062 371.3094177246094 473.0185546875 372.6869201660156
612.0474853515625 565.927734375 569.8629760742188 538.2085571289062
91.0718765258789 328.18389892578125 130.32888793945312 312.8415222167969
60.999183654785156 240.5403289794922 92.00086212158203 240.48532104492188
72.98306274414062 233.1988983154297 89.01818084716797 232.8599395751953
219.14083862304688 568.2093505859375 192.90646362304688 585.8609619140625
798.9865112304688 579.02392578125 726.8117065429688 538.333984375
661.8350830078125 599.251708984375 612.8841552734375 567.1767578125
727.4373168945312 536.2156982421875 799.3743286132812 576.3286743164062
36.006317138671875 111.23204803466797 80.9729995727539 110.00804138183594
83.94282531738281 25.65665054321289 124.95365142822266 23.91108512878418
494.9819030761719 62.14775085449219 517.0144653320312 61.67996597290039
718.6349487304688 533.647705078125 630.8881225585938 484.1985168457031
0.6590532064437866 458.27197265625 37.917240142822266 440.8232727050781
243.9895782470703 279.53460693359375 306.025634765625 278.1446533203125
242.97921752929688 274.95623779296875 305.9940490722656 273.70159912109375
240.97906494140625 261.01458740234375 304.01434326171875 259.6756286621094
241.9866485595703 270.4433898925781 305.0223388671875 268.9311828613281
205.9798126220703 322.92041015625 182.9404754638672 328.765380859375
236.9768829345703 242.1527862548828 302.01031494140625 240.3783721923828
237.99484252929688 246.76087951660156 302.0082092285156 245.3804931640625
451.0053405761719 5.52929162979126 422.9749450683594 5.211677074432373
479.0321350097656 477.9512939453125 421.1435546875 439.7822570800781
571.4868774414062 537.2583618164062 665.8597412109375 599.2136840820312
208.20213317871094 485.34857177734375 170.9654083251953 506.9403381347656
232.98692321777344 217.47952270507812 299.0206298828125 215.82113647460938
239.98580932617188 256.451416015625 303.0212097167969 254.82003784179688
94.00194549560547 110.05265045166016 139.05128479003906 108.387939453125
243.9794158935547 284.2832336425781 307.0135803222656 282.4724426269531
460.8624572753906 0.9971706867218018 460.618896484375 185.00082397460938
231.00527954101562 207.24832153320312 297.0179443359375 205.84326171875
240.96876525878906 265.7431640625 304.00439453125 264.1767883300781
235.98326110839844 232.17945861816406 299.0182189941406 230.89407348632812
394.35614013671875 0.9872422218322754 396.1117248535156 49.99599838256836
426.99676513671875 155.98558044433594 427.37359619140625 182.02354431152344
236.0010223388672 237.0509796142578 301.01495361328125 235.74468994140625
452.2743225097656 157.0509490966797 453.9607238769531 181.07296752929688
546.0005493164062 449.63885498046875 527.0005493164062 449.630859375
238.99098205566406 251.59886169433594 303.00360107421875 250.16015625
233.98611450195312 222.37332153320312 301.0196838378906 220.88754272460938
222.97117614746094 159.9189910888672 291.9754333496094 158.0791015625
192.91123962402344 361.1120910644531 146.14588928222656 324.07855224609375
556.0021362304688 427.2002868652344 774.0093994140625 424.8874206542969
229.97665405273438 197.112060546875 296.0098876953125 195.3761444091797
458.2199401855469 27.990598678588867 457.40740966796875 8.982584953308105
424.98956298828125 1.7051385641098022 444.9999694824219 2.001338005065918
224.96507263183594 170.6761016845703 292.9968566894531 168.88125610351562
225.9766845703125 176.07241821289062 294.00909423828125 174.36203002929688
227.0172882080078 186.64874267578125 294.96905517578125 184.83811950683594
131.2925262451172 313.7402038574219 104.17984771728516 324.455078125
230.98043823242188 202.1875 297.0143737792969 200.5971221923828
231.98480224609375 212.2669677734375 298.01861572265625 210.89761352539062
234.0075225830078 227.34629821777344 302.04058837890625 225.8684539794922
776.1136474609375 422.0324401855469 784.1026000976562 394.0292663574219
221.9822998046875 154.21109008789062 291.0148620605469 152.66175842285156
223.9575653076172 165.2479248046875 292.0145263671875 163.59939575195312
425.3176574707031 84.97480773925781 425.8348083496094 112.02227783203125
452.13323974609375 36.43113327026367 456.0125427246094 53.228057861328125
220.99546813964844 148.8300323486328 289.99981689453125 146.99270629882812
227.99900817871094 191.9598388671875 295.9818420410156 190.26979064941406
424.41827392578125 29.99404525756836 424.7176208496094 51.01825714111328
451.52374267578125 91.2428970336914 455.2874755859375 114.11724090576172
226.983154296875 181.25816345214844 294.0166931152344 179.73536682128906
206.96900939941406 65.06204986572266 272.9630126953125 62.88106155395508
426.9894104003906 82.22575378417969 444.9497985839844 83.06902313232422
210.9906005859375 83.72807312011719 266.0285339355469 81.82583618164062
427.9873046875 141.37339782714844 446.9653625488281 142.0186309814453
201.8949737548828 39.97980880737305 240.05178833007812 37.99602127075195
460.6706848144531 186.98597717285156 459.7915344238281 332.9987487792969
648.3377685546875 6.923561096191406 643.8296508789062 45.98033905029297
57.37397003173828 573.63818359375 13.279562950134277 599.47705078125
785.1469116210938 392.04443359375 799.6205444335938 344.1876525878906
435.9718933105469 245.35989379882812 402.9915466308594 246.80775451660156
11.045173645019531 28.960744857788086 40.02811813354492 27.597978591918945
58.998775482177734 185.9143829345703 84.0079574584961 185.55703735351562
203.98175048828125 46.29566192626953 263.9932861328125 44.74075698852539
205.9652557373047 58.58842849731445 278.97027587890625 56.791664123535156
362.77496337890625 368.93792724609375 333.292724609375 0.8163792490959167
606.9403076171875 260.8834228515625 637.9585571289062 259.2246398925781
530.9960327148438 283.86322021484375 476.0135803222656 285.46612548828125
305.01776123046875 289.7391357421875 276.0104675292969 290.4358215332031
155.02012634277344 184.73243713378906 127.01380157470703 185.5022430419922
180.98716735839844 211.00296020507812 178.47740173339844 200.1205291748047
730.0057983398438 258.2359313964844 745.9961547851562 257.8442077636719
610.0 366.0 638.0 366.0
