188
201.93679809570312 258.96142578125 350.0183410644531 255.88153076171875
320.85662841796875 258.8738098144531 8.92619800567627 279.9053955078125
397.72052001953125 477.94891357421875 347.1260986328125 565.4949340820312
461.1333312988281 539.9653930664062 428.78607177734375 598.3272094726562
422.9040222167969 251.71690368652344 330.89520263671875 258.5991516113281
584.9736938476562 148.49688720703125 498.9474182128906 152.99435424804688
491.9708557128906 153.48988342285156 425.95770263671875 157.2595672607422
319.0439147949219 146.9967498779297 316.6820983886719 115.02348327636719
345.041015625 247.64013671875 200.99810791015625 249.8780059814453
425.6512451171875 599.3541259765625 460.30389404296875 535.6215209960938
679.571044921875 97.96729278564453 676.9822387695312 131.9224090576172
385.3470458984375 477.4355773925781 336.56793212890625 560.155517578125
760.8845825195312 208.05587768554688 762.8884887695312 283.9237060546875
691.085205078125 82.07378387451172 692.4572143554688 61.895103454589844
317.05450439453125 114.86079406738281 298.01226806640625 115.4185562133789
294.535400390625 84.03358459472656 295.83514404296875 102.01191711425781
0.8868261575698853 184.99082946777344 418.083984375 161.49073791503906
761.7099609375 323.9745178222656 759.944091796875 344.0829162597656
143.1065673828125 197.96119689941406 160.1191864013672 196.0751190185547
637.7806396484375 47.03487014770508 622.951171875 379.04248046875
668.1140747070312 277.96282958984375 667.4404907226562 294.01849365234375
677.3616333007812 299.01129150390625 677.8927612304688 281.99664306640625
416.9325256347656 60.03987503051758 420.5190734863281 156.05531311035156
282.94573974609375 267.17779541015625 0.9199476838111877 285.7867736816406
342.57135009765625 556.796142578125 352.9491882324219 534.975830078125
342.931396484375 564.2239379882812 393.0819091796875 477.5747375488281
694.997802734375 266.0712585449219 702.6470336914062 158.97479248046875
162.0731201171875 122.24762725830078 141.08660888671875 123.47766876220703
680.91552734375 63.96179962158203 680.278564453125 82.04503631591797
758.0213623046875 361.9036865234375 754.6781005859375 395.8699035644531
769.6386108398438 405.9588623046875 773.7469482421875 369.8573913574219
799.0284423828125 94.86015319824219 785.0164184570312 95.0745849609375
39.067806243896484 328.0005187988281 20.019752502441406 329.2914733886719
188.06942749023438 316.92694091796875 169.1009521484375 318.3477783203125
211.17242431640625 522.7351684570312 22.944368362426758 541.440185546875
332.095703125 306.1319580078125 314.0555725097656 307.6573181152344
0.927131175994873 74.24276733398438 495.0726318359375 53.75153732299805
452.20294189453125 297.93182373046875 453.6810302734375 324.01806640625
639.839599609375 0.9472777247428894 637.7498168945312 46.943199157714844
466.05560302734375 107.25930786132812 448.00250244140625 108.05652618408203
492.7666320800781 54.02460479736328 495.873046875 336.00140380859375
666.7818603515625 41.84185791015625 799.1709594726562 16.90780258178711
687.6237182617188 133.04562377929688 690.191650390625 97.94087219238281
297.295166015625 116.05968475341797 299.91583251953125 147.0071258544922
315.8673400878906 101.08405303955078 314.5224304199219 82.96122741699219
214.06646728515625 359.8753967285156 154.03292846679688 364.43377685546875
425.0617370605469 160.01898193359375 492.05816650390625 155.95994567871094
674.1121215820312 342.0843811035156 676.32861328125 312.8731689453125
789.2450561523438 49.931915283203125 786.9763793945312 75.08805084228516
159.56387329101562 446.23388671875 140.3003692626953 327.9510803222656
349.4140930175781 159.03900146484375 343.01788330078125 62.93225860595703
423.284912109375 155.02781677246094 419.5477294921875 58.97868728637695
470.0808410644531 296.1289367675781 453.0963134765625 297.3450927734375
416.00439453125 155.0789794921875 354.97052001953125 158.4690399169922
784.9201049804688 95.99163055419922 780.5154418945312 138.05397033691406
186.3763427734375 305.08880615234375 184.22341918945312 289.96820068359375
405.70404052734375 473.2062683105469 386.8357849121094 480.2415466308594
481.0737609863281 400.3963928222656 450.0321350097656 406.1727600097656
44.39159393310547 355.92364501953125 39.135902404785156 328.9735107421875
191.42138671875 344.9468688964844 188.0225830078125 317.9971618652344
479.69134521484375 552.4060668945312 486.98358154296875 539.9903564453125
775.6430053710938 352.9664306640625 777.6265258789062 331.870849609375
799.3187255859375 241.65869140625 763.8781127929688 238.2779083251953
36.7714729309082 315.82470703125 33.383243560791016 300.9129333496094
141.17208862304688 124.8354263305664 145.28131103515625 154.1009063720703
313.4784240722656 308.0453186035156 315.7362976074219 334.0229187011719
563.5014038085938 154.01168823242188 564.8609008789062 211.9798126220703
330.6318664550781 294.0911865234375 329.6278076171875 279.0248107910156
343.7219543457031 585.8460083007812 390.9814453125 491.983642578125
496.9099426269531 343.9916076660156 497.34375 390.996826171875
666.4962768554688 307.9725341796875 664.9652099609375 336.0526123046875
165.15098571777344 291.85186767578125 166.97230529785156 306.0035705566406
140.20010375976562 316.1314697265625 134.22885131835938 279.79803466796875
340.5440979003906 63.02886962890625 346.6900939941406 160.08294677734375
416.6585388183594 241.08245849609375 414.0714111328125 198.99560546875
0.9600825309753418 461.5481872558594 75.99284362792969 454.9189453125
99.0160140991211 516.9969482421875 63.90308380126953 334.0185852050781
90.9377670288086 270.39813232421875 111.03312683105469 268.3204040527344
136.23464965820312 92.12078857421875 138.90097045898438 109.015625
169.2593231201172 319.8182678222656 172.8952178955078 345.0151062011719
419.3775329589844 162.94107055664062 423.1907653808594 252.077392578125
788.2725830078125 257.9169006347656 785.8657836914062 278.98468017578125
258.9949645996094 14.117862701416016 262.8531799316406 47.01721954345703
443.2091369628906 385.1189270019531 473.7044982910156 379.41900634765625
499.025146484375 155.4894561767578 585.0550537109375 151.0720672607422
799.62841796875 311.5629577636719 696.276123046875 266.3685607910156
799.33984375 319.2364501953125 693.870361328125 272.29132080078125
1.2222846746444702 281.5866394042969 58.56713104248047 259.85760498046875
63.99448776245117 371.9287109375 2.972658157348633 376.6463317871094
157.02757263183594 186.91485595703125 143.97914123535156 187.30812072753906
142.9383087158203 267.4842529296875 175.9445037841797 263.5360107421875
333.6597595214844 333.02679443359375 331.6129150390625 307.0304870605469
165.3634033203125 154.08001708984375 161.46502685546875 123.06724548339844
217.6737823486328 572.5303955078125 161.145263671875 537.7637939453125
566.4210815429688 33.99765396118164 566.5426635742188 3.9981462955474854
651.6163330078125 342.0333251953125 667.617919921875 46.03340530395508
702.7285766601562 158.98182678222656 799.2464599609375 172.20030212402344
497.9991455078125 52.98089599609375 532.0651245117188 51.43503189086914
700.0188598632812 265.3046569824219 758.9173583984375 261.6634826660156
90.74308776855469 599.319091796875 19.824560165405273 542.2178955078125
23.53513526916504 542.3318481445312 94.72306823730469 599.3457641601562
158.98130798339844 108.10787963867188 157.167724609375 90.98223876953125
459.4925231933594 528.384033203125 419.7434997558594 599.9681396484375
446.4544372558594 77.98661041259766 446.6110534667969 95.00357818603516
447.18463134765625 108.96712493896484 448.0180969238281 138.99949645996094
431.854248046875 598.9273071289062 455.61358642578125 551.3082275390625
489.0666809082031 337.8493347167969 360.9144592285156 347.91046142578125
19.682737350463867 330.6522521972656 25.122615814208984 356.97467041015625
470.46636962890625 323.00177001953125 470.5656433105469 296.9945373535156
774.21240234375 370.2699890136719 759.0735473632812 360.8813781738281
134.9287567138672 327.82110595703125 170.27552795410156 511.3321533203125
221.49285888671875 359.9402160644531 226.3477020263672 399.95782470703125
355.031494140625 244.63829040527344 415.9818420410156 241.6319580078125
160.71234130859375 534.839599609375 218.4429168701172 570.2785034179688
314.77783203125 586.511962890625 321.486328125 576.3201293945312
345.1343688964844 236.7379608154297 302.1593017578125 240.06036376953125
465.83966064453125 93.00170135498047 465.8161926269531 77.0002670288086
218.74525451660156 353.9032897949219 208.38519287109375 274.0798034667969
394.0019226074219 493.8103332519531 414.2622985839844 484.5754699707031
466.45684814453125 137.99810791015625 466.5610656738281 107.99500274658203
446.1832580566406 409.1505126953125 484.019775390625 403.1241455078125
177.19174194335938 4.977919101715088 183.5342254638672 60.05363845825195
273.82305908203125 159.01638793945312 267.51837158203125 90.95198059082031
335.8863830566406 262.8197937011719 284.9731140136719 267.7205505371094
410.9701232910156 55.32337188720703 374.9961242675781 56.91197967529297
483.0830993652344 529.79638671875 467.2690734863281 523.3408203125
257.6355285644531 433.3287353515625 280.8404235839844 428.2682800292969
300.0605163574219 567.0076904296875 298.5263671875 579.0669555664062
792.6830444335938 290.8539123535156 797.45556640625 247.8286895751953
10.863855361938477 21.024585723876953 17.52372932434082 57.905426025390625
336.50665283203125 594.0300903320312 335.4095153808594 576.0360107421875
554.9144287109375 50.477386474609375 607.9717407226562 47.4965934753418
169.00225830078125 261.0197448730469 147.93455505371094 263.4273681640625
12.023731231689453 276.6532287597656 0.9387751817703247 275.8946228027344
32.80632019042969 250.60772705078125 20.37955093383789 256.7433776855469
498.9491271972656 335.31561279296875 558.0684204101562 330.9198913574219
500.9208068847656 247.74827575683594 548.0484619140625 244.76638793945312
568.1973266601562 2.00234055519104 567.8178100585938 33.99783706665039
2.9125797748565674 382.79510498046875 18.905134201049805 454.02130126953125
289.8740234375 600.3673095703125 251.42160034179688 568.702392578125
149.2926483154297 363.9542236328125 159.4581298828125 428.9283142089844
141.47824096679688 324.9222717285156 110.12136840820312 302.61279296875
167.96717834472656 305.9794616699219 185.980712890625 305.4001159667969
122.0504379272461 367.2821960449219 92.01142883300781 367.74383544921875
5.492067813873291 162.0839080810547 0.5354707837104797 132.0767364501953
93.25640869140625 3.809485912322998 101.31466674804688 56.95228576660156
66.16522979736328 335.5472717285156 76.85494995117188 315.836669921875
116.69330596923828 166.89109802246094 103.04435729980469 79.99303436279297
635.9121704101562 134.9949951171875 637.8465576171875 100.99127197265625
341.3068542480469 572.811279296875 339.8132019042969 594.1270751953125
562.4185180664062 337.9845275878906 562.0855712890625 372.0008239746094
471.8067932128906 376.6413269042969 442.1226806640625 380.8626403808594
730.46875 517.0587158203125 800.4876708984375 570.03369140625
113.76266479492188 302.03076171875 75.83313751220703 311.3185729980469
306.6982727050781 599.377685546875 243.37228393554688 548.7857055664062
622.7630615234375 379.2598876953125 799.524658203125 540.424560546875
16.94967269897461 316.7706604003906 35.95875549316406 315.9924621582031
633.1644287109375 205.00526428222656 634.1878662109375 173.00601196289062
98.5564956665039 287.1470947265625 87.473388671875 292.91033935546875
565.8634643554688 174.03118896484375 566.6223754882812 153.02249145507812
76.00662231445312 457.1010437011719 44.012969970703125 459.1978759765625
640.1631469726562 45.00728225708008 641.6795654296875 11.0303316116333
228.77317810058594 526.178955078125 243.76771545410156 545.1832885742188
452.9617919921875 285.5674133300781 467.9333190917969 284.2450256347656
86.8484878540039 312.6162109375 106.6357421875 317.4814758300781
788.9644775390625 239.52052307128906 799.0572509765625 238.7731475830078
106.81279754638672 316.6515197753906 115.88177490234375 311.7799072265625
146.16668701171875 335.9761047363281 146.53558349609375 353.9890441894531
117.32450103759766 310.619140625 136.72532653808594 327.148681640625
0.7877769470214844 265.8561096191406 12.139166831970215 263.7500915527344
166.14222717285156 482.978515625 161.0087127685547 448.9986877441406
135.989501953125 279.85150146484375 139.30638122558594 301.9540100097656
15.005884170532227 249.2650146484375 0.9683962464332581 249.5767059326172
251.29345703125 550.7422485351562 297.7620544433594 569.5867919921875
629.06787109375 292.003173828125 630.5657348632812 260.0264892578125
576.5174560546875 597.1574096679688 535.5980224609375 572.0263061523438
20.92692756652832 259.8588562011719 31.26288604736328 254.50778198242188
642.7171630859375 509.44903564453125 654.7385864257812 481.458251953125
30.80727767944336 267.6250305175781 16.886812210083008 274.77978515625
661.4681396484375 485.7108459472656 647.7839965820312 510.882568359375
538.5401611328125 571.8613891601562 566.859375 585.2964477539062
12.313218116760254 275.7926330566406 18.072446823120117 256.71990966796875
527.9662475585938 402.0835266113281 540.9854125976562 401.604248046875
482.93963623046875 460.9944152832031 481.1824035644531 480.016845703125
154.2430419921875 227.0466766357422 153.00698852539062 206.99957275390625
546.9329833984375 417.1243896484375 527.6121826171875 406.72021484375
540.777587890625 402.0772705078125 558.6943969726562 417.176025390625
185.5525665283203 222.99267578125 185.15957641601562 246.98623657226562
