213
82.94286346435547 151.75631713867188 60.97813034057617 156.90673828125
185.01914978027344 262.5307312011719 84.07832336425781 266.1715087890625
236.06776428222656 121.87504577636719 84.7102279663086 149.40696716308594
798.9993286132812 64.9959487915039 503.0438232421875 115.25811004638672
402.2937316894531 131.7519989013672 798.8766479492188 65.26420593261719
185.92161560058594 271.880126953125 86.77738189697266 278.8193664550781
500.94012451171875 115.64311981201172 444.03192138671875 125.19023895263672
187.93435668945312 281.9705810546875 88.7636947631836 288.2939147949219
799.0510864257812 325.4689025878906 516.984375 319.7743835449219
77.92381286621094 234.30677795410156 99.98702239990234 231.88192749023438
30.623281478881836 0.7086731195449829 138.05982971191406 599.3482055664062
110.56133270263672 407.81103515625 127.48521423339844 402.5654296875
460.145751953125 191.45068359375 799.1395263671875 157.38890075683594
198.03541564941406 328.7379150390625 95.95553588867188 330.818115234375
182.2010498046875 229.84249877929688 79.01117706298828 241.10240173339844
197.38856506347656 427.7895812988281 203.0489501953125 465.14410400390625
728.0288696289062 318.1270751953125 799.0504150390625 320.4775085449219
83.98149871826172 267.3257751464844 105.96495056152344 266.7225646972656
248.70489501953125 474.4161071777344 280.6438293457031 458.2738952636719
184.17330932617188 219.52989196777344 77.07505798339844 231.66253662109375
113.02922058105469 425.5501708984375 178.88131713867188 429.8272705078125
205.80421447753906 465.87042236328125 199.6841278076172 427.8897705078125
597.8741455078125 378.0094299316406 596.3687744140625 357.8975524902344
711.3159790039062 386.9881591796875 710.4555053710938 364.0203857421875
401.55523681640625 124.1438980102539 799.1632080078125 53.924072265625
512.0266723632812 255.80191040039062 799.0420532226562 246.2653045654297
79.95254516601562 243.4585723876953 100.06100463867188 241.69601440429688
198.03366088867188 319.2073669433594 94.00300598144531 322.10772705078125
182.24655151367188 208.98358154296875 76.02325439453125 222.1870574951172
152.18560791015625 140.97113037109375 162.6451873779297 208.21075439453125
707.7141723632812 27.62153434753418 667.971435546875 35.86221694946289
59.89324951171875 147.565185546875 192.26220703125 115.06805419921875
684.9677734375 265.66802978515625 697.048095703125 264.49542236328125
203.6390380859375 468.05517578125 214.496826171875 539.076904296875
799.0568237304688 312.92962646484375 731.9701538085938 311.08856201171875
111.82455444335938 310.8161926269531 93.7763671875 313.4910888671875
118.71822357177734 350.8147888183594 100.78109741210938 355.0792541503906
370.98193359375 130.41146850585938 257.0006103515625 128.95166015625
379.19403076171875 372.449462890625 298.6604309082031 407.21331787109375
407.2580261230469 506.9801940917969 315.2280578613281 573.9390258789062
75.9300537109375 224.10784912109375 99.02330780029297 222.29725646972656
201.9113311767578 465.3760681152344 173.8223114013672 458.7536315917969
96.15711212158203 337.3650207519531 204.06195068359375 332.3268737792969
98.96420288085938 227.6900634765625 154.91090393066406 221.228515625
171.91549682617188 443.2592468261719 195.7224578857422 436.572021484375
142.02964782714844 228.26622009277344 201.07672119140625 221.68873596191406
93.82872009277344 317.3224182128906 194.98190307617188 312.6112976074219
391.41424560546875 478.6380920410156 315.8165588378906 527.7174682617188
98.95536804199219 236.75807189941406 187.0213165283203 233.59339904785156
170.0757293701172 293.45721435546875 104.04598236083984 295.49200439453125
307.6246337890625 434.18817138671875 379.31414794921875 396.4997253417969
396.5977478027344 106.04136657714844 437.8031311035156 506.71173095703125
588.6432495117188 239.01797485351562 587.534912109375 217.0234375
675.4019165039062 464.02978515625 670.52099609375 365.97406005859375
86.8986587524414 284.6668395996094 191.9000244140625 276.68487548828125
94.93934631347656 327.0379943847656 195.0291748046875 323.9439392089844
253.29132080078125 115.96356201171875 270.18017578125 250.9774627685547
262.77587890625 551.653564453125 290.47515869140625 533.7344970703125
622.399658203125 508.0356750488281 613.7276611328125 362.0755920410156
687.1152954101562 186.9219970703125 687.5599365234375 198.97935485839844
688.1962280273438 209.95680236816406 689.0282592773438 232.9989776611328
126.64397430419922 398.9312438964844 109.54236602783203 404.6281433105469
104.81625366210938 386.1643371582031 180.8624267578125 392.6205139160156
184.80604553222656 439.5081481933594 129.8153076171875 432.4361877441406
464.83074951171875 599.5008544921875 429.207763671875 516.33935546875
85.5966567993164 275.2897033691406 189.94471740722656 266.3543701171875
236.90260314941406 96.67217254638672 395.94549560546875 105.93577575683594
379.7163391113281 391.405029296875 302.56707763671875 428.18939208984375
544.8984985351562 318.2063293457031 583.0018920898438 319.958740234375
705.6919555664062 233.0141143798828 704.5927124023438 209.01866149902344
92.98847198486328 262.80548095703125 189.94430541992188 257.0600891113281
168.23020935058594 236.97366333007812 169.83743286132812 251.0186004638672
216.69842529296875 536.893310546875 206.3200225830078 468.95111083984375
376.17108154296875 403.3497619628906 308.2738342285156 436.5598449707031
581.026123046875 317.2052307128906 546.9642944335938 316.0864562988281
164.11009216308594 442.98199462890625 177.5309295654297 525.07666015625
209.93316650390625 390.4896240234375 190.031005859375 387.77288818359375
281.1456604003906 460.2922058105469 249.12623596191406 476.25323486328125
656.195068359375 82.11288452148438 402.2842712402344 126.62177276611328
88.95735168457031 294.225341796875 196.0731201171875 288.3281555175781
389.9472351074219 119.7884521484375 252.94847106933594 115.74656677246094
681.3164672851562 257.877197265625 676.93701171875 317.9224853515625
110.9270248413086 296.30169677734375 118.08553314208984 316.0561218261719
705.0662841796875 208.06336975097656 689.0040283203125 209.06494140625
165.07398986816406 206.98834228515625 154.6662139892578 140.8950958251953
298.2545166015625 402.2971496582031 374.8893737792969 368.7472839355469
314.7382507324219 574.768310546875 317.95159912109375 598.8731689453125
385.468994140625 316.947998046875 406.5653381347656 507.15911865234375
573.7401733398438 217.88111877441406 575.1820678710938 238.98756408691406
431.2117919921875 24.761962890625 521.6197509765625 -0.36804330348968506
666.1309204101562 367.9894104003906 678.12744140625 516.2324829101562
102.8199462890625 242.49729919433594 107.23656463623047 261.8584899902344
117.9879379272461 369.1875305175781 179.8606719970703 373.16656494140625
184.9482879638672 429.5035095214844 128.82144165039062 423.7383117675781
174.86004638671875 460.5517883300781 202.8358612060547 467.6471862792969
516.6372680664062 318.94775390625 511.5491638183594 256.8730163574219
650.0211181640625 345.2223205566406 624.962158203125 347.60113525390625
736.4190063476562 403.98419189453125 737.625 435.9764404296875
97.95001983642578 217.66656494140625 141.03125 211.20848083496094
175.8318634033203 341.06011962890625 109.90351104736328 338.33001708984375
119.96263885498047 378.5177307128906 210.99374389648438 385.0867919921875
187.14027404785156 421.9394226074219 127.8547134399414 414.0985412597656
315.33551025390625 521.9656372070312 387.6745300292969 475.4933776855469
256.9906005859375 131.74154663085938 366.998291015625 133.13465881347656
548.0062255859375 308.83294677734375 582.957275390625 310.1410827636719
694.2110595703125 363.93212890625 695.3938598632812 385.0339660644531
729.1202392578125 402.7394104003906 679.900390625 398.0444641113281
190.1727752685547 118.71530151367188 60.264278411865234 150.09410095214844
181.1951446533203 378.20458984375 104.23481750488281 369.8396301269531
179.8076171875 524.8676147460938 167.01412963867188 446.833740234375
365.46173095703125 134.16876220703125 384.9831848144531 312.1115417480469
431.1097106933594 515.9522705078125 467.3746032714844 599.272216796875
795.074462890625 57.4233283996582 726.8973388671875 69.416259765625
186.77432250976562 387.2871398925781 106.16443634033203 379.33343505859375
193.989990234375 115.46659851074219 234.0144805908203 116.32467651367188
421.07244873046875 417.8841857910156 388.9136657714844 120.11732482910156
531.62451171875 283.0286865234375 533.604248046875 308.953857421875
371.7583312988281 364.42474365234375 302.75360107421875 393.41351318359375
491.5838317871094 504.6202392578125 552.9815673828125 599.0120239257812
145.97793579101562 403.1120300292969 188.11660766601562 411.40771484375
491.91009521484375 244.00540161132812 490.6483459472656 223.02114868164062
550.5053100585938 599.3194580078125 490.17291259765625 505.8883361816406
671.3240966796875 359.0378112792969 669.6974487304688 329.96099853515625
679.9962768554688 319.5938720703125 705.0033569335938 319.3633728027344
794.0869140625 408.0137634277344 735.9218139648438 402.8869323730469
116.86308288574219 152.86260986328125 125.15889739990234 204.97470092773438
118.40290832519531 339.43701171875 126.0113525390625 358.396728515625
721.0814819335938 70.4599838256836 659.0787353515625 81.4443359375
376.15777587890625 318.33636474609375 378.4920349121094 338.06011962890625
409.2218017578125 507.9754943847656 389.2292785644531 326.97467041015625
710.7860107421875 364.21563720703125 694.8381958007812 362.6755065917969
726.4796752929688 82.98707580566406 728.5267333984375 158.98580932617188
209.17694091796875 405.03900146484375 125.08201599121094 389.5545959472656
171.4373321533203 250.94692993164062 169.8680877685547 238.01600646972656
187.93576049804688 413.4096374511719 153.83352661132812 408.0614929199219
256.964599609375 121.03709411621094 348.0291748046875 124.14582061767578
418.85076904296875 136.91600036621094 453.1209716796875 483.9880676269531
140.14553833007812 218.0653839111328 179.94918823242188 212.62799072265625
317.54046630859375 576.37109375 408.7825622558594 509.7024230957031
606.1126708984375 391.7679443359375 521.00146484375 383.9840087890625
781.6403198242188 599.3568115234375 734.328857421875 551.6575317382812
161.99517822265625 315.1606750488281 129.99398803710938 314.2001647949219
263.2352294921875 599.1129760742188 194.23106384277344 131.9658660888672
587.0037841796875 298.5458679199219 542.98193359375 298.1819152832031
586.8593139648438 206.06100463867188 586.2670288085938 194.9857177734375
590.5908203125 539.4828491210938 642.8220825195312 599.1557006835938
708.459716796875 488.2417297363281 728.1544189453125 448.5867614746094
729.488525390625 239.01641845703125 727.4015502929688 174.0192108154297
114.34133911132812 411.9481506347656 177.05502319335938 416.185546875
305.92816162109375 599.1486206054688 236.284423828125 96.8219223022461
383.8008728027344 336.92919921875 382.1263732910156 317.98883056640625
479.01690673828125 223.9053955078125 480.8035888671875 243.11129760742188
372.31787109375 544.1588134765625 384.8612365722656 598.0322875976562
385.8586120605469 295.9047546386719 371.2242736816406 163.97512817382812
662.4664306640625 131.01625061035156 663.3804931640625 161.0188751220703
375.6891174316406 166.0289306640625 372.7022399902344 133.9346466064453
490.1106872558594 351.8887634277344 491.8359680175781 369.1165771484375
502.8562927246094 370.0868835449219 501.4795837402344 351.96356201171875
640.2630004882812 599.638916015625 589.673828125 541.2827758789062
711.1026611328125 541.4957275390625 458.96710205078125 490.1615905761719
168.83375549316406 403.40936279296875 212.92800903320312 408.6103820800781
769.7720947265625 600.1660766601562 740.5414428710938 569.3850708007812
587.0552368164062 216.32373046875 574.0361938476562 216.86709594726562
396.0442199707031 351.10247802734375 389.1689758300781 286.98187255859375
733.9307861328125 396.0333251953125 731.9033203125 331.0030212402344
195.6037139892578 599.9261474609375 136.6925506591797 574.718505859375
141.82362365722656 515.4989013671875 179.11251831054688 528.6817626953125
655.0870361328125 351.0812072753906 667.8995971679688 366.2396240234375
177.97634887695312 360.2576904296875 136.86376953125 356.4843444824219
287.5982360839844 312.9183349609375 269.1766357421875 177.97589111328125
582.9720458984375 356.9273376464844 584.4752807617188 377.0392150878906
204.94461059570312 352.7550048828125 156.90968322753906 349.23126220703125
192.9593963623047 424.35394287109375 216.98736572265625 427.1101989746094
272.06573486328125 214.12054443359375 286.50848388671875 326.06341552734375
115.90416717529297 444.3866882324219 151.9222869873047 453.31353759765625
710.9786987304688 30.00149154663086 710.9363403320312 0.9986332654953003
128.9998016357422 358.39129638671875 125.53878784179688 340.698974609375
190.00450134277344 307.953369140625 153.0589599609375 304.38885498046875
111.98934173583984 260.1680603027344 108.9423828125 241.8433074951172
121.6821060180664 315.06329345703125 118.04344940185547 296.7922058105469
128.59683227539062 392.4349670410156 134.51853942871094 409.17034912109375
138.69235229492188 298.09161376953125 142.73638916015625 311.6739807128906
173.98643493652344 422.0966796875 187.0106658935547 423.9240417480469
184.0151824951172 373.7889099121094 206.04505920410156 375.3737487792969
208.96722412109375 380.542724609375 188.979736328125 379.33544921875
192.83462524414062 415.7157287597656 215.0141143798828 417.853515625
185.04127502441406 252.75949096679688 143.9452667236328 254.9926300048828
214.04017639160156 422.6982727050781 187.96981811523438 419.2266540527344
234.99656677246094 119.14666748046875 194.9716796875 118.20895385742188
732.0646362304688 545.97607421875 785.1043090820312 596.8040771484375
138.30506896972656 410.3850402832031 134.5050811767578 393.6580810546875
130.08570861816406 241.40428161621094 132.4184112548828 258.21942138671875
207.96954345703125 371.4974060058594 186.98696899414062 370.2127990722656
252.3394775390625 242.8297576904297 262.12957763671875 319.8564453125
583.4999389648438 318.1415710449219 587.8036499023438 302.94439697265625
674.435546875 397.9767761230469 676.8357543945312 443.0087585449219
327.2702331542969 -0.1720115691423416 393.0036926269531 14.983922004699707
203.8949737548828 412.5332336425781 167.91209411621094 405.44635009765625
707.4180908203125 317.92181396484375 697.5706787109375 265.2673034667969
726.7941284179688 159.00433349609375 725.5289916992188 98.98884582519531
46.38556671142578 75.93135070800781 39.09478759765625 34.983123779296875
699.0038452148438 316.6433410644531 683.9948120117188 316.4821472167969
735.994384765625 442.000244140625 734.3387451171875 404.98486328125
651.2748413085938 397.36236572265625 622.9540405273438 388.2511291503906
183.0509490966797 344.07012939453125 170.9776153564453 343.4085388183594
148.80384826660156 342.8821716308594 150.1796417236328 352.2668762207031
582.010498046875 307.70379638671875 547.982421875 306.4957275390625
140.02340698242188 256.78387451171875 138.2620086669922 240.2924346923828
689.9590454101562 288.9969177246094 691.3224487304688 270.9488220214844
673.8123779296875 40.22074890136719 708.9425659179688 31.761497497558594
763.9961547851562 472.01934814453125 785.1536254882812 476.227783203125
669.8853149414062 0.861147403717041 662.77880859375 6.732240200042725
147.89222717285156 309.9210510253906 147.43409729003906 298.9401550292969
