214
337.3768615722656 503.9931640625 337.92657470703125 453.9881896972656
43.61485290527344 336.423095703125 176.92501831054688 316.498291015625
679.6209106445312 257.78411865234375 672.167724609375 339.9244689941406
779.9749755859375 59.6025276184082 360.99853515625 85.97651672363281
675.4859008789062 344.9510803222656 684.1494750976562 253.91905212402344
276.974365234375 227.78562927246094 236.83087158203125 232.58547973632812
691.8958129882812 169.9899444580078 684.4573364257812 247.0441436767578
174.11746215820312 309.8548889160156 45.79221725463867 327.48785400390625
48.99647903442383 162.88461303710938 0.9801634550094604 164.3500213623047
29.12687110900879 213.70533752441406 10.083478927612305 215.12208557128906
161.90443420410156 229.00672912597656 160.1424102783203 203.98997497558594
163.77944946289062 320.96636962890625 0.7344719767570496 355.75555419921875
515.5845947265625 267.66119384765625 510.26068115234375 305.6157531738281
236.56605529785156 305.0091857910156 172.76382446289062 318.91650390625
404.5334167480469 528.0298461914062 403.916259765625 477.0010070800781
468.4720458984375 273.00531005859375 468.2138977050781 296.0024108886719
591.0189819335938 590.4022827148438 670.9356079101562 586.634033203125
0.7670168280601501 266.1885070800781 232.18328857421875 236.42514038085938
509.4233703613281 186.97352600097656 507.3121337890625 232.9684295654297
51.211204528808594 390.80230712890625 33.393001556396484 395.4928894042969
313.0055847167969 83.92095184326172 0.9366348385810852 61.897891998291016
231.0664825439453 237.16380310058594 236.82203674316406 305.09979248046875
686.7083129882812 253.97201538085938 677.9751586914062 344.99761962890625
714.5350341796875 213.95350646972656 711.8226318359375 241.08224487304688
184.2438507080078 236.98167419433594 178.75399780273438 163.94332885742188
401.1761169433594 475.9248046875 399.3155212402344 521.0542602539062
0.9666873812675476 167.06480407714844 274.0120544433594 157.3386993408203
531.0607299804688 307.99566650390625 528.5686645507812 272.9595642089844
127.61506652832031 244.03575134277344 120.36520385742188 165.96607971191406
144.89321899414062 205.9076385498047 147.2885284423828 229.0735626220703
160.12164306640625 203.41224670410156 146.0537567138672 204.62403869628906
177.4346923828125 175.037841796875 181.58416748046875 237.02783203125
344.97064208984375 86.37130737304688 316.9875183105469 84.1576919555664
463.6365051269531 228.00534057617188 463.9383544921875 191.99110412597656
509.8473815917969 233.02760314941406 511.5086669921875 182.01657104492188
596.769775390625 231.05441284179688 598.5479736328125 205.89736938476562
719.8637084960938 496.97393798828125 703.3960571289062 583.0757446289062
234.44586181640625 230.97215270996094 231.82437133789062 189.01097106933594
690.9442749023438 5.176598072052002 645.019287109375 8.2848539352417
750.1426391601562 500.150146484375 799.559814453125 124.07356262207031
583.0110473632812 205.0004119873047 582.1544189453125 228.0429229736328
672.0480346679688 589.1153564453125 614.0264282226562 591.6141967773438
701.5306396484375 71.0500717163086 693.1361083984375 160.01284790039062
118.14933776855469 166.98683166503906 125.0322494506836 245.0852813720703
32.70143508911133 241.033447265625 29.689708709716797 214.1467742919922
54.352317810058594 416.0762939453125 51.407005310058594 391.0698547363281
62.76630783081055 252.91197204589844 52.88570785522461 166.89825439453125
420.31622314453125 293.0177307128906 421.1779479980469 229.02932739257812
730.7802734375 243.97511291503906 733.961669921875 215.88241577148438
787.7188110351562 291.9459533691406 793.1581420898438 263.64599609375
420.8252868652344 228.55149841308594 679.8067626953125 257.7159118652344
695.9352416992188 390.99346923828125 693.6109619140625 414.0615539550781
260.6066589355469 217.00489807128906 260.5328369140625 196.00164794921875
674.7817993164062 342.025634765625 421.3592834472656 292.17364501953125
711.2122192382812 420.0237731933594 714.02734375 394.89105224609375
735.4714965820312 202.05075073242188 737.1967163085938 186.0211639404297
49.817359924316406 380.105224609375 48.56589126586914 366.03863525390625
158.7780303955078 193.008544921875 158.20034790039062 177.99229431152344
230.05992126464844 195.9969940185547 231.86595153808594 232.05679321289062
330.06243896484375 537.5113525390625 415.04132080078125 534.0001831054688
445.43499755859375 254.97531127929688 444.12054443359375 285.0489807128906
461.6860046386719 197.99203491210938 460.9248352050781 227.9980926513672
488.7352600097656 303.2262878417969 509.0895690917969 296.26177978515625
55.06111526489258 253.52137756347656 0.9836268424987793 259.8603210449219
80.84559631347656 424.900390625 86.05387115478516 469.1114501953125
563.679443359375 167.9818572998047 559.830078125 235.99038696289062
178.11277770996094 304.6386413574219 212.73939514160156 298.5241394042969
236.1503448486328 235.2156524658203 276.0350036621094 230.28298950195312
490.45843505859375 298.0216369628906 491.4547119140625 276.9270324707031
584.6166381835938 179.95849609375 584.2243041992188 193.03672790527344
27.756481170654297 201.13026428222656 26.16963005065918 185.9822235107422
50.06128692626953 165.106689453125 60.063411712646484 253.10646057128906
799.31884765625 431.0101623535156 787.6019287109375 427.2358703613281
345.39453125 451.99749755859375 345.8896179199219 530.0006713867188
721.389404296875 534.0009765625 721.2748413085938 578.9981689453125
561.9937133789062 237.05516052246094 565.8271484375 167.9904022216797
601.552001953125 442.8634033203125 606.50439453125 462.87518310546875
774.2017822265625 486.02783203125 799.5670776367188 302.07818603515625
248.2018280029297 197.05018615722656 249.5835418701172 219.02618408203125
255.28659057617188 337.91278076171875 256.6498718261719 358.02374267578125
570.99560546875 482.27349853515625 596.9729614257812 482.6893310546875
626.9906616210938 66.85746002197266 778.9291381835938 56.91652297973633
788.3043212890625 469.854248046875 794.9797973632812 437.9957580566406
142.22348022460938 399.8775939941406 135.6271209716797 333.937255859375
267.537353515625 355.0183410644531 266.7445373535156 335.0101318359375
276.46990966796875 193.99606323242188 276.22515869140625 226.99424743652344
462.9371643066406 299.60015869140625 489.276611328125 302.35845947265625
566.1092529296875 556.7512817382812 585.5752563476562 487.04364013671875
650.9475708007812 323.3669738769531 627.0074462890625 319.94769287109375
799.1401977539062 221.0207977294922 793.2034301757812 261.0301818847656
69.0003890991211 162.5853729248047 54.00040054321289 162.57131958007812
173.2803192138672 302.555908203125 137.0579833984375 306.52862548828125
228.9811553955078 231.84840393066406 189.09996032714844 236.80442810058594
212.10629272460938 298.16082763671875 209.4637451171875 267.0455322265625
479.5891418457031 197.99127197265625 479.1208190917969 220.02381896972656
598.842529296875 205.4222869873047 583.914794921875 203.76953125
491.2564392089844 220.0287322998047 491.7603454589844 197.99452209472656
504.35772705078125 294.6470642089844 501.3529357910156 273.0901794433594
573.6928100585938 361.98193359375 572.3419799804688 384.9613342285156
586.6179809570312 388.9763488769531 588.04443359375 365.9408264160156
733.8782958984375 215.16342163085938 714.8770141601562 213.1756591796875
155.45401000976562 531.0103759765625 79.85104370117188 492.18450927734375
279.2987365722656 264.9884948730469 282.9994812011719 361.0385437011719
381.9695739746094 156.13270568847656 763.0169067382812 166.3699951171875
713.6288452148438 394.4258728027344 696.9761962890625 390.0913391113281
177.0161590576172 238.12754821777344 133.0880126953125 243.69451904296875
349.9425354003906 90.01683807373047 354.52752685546875 377.9916076660156
9.565905570983887 215.78900146484375 13.210572242736816 242.83688354492188
52.63945007324219 162.9267578125 46.00406265258789 104.9995346069336
425.9110107421875 288.7099609375 464.0089111328125 287.2295227050781
587.9215698242188 487.2604675292969 570.0377807617188 481.87451171875
652.0963745117188 311.9378967285156 627.9324340820312 309.7447204589844
684.557373046875 248.036865234375 689.655029296875 170.9771728515625
795.1302490234375 59.63953399658203 738.7839965820312 508.2240905761719
7.613827228546143 399.24151611328125 1.6290205717086792 364.8904113769531
41.00543975830078 73.90142059326172 49.65640640258789 162.13174438476562
158.53868103027344 363.0362548828125 160.26385498046875 384.979248046875
345.1001281738281 530.0324096679688 345.7406311035156 448.99005126953125
780.0516357421875 49.694236755371094 703.03125 55.42033767700195
277.46075439453125 231.03700256347656 279.5874328613281 262.0283203125
136.00601196289062 300.0632019042969 172.9571533203125 296.5494689941406
475.73931884765625 339.9968566894531 475.4983825683594 360.0060119628906
611.7382202148438 555.5707397460938 580.2186279296875 589.1441040039062
173.7325897216797 381.9205627441406 172.7281951904297 360.012451171875
486.9059753417969 363.03143310546875 487.6028137207031 342.9515075683594
631.177978515625 79.93804931640625 625.7489624023438 151.9810791015625
509.00732421875 306.9137878417969 529.1170654296875 308.6215515136719
33.38259506225586 396.07659912109375 36.48276901245117 421.0641784667969
504.02349853515625 271.1440734863281 468.99481201171875 271.528076171875
720.2083740234375 581.05810546875 717.3515014648438 542.1209716796875
787.2261962890625 267.0110778808594 786.0050048828125 291.9512939453125
5.872337818145752 187.7418212890625 7.841444969177246 202.02186584472656
132.2021942138672 493.49896240234375 210.3153839111328 524.7132568359375
366.0199279785156 521.55029296875 350.96722412109375 522.0957641601562
81.75837707519531 418.90557861328125 73.42291259765625 351.9473571777344
0.6256274580955505 350.1824035644531 23.875110626220703 345.3936462402344
269.9848327636719 74.18468475341797 110.90804290771484 61.11967849731445
382.75054931640625 346.0018615722656 381.36871337890625 160.98977661132812
604.8358154296875 595.677001953125 638.9978637695312 599.0218505859375
595.5198364257812 310.4731140136719 671.9397583007812 325.3102722167969
649.9483032226562 315.75897216796875 627.9820556640625 314.26336669921875
0.9080725908279419 59.25131607055664 104.0127944946289 66.82586669921875
301.9405822753906 537.03125 324.0386962890625 537.677734375
405.4407653808594 213.00363159179688 405.6136169433594 191.996826171875
551.4802856445312 291.0647277832031 552.0328369140625 304.0411682128906
107.99178314208984 61.10002517700195 38.964820861816406 55.42812728881836
405.37347412109375 342.0028076171875 405.5093994140625 323.9887390136719
721.5557861328125 378.73968505859375 739.9375 401.4304504394531
18.873857498168945 342.4759216308594 0.9495089650154114 346.79022216796875
795.3319702148438 356.1480407714844 788.561279296875 417.0623779296875
780.8229370117188 481.72344970703125 799.5453491210938 488.4913024902344
1.4021003246307373 369.9413146972656 5.343971252441406 396.9497985839844
567.2142333984375 596.2384033203125 575.3370971679688 554.8698120117188
19.001100540161133 1.9705718755722046 2.9860992431640625 1.3717817068099976
145.471923828125 466.7203674316406 177.75204467773438 453.399169921875
657.1522216796875 420.3927917480469 605.8660278320312 407.53436279296875
27.91051483154297 520.0109252929688 13.5765962600708 402.6852111816406
31.836179733276367 384.3122863769531 48.824981689453125 380.2652893066406
405.0165710449219 448.3229064941406 408.6485290527344 436.88836669921875
786.2880249023438 421.1532287597656 778.6552734375 485.31585693359375
570.90576171875 319.1365966796875 592.9202270507812 320.9620666503906
799.6458129882812 514.8914794921875 751.2821655273438 500.0788269042969
395.4289855957031 191.99273681640625 395.52557373046875 211.0074920654297
577.8208618164062 470.2475891113281 603.159912109375 473.8863830566406
625.9146728515625 327.32666015625 654.0555419921875 329.1368713378906
35.990684509277344 55.113162994384766 1.8924658298492432 52.30638122558594
144.95790100097656 296.64703369140625 115.89429473876953 300.1138610839844
499.38299560546875 275.96795654296875 498.55133056640625 291.9766845703125
716.6864624023438 599.759033203125 686.8251342773438 587.42333984375
728.0623779296875 440.88482666015625 723.5106811523438 477.9399108886719
12.210652351379395 408.5129089355469 1.224300503730774 398.7476501464844
682.1795043945312 585.5674438476562 611.4872436523438 556.2357788085938
704.0272827148438 358.061279296875 691.4095458984375 363.6722717285156
703.29931640625 555.7918701171875 696.1810913085938 579.7567749023438
270.3219299316406 394.6995849609375 250.49749755859375 405.0362548828125
101.25405883789062 496.9125061035156 78.64691162109375 478.43194580078125
627.9859619140625 312.1589050292969 650.9830932617188 314.191162109375
533.7578125 301.23431396484375 549.9203491210938 304.4058837890625
354.9901428222656 378.03118896484375 574.2042846679688 447.35400390625
577.5843505859375 554.9705200195312 574.954345703125 592.0676879882812
738.8660888671875 407.77142333984375 722.5457763671875 382.9822998046875
661.6487426757812 390.0012512207031 661.7604370117188 421.008056640625
709.852294921875 436.46435546875 681.8250122070312 427.55029296875
721.8944091796875 383.259765625 699.365234375 374.1015930175781
167.89263916015625 461.6824645996094 146.92320251464844 468.77288818359375
555.385498046875 304.0010681152344 555.36279296875 290.99761962890625
515.0965576171875 440.6809997558594 553.5113525390625 452.3110046386719
578.39697265625 462.1831359863281 577.1177368164062 450.9865417480469
422.6162109375 431.9963684082031 422.43646240234375 451.0041198730469
331.9219055175781 523.342529296875 319.102783203125 524.865234375
735.4287719726562 403.2156066894531 732.5709838867188 435.4057922363281
798.2293090820312 570.8685302734375 793.417724609375 599.0712890625
24.66968536376953 344.08233642578125 9.361311912536621 282.66070556640625
586.6740112304688 510.9574890136719 588.6315307617188 495.9519348144531
698.028564453125 375.297607421875 685.9671630859375 374.8070373535156
398.0402526855469 522.29736328125 379.98492431640625 521.2633666992188
587.045654296875 598.0472412109375 567.043701171875 597.0886840820312
797.5753173828125 274.94659423828125 795.9193725585938 288.1156005859375
289.77874755859375 449.0281982421875 287.0960693359375 427.9877624511719
800.0490112304688 555.8954467773438 723.6484375 530.080810546875
726.1428833007812 392.526611328125 732.419677734375 402.7421569824219
30.092967987060547 331.81201171875 41.2896728515625 330.53009033203125
575.6189575195312 590.7472534179688 594.9815063476562 596.0673828125
297.1413269042969 513.197998046875 283.85552978515625 455.57220458984375
797.9659423828125 332.99981689453125 797.8665161132812 353.0043029785156
290.58203125 427.7218017578125 293.80230712890625 446.0347595214844
316.66949462890625 502.0565185546875 308.10662841796875 451.9817810058594
553.1117553710938 454.234375 521.0647583007812 449.5563659667969
794.4859008789062 452.1004943847656 790.354736328125 472.0733642578125
739.017822265625 507.0675048828125 799.6547241210938 528.1137084960938
419.52313232421875 451.1272277832031 418.1329345703125 434.9885559082031
316.2831115722656 449.9546203613281 324.453857421875 500.92724609375
288.4979248046875 455.6710510253906 292.7545166015625 475.05389404296875
592.4058227539062 492.0885314941406 593.954345703125 484.99005126953125
