254
315.9983825683594 457.7879943847656 422.0074768066406 456.97344970703125
425.7347106933594 599.003662109375 421.6122741699219 299.9915466308594
183.00135803222656 287.0629577636719 103.99498748779297 288.76763916015625
427.99285888671875 456.42333984375 541.9877319335938 455.00970458984375
375.2093505859375 26.030155181884766 375.8963317871094 44.04209518432617
143.49307250976562 105.86598205566406 186.78306579589844 86.51470184326172
654.4068603515625 49.057579040527344 605.7854614257812 79.65914916992188
0.35332709550857544 97.4421615600586 69.83399963378906 68.60011291503906
143.0128936767578 363.6706237792969 57.99480438232422 364.3271179199219
291.0809326171875 576.009521484375 300.9449768066406 491.9935302734375
295.00054931640625 577.0994262695312 422.002197265625 576.391845703125
94.00885009765625 290.5846252441406 189.01734924316406 289.14593505859375
593.4922485351562 4.884161949157715 571.1726684570312 17.31011962890625
288.40093994140625 599.2105102539062 291.1339416503906 581.0201416015625
314.0891418457031 119.1299057006836 337.87054443359375 102.81134033203125
617.7249755859375 66.13697052001953 622.6746215820312 39.93852615356445
311.5441589355469 121.56781768798828 301.8434753417969 131.7996826171875
0.5459710955619812 367.7694091796875 71.62763214111328 227.81088256835938
574.6729125976562 31.96505355834961 573.3826293945312 44.04088592529297
774.099365234375 212.51910400390625 677.2666625976562 417.59808349609375
43.624847412109375 -0.08880645036697388 0.5681314468383789 14.746589660644531
187.41050720214844 88.91825103759766 146.9940643310547 106.98673248291016
270.6349182128906 0.7237972021102905 278.9330139160156 49.842376708984375
141.35342407226562 270.1344299316406 175.68385314941406 179.87974548339844
357.066162109375 95.73157501220703 275.2199401855469 51.5921630859375
607.5413208007812 81.84718322753906 655.2371215820312 51.37114715576172
0.9972577691078186 459.8490905761719 68.011474609375 458.6313171386719
186.9997100830078 363.1632080078125 146.9997100830078 363.17694091796875
635.679931640625 440.2765808105469 749.2424926757812 161.0986328125
28.999958038330078 576.9237670898438 135.99935913085938 576.86376953125
340.4146728515625 101.97285461425781 322.6363220214844 129.41229248046875
363.01055908203125 94.03030395507812 337.3377990722656 102.97003936767578
543.0051879882812 457.5397644042969 428.00628662109375 458.6514892578125
0.9994712471961975 576.90673828125 23.99873161315918 576.7763671875
274.00146484375 456.1942443847656 201.9998779296875 456.06317138671875
237.86888122558594 252.96694946289062 254.05526733398438 188.76182556152344
534.0867309570312 49.66755294799805 539.6707763671875 0.7341984510421753
580.9544067382812 54.36191177368164 615.9821166992188 55.534423828125
263.50323486328125 0.7459501624107361 272.3528137207031 53.109375
748.42919921875 153.3566436767578 799.739990234375 107.83409118652344
132.49606323242188 292.8083190917969 105.82159423828125 362.93212890625
266.0 576.9559326171875 289.9999084472656 576.953857421875
498.594970703125 39.888553619384766 496.2903137207031 68.94371032714844
565.4343872070312 599.0865478515625 562.3748779296875 579.095703125
613.9237060546875 30.755704879760742 563.5287475585938 25.669187545776367
70.31613159179688 460.1213684082031 87.68431854248047 414.8788146972656
324.7193908691406 286.9580993652344 329.6483154296875 253.94747924804688
417.66497802734375 74.99490356445312 417.1670837402344 9.998720169067383
551.21875 82.44005584716797 532.4010009765625 91.79512786865234
561.704345703125 576.0442504882812 544.0474243164062 458.1426696777344
644.9998779296875 456.97796630859375 548.00390625 457.60321044921875
547.9945068359375 455.3453369140625 661.9949340820312 454.3917236328125
505.3549499511719 124.15108489990234 497.74560546875 41.298892974853516
705.5047607421875 599.1265258789062 700.6412353515625 580.0916748046875
79.41770935058594 75.56172180175781 0.41188791394233704 107.5473403930664
41.14173126220703 10.401124000549316 0.5554190874099731 24.741764068603516
59.00069808959961 366.5455627441406 143.0018310546875 366.43829345703125
341.0532531738281 57.07640075683594 339.1031494140625 32.91097640991211
426.4842834472656 458.98297119140625 428.09149169921875 599.0104370117188
501.39691162109375 0.9587801098823547 499.14263916015625 33.94139862060547
669.00634765625 454.0508117675781 710.0045166015625 454.32525634765625
104.7273178100586 367.8963317871094 93.7066650390625 396.88848876953125
377.9702453613281 87.06884002685547 375.6939697265625 53.02045822143555
453.2948303222656 116.5048599243164 480.0814514160156 78.35505676269531
430.99932861328125 576.1492919921875 559.999267578125 576.0488891601562
799.0009765625 578.0498046875 566.000244140625 578.2713623046875
0.32735055685043335 8.824315071105957 28.706430435180664 0.05044662952423096
26.832700729370117 575.3037109375 35.93780517578125 550.3421020507812
258.45501708984375 0.9182536005973816 267.99200439453125 54.00143814086914
562.0008544921875 578.2606811523438 429.9989929199219 578.6950073242188
563.6278686523438 40.064857482910156 581.8148803710938 52.27568435668945
710.0014038085938 456.3929138183594 651.9985961914062 456.601318359375
105.4713363647461 85.73725891113281 0.45702871680259705 129.70309448242188
108.67456817626953 363.2560119628906 135.62684631347656 292.2378845214844
303.4817199707031 490.0570983886719 290.5603332519531 599.06640625
400.99627685546875 361.0748596191406 354.9930114746094 361.2594299316406
466.3019104003906 113.29055786132812 487.3910827636719 91.3763656616211
543.9365234375 456.1593933105469 532.5333251953125 380.0699462890625
702.9525146484375 579.72998046875 708.4580688476562 599.1536254882812
73.99853515625 228.5045166015625 0.5896439552307129 373.79266357421875
573.0245361328125 212.3732147216797 554.785888671875 298.95489501953125
630.6853637695312 21.09618377685547 664.6396484375 24.54636001586914
269.6231994628906 53.23421859741211 260.7164306640625 0.8781208992004395
655.388671875 50.430335998535156 612.5250854492188 32.11116027832031
654.9342041015625 414.9100341796875 649.5866088867188 426.2760009765625
665.1996459960938 453.94384765625 656.1979370117188 421.9443054199219
18.59331703186035 183.2189178466797 45.303279876708984 232.8367462158203
375.3973693847656 44.1566276550293 281.50927734375 -0.08084220439195633
512.9085693359375 16.032865524291992 513.454345703125 0.9440891742706299
799.5927124023438 65.7251205444336 728.7192993164062 123.65657043457031
69.17489624023438 228.3396453857422 0.7742487788200378 263.56158447265625
325.089111328125 136.66009521484375 322.141845703125 161.89979553222656
316.4940490722656 -0.10072536021471024 374.5671081542969 25.964473724365234
374.4931640625 34.924808502197266 297.6132507324219 -0.3370205760002136
279.129638671875 49.755802154541016 361.2749938964844 93.36567687988281
338.5926513671875 124.46625518798828 325.46759033203125 136.5095977783203
423.8487854003906 300.9862060546875 426.382080078125 456.9938049316406
661.41796875 36.813568115234375 608.891357421875 18.308412551879883
668.6876831054688 458.8038330078125 702.1077270507812 575.9692993164062
566.0001831054688 575.9247436523438 698.0001831054688 575.9470825195312
701.99755859375 575.8040771484375 799.001220703125 575.6076049804688
175.87490844726562 173.755615234375 76.7433090209961 224.49853515625
564.5995483398438 579.9110717773438 567.4430541992188 599.0825805664062
699.3291015625 576.1900024414062 666.1326904296875 458.9624328613281
799.52783203125 367.0643005371094 724.9901733398438 325.0174865722656
799.5036010742188 349.086669921875 731.2109375 311.43109130859375
145.989990234375 365.7571716308594 188.00001525878906 365.9965515136719
173.40484619140625 192.15237426757812 146.31680297851562 264.1192321777344
160.9992218017578 577.1409912109375 250.99649047851562 577.6370239257812
569.447265625 63.89496612548828 598.1907348632812 75.5287857055664
657.151611328125 418.9558410644531 667.412353515625 454.1712341308594
85.6068344116211 152.16990661621094 106.75439453125 201.10614013671875
103.4671859741211 0.4866843521595001 141.49404907226562 109.17700958251953
328.66436767578125 63.659603118896484 378.4993591308594 89.01864624023438
534.9096069335938 379.86102294921875 546.3807373046875 454.94183349609375
605.3282470703125 81.21953582763672 459.4727783203125 19.875850677490234
546.5899658203125 457.9118957519531 564.3424682617188 576.799560546875
610.014404296875 11.964239120483398 593.4740600585938 5.306729316711426
799.57421875 471.1024475097656 690.7095336914062 401.4539794921875
152.9998779296875 457.1281433105469 89.99993896484375 457.06988525390625
272.0027160644531 362.218505859375 224.9998016357422 362.0556945800781
265.324462890625 55.9400634765625 255.13711547851562 0.7899507880210876
523.6339721679688 99.6917495727539 569.1268920898438 121.73812866210938
799.440673828125 456.2994689941406 694.2774658203125 390.148681640625
799.373046875 409.37286376953125 710.34716796875 356.4163818359375
799.2138671875 375.62481689453125 721.7402954101562 331.4555358886719
799.3243408203125 311.38250732421875 745.0618896484375 282.8821716308594
799.3295288085938 291.3505554199219 751.8652954101562 267.2655029296875
27.652965545654297 578.245361328125 19.748910903930664 599.2813720703125
75.03154754638672 73.80292510986328 45.8581657409668 2.281545877456665
501.6286315917969 35.04560852050781 504.103515625 0.9349561929702759
799.4509887695312 358.1917419433594 727.8624267578125 318.24658203125
202.99795532226562 458.55706787109375 274.9969787597656 458.8217468261719
344.11566162109375 99.60429382324219 265.42572021484375 56.227684020996094
313.899169921875 143.93212890625 297.3298034667969 168.54888916015625
475.70538330078125 260.8941955566406 388.4823913574219 247.3278350830078
799.4524536132812 511.326171875 655.5344848632812 414.6933288574219
799.3521118164062 417.4129943847656 707.2867431640625 362.18914794921875
799.5391845703125 320.9786682128906 740.9692993164062 290.05816650390625
350.9932556152344 361.1728210449219 331.993896484375 361.06378173828125
448.5382995605469 15.685500144958496 412.0973205566406 0.7623459100723267
479.0448303222656 299.0038146972656 476.5661315917969 328.0483093261719
799.4204711914062 485.3541259765625 687.6246948242188 412.5765380859375
799.3858032226562 384.3310546875 718.5806884765625 337.7270202636719
799.5064086914062 270.9815673828125 759.466796875 251.07235717773438
50.284000396728516 0.886001467704773 80.16756439208984 75.33413696289062
248.99977111816406 575.1388549804688 165.99998474121094 575.006591796875
540.6831665039062 9.888900756835938 570.7802734375 20.61641502380371
583.0700073242188 8.779654502868652 557.145263671875 0.5428425669670105
799.4689331054688 478.2727355957031 688.9813232421875 407.0289306640625
799.2429809570312 463.6170349121094 692.9072875976562 396.1461486816406
799.5070190429688 441.1800842285156 699.7101440429688 379.4687194824219
799.594482421875 339.9068603515625 734.6731567382812 304.6009521484375
10.015030860900879 365.2437744140625 38.98371124267578 365.81951904296875
251.02273559570312 223.992431640625 276.010009765625 224.55628967285156
415.031005859375 8.999552726745605 415.92535400390625 71.0010757446289
424.0033874511719 578.3771362304688 406.99578857421875 578.5294189453125
630.0986328125 240.8234100341797 577.6905517578125 211.5540313720703
799.2642822265625 448.5751953125 697.0231323242188 384.9627990722656
799.3157958984375 425.4814453125 704.978515625 368.0352478027344
799.5825805664062 393.0008544921875 715.88427734375 344.19842529296875
799.4522705078125 401.2333679199219 713.2035522460938 350.3499450683594
799.3197631835938 281.3678283691406 755.8161010742188 259.3635559082031
255.8471221923828 190.20790100097656 239.89173889160156 255.21885681152344
604.1039428710938 67.68909454345703 574.3991088867188 60.47378158569336
799.3475341796875 330.350341796875 737.7791137695312 297.4129333496094
799.3077392578125 260.36907958984375 763.547607421875 242.92747497558594
562.8975219726562 266.9772033691406 574.53515625 214.674072265625
799.3753662109375 433.3877868652344 702.4207153320312 373.9448547363281
799.6605224609375 301.7254943847656 748.3994140625 275.1588134765625
109.99903106689453 575.1998901367188 35.000789642333984 574.836669921875
84.54611206054688 428.2101135253906 63.07057189941406 484.02716064453125
457.4281311035156 117.36707305908203 466.1824645996094 107.15644836425781
565.7680053710938 116.13217163085938 579.5372924804688 106.79204559326172
577.6569213867188 214.64349365234375 625.8269653320312 240.3245086669922
678.339599609375 418.48516845703125 799.884521484375 498.6590881347656
799.5846557617188 249.78091430664062 766.9400024414062 234.1251220703125
93.63531494140625 402.25164794921875 107.03946685791016 368.4117431640625
404.2519836425781 0.3930068612098694 446.9508056640625 18.118484497070312
570.1214599609375 17.665882110595703 541.85791015625 7.390841484069824
73.490234375 0.44004321098327637 105.47854614257812 85.57168579101562
105.98702239990234 226.38217163085938 152.00872802734375 225.415283203125
485.44622802734375 66.86443328857422 462.7763977050781 78.56685638427734
799.5514526367188 238.84654235839844 771.7373657226562 225.54940795898438
88.99931335449219 459.7294006347656 155.0001983642578 459.7912902832031
327.7037658691406 107.5258560180664 257.13006591796875 67.76911926269531
353.9855041503906 364.4974670410156 414.0509033203125 362.7633056640625
625.5888061523438 41.12306594848633 649.6575927734375 49.935264587402344
44.601112365722656 62.54152297973633 36.98958206176758 70.99061584472656
212.94284057617188 93.26817321777344 189.44386291503906 0.6337307691574097
610.7291870117188 431.9714660644531 224.2869873046875 158.0057373046875
292.3919677734375 11.958107948303223 296.5920715332031 51.257347106933594
799.8529052734375 225.19552612304688 775.2577514648438 213.57032775878906
257.0298767089844 66.99398040771484 243.7054901123047 0.8578658103942871
275.29046630859375 50.950828552246094 266.8108825683594 0.8627219200134277
323.2480773925781 293.913330078125 319.8966369628906 322.98809814453125
799.2343139648438 492.642333984375 681.615234375 415.58734130859375
197.99127197265625 172.6754608154297 233.99212646484375 171.7073516845703
373.6595153808594 23.097993850708008 372.4801330566406 6.964900016784668
470.8123779296875 115.33722686767578 455.4752197265625 119.67877197265625
583.6289672851562 98.86115264892578 550.8252563476562 84.726318359375
750.7232666015625 161.83192443847656 799.5258178710938 183.8336944580078
481.4208679199219 75.08172607421875 465.0106201171875 85.43122863769531
799.441162109375 175.94068908691406 752.289794921875 156.30421447753906
458.6690368652344 22.79779624938965 497.9598693847656 39.09675598144531
63.998939514160156 579.09130859375 27.9921817779541 578.6731567382812
343.0994567871094 32.92851257324219 343.884033203125 55.96989822387695
416.78582763671875 233.2070770263672 486.9019470214844 240.01063537597656
291.0067443847656 579.0303344726562 267.001220703125 579.1876831054688
443.04254150390625 199.25413513183594 423.58343505859375 202.51170349121094
423.8412780761719 217.10116577148438 446.7967224121094 220.41015625
343.997314453125 574.7891845703125 296.9922180175781 575.38623046875
356.42010498046875 353.1881408691406 345.4241943359375 377.74212646484375
24.003000259399414 578.808837890625 4.007923603057861 578.4950561523438
212.03146362304688 226.49392700195312 240.04518127441406 224.70919799804688
217.0817413330078 148.2433319091797 177.9934844970703 0.7367333173751831
333.0012512207031 363.8128662109375 349.001220703125 363.78802490234375
321.283447265625 128.68783569335938 313.91259765625 121.9949722290039
146.94786071777344 113.88237762451172 0.10201507806777954 178.9741668701172
270.0005187988281 226.4148406982422 251.00054931640625 226.43849182128906
123.52101135253906 49.81785583496094 114.44123840332031 23.84574317932129
187.0004119873047 290.02484130859375 166.98924255371094 290.3624267578125
565.96533203125 124.07093048095703 522.16943359375 102.65350341796875
294.98223876953125 153.56640625 205.6573486328125 95.52735137939453
572.6702270507812 22.128393173217773 585.8193359375 24.16583824157715
303.2823181152344 132.67263793945312 314.6154479980469 142.44590759277344
322.2945251464844 324.1386413574219 324.8810729980469 299.9872741699219
226.00323486328125 364.8179931640625 271.0025329589844 364.64031982421875
370.9955749511719 579.3470458984375 333.00177001953125 578.8615112304688
174.69195556640625 1.0844662189483643 200.2270050048828 94.21195220947266
129.55545043945312 384.6814880371094 165.64305114746094 334.3113708496094
756.8543701171875 154.34437561035156 799.2979125976562 172.2955780029297
212.78245544433594 267.50811767578125 223.05679321289062 251.68626403808594
477.74420166015625 328.9772033691406 480.5008850097656 298.0446472167969
28.000823974609375 367.4803771972656 9.999282836914062 367.4518127441406
60.001041412353516 457.10052490234375 0.9970113039016724 457.7112731933594
653.1484985351562 8.48227596282959 641.2655639648438 5.074044227600098
117.97550201416016 108.24700164794922 138.9857940673828 107.5633544921875
224.41653442382812 251.7084197998047 351.1221923828125 356.0657958984375
318.963623046875 57.118534088134766 317.8217468261719 47.13475799560547
164.989501953125 2.002913475036621 184.89505004882812 73.7516860961914
404.0018615722656 578.1763916015625 374.9945373535156 578.482666015625
335.8157653808594 399.46173095703125 311.3983459472656 453.1810607910156
176.00596618652344 578.6620483398438 160.9929962158203 578.3966674804688
129.99058532714844 227.62881469726562 105.98066711425781 228.2379913330078
25.103347778320312 56.473323822021484 38.883094787597656 53.464576721191406
173.84642028808594 323.5961608886719 205.0329132080078 279.31884765625
343.71234130859375 379.1774597167969 214.49488830566406 267.2738037109375
79.64807891845703 461.7679138183594 116.29734802246094 406.19610595703125
264.753662109375 99.4993896484375 287.6166076660156 110.77720642089844
341.0 459.06005859375 316.0 459.0594482421875
291.54986572265625 108.9539566040039 308.9879150390625 118.12067413330078
346.51177978515625 309.64013671875 365.75732421875 324.31817626953125
141.58998107910156 404.3771057128906 128.61729431152344 390.27166748046875
