146
789.8148803710938 337.9666748046875 792.7293090820312 321.7713317871094
349.7784423828125 96.00875091552734 349.9583740234375 79.9995346069336
146.94850158691406 595.9622192382812 149.3557586669922 528.9768676757812
349.62744140625 138.0019073486328 349.7125244140625 109.99608612060547
477.9754943847656 143.9985809326172 479.713134765625 113.92564392089844
614.477783203125 116.94761657714844 611.2501220703125 149.12539672851562
635.9926147460938 117.15098571777344 614.9451293945312 116.12449645996094
762.5496826171875 349.9219055175781 757.462646484375 379.253662109375
618.0538330078125 82.89115905761719 615.9580078125 101.1102066040039
551.4931030273438 445.8457946777344 563.9528198242188 324.0975036621094
757.7144165039062 174.1138458251953 775.10009765625 65.01594543457031
593.1876831054688 323.9140319824219 590.3173828125 351.0335998535156
210.708984375 475.5556640625 47.13887405395508 582.6851806640625
189.7443084716797 440.5504150390625 59.28504943847656 514.7428588867188
257.1438293457031 599.1536254882812 236.6710662841797 485.05902099609375
452.9925537109375 301.9997863769531 452.2259521484375 327.03753662109375
557.6837158203125 324.927978515625 547.0696411132812 518.9490966796875
720.7897338867188 392.9700927734375 713.5181884765625 444.07373046875
780.9977416992188 384.99957275390625 786.9996948242188 353.8075256347656
151.80931091308594 525.9927978515625 149.04762268066406 599.0018310546875
334.4604187011719 108.98941040039062 334.66357421875 137.00244140625
461.5658264160156 112.98059844970703 460.26837158203125 142.01199340820312
481.1998291015625 495.0105285644531 490.576904296875 317.0303955078125
562.1243286132812 363.01165771484375 556.0244750976562 428.0022888183594
373.92242431640625 158.23712158203125 799.069091796875 184.89871215820312
614.9012451171875 312.9892272949219 616.6488647460938 296.9617004394531
638.1486206054688 102.01520538330078 640.1033325195312 82.90826416015625
768.0822143554688 318.01397705078125 765.1571044921875 335.1969909667969
640.5178833007812 266.9805603027344 799.4728393554688 294.2431640625
189.6653594970703 250.97633361816406 188.77618408203125 225.97239685058594
265.0998229980469 63.02598571777344 274.36627197265625 384.0182800292969
366.7772521972656 599.4874877929688 314.7875671386719 469.0846862792969
468.6174621582031 330.9800720214844 469.973876953125 304.946533203125
637.4965209960938 380.0621032714844 630.9832153320312 432.1230163574219
313.9963073730469 60.49867248535156 799.0068359375 56.93281173706055
632.5499267578125 151.95167541503906 636.21630859375 117.80846405029297
182.34921264648438 324.9565124511719 41.740623474121094 376.2895202636719
207.73187255859375 282.0150451660156 197.46774291992188 99.02985382080078
372.98468017578125 244.0227813720703 373.9604797363281 158.99954223632812
596.1331787109375 294.0113830566406 594.7613525390625 310.0650634765625
239.04266357421875 485.80963134765625 259.7176818847656 599.051513671875
480.56854248046875 98.02108764648438 481.16387939453125 81.968994140625
609.9782104492188 355.99761962890625 613.176513671875 326.9094543457031
784.1583862304688 2.0249521732330322 776.5862426757812 50.09235763549805
60.157310485839844 506.49688720703125 184.78941345214844 436.6243896484375
591.6560668945312 599.0747680664062 599.3086547851562 531.9212036132812
799.58544921875 283.4697265625 646.16162109375 258.02557373046875
38.44279479980469 337.2014465332031 175.2530059814453 294.816650390625
195.53823852539062 225.02708435058594 210.1478271484375 474.04998779296875
462.6531066894531 81.99395751953125 462.3737487792969 98.02394104003906
178.99708557128906 432.99468994140625 66.35798645019531 494.8305358886719
319.0713195800781 152.92352294921875 361.01971435546875 155.70237731933594
460.98052978515625 237.1660614013672 414.0400695800781 231.65838623046875
684.4248046875 3.0524673461914062 678.236572265625 53.152740478515625
181.1040496826172 299.3236083984375 37.515804290771484 345.4941711425781
182.4490203857422 0.9736877679824829 195.2277374267578 219.04525756835938
235.7963409423828 368.00946044921875 218.8003387451172 1.9628392457962036
349.4873046875 310.00244140625 349.60748291015625 285.9930419921875
582.806884765625 599.1612548828125 529.5419311523438 535.382568359375
734.0430297851562 294.66943359375 651.8726806640625 283.9786071777344
613.772216796875 326.24212646484375 593.8906860351562 322.5960693359375
767.9765625 96.99610900878906 757.224609375 161.87149047851562
317.9987487792969 395.9873046875 318.63397216796875 445.991943359375
52.23971939086914 383.630126953125 171.690673828125 338.1869201660156
232.61083984375 0.9350042939186096 251.73922729492188 475.0105285644531
263.56524658203125 0.9874958395957947 264.804931640625 57.02643585205078
471.86767578125 593.6981201171875 412.9047546386719 498.0587158203125
786.8036499023438 353.16943359375 762.8084716796875 349.14093017578125
3.321194648742676 271.9555969238281 48.55845642089844 599.1992797851562
317.2674865722656 469.8921813964844 369.4045715332031 599.239990234375
173.41880798339844 341.0951843261719 52.84267044067383 387.20361328125
767.99853515625 262.4253234863281 799.0050048828125 262.5314025878906
335.36859130859375 258.9931945800781 335.43328857421875 272.0028076171875
389.9770202636719 542.8753662109375 355.05828857421875 549.3159790039062
441.0494079589844 9.96463680267334 440.19219970703125 33.00714874267578
565.1226196289062 304.9260559082031 567.5631713867188 275.96319580078125
595.9761962890625 194.08636474609375 614.0113525390625 194.48138427734375
169.88812255859375 288.6255798339844 45.62754821777344 325.75347900390625
528.9655151367188 258.5589294433594 545.9625854492188 259.60675048828125
409.9004211425781 246.75257873535156 458.9674987792969 253.24569702148438
595.3873291015625 2.038484811782837 590.9205322265625 46.992103576660156
799.165283203125 302.626953125 736.9829711914062 295.1416320800781
611.9893188476562 184.15017700195312 598.9132080078125 183.22035217285156
469.844482421875 303.78643798828125 453.875732421875 300.62835693359375
270.06298828125 147.9979705810547 268.13287353515625 87.9957275390625
429.0185852050781 341.95013427734375 427.5918273925781 370.0300598144531
414.20526123046875 496.25201416015625 474.1778869628906 592.8895874023438
480.029541015625 349.8418273925781 370.9143981933594 329.45831298828125
530.8202514648438 533.3173828125 585.284912109375 598.7628784179688
637.842529296875 372.98321533203125 647.0180053710938 286.89532470703125
630.0794677734375 377.5792541503906 566.8783569335938 365.64404296875
766.134765625 335.17474365234375 776.8490600585938 336.9242858886719
196.93002319335938 201.94618225097656 185.2965545654297 0.9249658584594727
335.4964294433594 283.0008239746094 335.53497314453125 307.000732421875
349.7594909667969 285.3345031738281 335.8507995605469 282.8278503417969
578.7734985351562 161.06869506835938 587.0397338867188 68.00353240966797
180.1128692626953 226.06773376464844 182.174072265625 253.0630645751953
397.8240051269531 198.9772186279297 397.145263671875 234.02218627929688
459.1601867675781 252.53318786621094 497.13629150390625 241.12484741210938
591.7702026367188 544.7821044921875 283.90728759765625 454.31549072265625
210.30799865722656 427.98162841796875 198.85435485839844 236.00869750976562
326.0409851074219 554.2259521484375 256.16424560546875 566.9051513671875
48.77305603027344 586.1358032226562 212.7827911376953 478.1893310546875
479.0117492675781 112.56695556640625 461.97003173828125 112.1042709350586
272.9999694824219 60.6081428527832 307.0000305175781 60.605613708496094
334.0202331542969 396.91595458984375 473.147216796875 430.3880615234375
426.3003845214844 426.0146789550781 424.64154052734375 459.98248291015625
212.71827697753906 477.0178527832031 211.07017517089844 450.99554443359375
579.0641479492188 265.0813903808594 612.1124877929688 267.3899841308594
625.942138671875 601.785888671875 594.5216674804688 488.3483581542969
316.0151672363281 317.99981689453125 312.7247619628906 66.00359344482422
296.90240478515625 557.4387817382812 331.0860290527344 551.4948120117188
413.95062255859375 234.40252685546875 459.872802734375 240.03671264648438
527.4863891601562 292.17828369140625 497.34478759765625 300.67596435546875
475.86962890625 591.3759765625 534.0465698242188 579.2228393554688
564.8532104492188 322.2123718261719 534.2179565429688 290.8560791015625
247.8133544921875 510.7453308105469 311.0503234863281 501.3382263183594
267.2550964355469 53.99337387084961 265.8779296875 0.977194607257843
466.9253845214844 225.6808319091797 409.735595703125 219.4120635986328
533.60205078125 361.1031188964844 500.4990234375 349.1603698730469
624.2058715820312 501.5602722167969 650.955810546875 600.8969116210938
25.530624389648438 599.0704345703125 -0.2688998878002167 427.1904602050781
255.93479919433594 564.6202392578125 295.95703125 557.7496948242188
353.925537109375 547.5712280273438 408.0304870605469 538.175537109375
361.0469970703125 154.254638671875 321.95025634765625 151.78875732421875
799.1980590820312 273.08673095703125 766.771240234375 266.05487060546875
283.98553466796875 506.9042663574219 248.88006591796875 512.2058715820312
460.0245666503906 251.3154296875 467.4663391113281 227.14356994628906
271.3482360839844 218.9932861328125 270.7120056152344 185.9862823486328
482.9674377441406 436.06787109375 480.164794921875 476.0115661621094
6.66943883895874 115.9140396118164 23.74645233154297 248.90414428710938
607.0289306640625 263.6068420410156 585.0010375976562 261.9855651855469
210.10238647460938 574.5328369140625 182.17276000976562 579.899169921875
544.108154296875 302.18701171875 559.8492431640625 323.64337158203125
479.67578125 229.23672485351562 468.5579528808594 233.9593505859375
21.55705451965332 202.05552673339844 4.123605251312256 62.98450469970703
197.02830505371094 90.99845886230469 192.1199493408203 0.9934585690498352
598.8507080078125 226.16448974609375 603.31787109375 203.06146240234375
610.961669921875 166.66200256347656 636.990234375 168.16896057128906
276.38116455078125 382.9993591308594 276.3409118652344 358.9994201660156
491.2979736328125 334.93865966796875 492.5119934082031 321.04473876953125
681.5717163085938 462.0836486816406 799.546875 485.2103271484375
664.9647827148438 470.3947448730469 695.08203125 473.0797424316406
317.0553894042969 454.9995422363281 316.6189880371094 400.9949951171875
618.6527709960938 564.198486328125 636.0112915039062 594.565185546875
396.99517822265625 252.03443908691406 378.0868225097656 249.38133239746094
