217
440.91937255859375 366.9931640625 442.8743896484375 343.98931884765625
554.0108642578125 237.19239807128906 550.2324829101562 257.04425048828125
704.630859375 493.8741149902344 744.3342895507812 377.4320373535156
110.60548400878906 149.0303497314453 114.46492004394531 72.02330017089844
133.56607055664062 115.97227478027344 132.09014892578125 139.0696563720703
134.55776977539062 90.9885025024414 134.21871948242188 104.03167724609375
146.7060089111328 141.98216247558594 148.1647491455078 117.94930267333984
315.01416015625 232.4757080078125 126.0169677734375 227.3716583251953
170.05943298339844 79.93562316894531 164.92652893066406 154.92652893066406
218.656005859375 160.05320739746094 224.09326171875 93.00756072998047
713.899658203125 304.97491455078125 731.4339599609375 234.8584442138672
799.0014038085938 92.9691390991211 600.0001220703125 83.99724578857422
167.6925811767578 154.0457763671875 172.4527130126953 82.02992248535156
221.96102905273438 91.90779876708984 215.92657470703125 159.9047393798828
768.4065551757812 230.84742736816406 774.0836181640625 208.76441955566406
799.6879272460938 388.19500732421875 787.4390258789062 431.40789794921875
444.32122802734375 395.1026611328125 448.36749267578125 343.028564453125
593.8963012695312 237.28826904296875 584.2664794921875 265.7518310546875
727.3782958984375 237.60435485839844 711.5123901367188 302.6370849609375
247.5846710205078 152.0552978515625 249.58009338378906 130.9602813720703
264.3310852050781 164.0312042236328 269.9897766113281 103.99903869628906
728.378662109375 432.1292724609375 707.23095703125 494.0788269042969
149.9354248046875 298.96636962890625 105.9197998046875 301.7163391113281
234.082763671875 225.61636352539062 325.05633544921875 231.0581512451172
368.0237121582031 233.00242614746094 321.0184631347656 232.4443359375
491.02008056640625 289.20001220703125 493.848388671875 274.77423095703125
733.1400756835938 365.7615051269531 738.1329345703125 347.759521484375
405.9870300292969 179.12066650390625 377.9876708984375 176.11477661132812
488.0331115722656 72.08419036865234 799.0242309570312 83.32907104492188
324.9473876953125 225.7191925048828 236.90650939941406 219.2778778076172
375.07196044921875 179.76097106933594 368.3574523925781 233.9203338623047
443.86541748046875 342.84075927734375 436.8099060058594 393.1136779785156
665.0140991210938 211.76980590820312 669.479736328125 192.64501953125
112.07146453857422 70.95032501220703 107.89900207519531 148.94110107421875
357.98687744140625 46.04956817626953 232.0673828125 12.745205879211426
348.2283630371094 226.92446899414062 350.6805725097656 201.870849609375
40.808326721191406 307.9932556152344 38.69874954223633 368.0245666503906
488.80169677734375 401.9998474121094 488.83251953125 362.00140380859375
137.92515563964844 233.81077575683594 46.15336227416992 225.3387451171875
727.21337890625 458.3128356933594 722.6746215820312 475.9161071777344
759.1642456054688 206.0408477783203 753.8968505859375 227.2230224609375
225.45545959472656 265.1200256347656 223.8172607421875 284.98492431640625
251.71026611328125 290.0733337402344 257.1882629394531 237.01943969726562
307.988037109375 263.9986877441406 306.11566162109375 281.1219787597656
509.1433410644531 184.26487731933594 512.9159545898438 167.98052978515625
48.82887268066406 3.993938446044922 49.004432678222656 27.999967575073242
125.02021026611328 213.3111572265625 81.99856567382812 212.04891967773438
48.8885612487793 147.16207885742188 377.646240234375 178.68893432617188
329.1749267578125 566.828369140625 256.01416015625 555.9051513671875
485.9577331542969 369.9973449707031 484.32965087890625 395.95794677734375
580.1930541992188 196.3116912841797 584.4894409179688 179.86660766601562
231.018310546875 415.0997314453125 19.79477882385254 453.8822937011719
268.0274658203125 111.10717010498047 262.5155029296875 163.949462890625
432.3248291015625 580.0134887695312 430.60693359375 494.0078430175781
511.25689697265625 250.228515625 520.6963500976562 198.30841064453125
733.5669555664062 235.14083862304688 715.9093627929688 306.22589111328125
774.0761108398438 9.761431694030762 764.7987060546875 45.6898078918457
124.48808288574219 266.9701232910156 123.25955200195312 288.01513671875
206.0000762939453 226.99537658691406 223.01255798339844 227.30123901367188
315.2907409667969 282.0429382324219 317.9775390625 263.8489990234375
321.92437744140625 140.99269104003906 320.0771179199219 160.10411071777344
389.03271484375 288.68792724609375 290.9692077636719 293.352783203125
504.1473388671875 166.8341522216797 501.1537170410156 182.2244110107422
535.1485595703125 224.23333740234375 530.4629516601562 247.29721069335938
636.7037353515625 336.9280700683594 641.1090698242188 318.78369140625
653.6195068359375 403.6662292480469 631.3516235351562 411.9456481933594
657.19970703125 190.254150390625 653.1756591796875 209.2490692138672
19.891281127929688 382.14776611328125 38.10514831542969 379.82427978515625
229.9583282470703 12.156593322753906 187.06822204589844 0.7436426281929016
237.49240112304688 128.96131896972656 235.8843536376953 150.0673828125
407.418212890625 180.92039489746094 392.770263671875 287.96856689453125
767.1041259765625 18.75383186340332 755.0201416015625 40.14137268066406
207.77085876464844 288.11920166015625 209.24960327148438 266.15142822265625
310.571533203125 112.069580078125 303.8857727050781 166.98609924316406
305.7748718261719 168.086669921875 312.03509521484375 112.11577606201172
576.9932861328125 83.15050506591797 545.0120239257812 81.7292251586914
629.7249755859375 314.93743896484375 625.8023071289062 332.1824951171875
761.9873657226562 9.367927551269531 774.0225830078125 9.126978874206543
26.95444679260254 54.24351501464844 169.81886291503906 80.96832275390625
235.46145629882812 285.1655578613281 237.64991760253906 265.8470458984375
432.5967102050781 493.9864501953125 434.52783203125 578.988037109375
479.50909423828125 82.0822525024414 442.0386657714844 314.0062561035156
568.8058471679688 258.7782897949219 571.777587890625 242.77304077148438
597.1380615234375 489.6888122558594 608.3082275390625 458.750244140625
42.11265182495117 378.9698486328125 96.95352172851562 372.5998229980469
152.28810119628906 406.01898193359375 156.10960388183594 348.0072326660156
17.782312393188477 293.99383544921875 24.555936813354492 54.9874153137207
102.87126922607422 303.0466613769531 106.35771942138672 237.96559143066406
329.81939697265625 161.9796142578125 332.0730895996094 142.0082550048828
586.0281372070312 267.8479919433594 598.1676025390625 270.0941162109375
729.2059326171875 456.6043395996094 800.4906616210938 196.40838623046875
18.225997924804688 383.00543212890625 13.796502113342285 567.0191650390625
159.60086059570312 234.9678497314453 145.50230407714844 409.95989990234375
378.9255065917969 178.75839233398438 405.95928955078125 181.4142608642578
548.9155883789062 258.3695983886719 512.2307739257812 249.9896697998047
711.830810546875 300.5587158203125 549.1719970703125 261.28753662109375
579.3633422851562 259.79644775390625 580.7446899414062 241.90309143066406
601.0628662109375 271.1218566894531 604.2703247070312 243.14564514160156
724.3359375 343.0875549316406 719.3167724609375 362.3432312011719
764.0758666992188 45.25225067138672 728.9683837890625 43.72831344604492
124.02134704589844 224.41978454589844 75.01409149169922 222.6169891357422
557.7396240234375 310.9485168457031 560.9354248046875 294.7894592285156
173.7709197998047 81.31548309326172 416.88641357421875 123.6522216796875
359.98046875 491.9962158203125 339.18963623046875 599.0368041992188
391.8591613769531 150.8714141845703 390.02813720703125 167.1158905029297
601.4094848632812 456.7398681640625 626.4566650390625 405.249267578125
46.28090286254883 138.00794982910156 48.23299026489258 69.006591796875
262.56964111328125 533.2387084960938 296.46124267578125 452.355224609375
545.9752197265625 259.22119140625 584.0575561523438 263.4862060546875
376.7182922363281 262.9644470214844 374.684326171875 279.0863342285156
13.979649543762207 453.9732666015625 17.674318313598633 312.96527099609375
164.13665771484375 153.68917846679688 114.94158172607422 148.560302734375
205.22593688964844 322.9801025390625 204.29510498046875 405.9808654785156
416.2492980957031 124.88423156738281 407.9294738769531 178.8349151611328
591.130859375 493.8658447265625 473.1355285644531 497.0390930175781
104.01449584960938 244.00074768066406 97.99208068847656 360.9480895996094
237.71658325195312 599.292236328125 254.47557067871094 558.1939086914062
254.6781005859375 558.0992431640625 320.8099060058594 568.23974609375
336.9189453125 599.177001953125 357.578125 491.9187316894531
382.44281005859375 279.23223876953125 385.0542297363281 263.00872802734375
520.81640625 197.95648193359375 727.680419921875 237.6649169921875
798.9982299804688 464.9912414550781 758.8441772460938 473.2417907714844
162.5624542236328 414.00445556640625 163.73825073242188 265.9582214355469
176.10498046875 11.924863815307617 170.56105041503906 77.96315002441406
250.86224365234375 560.9410400390625 234.3328094482422 599.5703125
169.1141815185547 78.35122680664062 136.08140563964844 72.53744506835938
217.28521728515625 465.18817138671875 146.87535095214844 571.9177856445312
778.224609375 431.7838439941406 799.53173828125 344.1292724609375
596.8352661132812 235.9036407470703 539.9044799804688 225.5238494873047
0.8836119771003723 17.561233520507812 24.12822723388672 22.381677627563477
167.37266540527344 257.8912658691406 186.53176879882812 249.88018798828125
298.9703369140625 214.29156494140625 325.1068115234375 216.94979858398438
646.953369140625 493.2991027832031 687.0693359375 499.5555114746094
208.93885803222656 157.71890258789062 169.05723571777344 154.3269805908203
298.24542236328125 454.102783203125 266.3925476074219 530.1643676757812
644.6765747070312 525.1863403320312 736.1887817382812 538.7239379882812
799.5186157226562 440.5337829589844 776.2467651367188 432.3023681640625
81.00776672363281 214.7560577392578 124.9949951171875 216.1570281982422
521.910400390625 409.7507019042969 494.068359375 406.4273681640625
619.0971069335938 409.2919616699219 542.023681640625 412.5583190917969
72.3827133178711 534.3530883789062 23.438505172729492 587.404541015625
143.01507568359375 573.3484497070312 241.5643768310547 424.37335205078125
222.200927734375 0.27218925952911377 431.021728515625 57.921321868896484
792.6990966796875 376.91766357421875 778.1640014648438 430.04486083984375
207.23146057128906 349.018310546875 213.86373901367188 265.1473693847656
329.9279479980469 226.09536743164062 348.11236572265625 227.29129028320312
211.7508087158203 176.9574432373047 203.25645446777344 226.7022705078125
676.9548950195312 291.5407409667969 711.96142578125 294.46246337890625
754.8433227539062 440.5071105957031 800.279296875 275.3519592285156
11.213664054870605 597.2752075195312 136.4454803466797 461.4106140136719
708.1561279296875 573.962646484375 743.1166381835938 579.2249755859375
732.4221801757812 317.8519592285156 721.2037353515625 323.4111022949219
800.34765625 235.34759521484375 746.3103637695312 444.85382080078125
522.044921875 248.72821044921875 547.0236206054688 252.85691833496094
109.56532287597656 493.5189208984375 74.13147735595703 532.1206665039062
131.8092498779297 206.34771728515625 57.181190490722656 195.78515625
223.269775390625 227.0072784423828 223.4398193359375 173.99819946289062
282.3965759277344 350.3645935058594 327.4339904785156 370.2799987792969
628.25048828125 493.2518615722656 664.5352783203125 505.4013366699219
324.0792541503906 220.20814514160156 298.8317565917969 217.68087768554688
497.89141845703125 136.9119110107422 799.1455688476562 172.7775421142578
712.0927124023438 537.358642578125 668.0023803710938 530.9833374023438
799.0957641601562 86.35772705078125 767.9683837890625 84.54225158691406
36.63840866088867 419.0060729980469 37.02435302734375 441.9996032714844
138.96876525878906 266.3064270019531 124.97676849365234 265.971923828125
185.25497436523438 238.02467346191406 160.3016357421875 257.08575439453125
292.892822265625 337.3172912597656 322.0293884277344 335.4612731933594
663.0311279296875 507.905517578125 627.8897094726562 496.3349914550781
699.9993286132812 283.0050964355469 679.8302001953125 280.23748779296875
727.935791015625 493.3269348144531 724.8777465820312 474.01934814453125
389.07952880859375 357.0024719238281 389.0340881347656 340.0025939941406
632.4065551757812 475.8892517089844 608.3961791992188 486.8665466308594
741.205810546875 458.2254333496094 729.2525634765625 455.0494079589844
586.0874633789062 240.3654022216797 554.8538208007812 236.06076049804688
699.5443725585938 335.3623962402344 692.5344848632812 362.3598327636719
255.9978790283203 353.0031433105469 241.0438995361328 342.934814453125
616.9761962890625 495.0850524902344 598.3165893554688 489.8677062988281
745.1956176757812 444.3843078613281 772.6480712890625 453.10748291015625
743.9640502929688 581.2664184570312 708.9274291992188 576.5379028320312
767.333984375 48.08781051635742 777.2611083984375 10.33158016204834
730.2490844726562 518.4683837890625 636.7011108398438 474.6379089355469
764.9783935546875 84.6598129272461 712.9686889648438 82.9570083618164
717.9199829101562 262.39404296875 596.642333984375 237.76089477539062
406.11126708984375 387.0303039550781 406.4991760253906 359.9928283691406
739.0076904296875 12.015889167785645 725.7247314453125 18.429962158203125
799.125 509.3907775878906 774.8715209960938 511.57080078125
376.904052734375 311.66204833984375 361.971923828125 315.9010925292969
407.9380187988281 349.1455383300781 437.06915283203125 350.7219543457031
540.00732421875 355.9787902832031 620.4059448242188 383.8280029296875
653.5274658203125 279.76031494140625 677.235107421875 286.1240234375
78.7417221069336 204.17706298828125 74.51467895507812 221.88414001464844
94.98491668701172 374.8509826660156 63.008907318115234 378.0879821777344
354.8021240234375 377.7315673828125 383.16162109375 385.4024658203125
392.1590576171875 340.9789733886719 391.7581481933594 357.0189514160156
386.045654296875 386.17071533203125 383.6747741699219 359.0284118652344
41.06482696533203 142.9718017578125 38.441871643066406 229.98316955566406
452.6528015136719 353.5365295410156 477.7281799316406 359.202880859375
604.7130737304688 487.27093505859375 619.7973022460938 493.49151611328125
760.7510986328125 41.748634338378906 770.2485961914062 19.533802032470703
621.9617309570312 271.9967041015625 623.0756225585938 259.0065002441406
603.8775024414062 267.595458984375 615.9822998046875 270.08599853515625
752.5880126953125 353.40875244140625 745.8767700195312 379.4830627441406
387.7212219238281 359.9549865722656 389.3494873046875 386.0406188964844
201.5691680908203 259.80401611328125 203.05636596679688 286.8870849609375
578.0183715820312 378.9168701171875 600.2577514648438 383.8341979980469
19.058330535888672 343.00115966796875 18.308712005615234 381.006103515625
753.8234252929688 18.382917404174805 739.9967041015625 12.007121086120605
798.6922607421875 218.88694763183594 793.1235961914062 234.04541015625
798.5634765625 542.6326904296875 728.65380859375 494.4006652832031
314.06146240234375 341.27520751953125 293.95166015625 339.5701904296875
659.8973999023438 582.3619384765625 719.8960571289062 599.36669921875
669.733154296875 570.5341796875 647.8726806640625 566.7318725585938
590.1061401367188 561.6197509765625 642.8997192382812 576.3591918945312
736.98681640625 49.88097381591797 765.0064697265625 49.551143646240234
403.36004638671875 600.0150146484375 439.1175537109375 587.3314208984375
529.5084228515625 544.0296630859375 572.2432861328125 555.0571899414062
787.1201171875 501.60400390625 799.498046875 505.357666015625
