189
577.2349853515625 528.0560913085938 593.7783203125 458.70855712890625
594.3059692382812 466.8459167480469 580.953857421875 526.98974609375
498.16900634765625 474.7108459472656 518.0197143554688 417.658935546875
519.2999267578125 415.7378234863281 486.1350402832031 504.3016357421875
207.38491821289062 238.97816467285156 206.38941955566406 267.0138244628906
378.03631591796875 231.77305603027344 77.03372955322266 222.86083984375
276.2842102050781 318.9661560058594 280.2530822753906 235.011962890625
512.6677856445312 139.95574951171875 516.1408081054688 113.88554382324219
382.55157470703125 265.05548095703125 383.8759765625 251.88694763183594
398.3965759277344 87.03547668457031 399.7515869140625 71.88832092285156
530.0010986328125 157.86593627929688 509.1598815917969 313.1556701660156
764.8307495117188 305.9589538574219 761.1170654296875 321.27093505859375
777.1798095703125 327.048583984375 781.2297973632812 312.0621032714844
257.7785339355469 117.99571228027344 258.3988952636719 85.96898651123047
285.579833984375 133.02777099609375 290.082275390625 39.00394058227539
259.15338134765625 221.76210021972656 394.9950256347656 231.0724639892578
517.8631591796875 101.979248046875 520.1539306640625 86.8717041015625
358.6712341308594 47.89747619628906 351.6440124511719 138.9725341796875
491.1083679199219 300.17425537109375 494.6282043457031 277.7843322753906
209.02439880371094 232.1054229736328 0.9610045552253723 226.42945861816406
211.33311462402344 127.00772094726562 213.32598876953125 41.03073501586914
259.8777160644531 72.00067138671875 259.866943359375 54.00008010864258
767.0538330078125 368.01373291015625 774.0025634765625 340.7458190917969
354.4831237792969 139.0349884033203 360.93017578125 49.99494552612305
749.514404296875 277.169189453125 799.8001098632812 288.42572021484375
99.98213958740234 304.0001220703125 99.80862426757812 276.0011901855469
418.1243591308594 144.09927368164062 425.2908630371094 62.93738555908203
473.1507263183594 155.7918243408203 464.243896484375 234.91488647460938
529.06298828125 155.22787475585938 478.98828125 151.143798828125
695.4080810546875 262.2967834472656 712.7217407226562 180.15211486816406
138.33291625976562 474.06146240234375 130.9206085205078 273.039794921875
233.0017547607422 277.00006103515625 232.26644897460938 303.0075378417969
287.64398193359375 37.93058776855469 282.7269592285156 133.98602294921875
394.392822265625 128.13958740234375 397.12164306640625 100.91197204589844
464.0465393066406 234.15625 391.017333984375 232.312744140625
694.6618041992188 103.93450927734375 692.0908813476562 117.21124267578125
704.9205322265625 118.98471069335938 707.810791015625 103.96359252929688
758.0774536132812 334.77740478515625 751.8190307617188 360.7150573730469
477.42059326171875 149.0461883544922 483.89373779296875 90.09814453125
501.762451171875 111.96953582763672 498.4334716796875 137.92733764648438
588.9354858398438 469.66778564453125 572.3543701171875 522.7985229492188
39.53738784790039 111.05171966552734 35.96297073364258 9.965949058532715
257.1304626464844 478.2156677246094 0.9681949019432068 505.70361328125
663.634033203125 322.9279479980469 668.3323974609375 299.0654602050781
126.65900421142578 598.5603637695312 176.2806396484375 560.0725708007812
696.7469482421875 158.15577697753906 702.2347412109375 131.84042358398438
79.97872161865234 204.53065490722656 13.046250343322754 201.8466339111328
249.9669952392578 304.05194091796875 251.42430114746094 276.9153747558594
395.89703369140625 223.3582305908203 259.9957275390625 213.05653381347656
400.87908935546875 311.09210205078125 408.3355712890625 239.9303741455078
505.2674255371094 85.91624450683594 503.7487487792969 99.1999282836914
543.3499755859375 71.8995132446289 530.514404296875 154.9249267578125
742.7428588867188 222.1702880859375 734.0175170898438 260.2332458496094
0.9146282076835632 117.08749389648438 472.98846435546875 154.1468963623047
365.6759948730469 276.9710998535156 363.5289611816406 301.04718017578125
568.0335083007812 158.6236114501953 531.0597534179688 155.32940673828125
656.76513671875 295.95404052734375 652.4342041015625 318.0849609375
791.8780517578125 281.7414855957031 798.7442016601562 251.94107055664062
78.39613342285156 275.9419860839844 79.56261444091797 304.0181579589844
269.0071105957031 317.27099609375 208.99598693847656 318.8472595214844
382.834228515625 69.98698425292969 381.5798645019531 85.9670181274414
658.7219848632812 0.7724155783653259 595.4207153320312 356.25299072265625
689.6321411132812 130.12770080566406 684.3896484375 156.07870483398438
207.06919860839844 319.13067626953125 211.83946228027344 280.10260009765625
501.8277587890625 486.2591247558594 525.3056030273438 417.4220886230469
527.7706909179688 417.9270324707031 498.6173400878906 509.56011962890625
0.9279959201812744 416.85272216796875 116.97299194335938 409.5697021484375
73.24903106689453 66.96917724609375 74.04003143310547 99.02368927001953
210.97267150878906 57.99917221069336 208.87823486328125 126.99630737304688
251.63633728027344 263.9729309082031 252.68331909179688 249.9020233154297
348.0647888183594 138.18014526367188 286.1354064941406 133.28651428222656
358.03436279296875 207.52276611328125 395.13006591796875 210.19351196289062
495.1138916015625 508.7293395996094 501.2986145019531 488.4803466796875
258.9250183105469 85.59557342529297 240.83409118652344 83.31758117675781
275.7716979980469 292.9880676269531 272.48052978515625 356.02508544921875
379.1029357910156 302.0094299316406 381.4052734375 276.8540344238281
480.6161804199219 276.9513854980469 477.7023010253906 299.9623107910156
478.93255615234375 153.88526916503906 530.935546875 157.84622192382812
155.98837280273438 221.56520080566406 174.0218963623047 221.9363250732422
341.1080017089844 312.0816650390625 346.5703125 237.9683380126953
444.51702880859375 224.95555114746094 447.8275451660156 188.984130859375
96.76588439941406 103.00379180908203 96.2152328491211 68.99651336669922
217.90484619140625 155.14068603515625 232.05662536621094 156.32118225097656
380.31231689453125 99.02557373046875 378.02838134765625 126.92044830322266
504.00079345703125 315.0460205078125 398.980224609375 316.8453063964844
115.0147705078125 322.8086853027344 48.018863677978516 324.0326232910156
533.5654907226562 507.60833740234375 523.164306640625 519.1481323242188
264.0673828125 594.8316040039062 180.7950439453125 561.5122680664062
266.3476257324219 592.3532104492188 303.1866149902344 555.1936645507812
43.8424186706543 599.3251342773438 0.7798250317573547 578.4542846679688
250.99359130859375 276.3750915527344 233.98147583007812 276.0845947265625
24.071746826171875 0.4722477197647095 544.82763671875 71.26768493652344
304.3619079589844 557.3609619140625 267.4090576171875 594.4080200195312
503.021728515625 507.4078674316406 528.7020263671875 421.6114807128906
19.95081901550293 222.42787170410156 0.8582376837730408 220.23333740234375
47.35291290283203 317.02850341796875 43.64926528930664 232.9713897705078
99.99180603027344 275.5964050292969 78.99235534667969 275.48858642578125
95.93748474121094 53.01523208618164 95.67906951904297 34.990264892578125
176.7708282470703 559.5642700195312 100.72398376464844 528.6796264648438
465.1628723144531 354.0002136230469 487.07049560546875 350.4330139160156
78.03324890136719 219.09539794921875 9.97815990447998 216.59425354003906
278.988037109375 133.11599731445312 250.97645568847656 130.22837829589844
583.1836547851562 526.0391235351562 594.7562255859375 471.7349548339844
752.472900390625 279.4247131347656 695.5037231445312 262.32208251953125
13.701348304748535 581.125244140625 92.14515686035156 532.23291015625
57.11458969116211 556.1807250976562 17.989925384521484 580.984130859375
45.023651123046875 323.9274597167969 0.9503075480461121 325.0513916015625
95.95809936523438 68.3465347290039 73.91758728027344 65.68158721923828
220.8175811767578 527.7655639648438 183.09213256835938 557.118408203125
240.56173706054688 52.99453353881836 240.3494415283203 70.01683044433594
495.9418640136719 368.62786865234375 473.03216552734375 372.2059326171875
799.4385986328125 294.33172607421875 764.9317626953125 285.25946044921875
175.45867919921875 563.5872802734375 130.04437255859375 599.0568237304688
208.99514770507812 223.3247528076172 237.01878356933594 223.74403381347656
396.74212646484375 100.85199737548828 380.77325439453125 98.62834930419922
569.9767456054688 238.052001953125 596.0082397460938 238.62705993652344
798.6312255859375 583.4407348632812 584.53271484375 551.0928344726562
5.986912250518799 219.32936096191406 78.03209686279297 222.1921844482422
712.7655029296875 179.56092834472656 799.2182006835938 192.5474395751953
16.133201599121094 583.7213745117188 49.644996643066406 599.7425537109375
181.0231475830078 558.9422607421875 264.79638671875 592.5081176757812
532.9050903320312 158.1036834716797 570.9676513671875 161.37646484375
72.50289154052734 32.00223159790039 72.583740234375 50.001869201660156
402.9251403808594 223.18572998046875 444.0767822265625 225.7834014892578
799.5900268554688 247.26654052734375 767.8035278320312 242.2429962158203
273.0717468261719 373.3316650390625 337.99102783203125 369.8335876464844
774.4093627929688 340.4558410644531 758.9288940429688 334.17523193359375
49.69767379760742 324.9714660644531 52.890628814697266 403.0044860839844
394.0318603515625 214.6027374267578 357.863525390625 211.70156860351562
511.00433349609375 313.1474609375 545.00439453125 312.1499328613281
38.16370391845703 35.99283218383789 40.748138427734375 95.01103210449219
99.49423217773438 262.0048828125 99.64244842529297 246.98660278320312
681.0061645507812 84.57408905029297 799.0043334960938 84.11351776123047
12.011576652526855 204.71307373046875 78.9832534790039 207.4150390625
100.28874969482422 526.295166015625 178.81045532226562 558.4627075195312
204.84307861328125 378.00018310546875 204.78353881835938 324.000244140625
73.09605407714844 50.27907180786133 95.10504913330078 53.21156692504883
135.6990966796875 277.6499938964844 152.88931274414062 262.8712463378906
706.35302734375 260.52685546875 759.27392578125 268.0810241699219
799.28125 300.091552734375 713.1751708984375 273.43414306640625
175.58212280273438 253.74305725097656 142.87278747558594 264.6173400878906
702.0293579101562 130.6641845703125 690.9392700195312 129.69525146484375
180.92047119140625 253.7705078125 208.93838500976562 274.74658203125
571.8377075195312 524.427978515625 542.1730346679688 513.18115234375
620.4794921875 525.4766845703125 610.9524536132812 534.9522094726562
242.58773803710938 510.13818359375 275.923095703125 522.2123413085938
471.95068359375 374.6056213378906 499.8889465332031 371.1118469238281
610.290283203125 534.6260375976562 597.3347778320312 524.5687255859375
154.07058715820312 264.7474365234375 172.73104858398438 269.9623718261719
205.65562438964844 275.0254821777344 175.51531982421875 254.7476806640625
207.93626403808594 269.9991149902344 208.33511352539062 240.99085998535156
445.9175109863281 499.154296875 464.48968505859375 509.0841369628906
215.69227600097656 146.68820190429688 205.54347229003906 221.80320739746094
483.2698974609375 484.001220703125 483.1581726074219 417.00140380859375
380.9866027832031 276.48980712890625 365.9704895019531 276.07891845703125
238.76663208007812 222.9410858154297 233.7007293701172 157.0229949951172
555.7197265625 534.6527709960938 582.5048828125 546.153076171875
583.2279052734375 549.0549926757812 626.8606567382812 559.5776977539062
81.17222595214844 221.2644805908203 83.27022552490234 204.03289794921875
172.65464782714844 269.272216796875 184.3856964111328 263.7054748535156
529.737060546875 509.02154541015625 509.07623291015625 503.70379638671875
420.9718322753906 98.1031494140625 416.09930419921875 144.0105438232422
484.8165588378906 347.6750183105469 460.9962463378906 350.972900390625
47.9997673034668 415.9962158203125 0.9919599294662476 418.868408203125
626.5135498046875 450.7113952636719 633.8617553710938 438.3247375488281
470.6530456542969 501.57183837890625 463.8828430175781 485.62518310546875
595.4577026367188 357.1849670410156 799.2196655273438 471.60882568359375
326.9212341308594 383.8575439453125 346.9638671875 382.4759521484375
528.5120849609375 178.9264678955078 531.5259399414062 158.92855834960938
648.0213623046875 458.2458190917969 652.8997192382812 437.9758605957031
231.01219177246094 220.67140197753906 213.0369110107422 220.00469970703125
84.08279418945312 191.26202392578125 6.924429416656494 187.5863494873047
193.43637084960938 313.463623046875 159.10305786132812 323.69976806640625
492.3069152832031 412.0470275878906 495.841064453125 388.97564697265625
560.0015258789062 239.3114013671875 525.9974365234375 239.47608947753906
657.8552856445312 437.95733642578125 651.6773071289062 458.9048156738281
538.9976806640625 313.9200439453125 510.0225830078125 314.7701721191406
505.00994873046875 443.0015869140625 508.2252197265625 422.876220703125
488.2439880371094 418.98919677734375 487.35919189453125 480.9908447265625
238.98016357421875 403.6298522949219 218.98399353027344 404.701416015625
456.861328125 365.2406005859375 472.0145568847656 373.9747314453125
481.7160949707031 511.957763671875 520.1549072265625 528.6431274414062
590.002685546875 240.33297729492188 569.9959716796875 240.4931640625
639.5089111328125 442.4295654296875 630.265625 453.380126953125
530.49658203125 405.14111328125 627.2686767578125 430.9942932128906
130.82876586914062 423.98382568359375 131.3555908203125 450.9930725097656
779.7859497070312 479.4631042480469 799.6303100585938 488.6364440917969
606.7955932617188 512.9887084960938 606.0216064453125 527.001220703125
497.16058349609375 388.8943176269531 504.3269958496094 399.7848205566406
