233
65.0773696899414 508.07025146484375 26.46053695678711 0.964929461479187
28.652883529663086 0.9504112601280212 67.08860778808594 506.9932556152344
43.819000244140625 566.8925170898438 79.1078109741211 507.47015380859375
201.9284210205078 454.0203552246094 203.37225341796875 530.0119018554688
654.6935424804688 156.95132446289062 658.999267578125 129.841064453125
129.20457458496094 487.08599853515625 105.92230987548828 0.9558276534080505
363.9493713378906 170.92648315429688 322.9462585449219 172.86073303222656
398.3814697265625 3.9647738933563232 382.6023254394531 281.0343017578125
645.8270263671875 100.97870635986328 644.08447265625 115.13350677490234
772.061767578125 316.0122375488281 775.0393676757812 301.0078125
136.31398010253906 285.04248046875 159.23353576660156 281.5191955566406
135.38241577148438 308.9909362792969 217.35723876953125 340.057373046875
311.76068115234375 408.41131591796875 356.1485290527344 390.3653259277344
665.6594848632812 260.2802429199219 679.5109252929688 178.25515747070312
200.25146484375 338.99688720703125 201.63876342773438 451.016845703125
317.83404541015625 296.3240966796875 359.9932556152344 285.9725646972656
156.6057586669922 130.67843627929688 160.1442413330078 159.3524169921875
169.96694946289062 17.885208129882812 239.93508911132812 15.81064224243164
634.3391723632812 287.0562744140625 636.4916381835938 274.0815734863281
763.745849609375 353.94683837890625 769.0066528320312 328.792236328125
138.09194946289062 595.0343627929688 166.91546630859375 517.9683837890625
19.403982162475586 442.36553955078125 53.38806915283203 432.311767578125
111.02708435058594 39.31523513793945 250.00741577148438 44.81257629394531
117.8330307006836 144.09619140625 147.0686492919922 148.54933166503906
366.2330627441406 568.898681640625 353.72686767578125 577.6077880859375
472.56097412109375 464.3183898925781 369.26251220703125 530.8550415039062
629.075927734375 321.8603210449219 632.5639038085938 298.7829284667969
749.7163696289062 323.9441833496094 744.7574462890625 349.1490173339844
661.2238159179688 117.02860260009766 663.1581420898438 101.89241790771484
154.9951629638672 122.07255554199219 127.91549682617188 120.26815795898438
153.0321807861328 108.15113067626953 127.99234771728516 107.20172882080078
311.0553894042969 510.0989074707031 350.1219177246094 488.2176818847656
348.49554443359375 575.7108154296875 313.68304443359375 599.9797973632812
463.8831787109375 428.7912292480469 372.8490905761719 479.7303161621094
488.3977355957031 253.17355346679688 491.3164978027344 229.6667938232422
513.418212890625 363.0461120605469 553.3697509765625 0.8201900124549866
641.9881591796875 128.84727478027344 638.1650390625 154.17584228515625
759.3702392578125 524.67529296875 796.8477783203125 336.5711975097656
794.1431274414062 107.82577514648438 790.8204956054688 124.16683197021484
127.12491607666016 113.83792114257812 155.01760864257812 116.83621215820312
133.00103759765625 216.39273071289062 157.00177001953125 216.3748016357422
368.80224609375 531.0486450195312 366.5019226074219 568.9697875976562
494.77386474609375 229.97769165039062 471.77783203125 463.07672119140625
688.1766967773438 218.20919799804688 682.1334838867188 252.20150756835938
209.05960083007812 106.24777221679688 251.94879150390625 109.64627838134766
572.1670532226562 81.77526092529297 534.8828125 385.8630065917969
715.7562255859375 360.1466369628906 702.2034912109375 430.0394592285156
62.991424560546875 428.97174072265625 83.25007629394531 422.8240661621094
380.4615173339844 320.23004150390625 452.76654052734375 298.2326354980469
555.1103515625 599.417724609375 510.8165588378906 505.08612060546875
563.0394287109375 0.774207592010498 508.9742736816406 470.22735595703125
250.2104034423828 382.5214538574219 204.29324340820312 362.3330383300781
475.30194091796875 297.99310302734375 380.62811279296875 326.7768249511719
517.552734375 0.8566858172416687 495.6477355957031 222.06414794921875
625.9637451171875 81.38105010986328 799.0282592773438 85.92223358154297
787.9398193359375 138.7717742919922 782.0305786132812 166.22186279296875
125.92787170410156 99.84333038330078 153.97926330566406 102.24242401123047
204.6926727294922 481.9905090332031 202.74880981445312 339.98974609375
499.5491638183594 276.9544372558594 515.6145629882812 117.96105194091797
168.15664672851562 348.6414489746094 124.71114349365234 329.66119384765625
125.19001770019531 327.5741271972656 183.23526000976562 353.4727478027344
250.9918975830078 15.915700912475586 121.99163055419922 16.8789119720459
254.9947967529297 39.609291076660156 317.9969482421875 38.7701416015625
355.22943115234375 393.5713806152344 311.975341796875 410.9385681152344
761.0830078125 273.5523681640625 706.1181640625 263.36273193359375
84.9996337890625 504.0831604003906 116.00343322753906 504.21966552734375
125.92447662353516 86.04548645019531 152.92803955078125 87.99613952636719
250.09695434570312 90.56109619140625 125.9195785522461 82.19345092773438
458.33099365234375 337.8858337402344 384.2166748046875 365.5798645019531
784.6339721679688 4.926994323730469 773.8551025390625 58.97109603881836
133.87921142578125 240.44033813476562 242.13925170898438 270.1378173828125
166.94602966308594 318.1427917480469 144.17514038085938 309.53662109375
261.01568603515625 34.26858139038086 123.97149658203125 31.328584671020508
204.80848693847656 365.4322204589844 250.66690063476562 385.75177001953125
250.74668884277344 383.99072265625 250.09552001953125 472.0007019042969
582.0819702148438 0.8839682340621948 572.4542846679688 77.05741882324219
144.93182373046875 149.4893798828125 117.89922332763672 145.72337341308594
251.33038330078125 296.0369567871094 134.06610107421875 255.8073272705078
246.97897338867188 138.2083740234375 127.88006591796875 126.18836212158203
251.03152465820312 328.99139404296875 250.56130981445312 381.99609375
383.66973876953125 362.0987854003906 458.5128479003906 334.6706848144531
121.84485626220703 24.7922420501709 250.020751953125 28.225425720214844
648.7879028320312 348.965087890625 638.90576171875 408.9844665527344
658.9725952148438 129.34786987304688 642.9146728515625 128.0823516845703
799.1177368164062 290.4497985839844 661.8403930664062 261.07281494140625
679.8177490234375 177.69927978515625 799.1611328125 190.497314453125
152.0428924560547 96.30060577392578 248.04977416992188 102.18836975097656
468.9333190917969 286.7665710449219 388.6310119628906 309.70843505859375
799.365234375 283.8315124511719 759.1585083007812 277.05914306640625
114.00127410888672 506.3965759277344 85.00157165527344 506.4896240234375
153.99876403808594 82.04081726074219 213.00538635253906 83.82158660888672
210.88302612304688 137.49856567382812 248.88565063476562 140.4648895263672
472.18585205078125 321.5213928222656 379.5491638183594 354.54071044921875
616.8734130859375 294.9831237792969 613.8231811523438 317.8429870605469
637.3167724609375 1.0472007989883423 630.0216064453125 50.00321960449219
128.56109619140625 174.54010009765625 150.92996215820312 178.40528869628906
132.5260772705078 257.3500671386719 158.79885864257812 266.5729675292969
242.6565704345703 336.1507263183594 140.34120178222656 303.03546142578125
248.96311950683594 107.38259887695312 125.94930267333984 95.52595520019531
245.24734497070312 306.2191162109375 210.60528564453125 295.24615478515625
372.4402160644531 472.986328125 459.8446960449219 424.71875
443.4888000488281 556.1348266601562 430.4933776855469 506.8698425292969
484.46319580078125 229.95782470703125 482.49859619140625 254.96060180664062
766.0426025390625 260.7457275390625 711.2406005859375 251.5638427734375
249.02011108398438 248.53709411621094 133.52154541015625 221.7511444091797
251.7753143310547 193.5867156982422 129.3970947265625 176.25770568847656
151.92259216308594 148.00221252441406 151.9584503173828 132.99989318847656
238.94290161132812 201.29232788085938 192.16510009765625 192.15476989746094
487.23907470703125 213.37461853027344 482.7488098144531 228.2263946533203
129.88320922851562 170.92762756347656 251.96261596679688 186.29690551757812
622.0021362304688 554.0941162109375 543.020263671875 555.8905029296875
158.07090759277344 277.4653625488281 134.84817504882812 281.00347900390625
352.83209228515625 578.0927124023438 382.0373840332031 0.9512882828712463
653.6383056640625 599.2420654296875 624.0221557617188 554.9851684570312
704.8101196289062 266.0180969238281 763.023193359375 276.8755798339844
128.7579803466797 161.57907104492188 154.08267211914062 165.4605712890625
127.81450653076172 127.40473937988281 153.8880615234375 130.84774780273438
159.3773956298828 428.3482360839844 202.42137145996094 453.27227783203125
252.01168823242188 137.00747680664062 252.20831298828125 163.0059814453125
445.6064758300781 557.8345947265625 456.8436279296875 599.0426635742188
249.99404907226562 178.04742431640625 128.52272033691406 162.8030548095703
149.14578247070312 13.82209300994873 188.0567169189453 10.708922386169434
210.94627380371094 205.9877471923828 247.891357421875 207.99728393554688
148.29421997070312 289.1280517578125 226.7924041748047 315.6152038574219
123.85530090332031 50.4771842956543 152.87075805664062 53.319427490234375
129.65719604492188 187.52508544921875 156.85638427734375 193.63890075683594
156.0000762939453 212.0019989013672 132.9574737548828 212.86643981933594
157.71376037597656 371.9801330566406 159.2744598388672 428.02020263671875
251.93731689453125 570.8206176757812 247.33921813964844 598.0572509765625
632.5645751953125 298.71307373046875 617.7586059570312 294.9497375488281
206.6979217529297 329.3143005371094 241.17498779296875 337.2386474609375
252.4945526123047 59.96684646606445 251.89926147460938 86.9977798461914
303.7138366699219 599.049560546875 321.0048828125 0.9712297320365906
325.0212097167969 175.48594665527344 364.0342102050781 173.7840118408203
501.7333068847656 480.65435791015625 557.6033935546875 599.1869506835938
621.529296875 551.31494140625 590.3734130859375 504.7501525878906
246.40997314453125 208.25523376464844 129.62179565429688 187.08660888671875
140.98641967773438 110.18768310546875 249.07177734375 118.00798034667969
455.0341796875 598.9907836914062 443.9576721191406 558.011474609375
549.002197265625 504.2145080566406 518.00537109375 504.528564453125
715.5814208984375 352.2952575683594 728.89697265625 280.98077392578125
769.7584838867188 328.04156494140625 750.6277465820312 323.6054382324219
250.95700073242188 50.96323013305664 111.8770523071289 44.7539176940918
777.1384887695312 375.4463195800781 715.7281494140625 360.0870361328125
243.6291961669922 262.2524108886719 133.35472106933594 233.4724578857422
168.8871612548828 517.9575805664062 158.75631713867188 544.9083862304688
248.61253356933594 126.30596923828125 127.07230377197266 110.44589233398438
239.87294006347656 186.72853088378906 191.13450622558594 178.2287139892578
574.0048217773438 553.2131958007812 622.9795532226562 552.1007690429688
253.29771423339844 388.0010681152344 253.50453186035156 331.0018310546875
130.95755004882812 123.49795532226562 250.02987670898438 133.6496124267578
431.5011291503906 505.8619689941406 445.031982421875 554.9912109375
516.7750244140625 107.97721862792969 527.6115112304688 0.9606632590293884
39.992408752441406 345.9630432128906 11.943690299987793 351.7259216308594
132.8109130859375 157.73052978515625 250.05014038085938 170.54112243652344
249.64988708496094 569.0427856445312 128.7190704345703 486.94085693359375
251.31507873535156 480.4412536621094 301.23126220703125 508.58990478515625
324.14306640625 39.092987060546875 367.0225830078125 45.8569221496582
371.6295471191406 533.4269409179688 473.40850830078125 467.6319274902344
626.0830688476562 554.9440307617188 655.828857421875 599.115234375
710.9931640625 359.0265808105469 649.6629638671875 343.3157043457031
749.0453491210938 599.81494140625 683.2718505859375 522.7678833007812
246.99913024902344 275.0035095214844 134.49549865722656 247.00872802734375
163.5422821044922 80.02027893066406 162.2538604736328 50.94443893432617
242.2498321533203 311.2310791015625 193.54327392578125 295.4056701660156
459.98944091796875 502.9796447753906 484.997314453125 503.24951171875
348.9520568847656 490.9122009277344 314.0021057128906 510.00384521484375
491.0029602050781 504.4425964355469 440.9990539550781 504.17657470703125
710.4392700195312 551.6173706054688 751.4049682617188 598.647216796875
699.9501342773438 438.15802001953125 753.9385375976562 455.1947326660156
156.0878448486328 155.30967712402344 130.94786071777344 154.003173828125
245.9997100830078 100.00390625 211.0445098876953 97.4019546508789
183.5783233642578 287.40863037109375 244.4446258544922 309.5282287597656
368.1185607910156 116.95919036865234 363.0701904296875 226.0032501220703
710.9366455078125 254.36940002441406 766.6698608398438 263.9253845214844
1.6606329679489136 246.9903564453125 1.4124714136123657 229.9939727783203
210.93223571777344 304.2134704589844 241.0694580078125 313.78118896484375
252.1027069091797 201.0009002685547 251.9544677734375 217.99960327148438
582.1033935546875 399.6764831542969 697.1717529296875 436.4627685546875
211.84339904785156 121.50703430175781 246.88070678710938 125.14797973632812
799.4185180664062 556.9219360351562 532.83056640625 453.43646240234375
214.8052520751953 284.8731994628906 241.82510375976562 287.6822814941406
358.2378234863281 289.0072021484375 317.1663818359375 298.7047119140625
575.7709350585938 480.1531677246094 623.5653076171875 551.6219482421875
125.00276947021484 559.7380981445312 148.0001983642578 559.9810791015625
164.33953857421875 268.9009094238281 166.13233947753906 293.1381530761719
193.75396728515625 202.99224853515625 193.2806396484375 218.00885009765625
240.8778533935547 237.48277282714844 179.74322509765625 222.01486206054688
395.8051452636719 192.04531860351562 398.50762939453125 144.028564453125
208.00198364257812 91.96023559570312 250.9443817138672 94.11067199707031
162.2887420654297 195.9187774658203 163.87391662597656 221.0709686279297
763.5433349609375 276.2591857910156 775.4820556640625 251.2299346923828
249.092529296875 114.88499450683594 209.0364227294922 111.56103515625
351.6319885253906 599.01806640625 350.744140625 580.96337890625
252.1981201171875 227.1204376220703 209.34518432617188 217.4675750732422
234.95631408691406 280.2062683105469 210.01612854003906 274.9238586425781
648.9978637695312 554.2445068359375 627.9994506835938 554.0588989257812
774.0467529296875 249.70692443847656 709.1036987304688 239.34988403320312
156.54559326171875 193.9937744140625 156.73985290527344 211.01438903808594
190.46865844726562 157.01756286621094 189.8393096923828 137.97225952148438
254.4068603515625 162.0006561279297 254.44540405273438 138.00071716308594
478.8739318847656 420.0858459472656 496.655517578125 239.06439208984375
192.3486785888672 135.99908447265625 192.36351013183594 158.0010986328125
210.6632537841797 291.0963134765625 252.05809020996094 303.8108825683594
166.18148803710938 160.0360870361328 164.98545837402344 132.91244506835938
500.1109619140625 205.10989379882812 515.0474243164062 54.10360336303711
73.00374603271484 560.5327758789062 90.00265502929688 560.669189453125
149.2937469482422 78.99164581298828 149.5066680908203 60.994163513183594
293.6390686035156 599.5223999023438 253.46812438964844 571.7698974609375
170.0633087158203 294.1037292480469 168.767333984375 269.90533447265625
659.9375610351562 264.15478515625 675.1729736328125 171.8634796142578
5.7961907386779785 300.9349365234375 1.7099255323410034 250.9419708251953
200.20077514648438 203.93186950683594 200.73036193847656 221.039306640625
771.7867431640625 447.9461975097656 759.1517333984375 498.03826904296875
207.1133575439453 83.02892303466797 206.2954864501953 57.95773696899414
249.25836181640625 162.23806762695312 210.074462890625 156.49221801757812
206.8939666748047 57.13651657104492 248.98880004882812 59.22560119628906
223.15550231933594 257.3251037597656 242.2916259765625 261.734375
783.3384399414062 396.07733154296875 773.1192016601562 440.7987365722656
167.68069458007812 222.07888793945312 166.8256378173828 196.9379119873047
753.26953125 311.8315734863281 771.2361450195312 315.976318359375
207.3116912841797 158.00668334960938 207.7415008544922 137.95159912109375
197.80967712402344 136.92604064941406 198.79730224609375 161.09002685546875
515.69775390625 49.06513595581055 518.9627685546875 14.089879035949707
422.0008239746094 557.072998046875 374.99554443359375 557.6055908203125
49.13371658325195 543.45654296875 29.476865768432617 549.2139282226562
188.8935546875 81.00093078613281 188.76193237304688 66.00209045410156
246.9598846435547 216.26075744628906 211.86734008789062 210.86241149902344
775.9891967773438 269.6855773925781 794.0162353515625 269.9703063964844
542.00048828125 553.587890625 569.0004272460938 553.6183471679688
318.00909423828125 40.65380859375 262.0060119628906 41.432918548583984
374.9935607910156 555.7315673828125 414.0027160644531 555.53369140625
254.24017333984375 86.00292205810547 254.50802612304688 64.00618743896484
