286
408.22503662109375 259.012451171875 405.3448181152344 311.01910400390625
513.9909057617188 257.7463073730469 409.01800537109375 261.5030517578125
411.9923400878906 199.99952697753906 408.7949523925781 251.04978942871094
516.9828491210938 306.7611999511719 405.8376159667969 314.7369689941406
531.0006713867188 191.11781311035156 412.9870910644531 191.8145751953125
703.7509155273438 306.9471435546875 699.0244750976562 329.2174072265625
405.309326171875 319.085693359375 401.9725341796875 370.06365966796875
609.9695434570312 253.2244110107422 576.981201171875 254.52098083496094
732.0201416015625 340.0044250488281 741.095458984375 298.80078125
330.9319763183594 268.0603332519531 0.9170726537704468 279.6357421875
511.1492919921875 313.04345703125 406.1253662109375 320.7159423828125
404.85736083984375 310.9584045410156 512.8890380859375 303.4113464355469
696.974365234375 340.1928405761719 687.2648315429688 389.2503356933594
16.803531646728516 276.0210266113281 71.8280029296875 272.39208984375
255.7793731689453 71.00374603271484 256.93426513671875 139.00111389160156
556.9118041992188 402.2763977050781 590.0292358398438 398.2401428222656
333.8809814453125 77.99844360351562 332.69195556640625 169.009033203125
370.2556457519531 334.01611328125 371.83428955078125 308.9895324707031
523.0171508789062 250.37681579589844 408.9803466796875 255.56797790527344
736.637451171875 105.92977905273438 729.8145751953125 141.1577606201172
127.48629760742188 267.9241638183594 120.11830139160156 220.66970825195312
401.8550720214844 369.1593017578125 510.7311706542969 360.5860290527344
794.84765625 335.40167236328125 732.7446899414062 341.322021484375
513.0175170898438 366.1722412109375 405.9042053222656 377.0574035644531
732.28564453125 107.85440063476562 725.4685668945312 141.29933166503906
791.03125 359.2939758300781 797.771484375 335.6497802734375
156.91912841796875 238.90139770507812 158.75625610351562 256.0261535644531
488.7736511230469 598.3592529296875 556.9109497070312 467.9534606933594
622.007568359375 172.41055297851562 587.0009765625 173.05397033691406
395.0717468261719 301.957275390625 408.9273376464844 0.9506247043609619
406.2393493652344 262.01116943359375 410.3529357910156 173.92308044433594
583.7791137695312 169.9720458984375 554.3990478515625 402.0505065917969
729.5201416015625 373.11627197265625 732.0523681640625 361.7881774902344
295.505859375 564.4677734375 351.1893615722656 504.2503967285156
408.9164733886719 252.09463500976562 505.94915771484375 247.84042358398438
511.5382080078125 363.8385925292969 521.7908935546875 270.9768981933594
406.0183410644531 171.3063507080078 542.009765625 170.22509765625
408.93060302734375 553.9484252929688 462.2442321777344 482.1814270019531
393.036376953125 336.03924560546875 393.90594482421875 313.0721740722656
507.1045837402344 359.8994445800781 512.3788452148438 312.93023681640625
590.1854248046875 400.5128479003906 559.04052734375 404.33062744140625
708.7705688476562 209.16636657714844 731.015869140625 106.1397476196289
378.6777648925781 112.98303985595703 379.52325439453125 96.92225646972656
533.4353637695312 171.64846801757812 514.2763671875 365.92864990234375
799.7960815429688 386.44537353515625 691.1085815429688 330.78790283203125
738.7889404296875 0.7740633487701416 719.8741455078125 102.16307067871094
76.09618377685547 328.27252197265625 55.06517028808594 329.8621826171875
99.19732666015625 221.00650024414062 99.5939712524414 270.01947021484375
258.006591796875 152.0001983642578 257.5135498046875 168.9858856201172
323.98516845703125 351.8411865234375 261.9656982421875 357.6327209472656
699.143798828125 276.18963623046875 680.1857299804688 390.5282287597656
799.3013305664062 151.92723083496094 726.1038208007812 141.28594970703125
783.958251953125 341.9839782714844 776.3139038085938 361.8886413574219
788.1519775390625 449.0502624511719 799.6775512695312 438.7587890625
21.31934928894043 236.150146484375 16.524215698242188 278.2872619628906
513.5443725585938 303.9764099121094 515.8248291015625 259.93914794921875
690.8919677734375 330.1737976074219 701.280517578125 276.85980224609375
680.1292724609375 388.3277282714844 788.174560546875 450.9742736816406
703.1041870117188 278.0203857421875 693.1185302734375 329.023193359375
695.7035522460938 329.74029541015625 705.8347778320312 279.167236328125
698.9031372070312 271.3714904785156 710.0252685546875 214.39535522460938
715.4220581054688 214.8865203857422 704.6160278320312 269.92462158203125
714.71923828125 208.13641357421875 726.1549682617188 147.83973693847656
732.58447265625 141.10997009277344 739.0025634765625 107.00048065185547
0.9992979764938354 170.5314483642578 332.0013732910156 170.96868896484375
388.4654541015625 454.0411071777344 400.85577392578125 313.72235107421875
587.0013427734375 175.69955444335938 622.003173828125 175.6311798095703
612.8330078125 554.9479370117188 629.968994140625 499.9903259277344
724.9129638671875 143.35748291015625 712.590576171875 209.2972412109375
799.6190795898438 395.8472595214844 698.2454833984375 341.4049987792969
228.74713134765625 156.0106964111328 227.39459228515625 124.02560424804688
273.7663879394531 451.09490966796875 295.148681640625 445.5760192871094
597.9376831054688 328.1685791015625 579.9636840820312 329.5158996582031
674.550537109375 391.2967834472656 696.4484252929688 276.8944396972656
179.00059509277344 278.0133972167969 0.9495109915733337 285.8533630371094
296.1629333496094 448.8197937011719 274.0429992675781 453.21630859375
356.1383361816406 498.87567138671875 298.8307800292969 507.9287414550781
355.2843933105469 504.27459716796875 305.1747131347656 556.168701171875
566.2390747070312 329.03070068359375 605.5299682617188 22.939666748046875
683.7359619140625 391.1430969238281 694.0291137695312 338.2000732421875
711.489501953125 214.28639221191406 700.5286865234375 271.2939147949219
707.1279296875 271.0251770019531 717.9542236328125 215.99099731445312
728.2569580078125 148.85601806640625 716.990966796875 206.99826049804688
328.50238037109375 177.98414611816406 327.5708923339844 265.98486328125
360.67803955078125 96.96760559082031 360.2843933105469 113.0314712524414
514.9623413085938 311.9957580566406 509.42327880859375 361.04779052734375
59.983543395996094 233.57554626464844 20.925941467285156 235.08982849121094
359.60980224609375 126.99571228027344 359.2908630371094 156.01419067382812
526.941650390625 379.4627685546875 396.73968505859375 393.60308837890625
769.4564208984375 362.8834533691406 773.0003662109375 346.3567810058594
205.2909393310547 91.05116271972656 206.51637268066406 108.03489685058594
233.03549194335938 318.22076416015625 215.0216522216797 318.7445068359375
258.9475402832031 168.00039672851562 258.21148681640625 71.99071502685547
413.3860168457031 0.971039891242981 405.5534973144531 167.02610778808594
617.033203125 408.00543212890625 683.587890625 0.7692194581031799
719.446044921875 208.08717346191406 730.9573974609375 149.18710327148438
727.9153442382812 104.88704681396484 799.1257934570312 111.6812515258789
799.150634765625 107.073486328125 734.0016479492188 101.97901916503906
762.610107421875 358.9309387207031 764.9336547851562 345.8111572265625
793.7890014648438 333.948974609375 797.7825317382812 317.43096923828125
207.0426483154297 123.91926574707031 208.2327423095703 154.0303192138672
227.2804412841797 108.99043273925781 226.66714477539062 91.0113525390625
412.9984130859375 198.86642456054688 530.0175170898438 197.47882080078125
543.4993286132812 167.94357299804688 562.3352661132812 0.8123846650123596
698.9827270507812 330.0479431152344 800.0440673828125 380.9261169433594
799.0185546875 78.44440460205078 741.0498657226562 76.50747680664062
794.5546264648438 316.3175354003906 791.1412353515625 333.0288391113281
146.66114807128906 542.7122802734375 194.60386657714844 598.4808959960938
354.643310546875 310.9783935546875 354.2603454589844 335.02008056640625
371.0221252441406 308.98687744140625 355.00775146484375 309.34613037109375
377.1166076660156 157.00259399414062 377.7840270996094 126.97297668457031
556.1910400390625 467.2180480957031 464.7734069824219 481.5550842285156
664.275390625 0.8857261538505554 639.81787109375 155.97128295898438
51.16189193725586 569.2423095703125 86.21841430664062 598.7404174804688
469.24688720703125 295.1322937011719 472.45037841796875 264.9416809082031
540.1253662109375 505.0650939941406 491.2741394042969 599.142333984375
767.9345092773438 345.9856262207031 764.6543579101562 360.9241027832031
214.75192260742188 319.9297180175781 215.7982177734375 346.0080871582031
233.50559997558594 306.0081787109375 233.25714111328125 290.9957580566406
234.57444763183594 345.01611328125 233.5904541015625 319.0155029296875
331.25128173828125 167.0006561279297 331.4043884277344 108.99578857421875
577.0071411132812 257.21295166015625 610.0370483398438 256.1033630371094
631.0089721679688 86.87132263183594 599.9505615234375 84.71063232421875
799.45556640625 231.3227996826172 715.1561889648438 208.42506408691406
799.626220703125 309.3932800292969 700.4857788085938 270.7535400390625
128.96282958984375 257.9551696777344 156.9984893798828 256.9576416015625
318.6591796875 547.2337646484375 358.4576416015625 529.5322875976562
334.967529296875 0.9923374652862549 334.5444030761719 58.0040397644043
366.7501220703125 292.38177490234375 342.6458740234375 302.12384033203125
399.6263122558594 309.810546875 375.54351806640625 291.9219970703125
383.2606201171875 485.15594482421875 386.00146484375 463.00018310546875
457.87322998046875 599.3311157226562 381.9049072265625 570.2483520507812
526.999267578125 167.4830322265625 412.99951171875 167.6438751220703
772.1025390625 541.0271606445312 756.7611694335938 598.9367065429688
0.997454822063446 177.67880249023438 328.00201416015625 177.04885864257812
29.80023193359375 120.02377319335938 33.74274826049805 153.14962768554688
263.8579406738281 355.87872314453125 258.8365478515625 278.9454040527344
460.2100524902344 482.3230285644531 359.8812561035156 498.2520446777344
445.8702697753906 432.9217834472656 442.7406921386719 478.1205139160156
730.7468872070312 149.52859497070312 799.1884765625 160.86175537109375
57.53483581542969 155.0483856201172 53.993568420410156 121.00067138671875
79.10324096679688 356.9906921386719 76.58123779296875 329.03778076171875
154.87481689453125 266.6802978515625 167.94691467285156 265.44036865234375
102.85924530029297 599.1932983398438 48.00218200683594 559.250244140625
227.9647674560547 123.46503448486328 207.97633361816406 122.98439025878906
329.7941589355469 347.5440979003906 338.1323547363281 307.20062255859375
602.958251953125 84.03028106689453 629.9949340820312 85.12569427490234
717.5972290039062 216.39439392089844 799.2916259765625 239.99041748046875
285.0625 525.2708740234375 296.2672119140625 481.3230895996094
51.290740966796875 301.8643798828125 52.871334075927734 316.908447265625
93.4790267944336 168.04562377929688 84.6262435913086 66.94515991210938
571.1838989257812 0.7929580807685852 528.065673828125 379.0074768066406
0.9582886099815369 57.923797607421875 402.04364013671875 76.03366088867188
459.01422119140625 125.997802734375 418.9797058105469 125.42919158935547
53.98796463012695 119.61248016357422 29.977584838867188 119.14060974121094
74.73986053466797 315.94482421875 73.54757690429688 299.95916748046875
72.99413299560547 259.6279296875 97.01969909667969 259.2489929199219
179.69168090820312 166.01611328125 174.72352600097656 70.9621810913086
258.16107177734375 262.2416076660156 291.0798034667969 260.6058654785156
328.33660888671875 490.9184875488281 335.48956298828125 344.9259948730469
659.8209838867188 399.151123046875 733.1326904296875 0.8403673768043518
756.9116821289062 21.420583724975586 799.0594482421875 19.063129425048828
172.46612548828125 70.96769714355469 175.86476135253906 120.00936889648438
224.989501953125 254.79783630371094 276.0077209472656 252.1484832763672
799.090087890625 286.8790588378906 758.0405883789062 288.8470764160156
25.983400344848633 230.64915466308594 56.01081085205078 229.228515625
129.00120544433594 560.0101928710938 146.34933471679688 557.9690551757812
179.28073120117188 565.0193481445312 205.18911743164062 598.8551635742188
462.210693359375 486.15557861328125 412.55255126953125 553.4080200195312
533.014404296875 127.58136749267578 462.99114990234375 126.87107849121094
540.0623779296875 60.909732818603516 452.947021484375 55.925994873046875
532.4116821289062 134.83938598632812 529.1577758789062 167.01596069335938
785.6885986328125 462.9268798828125 675.044677734375 391.930419921875
742.656982421875 294.8813171386719 719.6405029296875 285.92364501953125
0.8456198573112488 263.1424560546875 17.148561477661133 261.78753662109375
294.7878112792969 512.9981689453125 294.3623962402344 562.0118408203125
414.9444274902344 211.97544860839844 431.0630187988281 212.89361572265625
500.78192138671875 427.8634338378906 496.03240966796875 470.22784423828125
799.4611206054688 338.12188720703125 794.4400634765625 357.1163330078125
51.96598434448242 104.08952331542969 50.31087875366211 84.97308349609375
54.60187530517578 330.04791259765625 57.95136642456055 357.8855285644531
254.64732360839844 4.008959770202637 256.1465759277344 63.02168273925781
388.51788330078125 425.13348388671875 383.1560974121094 486.1016845703125
546.2808227539062 0.8284413814544678 540.2734985351562 61.02729034423828
0.8182982802391052 441.3605041503906 240.2028045654297 414.8299560546875
283.00335693359375 251.54049682617188 317.00885009765625 251.7892608642578
25.5809268951416 84.04590606689453 27.661178588867188 103.03711700439453
119.70669555664062 553.4027709960938 128.2655029296875 559.6354370117188
393.77044677734375 577.5940551757812 450.7616882324219 599.6167602539062
733.9767456054688 341.7636413574219 795.9676513671875 335.67108154296875
92.9745101928711 272.6881408691406 127.82337188720703 269.8393249511719
334.3291015625 171.00360107421875 334.9632873535156 112.99959564208984
81.98259735107422 597.6927490234375 45.055030822753906 569.9356689453125
267.6689147949219 433.5309143066406 242.48489379882812 417.8260192871094
404.2237854003906 175.97254943847656 406.9558410644531 198.2506866455078
708.2290649414062 290.94171142578125 778.4046630859375 306.1304626464844
351.99530029296875 303.2367858886719 371.9950256347656 303.3127746582031
418.0212707519531 133.4740753173828 530.9854125976562 135.0486602783203
316.5531005859375 251.0052490234375 316.39337158203125 206.99856567382812
539.1669921875 69.91085052490234 533.068115234375 126.9002685546875
630.5366821289062 502.1605224609375 614.1224365234375 557.03662109375
740.003662109375 96.9542465209961 799.1072998046875 101.64887237548828
162.85951232910156 255.01571655273438 160.9444122314453 237.8943634033203
188.87628173828125 266.3520812988281 220.997802734375 268.0416564941406
762.7564697265625 581.2155151367188 773.6694946289062 542.9058227539062
260.86065673828125 328.9980163574219 260.4620666503906 356.9923400878906
361.1199951171875 533.2789306640625 319.50701904296875 551.1787109375
421.070068359375 62.67167663574219 462.0615234375 64.83384704589844
785.143798828125 459.2698059082031 798.6444702148438 502.1120300292969
36.12854766845703 576.7696533203125 77.62432098388672 597.7661743164062
126.01309967041016 535.7899169921875 118.51728057861328 545.4033203125
262.7059326171875 398.4928894042969 285.0908508300781 411.8477478027344
261.1250305175781 436.5761413574219 285.0819091796875 431.37750244140625
560.4134521484375 368.92376708984375 563.6578979492188 343.9555358886719
743.6281127929688 599.404296875 597.77001953125 465.25006103515625
715.2139282226562 272.45843505859375 744.3997192382812 283.9882507324219
64.69390106201172 262.0270690917969 61.599517822265625 227.03541564941406
99.95706939697266 269.3302917480469 79.9750747680664 270.61114501953125
216.01812744140625 264.4255065917969 197.9729766845703 263.85595703125
509.9819641113281 138.35891723632812 418.9847106933594 137.151611328125
509.1191711425781 328.8349609375 492.72381591796875 316.99749755859375
596.4511108398438 455.22613525390625 667.2260131835938 1.0352156162261963
169.1243438720703 3.9919486045837402 172.61865234375 57.95994186401367
413.5462646484375 167.09336853027344 419.6415710449219 0.8768436312675476
62.02766799926758 225.45126342773438 20.997976303100586 227.9669952392578
377.9967346191406 126.40790557861328 360.98980712890625 126.27165985107422
463.0277404785156 65.4129638671875 538.9527587890625 68.9996566772461
256.7367858886719 547.7206420898438 277.24090576171875 469.8533935546875
377.0724792480469 349.31927490234375 347.10797119140625 350.96551513671875
741.82470703125 94.21609497070312 745.3333740234375 80.82533264160156
315.7049560546875 561.458740234375 294.05224609375 573.26123046875
470.197265625 295.6302795410156 491.1938171386719 298.6540832519531
599.9772338867188 86.46308898925781 617.98291015625 87.34770965576172
513.1802978515625 261.0188903808594 510.8675231933594 283.0909118652344
793.0515747070312 447.95013427734375 799.4481811523438 454.56671142578125
799.0717163085938 482.9645080566406 786.9717407226562 458.5087585449219
47.69595718383789 563.1687622070312 36.38091278076172 567.3074340820312
215.0345458984375 436.48870849609375 239.04486083984375 437.03759765625
294.6568908691406 574.0363159179688 293.2734069824219 599.0703735351562
439.9257507324219 67.0759506225586 421.9423828125 65.83496856689453
613.8648071289062 322.8255615234375 593.565185546875 454.9331970214844
793.0164184570312 489.4992980957031 660.2733154296875 399.59649658203125
794.057861328125 550.8417358398438 611.022216796875 410.6652526855469
363.52252197265625 275.0452575683594 351.1231384277344 281.2462463378906
77.68109893798828 3.935159683227539 81.7828369140625 47.02067565917969
409.5940246582031 340.3917541503906 428.2667236328125 359.74261474609375
28.04802894592285 103.43099212646484 51.02649688720703 104.13438415527344
521.0285034179688 33.891883850097656 518.6710815429688 55.07468795776367
707.4614868164062 599.041748046875 709.8116455078125 573.073486328125
438.9845886230469 96.34263610839844 475.9996337890625 98.0079345703125
558.9577026367188 409.6450500488281 392.5797424316406 429.47369384765625
116.14766693115234 243.8701629638672 113.66497802734375 221.92477416992188
517.9714965820312 70.75833129882812 484.9429931640625 69.51657104492188
514.5005493164062 101.94586181640625 512.108642578125 124.01177215576172
633.7802124023438 501.23858642578125 692.0641479492188 554.9303588867188
482.180908203125 96.00968170166016 504.000732421875 99.99597930908203
755.6427612304688 23.142593383789062 759.68310546875 4.9297027587890625
72.68788146972656 273.2305603027344 70.1818618774414 258.9680480957031
468.7171630859375 227.54139709472656 413.6427917480469 198.76959228515625
257.55963134765625 43.98766326904297 256.6778869628906 3.985057830810547
721.6290893554688 389.1011657714844 723.9244995117188 374.8270568847656
760.8220825195312 415.4219055175781 778.1197509765625 422.716064453125
395.7738037109375 403.8419494628906 518.003173828125 391.03009033203125
588.4003295898438 557.4130249023438 597.554443359375 548.5403442382812
540.669189453125 136.96636962890625 537.7403564453125 165.77023315429688
599.1891479492188 547.8302001953125 646.4158935546875 600.4224853515625
247.02891540527344 425.6457824707031 263.27374267578125 435.2308654785156
392.7323303222656 477.0187683105469 390.76885986328125 449.0162048339844
375.27166748046875 279.2717590332031 363.9781188964844 275.0586853027344
528.3687133789062 394.9554138183594 560.0147705078125 406.1248779296875
49.01545333862305 85.6295166015625 31.00758934020996 85.80030822753906
799.0108642578125 466.0044860839844 796.1113891601562 473.0458679199219
555.6134033203125 1.0637046098709106 548.9630126953125 65.10001373291016
475.2671203613281 303.6964416503906 467.2870178222656 296.6738586425781
636.5632934570312 90.9361343383789 599.3984985351562 345.05828857421875
751.7864379882812 486.2851257324219 799.6503295898438 522.1316528320312
449.9934387207031 27.427600860595703 480.0170593261719 27.88896369934082
757.9999389648438 2.6322429180145264 777.0 2.633197069168091
580.5528564453125 568.3807983398438 607.6246948242188 600.171142578125
732.198486328125 68.82916259765625 746.2630615234375 2.8429205417633057
549.0999145507812 596.1055297851562 578.890869140625 567.884765625
625.0337524414062 600.7074584960938 588.894775390625 559.0913696289062
711.69873046875 571.9677124023438 708.804443359375 598.9790649414062
547.4028930664062 67.9537124633789 542.7437744140625 128.05764770507812
744.9945068359375 79.15483093261719 764.0059814453125 79.83187103271484
727.8497314453125 99.16697692871094 731.6304931640625 79.9273910522461
