216
234.96385192871094 523.0062866210938 221.7115020751953 446.87615966796875
385.9765930175781 255.80580139160156 381.73834228515625 278.1401062011719
535.5599365234375 219.76504516601562 521.1598510742188 308.0260925292969
551.2643432617188 148.04371643066406 541.5003051757812 207.08273315429688
799.1546020507812 304.03570556640625 790.2025756835938 342.81591796875
287.90826416015625 230.9911651611328 285.30517578125 258.0293884277344
555.3016357421875 125.05823516845703 551.2132568359375 146.23423767089844
580.1160888671875 144.82968139648438 576.9644165039062 161.1858367919922
524.732421875 311.95513916015625 541.0150146484375 214.83486938476562
588.8895874023438 206.98008728027344 594.3487548828125 176.7022705078125
651.0536499023438 20.957061767578125 255.02159118652344 0.5804441571235657
141.0216064453125 504.9693298339844 138.77032470703125 429.97686767578125
322.9732971191406 170.9967498779297 326.14630126953125 144.89620971679688
346.388671875 227.33006286621094 335.5995788574219 269.3841552734375
555.4373168945312 392.8914794921875 560.6737670898438 365.7441711425781
755.287353515625 500.5984191894531 771.731201171875 430.468017578125
313.0292663574219 262.00335693359375 315.9194641113281 236.87571716308594
544.9169311523438 570.5768432617188 658.345458984375 1.068807601928711
632.066650390625 262.8105773925781 637.6829833984375 235.1386260986328
602.06494140625 463.0128173828125 646.1649169921875 239.427001953125
772.5574951171875 425.4051513671875 788.6268920898438 359.42205810546875
789.5474243164062 355.888671875 799.8031616210938 314.19757080078125
20.482881546020508 128.97409057617188 21.987607955932617 98.94926452636719
596.7736206054688 162.95391845703125 600.0599365234375 146.80865478515625
618.0726928710938 395.01373291015625 605.5966186523438 461.11260986328125
677.9785766601562 19.807161331176758 638.0684814453125 231.20172119140625
631.3172607421875 330.25494384765625 619.3175659179688 392.2550048828125
799.666015625 329.1561584472656 758.467041015625 504.8750305175781
212.3987579345703 155.04457092285156 215.097412109375 130.8991241455078
224.56585693359375 253.14999389648438 231.94775390625 176.09078979492188
447.3690185546875 187.8997039794922 451.8329772949219 159.81451416015625
222.8692169189453 457.00634765625 225.6426239013672 514.0173950195312
311.0831298828125 142.89254760742188 308.1386413574219 168.01625061035156
434.7336730957031 156.96180725097656 430.8391418457031 184.12033081054688
574.9187622070312 174.98565673828125 569.9457397460938 203.16688537597656
327.5010070800781 131.930419921875 329.4731140136719 117.78709411621094
412.9936218261719 308.8617858886719 411.16705322265625 322.1603088378906
438.5577392578125 128.9385528564453 436.43756103515625 144.19972229003906
422.8802185058594 590.2095336914062 495.8711242675781 579.1494140625
479.2900695800781 548.4839477539062 515.0979614257812 360.4473571777344
768.8555297851562 435.6505432128906 618.7100830078125 402.3055725097656
578.6405029296875 478.3100280761719 665.6095581054688 18.115192413330078
136.44725036621094 428.9631652832031 137.4940948486328 526.973388671875
141.82530212402344 428.96636962890625 143.13424682617188 499.9975280761719
322.32342529296875 261.037353515625 325.3262939453125 235.03768920898438
542.1325073242188 362.0228576660156 537.6359252929688 388.109619140625
572.8147583007812 21.967931747436523 556.7194213867188 114.95143127441406
47.20546340942383 53.89126968383789 38.7174186706543 193.98287963867188
254.19297790527344 213.13882446289062 250.12088012695312 248.1304473876953
278.9202575683594 262.1692199707031 335.0003967285156 265.9941101074219
559.9389038085938 514.9927368164062 555.3367919921875 553.8027954101562
659.1040649414062 1.0193589925765991 587.17578125 387.66064453125
224.9844207763672 513.30615234375 211.59925842285156 521.3316040039062
496.1076354980469 581.7313842773438 422.0918884277344 592.6243286132812
22.801969528198242 83.99223327636719 23.431673049926758 67.93848419189453
149.20838928222656 502.0281982421875 146.53477478027344 426.98095703125
421.9432067871094 363.9916687011719 425.7873840332031 337.8218688964844
543.2279052734375 216.03811645507812 527.0125732421875 313.0021057128906
359.7701416015625 273.99365234375 359.4479064941406 234.9797821044922
559.9483032226562 488.23712158203125 539.7098999023438 569.177490234375
632.3583374023438 538.87158203125 620.312255859375 599.0625
785.0244750976562 365.87255859375 632.6959228515625 336.5813903808594
659.8468627929688 362.2715148925781 665.0575561523438 346.0184326171875
39.071006774902344 197.95481872558594 32.793418884277344 327.03857421875
403.57012939453125 553.251953125 429.3547668457031 469.4935302734375
498.67401123046875 21.946617126464844 487.5161437988281 90.08451843261719
39.025657653808594 146.7841796875 0.8518791198730469 142.2459259033203
149.97354125976562 426.91619873046875 152.9048309326172 530.9463500976562
201.38929748535156 129.03512573242188 199.21661376953125 153.10980224609375
219.79202270507812 438.6066589355469 203.52394104003906 447.2084045410156
308.08587646484375 301.0093994140625 309.614013671875 287.0672912597656
409.51873779296875 333.9346923828125 406.0968017578125 359.14886474609375
453.8385314941406 145.9762725830078 456.06024169921875 130.8618621826172
583.76416015625 405.7698974609375 568.4375 488.0814514160156
773.8085327148438 428.89007568359375 619.8341064453125 395.7713623046875
215.01043701171875 0.7990221381187439 649.9791870117188 23.400733947753906
88.28138732910156 529.5708618164062 56.85670471191406 535.2000732421875
322.15679931640625 240.01576232910156 320.3458557128906 258.0347595214844
501.00213623046875 0.9539280533790588 652.003173828125 7.930884838104248
799.2803955078125 284.1934509277344 644.9628295898438 260.2395324707031
303.6292724609375 337.9558410644531 306.6223449707031 312.8358459472656
5.54529333114624 94.97988891601562 4.216867446899414 125.00959014892578
13.210174560546875 287.5214538574219 0.8926655054092407 289.2229919433594
177.1199188232422 542.7449951171875 0.9755593538284302 550.4405517578125
554.575439453125 567.0433959960938 558.4203491210938 516.0316772460938
620.1552124023438 392.2813720703125 772.1902465820312 425.11907958984375
666.5029907226562 14.090574264526367 668.8959350585938 0.8011977076530457
149.4112548828125 0.9565039873123169 123.02748107910156 358.0758972167969
187.46694946289062 287.95611572265625 185.6479034423828 310.0533447265625
407.943115234375 285.3500671386719 430.0104064941406 288.9359130859375
633.039306640625 326.788330078125 788.07763671875 355.58184814453125
789.8399047851562 358.8661193847656 631.8765258789062 329.66796875
594.7904052734375 176.4955596923828 575.8815307617188 173.8455352783203
284.89862060546875 261.71258544921875 225.11273193359375 253.20755004882812
338.9705505371094 272.2857971191406 356.0978088378906 274.051025390625
400.1250305175781 599.4925537109375 411.3978576660156 550.8604125976562
410.9563903808594 464.4989013671875 437.9626159667969 465.2845764160156
665.9639892578125 17.653596878051758 678.9795532226562 18.370983123779297
6.533117294311523 62.997318267822266 6.435441970825195 80.00823974609375
11.60679817199707 316.03216552734375 13.095144271850586 287.9520263671875
186.85459899902344 511.89520263671875 175.16273498535156 528.1173095703125
95.8111801147461 518.88525390625 86.9000244140625 533.5469970703125
631.9109497070312 359.548583984375 638.4503784179688 343.77215576171875
709.4251708984375 559.8811645507812 701.2825317382812 599.26513671875
231.7932891845703 175.42840576171875 535.7943115234375 219.42123413085938
758.2838134765625 504.8632507324219 603.9197387695312 466.3215026855469
552.0128784179688 345.2412109375 525.9864501953125 344.80010986328125
643.0556030273438 267.65264892578125 799.217529296875 292.640380859375
430.7955322265625 469.92626953125 412.0469665527344 465.78729248046875
637.5438842773438 235.09320068359375 799.1585083007812 258.92510986328125
434.6852722167969 423.1650085449219 445.2823486328125 443.37628173828125
606.9633178710938 460.1448974609375 755.0986938476562 497.66180419921875
28.063953399658203 329.34912109375 0.6998754739761353 334.3615417480469
41.00673294067383 240.12728881835938 81.05335998535156 238.0087127685547
325.7838439941406 144.3073272705078 311.83453369140625 142.0007781982422
560.8346557617188 365.7270812988281 542.8549194335938 361.6377868652344
799.1915893554688 254.67013549804688 647.1770629882812 232.77099609375
146.0014190673828 529.21044921875 150.92596435546875 505.7743225097656
0.8792113661766052 145.07379150390625 39.83621597290039 149.45599365234375
147.00196838378906 398.026123046875 101.99829864501953 398.112548828125
451.8519287109375 159.0363311767578 434.9119873046875 156.61610412597656
21.7399959564209 98.08325958251953 5.703755855560303 94.2342529296875
291.9579162597656 309.9960021972656 289.7731628417969 333.0732116699219
525.9676513671875 314.1766357421875 477.1392517089844 305.2392272949219
156.35218811035156 525.982177734375 151.33023071289062 426.8313293457031
439.9898376464844 593.1022338867188 487.120361328125 597.789794921875
300.02490234375 0.5070357918739319 650.041259765625 18.183027267456055
799.302734375 439.072998046875 777.4650268554688 529.6298217773438
179.10333251953125 518.137451171875 157.91481018066406 520.0623779296875
632.945556640625 241.83380126953125 629.7969970703125 261.8103942871094
236.11318969726562 249.9418487548828 282.0158386230469 254.85198974609375
735.00927734375 121.89616394042969 674.04931640625 116.44837188720703
306.6103210449219 312.5978088378906 292.7057189941406 309.2066345214844
466.03607177734375 294.7691650390625 495.1075744628906 299.3115539550781
540.6613159179688 209.74522399902344 556.3946533203125 127.07510375976562
85.99542999267578 541.4380493164062 113.99832916259766 541.5269775390625
186.867431640625 84.33306884765625 627.0883178710938 128.1116180419922
412.7782897949219 452.57763671875 441.0628967285156 456.55230712890625
712.0530395507812 195.50137329101562 659.8987426757812 189.95126342773438
205.5334014892578 457.19512939453125 220.05313110351562 462.8639221191406
582.7244873046875 362.5097961425781 553.97119140625 342.59759521484375
680.0541381835938 15.652397155761719 666.0365600585938 15.08951187133789
799.1629638671875 206.644775390625 715.0564575195312 196.53074645996094
133.9199981689453 522.3369750976562 108.92198944091797 525.353515625
572.9802856445312 7.424782752990723 500.9961242675781 4.083520412445068
585.6635131835938 376.4554748535156 581.6264038085938 364.122314453125
777.1493530273438 530.4208374023438 577.2861938476562 478.89007568359375
499.0198669433594 3.40975284576416 433.9925537109375 1.220850944519043
747.906005859375 212.72909545898438 655.8885498046875 200.86422729492188
798.9735107421875 128.2419891357422 738.6025390625 121.62763214111328
0.69920814037323 40.09701919555664 47.72804260253906 52.99186325073242
327.9110107421875 233.8314971923828 288.929443359375 229.6592559814453
651.0010986328125 10.975133895874023 574.9736328125 7.591852188110352
0.999812662601471 537.5637817382812 42.99993133544922 537.5687866210938
387.802490234375 271.0915222167969 389.530029296875 255.94639587402344
657.0252685546875 197.8057098388672 749.1583862304688 209.7816925048828
543.2210083007812 534.7443237304688 532.5673828125 567.2015380859375
720.004150390625 470.988037109375 749.279541015625 481.19842529296875
512.0097045898438 575.9688110351562 436.8340759277344 552.5322875976562
494.7110290527344 294.541259765625 521.277099609375 299.5221252441406
793.5316162109375 580.1275024414062 788.9509887695312 599.2280883789062
353.828369140625 267.1361389160156 355.8013610839844 255.1317138671875
112.6974868774414 535.1669311523438 103.82792663574219 519.094970703125
497.0689697265625 283.0267028808594 470.9873352050781 281.17877197265625
676.1133422851562 87.02888488769531 685.21337890625 51.30912780761719
199.9488983154297 442.3668518066406 206.5006866455078 425.42034912109375
361.82855224609375 269.95245361328125 380.13543701171875 273.2475891113281
639.677734375 240.14662170410156 634.7006225585938 263.1515808105469
613.1004028320312 441.5914001464844 631.0021362304688 445.9912109375
690.8186645507812 160.60171508789062 737.0189819335938 165.8323211669922
790.8182373046875 556.7894287109375 798.1405029296875 480.91705322265625
78.0315170288086 239.5475616455078 42.035640716552734 241.61924743652344
488.1487731933594 293.23138427734375 474.09466552734375 290.51092529296875
588.7363891601562 599.8428955078125 515.9728393554688 577.0867919921875
659.39990234375 162.8216552734375 671.2880249023438 128.09860229492188
747.655029296875 164.2382049560547 774.1091918945312 171.60809326171875
509.8515319824219 357.60760498046875 505.1114196777344 395.6399841308594
391.9416198730469 275.33770751953125 408.31658935546875 278.16912841796875
123.13422393798828 359.4786071777344 407.10748291015625 432.58245849609375
790.2299194335938 344.419921875 735.1604614257812 322.5950927734375
616.97509765625 451.18756103515625 632.9591064453125 453.30810546875
475.00567626953125 598.9004516601562 439.8917541503906 596.901611328125
223.97862243652344 534.8338012695312 191.00961303710938 539.07470703125
671.921142578125 125.97930145263672 692.0323486328125 127.59812927246094
751.8743286132812 209.95404052734375 799.1085815429688 216.17588806152344
778.912353515625 216.66636657714844 751.983642578125 213.12429809570312
68.80755615234375 426.9888610839844 132.9854278564453 420.8477478027344
433.62957763671875 282.805419921875 468.028076171875 289.86309814453125
569.1235961914062 487.5518493652344 743.7996215820312 535.7266235351562
685.9893188476562 50.15971755981445 787.0717163085938 56.929542541503906
65.81214904785156 379.4504089355469 162.91065979003906 374.31182861328125
798.7845458984375 575.1832275390625 562.45654296875 509.3609313964844
0.9166259765625 405.74713134765625 31.54372787475586 395.64910888671875
757.0226440429688 371.87762451171875 731.7769775390625 367.2048034667969
693.7875366210938 325.1443786621094 652.7178955078125 317.5193176269531
41.80797576904297 171.9912872314453 42.76042556762695 150.9891357421875
419.0181884765625 598.2490234375 405.9774169921875 597.933349609375
693.7386474609375 472.7735595703125 709.021484375 477.93634033203125
799.0386962890625 1.891911506652832 778.9932861328125 1.1915342807769775
149.94540405273438 421.1469421386719 190.04495239257812 423.0555114746094
361.0675354003906 437.1842346191406 384.15765380859375 439.09588623046875
410.09710693359375 592.46044921875 429.02398681640625 595.86669921875
656.83837890625 459.5658264160156 685.763671875 467.827392578125
560.0439453125 328.652587890625 551.9209594726562 327.62445068359375
38.1253662109375 441.9830322265625 34.46334457397461 414.937255859375
217.45394897460938 423.001953125 217.50784301757812 438.00537109375
681.326904296875 0.60947185754776 678.6336059570312 12.14790153503418
798.2869873046875 552.9623413085938 797.4448852539062 568.9179077148438
42.7142333984375 525.0564575195312 28.46565055847168 452.9080505371094
550.78173828125 410.60699462890625 526.663818359375 401.9349365234375
774.3887939453125 552.4232177734375 800.6235961914062 570.1079711914062
39.45437240600586 414.9549255371094 41.9391975402832 440.00604248046875
765.0122680664062 46.80356979370117 791.0357055664062 48.42761993408203
722.7941284179688 328.49749755859375 703.7669677734375 318.44091796875
382.0531311035156 287.7452697753906 352.1048889160156 281.49725341796875
35.581180572509766 451.8987731933594 41.87258529663086 488.0221862792969
