200
229.5301055908203 599.1944580078125 307.4423522949219 386.7954406738281
354.75860595703125 575.9578857421875 391.22625732421875 367.03948974609375
468.7312927246094 589.0173950195312 465.7052001953125 367.9903564453125
104.8360366821289 599.4715576171875 196.36485290527344 437.205810546875
372.1356506347656 351.3729553222656 215.40867614746094 408.3741149902344
630.1845092773438 264.2715148925781 636.2461547851562 237.82720947265625
120.10601806640625 284.46600341796875 178.7981719970703 271.11285400390625
625.3340454101562 204.26441955566406 622.35986328125 219.26954650878906
378.962890625 116.90941619873047 356.9587097167969 116.01117706298828
468.1791076660156 377.9973449707031 471.1012268066406 575.99853515625
663.43505859375 26.09452247619629 656.2278442382812 59.26676940917969
682.4920043945312 448.8593444824219 729.0855102539062 280.57745361328125
713.8001708984375 305.7213134765625 675.8812866210938 468.972412109375
778.3544311523438 321.7795104980469 788.6793823242188 291.5489501953125
544.1181640625 43.018157958984375 548.7366333007812 12.95953369140625
674.9237670898438 63.98276138305664 682.8909912109375 28.749221801757812
134.85142517089844 375.5227966308594 184.34629821777344 360.1121826171875
193.76730346679688 437.3987731933594 142.679443359375 457.1717834472656
389.9488525390625 0.9459788203239441 384.1922912597656 112.95848846435547
534.0114135742188 11.001556396484375 530.0388793945312 40.14162826538086
549.9318237304688 159.14813232421875 564.255859375 69.04067993164062
584.0035400390625 599.1956176757812 547.845947265625 415.0302429199219
799.5916748046875 370.2169494628906 784.119140625 412.410400390625
213.79306030273438 433.44061279296875 198.64625549316406 439.043701171875
639.2032470703125 224.82911682128906 642.4546508789062 209.6685791015625
435.9969177246094 0.843437671661377 408.0032653808594 359.000244140625
360.06512451171875 188.35955810546875 227.697509765625 212.32962036132812
776.4496459960938 251.82037353515625 770.7612915039062 269.24847412109375
393.1219787597656 369.02105712890625 357.39434814453125 576.0680541992188
186.84718322753906 0.9445993304252625 215.1046600341797 433.0585632324219
383.8779296875 117.94154357910156 371.8402099609375 348.9916687011719
619.6236572265625 231.92201232910156 614.0534057617188 258.8038635253906
766.2249145507812 283.38970947265625 756.7301635742188 313.2322998046875
97.01363372802734 58.607826232910156 161.0262908935547 57.172119140625
388.8251647949219 167.990234375 394.639404296875 63.97984313964844
401.62274169921875 286.0439147949219 421.7262878417969 0.910196840763092
646.7974243164062 286.9197082519531 648.7381591796875 257.8489990234375
47.26913070678711 218.75816345214844 0.39634138345718384 172.61317443847656
356.2434997558594 316.76751708984375 233.58201599121094 355.6824951171875
518.5112915039062 222.9300994873047 522.0955810546875 197.87063598632812
571.2346801757812 521.9534301757812 586.5369873046875 599.0918579101562
0.9045597314834595 95.81282043457031 20.1020565032959 94.26948547363281
470.3836975097656 0.9389579892158508 457.5067138671875 130.95114135742188
552.0995483398438 598.0905151367188 482.9430236816406 590.5205078125
589.1961669921875 114.68958282470703 582.94921875 150.99127197265625
8.098748207092285 352.7742004394531 41.1260871887207 355.434814453125
235.70335388183594 349.0555725097656 351.8646545410156 312.5691223144531
359.96795654296875 211.8450164794922 227.82516479492188 239.15403747558594
229.17039489746094 204.99920654296875 357.1989440917969 183.16664123535156
374.6507568359375 144.06161499023438 377.126220703125 117.91726684570312
679.8739624023438 555.047607421875 654.5912475585938 488.1545104980469
682.9075927734375 27.679519653320312 663.8519897460938 25.088397979736328
723.9549560546875 315.2847595214844 699.266357421875 398.0794372558594
358.1214904785156 576.9370727539062 467.1827087402344 589.4013061523438
16.94085121154785 67.9555892944336 43.961124420166016 69.6280746459961
44.553810119628906 206.43960571289062 13.77833366394043 175.2036590576172
176.07461547851562 274.33697509765625 120.15880584716797 286.7172546386719
236.6918182373047 246.56373596191406 350.05145263671875 222.23974609375
734.108154296875 272.73785400390625 747.587890625 226.8788604736328
793.9591674804688 276.98785400390625 799.0164794921875 260.0049133300781
86.96492767333984 548.3199462890625 130.87574768066406 553.1334838867188
195.8761444091797 442.9303283691406 108.07669067382812 599.0431518554688
350.3106384277344 225.4394989013672 238.13934326171875 249.64569091796875
20.98072624206543 102.29695129394531 5.020137786865234 102.73452758789062
16.118436813354492 170.1420135498047 32.15338897705078 168.4790496826172
51.945919036865234 544.4112548828125 74.08900451660156 547.3231811523438
310.2940979003906 385.1071472167969 232.32571411132812 599.11865234375
347.284912109375 307.92327880859375 243.66046142578125 339.8996887207031
351.9566650390625 176.73916625976562 240.86734008789062 195.20176696777344
509.1810302734375 194.0232391357422 506.2115173339844 217.155517578125
634.6174926757812 177.03778076171875 551.0784301757812 159.62384033203125
552.8435668945312 429.03106689453125 570.9157104492188 520.0167236328125
564.7527465820312 68.38917541503906 799.3314208984375 110.13763427734375
686.976806640625 10.99474048614502 689.28173828125 0.8370127081871033
788.5623779296875 291.1711120605469 766.634765625 282.97735595703125
17.227798461914062 80.66148376464844 0.8817809820175171 69.66171264648438
21.357149124145508 542.2750244140625 74.33169555664062 473.4853515625
180.9715118408203 560.2608642578125 136.9504852294922 555.4534301757812
249.90792846679688 565.8770141601562 351.052978515625 576.4952392578125
444.0084228515625 588.9227905273438 358.928955078125 579.652099609375
799.4993286132812 231.27732849121094 629.3050537109375 181.947509765625
458.2407531738281 134.0253143310547 450.56353759765625 207.05923461914062
799.1884155273438 238.36756896972656 546.01513671875 162.9490966796875
4.213223457336426 160.68055725097656 23.89636993408203 158.1832275390625
31.053613662719727 164.535888671875 11.152766227722168 166.5269317626953
198.02076721191406 439.9189453125 163.16329956054688 0.9076340794563293
555.0942993164062 157.5526885986328 584.1028442382812 152.60287475585938
654.7640991210938 482.0888977050781 682.0828247070312 554.5919799804688
40.018463134765625 357.771240234375 8.978536605834961 355.26593017578125
4.799183368682861 50.45268630981445 39.956756591796875 55.31280517578125
636.3856811523438 237.6556854248047 620.691162109375 231.8324432373047
76.25727844238281 474.19976806640625 39.08964538574219 522.069580078125
341.0472412109375 577.5494384765625 249.89614868164062 567.9902954101562
461.0022277832031 509.9783020019531 374.97882080078125 501.207763671875
640.9323120117188 165.2467498779297 592.9747924804688 152.0918426513672
140.0408172607422 458.11651611328125 123.37923431396484 320.95391845703125
21.73210906982422 154.86138916015625 2.902304172515869 157.22007751464844
128.94349670410156 554.5115356445312 86.90409851074219 549.8682861328125
356.56243896484375 4.9854021072387695 353.0255432128906 111.0008544921875
356.9459228515625 118.77860260009766 367.0147399902344 118.33287048339844
19.018564224243164 90.24915313720703 0.8956483602523804 91.59942626953125
212.01947021484375 561.7811279296875 240.06436157226562 564.276611328125
387.3710632324219 103.01915740966797 392.6374816894531 1.032918930053711
3.5248067378997803 181.5014190673828 53.47072982788086 228.83448791503906
238.95559692382812 566.419921875 185.91416931152344 560.8118286132812
488.9079895019531 593.9260864257812 545.9412231445312 599.5918579101562
372.9991149902344 499.0090026855469 438.0567932128906 505.4239807128906
548.7925415039062 12.771113395690918 534.866455078125 11.14000415802002
28.222637176513672 142.70950317382812 13.609159469604492 131.50997924804688
32.99876022338867 175.4874267578125 22.00124168395996 175.51400756835938
450.36822509765625 212.13381958007812 438.0481262207031 338.1025085449219
394.55596923828125 56.96763229370117 398.342041015625 5.024932384490967
549.982177734375 519.1764526367188 473.9508361816406 511.48602294921875
94.12488555908203 88.9852066040039 83.68131256103516 0.8008840084075928
28.795515060424805 155.21632385253906 0.030547983944416046 128.02557373046875
367.9110412597656 119.978271484375 367.4314880371094 144.00860595703125
374.3128662109375 352.01654052734375 385.8849792480469 133.04676818847656
512.905517578125 57.57787322998047 556.0596313476562 64.63556671142578
0.6707924604415894 168.3390655517578 47.36939239501953 213.67945861816406
110.02227020263672 214.9971923828125 95.41162872314453 98.94817352294922
216.50106811523438 411.63330078125 373.48388671875 354.3255615234375
668.302001953125 158.1972198486328 648.7784423828125 163.12164306640625
45.02665710449219 225.99546813964844 66.43120574951172 352.0965576171875
355.41436767578125 108.01507568359375 359.1976318359375 4.043578147888184
634.1559448242188 181.94775390625 684.6127319335938 173.64620971679688
659.6201171875 174.39547729492188 640.9559936523438 178.81414794921875
796.8115844726562 351.46307373046875 726.6320190429688 322.9042053222656
21.693645477294922 157.23529052734375 59.8251953125 160.8460235595703
50.93134307861328 88.97750091552734 20.86893653869629 86.86601257324219
0.5498529672622681 158.47999572753906 46.579795837402344 201.64703369140625
446.9700927734375 446.31439208984375 386.9425354003906 440.6041564941406
64.87457275390625 189.16522216796875 47.34757614135742 175.85940551757812
630.0386962890625 527.6295776367188 574.909423828125 521.8665161132812
586.1920166015625 167.36651611328125 634.0394897460938 181.86978149414062
439.9866638183594 506.1368713378906 462.06927490234375 508.2894287109375
425.000732421875 394.9942932128906 396.943115234375 391.4502868652344
593.9495849609375 155.1797637939453 640.3802490234375 168.20851135253906
51.93699645996094 117.10359954833984 37.72132873535156 108.45822143554688
120.91890716552734 474.7232666015625 87.99639129638672 471.0321960449219
49.82888412475586 59.78997039794922 12.785033226013184 56.24864959716797
62.94163513183594 164.59164428710938 32.9086799621582 163.49037170410156
395.0315856933594 439.6512145996094 464.09893798828125 445.9079895019531
693.8362426757812 310.358642578125 664.6213989257812 297.0192565917969
136.3843994140625 451.7130126953125 114.487060546875 422.3829650878906
0.9962752461433411 39.505897521972656 10.003698348999023 39.48344421386719
21.69333839416504 40.28600311279297 17.613595962524414 21.64681625366211
20.950971603393555 41.12640380859375 50.7364616394043 52.679439544677734
507.94976806640625 452.5018310546875 475.96990966796875 449.30072021484375
495.1949462890625 305.61309814453125 617.4068603515625 367.19256591796875
730.4989624023438 280.27117919921875 713.2931518554688 244.885009765625
485.0543212890625 510.47503662109375 561.0684204101562 518.3388061523438
782.9344482421875 410.9764709472656 798.43603515625 367.7975158691406
-0.40557870268821716 133.651123046875 24.948745727539062 155.2349090576172
659.5368041992188 248.9006805419922 682.2894287109375 239.31362915039062
721.2509765625 249.60398864746094 732.5197143554688 285.2023620605469
711.6782836914062 199.79917907714844 730.1602172851562 203.1039276123047
41.928993225097656 177.09783935546875 63.173099517822266 192.5170440673828
8.79829216003418 20.62558364868164 18.62723731994629 41.58189392089844
16.348804473876953 116.00736999511719 34.15333938598633 119.12400817871094
63.875518798828125 226.8574676513672 72.19580841064453 277.9681396484375
222.82077026367188 78.05912017822266 219.10739135742188 3.9946160316467285
726.2977294921875 268.35986328125 722.1175537109375 306.66754150390625
50.95405197143555 73.94746398925781 17.934717178344727 72.34614562988281
29.890043258666992 23.543615341186523 35.177337646484375 45.44011306762695
30.222673416137695 209.7576904296875 1.5460563898086548 183.40577697753906
10.081788063049316 35.39176940917969 0.8453925848007202 34.14976119995117
40.012508392333984 21.898670196533203 9.112966537475586 18.084768295288086
28.392723083496094 98.02055358886719 59.635982513427734 116.61174774169922
215.38461303710938 4.980170249938965 223.2244873046875 157.03997802734375
645.7406616210938 166.94923400878906 664.1028442382812 162.41677856445312
763.8753662109375 214.51980590820312 799.4666748046875 223.0537567138672
39.392948150634766 164.4944305419922 69.86265563964844 188.1767120361328
42.94551086425781 6.464585781097412 0.9369528889656067 1.5375480651855469
713.3195190429688 246.2085723876953 679.5386962890625 234.45208740234375
315.0488586425781 494.5081787109375 278.01690673828125 490.8298034667969
712.029052734375 250.9813690185547 722.6629028320312 267.5751953125
17.54081153869629 117.63106536865234 0.7167463302612305 105.3892822265625
13.002986907958984 59.96155548095703 0.8433040380477905 59.016807556152344
51.31195068359375 126.62040710449219 22.737863540649414 120.15929412841797
650.755859375 153.92185974121094 591.4158935546875 138.2054901123047
39.1676025390625 46.14692306518555 35.22055435180664 23.78456687927246
42.196659088134766 92.15133666992188 44.66449737548828 105.2515869140625
52.08369827270508 139.53163146972656 27.787376403808594 135.1898193359375
731.6464233398438 286.1994934082031 725.12109375 307.345947265625
635.2787475585938 179.1961669921875 648.1959228515625 160.8416290283203
799.2188720703125 219.0111846923828 772.2138671875 213.0338592529297
48.51592254638672 107.2634506225586 45.57908630371094 90.71968078613281
749.6008911132812 228.1833953857422 739.2556762695312 262.0780334472656
35.1361198425293 60.67595672607422 51.235721588134766 67.43885040283203
53.974483489990234 151.3705596923828 32.867984771728516 149.91714477539062
35.516597747802734 187.4166717529297 28.11915397644043 180.86544799804688
42.27798080444336 67.31551361083984 29.885208129882812 62.28266143798828
677.2830810546875 147.99862670898438 628.5059204101562 134.2103271484375
707.977294921875 220.57081604003906 697.9534301757812 220.172607421875
696.1809692382812 522.0222778320312 692.4988403320312 551.9382934570312
684.4912719726562 599.0294799804688 683.7910766601562 586.9541015625
708.359619140625 541.0301513671875 711.0921020507812 599.0897827148438
17.758333206176758 129.31968688964844 1.167748212814331 116.77809143066406
717.2593994140625 551.9728393554688 715.9405517578125 587.961181640625
23.966018676757812 157.0411376953125 0.9670811891555786 138.0398406982422
