253
79.7436752319336 309.4913330078125 192.87603759765625 290.2703552246094
362.3669738769531 447.95294189453125 356.46502685546875 401.9403381347656
711.0257568359375 69.88188171386719 465.00177001953125 77.06111907958984
190.86795043945312 284.15191650390625 84.64051055908203 300.69110107421875
273.9156188964844 209.39768981933594 242.82540893554688 213.75390625
187.58033752441406 293.2715148925781 0.6724143028259277 338.6507263183594
443.5038146972656 208.00979614257812 444.3981628417969 162.02719116210938
0.9302619695663452 157.43426513671875 274.0120849609375 145.2711181640625
242.6127471923828 279.45538330078125 189.6806182861328 292.72607421875
463.003173828125 77.09752655029297 393.011962890625 79.36898040771484
46.26268768310547 245.7816619873047 241.4429473876953 217.0041961669922
238.46873474121094 188.9763641357422 239.68064880371094 213.01609802246094
426.7940673828125 467.3175048828125 567.3915405273438 419.14276123046875
182.58135986328125 210.961669921875 181.06744384765625 187.9955596923828
447.3172912597656 247.99546813964844 447.3825988769531 267.00213623046875
486.0423278808594 211.038330078125 487.6622009277344 166.98757934570312
490.093505859375 241.69570922851562 484.9639587402344 273.83465576171875
673.2777099609375 219.0323486328125 676.075927734375 195.0088348388672
241.2658233642578 211.98727416992188 240.11749267578125 187.99436950683594
632.3635864257812 229.8556671142578 626.2709350585938 298.9356994628906
200.83981323242188 217.93992614746094 197.84031677246094 176.0114288330078
238.74942016601562 218.09083557128906 243.17788696289062 279.0597229003906
486.21435546875 175.07025146484375 484.1352233886719 211.00782775878906
155.1875457763672 224.98402404785156 149.3909912109375 156.9666748046875
42.50487518310547 240.9367218017578 32.10776901245117 157.9864959716797
403.3681640625 266.0062561035156 403.6292724609375 209.00746154785156
658.218994140625 362.1102294921875 660.0371704101562 342.00335693359375
232.96615600585938 73.4693374633789 0.9469909071922302 56.734962463378906
419.9435729980469 462.0121154785156 409.15625 411.7518310546875
717.35791015625 256.0470886230469 719.9951782226562 235.99937438964844
534.8430786132812 557.6250610351562 724.9912719726562 535.9237060546875
629.0148315429688 301.00140380859375 635.949951171875 227.90037536621094
686.9215087890625 428.2395935058594 733.1021728515625 57.88804626464844
102.67706298828125 231.92938232421875 94.74972534179688 155.92181396484375
358.6482849121094 400.9226989746094 364.1263732910156 446.8656921386719
441.4032897949219 179.99208068847656 441.0186462402344 208.9869842529297
576.9910888671875 507.9161071777344 622.8975219726562 503.0360107421875
639.9854125976562 22.7132625579834 606.9691772460938 24.395450592041016
74.6367416381836 186.16102600097656 72.96448516845703 172.0041961669922
147.08157348632812 156.9934539794922 152.62448120117188 226.0301513671875
660.2354125976562 194.9229736328125 658.0013427734375 217.1008758544922
78.70864868164062 224.02940368652344 76.0805892944336 197.9918670654297
664.8848876953125 432.1643981933594 652.9913940429688 496.1841735839844
742.6312866210938 57.82996368408203 721.1016235351562 231.13685607910156
92.40306854248047 155.05899047851562 100.11323547363281 233.08761596679688
196.6961212158203 177.9604034423828 199.03074645996094 218.9982452392578
562.3785400390625 209.1110076904297 564.0845336914062 187.92626953125
565.0184936523438 178.0012969970703 565.8678588867188 165.92041015625
641.0438232421875 175.00579833984375 637.348388671875 202.91371154785156
705.682861328125 415.0899963378906 728.9099731445312 238.85633850097656
269.9761047363281 76.32438659667969 235.0183563232422 73.7506332397461
403.9162902832031 208.88714599609375 631.8680419921875 230.39808654785156
733.6255493164062 53.07673263549805 740.0278930664062 0.8807617425918579
370.2408752441406 463.7367858886719 362.7169494628906 399.6808776855469
799.2224731445312 260.78118896484375 730.015869140625 253.84152221679688
638.1089477539062 227.91476440429688 631.0134887695312 302.0969543457031
715.0523071289062 539.4569702148438 606.9804077148438 551.82861328125
743.9630126953125 54.03023147583008 732.97900390625 54.44942092895508
0.7682384252548218 332.5744934082031 15.041288375854492 330.25396728515625
0.8082807660102844 252.8321990966797 44.1185188293457 245.721923828125
19.293384552001953 67.85574340820312 28.914995193481445 154.1210174560547
379.0904846191406 176.9932403564453 378.96417236328125 194.0071563720703
718.0610961914062 591.4457397460938 743.0037841796875 588.0277709960938
27.986337661743164 153.6837615966797 0.9503941535949707 154.85182189941406
29.496925354003906 158.06295776367188 40.00205993652344 241.99974060058594
146.01756286621094 225.1110382080078 105.9138412475586 231.45535278320312
550.7304077148438 187.98486328125 549.60498046875 208.03396606445312
606.039794921875 480.7726135253906 622.2368774414062 341.1434631347656
193.0318145751953 279.1655578613281 216.91847229003906 274.57568359375
409.61444091796875 421.1661376953125 413.68988037109375 455.1570739746094
626.3140258789062 298.8581848144531 404.1061706542969 266.27587890625
543.8674926757812 515.3203735351562 549.7904663085938 480.7925109863281
645.4760131835938 340.0461730957031 643.5359497070312 360.0519714355469
649.3788452148438 80.1279296875 644.83740234375 129.07769775390625
799.2642211914062 326.30120849609375 723.7578125 314.5572814941406
60.16804122924805 199.8650665283203 63.07069778442383 224.99183654785156
79.22804260253906 362.0820617675781 81.66810607910156 385.0352783203125
305.00885009765625 78.90345001220703 283.0106506347656 76.8839111328125
458.3477783203125 181.9778289794922 457.734130859375 200.02496337890625
726.5260620117188 480.07220458984375 721.1801147460938 519.0247192382812
782.8817749023438 266.00958251953125 730.776611328125 259.9075927734375
118.48385620117188 385.94873046875 111.37451171875 318.8543701171875
168.76490783691406 189.8447265625 170.71632385253906 212.02496337890625
190.20518493652344 277.7449035644531 158.1776885986328 281.5110778808594
468.6124572753906 201.97543334960938 469.8792724609375 181.99234008789062
192.5082550048828 349.9273376464844 191.5010223388672 329.0240478515625
95.86405944824219 381.0108642578125 94.02986145019531 358.0776062011719
207.91067504882812 593.1218872070312 212.2240753173828 560.8961181640625
503.35357666015625 276.9088439941406 501.25689697265625 245.78062438964844
553.9725952148438 342.9981384277344 555.2715454101562 323.9503173828125
543.4234008789062 480.8470153808594 558.6715087890625 423.38214111328125
725.0842895507812 306.4088439941406 799.146728515625 316.9709777832031
213.57562255859375 561.9437255859375 209.59768676757812 591.9466552734375
252.2128143310547 181.91429138183594 253.5637969970703 201.03082275390625
243.99276733398438 215.94677734375 274.11572265625 211.85105895996094
334.55169677734375 83.99156188964844 338.5421142578125 344.99169921875
379.295166015625 293.00518798828125 379.0135192871094 309.017822265625
724.2925415039062 51.915245056152344 678.36474609375 435.2832946777344
729.9522705078125 256.1097717285156 724.1846923828125 306.1365966796875
31.706880569458008 153.90963745117188 27.114877700805664 117.98531341552734
84.64949798583984 71.937744140625 92.23480987548828 151.07334899902344
542.4996337890625 321.9649353027344 541.234130859375 340.01641845703125
612.0321655273438 506.2746887207031 582.9620361328125 509.6754455566406
715.1970825195312 362.02093505859375 709.6609497070312 414.1763000488281
711.2850341796875 412.7181091308594 799.3770751953125 432.3039245605469
755.7421264648438 525.2987060546875 798.8028564453125 509.4638671875
208.9466552734375 594.5703735351562 249.93556213378906 589.4810791015625
466.5219421386719 268.0330810546875 467.6075744628906 250.91171264648438
566.8507080078125 388.05987548828125 573.2109985351562 403.9153747558594
585.9480590820312 289.8426513671875 608.9838256835938 291.2623596191406
799.0693969726562 238.20233154296875 729.9834594726562 232.19041442871094
799.0027465820312 517.6420288085938 774.9945678710938 517.74560546875
56.26825714111328 364.0559997558594 28.960298538208008 360.2877197265625
258.35693359375 308.9469299316406 259.0627136230469 326.99755859375
294.8465270996094 584.56005859375 369.95257568359375 576.554931640625
363.0185852050781 401.9969787597656 366.4302978515625 422.92987060546875
540.156982421875 520.7871704101562 451.49169921875 557.593505859375
574.963623046875 511.2467041015625 614.4321899414062 517.071044921875
799.0928955078125 320.3586120605469 723.7893676757812 309.45477294921875
-0.39825841784477234 378.1221923828125 25.908294677734375 358.53387451171875
155.95013427734375 275.4505615234375 189.04063415527344 272.4477233886719
718.2031860351562 358.8827819824219 799.2501220703125 373.62481689453125
721.8662719726562 234.35585021972656 799.1011352539062 241.97459411621094
180.124267578125 332.0513916015625 181.29734802246094 352.0412292480469
365.9590148925781 144.21690368652344 699.01904296875 155.43511962890625
521.407470703125 261.9702453613281 520.8014526367188 274.0402526855469
548.076416015625 419.2975158691406 562.9010009765625 420.9100341796875
736.9139404296875 146.2307586669922 753.1840209960938 81.79397583007812
273.5962829589844 146.01583862304688 280.8548278808594 331.0057067871094
354.4490966796875 400.83453369140625 361.44122314453125 462.0638122558594
422.7972106933594 232.94342041015625 421.5679931640625 259.0737609863281
478.1619567871094 265.90679931640625 474.812255859375 248.03518676757812
484.9930114746094 276.16571044921875 501.048828125 276.84326171875
613.9424438476562 562.04541015625 641.7015991210938 597.2354125976562
799.3239135742188 438.5802001953125 709.95654296875 418.1905212402344
370.2524719238281 446.00848388671875 369.6465148925781 464.0217590332031
465.0902099609375 326.002685546875 465.6256103515625 307.959228515625
711.0050048828125 62.137901306152344 539.9755249023438 68.32235717773438
745.9926147460938 143.3592987060547 784.0382690429688 144.14393615722656
116.414794921875 375.9569091796875 121.81111145019531 427.915771484375
442.97723388671875 271.4353942871094 474.9942321777344 273.1100769042969
35.41349792480469 559.1270141601562 0.9607657194137573 400.00848388671875
56.75698471069336 173.03033447265625 58.50851821899414 187.0613555908203
176.2637939453125 421.19921875 255.15980529785156 388.94482421875
217.1671600341797 274.1379089355469 214.90005493164062 244.0075225830078
327.018310546875 472.2210998535156 421.94732666015625 464.3636474609375
799.1237182617188 199.9784698486328 739.042724609375 196.30165100097656
70.89273834228516 6.085983753204346 25.93623924255371 1.6455347537994385
41.766204833984375 322.81658935546875 69.08295440673828 317.4198913574219
119.56158447265625 599.1751098632812 133.0232696533203 556.0072631835938
235.03590393066406 213.24603271484375 203.96786499023438 217.77976989746094
749.7413940429688 0.8386555910110474 742.9598999023438 53.738468170166016
753.9903564453125 80.5618667602539 799.0125732421875 79.57261657714844
377.8916320800781 576.2183837890625 404.0814514160156 572.5875854492188
652.868896484375 471.9643249511719 646.6959228515625 494.64508056640625
799.3594360351562 454.473388671875 687.2186279296875 428.0713195800781
45.00028991699219 153.59854125976562 33.00029754638672 153.58984375
135.0107421875 555.3076171875 121.65162658691406 599.1983642578125
269.9054260253906 466.39227294921875 299.970458984375 468.4348449707031
454.5743408203125 305.998779296875 454.5251770019531 323.00152587890625
737.1220092773438 203.08328247070312 799.06201171875 207.0256805419922
20.318588256835938 344.518798828125 0.230424702167511 367.3220520019531
20.417753219604492 552.9367065429688 1.7700608968734741 429.88330078125
164.3549041748047 465.4921569824219 117.10688018798828 445.0658874511719
388.3288879394531 310.0203552246094 388.57452392578125 293.9781799316406
722.4009399414062 310.1526184082031 717.067138671875 359.1162414550781
563.932373046875 187.79202270507812 551.8496704101562 186.76010131835938
764.5001831054688 396.2308044433594 799.6187744140625 402.57415771484375
366.70556640625 315.9957580566406 365.70098876953125 148.98976135253906
604.9853515625 551.8678588867188 552.0806274414062 557.7279052734375
208.5067596435547 412.3467102050781 177.94276428222656 423.847900390625
170.218017578125 445.9936828613281 245.5625762939453 465.6745910644531
215.96876525878906 465.24688720703125 250.91543579101562 469.66839599609375
262.2628479003906 200.02951049804688 262.7081298828125 180.96981811523438
799.033203125 210.5196990966797 737.91064453125 206.29226684570312
134.95327758789062 552.5003662109375 171.0120086669922 549.12841796875
675.9700317382812 194.56028747558594 660.95947265625 193.75767517089844
787.1011962890625 311.6579895019531 792.3870849609375 297.76678466796875
31.27128791809082 599.6624145507812 42.029972076416016 579.015625
310.8204650878906 395.4319152832031 390.8487854003906 389.8370666503906
606.051513671875 276.5820007324219 588.002685546875 275.9261474609375
61.31444549560547 394.95867919921875 58.550811767578125 373.9276123046875
334.2904052734375 463.3780212402344 314.88763427734375 467.466796875
478.99951171875 244.98561096191406 448.00115966796875 246.03407287597656
665.1565551757812 490.03631591796875 664.0372314453125 464.04144287109375
0.9626011252403259 54.539398193359375 77.01301574707031 59.812294006347656
468.35772705078125 271.4467468261719 484.3679504394531 267.4881286621094
548.986083984375 411.1900329589844 572.009033203125 412.87701416015625
612.9873657226562 520.0879516601562 574.9119262695312 514.6126708984375
739.2381591796875 533.2154541015625 637.865478515625 502.4432373046875
128.96871948242188 554.664306640625 103.9991683959961 556.9910888671875
641.2013549804688 599.6149291992188 614.3448486328125 564.7344970703125
638.4801635742188 330.3522644042969 659.1207275390625 338.28717041015625
680.1792602539062 350.4880065917969 666.4443969726562 330.6916809082031
0.04376218467950821 435.1448974609375 17.779621124267578 552.1849365234375
305.6459655761719 362.8582763671875 368.7462158203125 355.7478942871094
635.3545532226562 501.8526306152344 575.8555297851562 483.46746826171875
80.98516082763672 54.18898391723633 17.903039932250977 49.234519958496094
564.022216796875 516.688232421875 544.12353515625 515.2686157226562
525.22802734375 275.0578308105469 524.1683959960938 260.9124755859375
746.9737548828125 171.7172393798828 799.0504150390625 173.62130737304688
386.1386413574219 457.35833740234375 373.9593200683594 458.601318359375
751.7571411132812 599.4559936523438 739.5438842773438 566.1673583984375
551.2049560546875 510.9423828125 565.258544921875 513.6655883789062
530.120849609375 559.8882446289062 507.9863586425781 562.8998413085938
777.9829711914062 288.97943115234375 756.560791015625 306.67877197265625
334.4255676269531 1.9834707975387573 335.2027282714844 69.00924682617188
477.9399108886719 380.2977600097656 544.0723876953125 393.6413269042969
650.7371215820312 312.5381774902344 641.0346069335938 318.0607604980469
38.41635513305664 255.958984375 40.35770797729492 322.9896545410156
75.56653594970703 459.0556335449219 64.00602722167969 368.9992370605469
619.8472290039062 335.6156005859375 616.4392700195312 363.56585693359375
720.8543090820312 377.45635986328125 747.964111328125 386.1123352050781
759.9381103515625 392.3795471191406 779.9385986328125 390.38433837890625
605.9960327148438 285.0268859863281 625.1683349609375 287.8614196777344
724.822265625 240.82177734375 722.6839599609375 254.95217895507812
66.34113311767578 313.92279052734375 52.26178741455078 251.7144317626953
451.0159606933594 569.1475830078125 414.015869140625 573.146728515625
159.07293701171875 273.7354431152344 134.91384887695312 276.13134765625
798.0287475585938 272.8902893066406 784.9597778320312 272.5513610839844
58.89506530761719 315.6051025390625 44.825584411621094 319.3435974121094
538.9434814453125 284.7527770996094 556.991943359375 286.107177734375
576.9125366210938 422.9092712402344 572.2244873046875 479.1021423339844
784.0007934570312 146.82589721679688 745.9922485351562 146.6477508544922
408.0524597167969 389.9961242675781 409.167724609375 405.0616149902344
728.07373046875 201.72250366210938 744.7040405273438 146.21092224121094
770.9898681640625 112.79788208007812 799.0697021484375 111.39053344726562
292.0946960449219 408.22039794921875 287.67828369140625 390.07830810546875
677.4251098632812 348.06964111328125 676.2456665039062 372.20745849609375
505.8901672363281 270.8721008300781 519.0794677734375 271.64581298828125
799.6477661132812 485.5008850097656 668.6370239257812 451.5424499511719
500.0212707519531 394.8634033203125 527.294189453125 399.1109619140625
69.89328002929688 305.44097900390625 78.34873962402344 303.8267822265625
659.309326171875 376.5539855957031 634.5010375976562 369.84515380859375
290.9436950683594 388.79766845703125 295.0143127441406 407.78253173828125
678.6810913085938 434.3600769042969 799.386474609375 465.5020446777344
0.7152532935142517 475.0382385253906 12.161779403686523 560.2469482421875
643.9639282226562 24.99655532836914 646.2625122070312 0.9295626878738403
2.0121936798095703 421.9979553222656 6.549619674682617 448.9073181152344
560.7366333007812 277.2355041503906 587.78662109375 283.0010986328125
473.87677001953125 249.99349975585938 473.1382141113281 264.0072937011719
51.13877868652344 368.49505615234375 54.89676284790039 391.8557434082031
288.0370178222656 587.3317260742188 262.0262145996094 590.23486328125
339.036865234375 345.828857421875 369.14788818359375 352.3132629394531
372.09552001953125 353.5924072265625 471.0511779785156 376.78167724609375
621.9974975585938 253.0228271484375 428.1294250488281 231.8167724609375
300.8926086425781 463.03021240234375 287.01611328125 413.7140808105469
528.97412109375 274.18084716796875 538.0282592773438 273.89471435546875
291.3442687988281 412.91510009765625 296.22247314453125 432.69854736328125
667.29736328125 457.97235107421875 666.2731323242188 484.0107421875
320.32470703125 450.9322814941406 311.39764404296875 408.1256103515625
300.2815856933594 447.6228942871094 304.47125244140625 461.861328125
757.7324829101562 33.30959701538086 763.3793334960938 1.7103828191757202
