224
327.78619384765625 176.83099365234375 416.9140319824219 160.52996826171875
484.0364990234375 86.24070739746094 457.0503845214844 90.33224487304688
491.9911193847656 485.8321228027344 412.9475402832031 490.0068664550781
576.7667846679688 279.04486083984375 569.9882202148438 243.8098907470703
409.5170593261719 163.78482055664062 231.68495178222656 202.55494689941406
459.5547790527344 152.00338745117188 416.6797790527344 161.56399536132812
228.04965209960938 200.23313903808594 185.83453369140625 209.22299194335938
438.9559631347656 547.8750610351562 301.97015380859375 553.2371215820312
161.00460815429688 138.03030395507812 485.2586669921875 88.70024871826172
655.7117919921875 106.9889144897461 655.8414306640625 127.00750732421875
799.0293579101562 130.21873474121094 610.9961547851562 132.70819091796875
699.9901123046875 129.84323120117188 713.9348754882812 128.96524047851562
247.8102569580078 119.75518798828125 200.83470153808594 126.91558074951172
487.02227783203125 547.20068359375 441.99652099609375 547.6566162109375
700.991943359375 94.75154113769531 696.8032836914062 128.60446166992188
223.15658569335938 75.13317108154297 221.08094787597656 61.987220764160156
418.21160888671875 154.20166015625 329.15576171875 169.884521484375
610.04736328125 74.57530212402344 799.1644287109375 58.995880126953125
780.7556762695312 45.0652961730957 782.7579956054688 21.892681121826172
443.02734375 453.9659423828125 445.40673828125 386.0142517089844
677.6886596679688 55.05032730102539 678.286865234375 34.9787483215332
142.08103942871094 50.083106994628906 483.1171569824219 24.565799713134766
269.0323181152344 268.1094055175781 230.54949951171875 279.4745788574219
326.07464599609375 97.9907455444336 323.35797119140625 76.07960510253906
799.05517578125 534.1435546875 764.9415893554688 535.7899780273438
300.75933837890625 112.03666687011719 290.53375244140625 44.918678283691406
419.73406982421875 154.43324279785156 436.75299072265625 151.54469299316406
696.27978515625 63.00529479980469 696.36669921875 41.997379302978516
736.3087158203125 109.95968627929688 735.4849243164062 124.08659362792969
344.7702941894531 105.89476776123047 336.0589904785156 42.12855529785156
569.8414306640625 16.064210891723633 660.936767578125 0.6267582178115845
179.1632537841797 212.84017944335938 230.7692413330078 202.81246948242188
760.9600830078125 535.8236083984375 684.9796752929688 538.400146484375
767.615966796875 22.977439880371094 766.2625732421875 46.01542663574219
338.0550842285156 554.37939453125 475.994873046875 548.8715209960938
400.0462646484375 492.8948669433594 485.0259704589844 488.50244140625
199.17015075683594 127.76803588867188 183.53485107421875 48.89397430419922
252.52206420898438 119.90826416015625 239.31887817382812 44.768253326416016
370.9425048828125 362.86602783203125 226.50250244140625 424.84051513671875
336.768310546875 555.9422607421875 325.9751892089844 599.2430419921875
651.9923095703125 131.94313049316406 696.2665405273438 125.97813415527344
229.41119384765625 110.9384765625 225.8332977294922 87.02494049072266
311.48358154296875 77.07675170898438 314.8930358886719 100.01589965820312
454.79058837890625 95.01890563964844 459.9432373046875 152.09539794921875
610.742919921875 132.97711181640625 609.9945068359375 75.97381591796875
799.6925659179688 259.0135803222656 786.8539428710938 267.7862243652344
321.86334228515625 65.16602325439453 320.08453369140625 52.98765182495117
293.0196533203125 555.610595703125 337.0062561035156 554.1942138671875
585.7313232421875 295.4820861816406 575.421142578125 241.10975646972656
302.8411865234375 184.27259826660156 319.9012756347656 180.5478515625
447.7428283691406 386.02947998046875 445.0049743652344 455.03985595703125
783.1005249023438 20.912933349609375 768.1715087890625 22.557283401489258
0.5668151378631592 560.055908203125 120.543701171875 505.00555419921875
42.97216796875 194.84976196289062 161.96424865722656 172.80697631835938
237.109375 46.1535530090332 249.87481689453125 120.1939926147461
181.0829620361328 49.17852020263672 196.44790649414062 128.1074676513672
225.120849609375 86.23139953613281 212.14767456054688 87.50463104248047
760.1290893554688 167.9573974609375 759.1947021484375 187.05844116210938
194.03245544433594 128.27452087402344 167.05487060546875 131.46408081054688
211.19334411621094 88.7579345703125 215.95115661621094 112.21276092529297
440.9425964355469 492.9972229003906 438.3353271484375 546.9678955078125
666.26806640625 36.004676818847656 665.9190063476562 56.016029357910156
677.6669921875 126.01893615722656 678.1792602539062 107.97669982910156
394.69427490234375 67.78292083740234 397.296142578125 88.09017944335938
439.4870300292969 571.0131225585938 438.73284912109375 599.0197143554688
441.1488342285156 547.049072265625 443.4979248046875 492.0212707519531
288.5330810546875 45.06689453125 298.2801513671875 113.1031265258789
337.81280517578125 62.90350341796875 343.033447265625 106.87730407714844
520.6629028320312 404.8846130371094 554.4671630859375 599.0927734375
772.8753662109375 188.99295043945312 774.066650390625 167.94717407226562
796.0475463867188 583.9688110351562 766.3724365234375 538.7555541992188
229.00340270996094 278.99932861328125 216.36026000976562 214.9289093017578
256.77947998046875 259.8712158203125 253.32254028320312 238.94671630859375
633.2669067382812 292.9251403808594 621.1383666992188 249.68072509765625
49.01548385620117 130.11671447753906 0.8027258515357971 136.51303100585938
124.67373657226562 503.28924560546875 224.26353454589844 457.5740966796875
297.1548156738281 127.92050170898438 301.08843994140625 185.062744140625
227.08267211914062 189.40087890625 188.65464782714844 197.3252716064453
329.0483703613281 599.2545776367188 339.7512512207031 555.1824340820312
414.346435546875 149.16360473632812 387.903564453125 153.397705078125
763.6613159179688 539.2294921875 799.2916870117188 591.8023071289062
0.8959446549415588 71.3584976196289 50.8852424621582 68.18965911865234
219.3229522705078 241.13372802734375 237.90615844726562 335.216064453125
387.8150634765625 149.54978942871094 413.04241943359375 146.33262634277344
436.63427734375 151.15631103515625 433.5321350097656 124.05355072021484
42.02272415161133 105.20732116699219 0.8596086502075195 109.71916198730469
125.57585906982422 402.0390625 0.3090488910675049 447.0782775878906
239.42799377441406 333.9195861816406 230.0480499267578 283.990966796875
551.9814453125 599.1754150390625 518.5582885742188 405.0760498046875
629.9931640625 99.02888488769531 629.2078247070312 126.03512573242188
618.9779663085938 128.74298095703125 651.0848388671875 125.98920440673828
673.51220703125 599.1926879882812 643.1548461914062 522.3338012695312
716.2843627929688 128.89691162109375 713.7069091796875 96.78274536132812
474.5941162109375 77.96139526367188 473.36468505859375 59.041282653808594
474.17388916015625 180.0722198486328 475.6640930175781 197.11679077148438
537.0098266601562 547.5181884765625 517.9769897460938 547.1307373046875
762.9686279296875 356.3604431152344 769.4611206054688 320.9013366699219
0.8941916823387146 98.93705749511719 56.93613815307617 93.35846710205078
594.3310546875 63.00660705566406 594.42041015625 44.99712371826172
688.0985717773438 101.92324829101562 656.0370483398438 105.34709930419922
645.09765625 522.960205078125 676.0861206054688 598.9649047851562
298.0126953125 370.9977111816406 285.9121398925781 304.015869140625
361.8873596191406 237.8867950439453 354.6197204589844 180.9209442138672
406.2677001953125 87.0492935180664 404.91845703125 67.00548553466797
493.79498291015625 203.30384826660156 431.8650817871094 221.54183959960938
785.7149047851562 259.30938720703125 766.510986328125 322.8522033691406
80.80287170410156 366.3976745605469 0.5609862208366394 392.6585693359375
0.6347923278808594 459.05780029296875 133.9269561767578 407.39141845703125
221.19569396972656 429.9584655761719 130.07479858398438 0.5597145557403564
382.7242126464844 382.1800842285156 347.9577331542969 521.989501953125
345.5063171386719 522.877685546875 383.8916931152344 367.97314453125
761.7137451171875 322.3780212402344 778.4056396484375 261.02215576171875
709.0366821289062 540.0755615234375 799.0343017578125 537.0051879882812
0.8494569063186646 125.80712127685547 62.9954833984375 117.96420288085938
0.5880191326141357 257.99298095703125 83.97460174560547 240.8762664794922
464.96795654296875 59.829864501953125 466.542236328125 78.0395736694336
483.058837890625 195.99783325195312 482.4343566894531 178.9840545654297
0.669394850730896 234.2545166015625 75.99752807617188 219.9869384765625
100.08929443359375 339.2833251953125 0.5732506513595581 370.6458740234375
101.96284484863281 515.9195556640625 56.05800247192383 537.1255493164062
187.8669891357422 200.3574981689453 227.24932861328125 192.20436096191406
240.09681701660156 241.79364013671875 244.08355712890625 262.9842834472656
621.1149291992188 260.97064208984375 627.5369262695312 286.1182556152344
770.2180786132812 352.4973449707031 787.9888916015625 355.07647705078125
0.8273219466209412 243.23997497558594 88.52589416503906 223.31463623046875
213.89566040039062 386.0223388671875 238.06942749023438 498.9851379394531
408.42413330078125 197.80703735351562 410.89117431640625 216.01473999023438
596.8424682617188 401.6640930175781 626.415283203125 475.83441162109375
665.2714233398438 165.00433349609375 664.9835205078125 183.01571655273438
286.49432373046875 458.2198791503906 248.2830047607422 544.1258544921875
345.13714599609375 234.88829040527344 343.1814880371094 214.98216247558594
539.124755859375 0.9508752822875977 548.6470336914062 218.97174072265625
95.70257568359375 319.98785400390625 0.6798914670944214 347.91064453125
123.84835052490234 508.7654113769531 139.3707733154297 564.8974609375
146.63612365722656 598.1007690429688 122.54324340820312 511.12652587890625
173.17977905273438 1.7809792757034302 180.44529724121094 40.91733169555664
331.6370544433594 217.76806640625 334.3742980957031 237.08865356445312
624.2811279296875 476.28302001953125 595.0321044921875 401.98736572265625
676.1383666992188 184.0341339111328 676.6802978515625 165.96043395996094
246.0711212158203 543.5853881835938 311.2146911621094 397.6494445800781
771.7083129882812 320.97625732421875 769.0120849609375 354.0824279785156
777.9937133789062 123.6285629272461 799.0070190429688 123.53209686279297
0.6389980316162109 268.5401916503906 94.5715103149414 245.31105041503906
232.30422973632812 178.94664001464844 173.18536376953125 188.18605041503906
308.8155212402344 375.2657775878906 282.3141174316406 257.1539001464844
0.6770097017288208 353.9485778808594 113.96660614013672 319.14654541015625
786.0233154296875 357.5315246582031 763.080078125 356.38995361328125
37.979461669921875 79.7701416015625 0.8293080925941467 83.08979034423828
0.5802536010742188 401.785400390625 124.07418823242188 359.1083679199219
320.96234130859375 244.64683532714844 317.00164794921875 222.63975524902344
525.1333618164062 259.8792419433594 563.849365234375 254.0070037841797
685.9927368164062 540.2800903320312 706.0007934570312 540.0784912109375
0.6278388500213623 377.8536682128906 118.80709838867188 339.4859924316406
419.63690185546875 213.94422912597656 418.0650634765625 195.9943084716797
584.2801513671875 45.977996826171875 584.5900268554688 64.00704956054688
717.8680419921875 125.94866180419922 733.1296997070312 124.0333480834961
773.9947509765625 167.2077178955078 760.977783203125 166.8791046142578
0.7313446998596191 152.20108032226562 69.00082397460938 142.0055389404297
0.401544988155365 505.5938720703125 146.4600067138672 443.430419921875
411.57757568359375 273.5159606933594 444.0755920410156 264.2655334472656
484.9569396972656 297.68145751953125 508.0542907714844 299.14044189453125
599.9229736328125 290.7452697753906 587.9068603515625 291.48272705078125
658.9981689453125 541.2824096679688 681.0037231445312 541.4242553710938
575.1943359375 187.99378967285156 569.854248046875 20.972686767578125
788.98486328125 235.0086212158203 794.3175048828125 244.38803100585938
0.9428961873054504 1.828626036643982 36.2575798034668 4.262296199798584
406.7507019042969 288.4287109375 452.74609375 296.4549865722656
134.75193786621094 415.432861328125 0.4167647957801819 468.5242614746094
607.6751098632812 269.1438903808594 610.251953125 257.0536804199219
687.6793823242188 123.75930786132812 685.9942626953125 105.00051879882812
74.34508514404297 304.2196350097656 0.7306549549102783 325.04803466796875
0.41982173919677734 482.5699157714844 141.3734130859375 425.38531494140625
587.297119140625 162.9758758544922 587.5953369140625 179.0075225830078
436.9892272949219 598.9996948242188 437.7340087890625 572.9923706054688
482.7689514160156 28.08502197265625 494.7126770019531 201.0198516845703
120.34654235839844 502.6308898925781 112.13861846923828 472.6878967285156
287.67333984375 200.0458221435547 271.9228820800781 221.9445343017578
795.6845092773438 334.9354248046875 772.6041259765625 351.8255310058594
469.37811279296875 250.35006713867188 502.4864196777344 245.0232696533203
0.3780380189418793 438.197021484375 133.04437255859375 392.4320373535156
496.0008544921875 546.9751586914062 514.0140380859375 547.5855102539062
752.3595581054688 515.769287109375 731.52880859375 483.30230712890625
508.7331848144531 272.3447265625 504.334716796875 256.1810302734375
127.3523178100586 364.7297058105469 0.5329943895339966 410.7120056152344
183.57962036132812 189.99766540527344 183.65196228027344 208.00140380859375
334.234375 296.77813720703125 319.7741394042969 216.32168579101562
279.4032897949219 260.15447998046875 276.98858642578125 235.19459533691406
116.64336395263672 324.11602783203125 0.7986014485359192 359.33758544921875
148.8138427734375 448.1560363769531 0.8781177401542664 512.7207641601562
441.972900390625 270.83123779296875 413.89404296875 275.3401794433594
507.5375061035156 255.61114501953125 511.4637756347656 271.1356201171875
604.0053100585938 542.832275390625 617.9913330078125 543.2738647460938
121.64457702636719 343.9649353027344 0.8640404939651489 383.5855407714844
742.8858032226562 124.92694854736328 757.044677734375 123.41981506347656
39.083702087402344 71.92469787597656 0.8538284301757812 75.38514709472656
111.3345718383789 302.08148193359375 0.21371524035930634 336.4584045410156
319.4719543457031 178.8870849609375 306.7199401855469 125.58849334716797
739.5945434570312 121.0119857788086 739.2678833007812 109.96251678466797
655.9940795898438 234.07098388671875 763.0809936523438 243.03189086914062
55.08191680908203 154.54637145996094 0.8027610778808594 162.68446350097656
44.09957504272461 97.92781066894531 1.0587053298950195 102.54700469970703
143.708740234375 431.0531921386719 0.3614659905433655 491.4853820800781
773.9075317382812 232.17324829101562 787.9777221679688 233.28233337402344
711.8533935546875 93.05526733398438 633.9942626953125 98.92403411865234
312.2953796386719 250.21286010742188 298.99859619140625 262.11553955078125
719.8471069335938 252.24600219726562 740.9915771484375 247.95858764648438
53.6998291015625 537.3668212890625 1.1355432271957397 562.285888671875
507.9664611816406 275.6995849609375 515.278564453125 299.2242431640625
799.094970703125 88.51075744628906 716.0460815429688 93.73258209228516
259.00830078125 599.2032470703125 255.5037078857422 582.1016845703125
26.023832321166992 5.564019680023193 0.9418511986732483 6.623852729797363
534.1973876953125 297.18572998046875 528.18115234375 271.18951416015625
306.7247009277344 215.89382934570312 316.64599609375 240.33175659179688
511.25347900390625 299.5587463378906 503.7430419921875 276.08221435546875
138.0027618408203 407.0018615722656 133.1740264892578 414.1180725097656
759.3777465820312 523.2155151367188 689.6903076171875 508.4630126953125
674.0609741210938 504.74969482421875 608.0269165039062 506.2137451171875
49.18595886230469 123.38916778564453 0.8473934531211853 129.86000061035156
799.2572631835938 526.67626953125 780.9760131835938 523.1235961914062
485.3238830566406 229.81411743164062 471.7464294433594 237.5552520751953
711.0262451171875 424.18121337890625 762.0379028320312 425.8175354003906
537.3055419921875 270.73248291015625 542.26708984375 294.9452819824219
54.88588333129883 148.2681121826172 2.9022841453552246 156.373291015625
780.9888916015625 429.1389465332031 799.01171875 428.90631103515625
