318
241.43304443359375 472.2226867675781 251.75865173339844 313.0492248535156
344.4801940917969 235.0395965576172 347.2852478027344 201.02352905273438
571.33935546875 396.6480407714844 580.6510620117188 352.7140808105469
646.7322998046875 66.52297973632812 566.868408203125 446.18267822265625
316.6326904296875 293.9674987792969 319.203125 264.9294738769531
582.6972045898438 342.7203674316406 591.6674194335938 300.9286193847656
594.0459594726562 290.811767578125 600.12060546875 260.0238037109375
243.0308074951172 317.99749755859375 242.82594299316406 397.0047302246094
316.9667663574219 346.77703857421875 322.3474426269531 297.7091369628906
250.0070037841797 306.0390319824219 316.829345703125 294.0489807128906
470.6080322265625 302.7901611328125 475.2663879394531 271.889404296875
249.8143310546875 359.1518249511719 317.21148681640625 344.39794921875
365.6984558105469 599.0411987304688 360.4736633300781 434.01666259765625
326.0184020996094 247.15687561035156 248.9057159423828 256.1956787109375
498.7936096191406 273.0426330566406 496.97296142578125 306.9448547363281
322.8919372558594 252.90927124023438 319.5240478515625 294.04290771484375
322.0833435058594 294.11724853515625 327.0964050292969 247.7939910888672
331.6732177734375 194.07810974121094 333.4304504394531 178.9339141845703
492.7197265625 0.8082377910614014 473.947021484375 126.141845703125
631.0015258789062 136.21217346191406 659.7044067382812 0.7255333662033081
749.517333984375 315.322021484375 769.994140625 270.5400695800781
224.0392608642578 333.0863342285156 226.03985595703125 309.0032958984375
467.3175048828125 254.89212036132812 473.9161071777344 213.14480590820312
790.1414794921875 154.75465393066406 778.1392822265625 196.7540283203125
321.09173583984375 546.3698120117188 243.99819946289062 542.0320434570312
482.9655456542969 155.9954376220703 486.3786926269531 130.1822967529297
197.39291381835938 142.96636962890625 195.3954315185547 179.02191162109375
247.09605407714844 266.9479675292969 245.82704162597656 288.99005126953125
337.12640380859375 178.91616821289062 320.8164978027344 348.8864440917969
380.561279296875 179.95228576660156 359.4503479003906 374.0489807128906
328.0085754394531 200.89854431152344 323.4801025390625 245.15145874023438
452.3777160644531 349.056884765625 458.6952209472656 307.10467529296875
446.427734375 352.0654296875 460.6514587402344 259.09967041015625
459.6046142578125 300.93695068359375 465.8175354003906 261.9709167480469
460.9256591796875 308.1437072753906 454.56854248046875 349.0882873535156
476.43389892578125 157.2146453857422 480.3721618652344 130.90602111816406
319.7373962402344 348.9993591308594 252.63511657714844 366.6096496582031
327.0548095703125 245.09527587890625 331.03717041015625 201.00335693359375
357.075927734375 105.68751525878906 330.00555419921875 359.0005798339844
468.6459045410156 207.09938049316406 476.0457458496094 159.0070343017578
318.8036804199219 301.9805908203125 314.5456848144531 345.053955078125
330.1207580566406 177.83514404296875 328.7049560546875 193.97412109375
495.8581237792969 297.97796630859375 499.5931091308594 273.9367980957031
799.0482177734375 62.28268051147461 652.968994140625 52.46086120605469
752.409423828125 154.1119842529297 743.3857421875 187.10549926757812
253.65036010742188 317.0205993652344 253.20729064941406 331.0065612792969
279.8513488769531 545.8305053710938 271.98565673828125 599.1453857421875
314.3232116699219 262.9514465332031 312.2384033203125 292.01708984375
448.896728515625 39.635799407958984 415.9537048339844 34.28504943847656
603.2020263671875 434.0465087890625 590.3057861328125 490.0704040527344
249.71630859375 338.98614501953125 250.08375549316406 357.9983825683594
311.7835693359375 343.97772216796875 316.1128234863281 301.90869140625
405.4695739746094 374.4717102050781 456.27716064453125 0.7657678723335266
232.93441772460938 168.99627685546875 234.5251922607422 141.02987670898438
456.60723876953125 306.2413635253906 449.8664855957031 351.130126953125
169.72230529785156 454.4591369628906 185.2287139892578 446.49774169921875
479.0119934082031 162.15696716308594 472.3580322265625 205.05552673339844
657.3831787109375 462.1222229003906 653.4466552734375 474.4615173339844
730.8020629882812 273.98236083984375 730.4921264648438 295.02197265625
103.14219665527344 331.856689453125 85.14022827148438 334.8448181152344
124.20059204101562 368.8392639160156 62.65336227416992 383.5497131347656
362.6642150878906 446.012939453125 368.5611877441406 598.9783935546875
468.22393798828125 262.2037353515625 461.74530029296875 301.1240539550781
745.2410278320312 213.37368774414062 739.2207641601562 233.36758422851562
780.7008056640625 197.19822692871094 792.5902709960938 155.16696166992188
201.9424591064453 305.29669189453125 222.20350646972656 292.7171325683594
330.9718933105469 195.37203979492188 250.90846252441406 198.953857421875
284.60455322265625 518.0889282226562 289.9158935546875 481.98760986328125
401.6849060058594 30.5688533782959 448.98614501953125 40.06904983520508
461.13055419921875 256.1750183105469 467.9693603515625 211.99525451660156
361.0498962402344 429.1216735839844 223.26113891601562 485.6366882324219
471.2848815917969 212.04409790039062 464.7728271484375 254.11961364746094
656.0345458984375 41.387901306152344 799.0303344726562 49.46275329589844
792.0272827148438 330.91754150390625 740.381591796875 313.8455505371094
84.47901153564453 335.9872131347656 84.70403289794922 362.0111999511719
368.1153259277344 319.0125732421875 391.2256164550781 106.91561889648438
463.5726318359375 260.7930603027344 457.7691650390625 300.821533203125
656.0966186523438 0.8425678014755249 652.7947387695312 19.789960861206055
687.7487182617188 269.4499206542969 719.9614868164062 144.24737548828125
732.2728881835938 461.0836181640625 716.9814453125 510.99432373046875
732.5097045898438 235.40451049804688 743.4963989257812 194.4009552001953
761.9361572265625 336.2046813964844 744.7382202148438 330.8391418457031
0.9724349975585938 185.30575561523438 196.98562622070312 182.11666870117188
0.964024007320404 192.62966918945312 193.04165649414062 187.58697509765625
211.81907653808594 311.9213562011719 210.21461486816406 336.0142822265625
249.90159606933594 204.9453582763672 328.0575866699219 201.20236206054688
399.02166748046875 179.95474243164062 384.9835205078125 180.2732696533203
474.9193420410156 206.83572387695312 481.6731872558594 162.40635681152344
484.85693359375 130.97813415527344 480.98614501953125 156.30357360839844
642.3838500976562 65.86487579345703 625.0729370117188 144.7966766357422
735.0014038085938 327.9952697753906 655.8482055664062 304.5115661621094
393.0477600097656 96.00538635253906 397.5675964355469 55.95120620727539
746.5584106445312 297.7874755859375 736.0950927734375 319.5270690917969
771.685302734375 244.22857666015625 798.9881591796875 248.08380126953125
103.07378387451172 122.01091003417969 102.86162567138672 104.00163269042969
102.71009826660156 168.99864196777344 102.85940551757812 136.9946746826172
193.52435302734375 314.9242248535156 186.9996337890625 441.9999694824219
219.54454040527344 140.9788818359375 218.2909393310547 168.01348876953125
235.12452697753906 129.00657653808594 235.9209747314453 113.94294738769531
319.99053955078125 150.3848419189453 253.98129272460938 148.75987243652344
433.80535888671875 360.1184997558594 482.0998840332031 31.867570877075195
530.2726440429688 286.0287170410156 529.8179321289062 322.0103454589844
605.5310668945312 239.8024139404297 469.2718505859375 206.87503051757812
776.369384765625 244.29576110839844 733.228515625 234.94552612304688
719.8095703125 143.28359985351562 799.2855834960938 155.07492065429688
88.14141082763672 589.6016235351562 138.20321655273438 592.5532836914062
179.09744262695312 356.4126892089844 130.72470092773438 367.833984375
187.25697326660156 449.3022155761719 169.94662475585938 456.8780212402344
193.01109313964844 450.916748046875 201.66342163085938 348.1400451660156
252.04348754882812 179.87855529785156 331.99609375 175.92129516601562
462.15716552734375 301.550537109375 583.3717041015625 343.9369812011719
617.3177490234375 182.30545043945312 477.3634033203125 156.06201171875
749.1600341796875 323.36669921875 798.66748046875 340.93701171875
262.0296936035156 262.3462829589844 247.97035217285156 262.6564636230469
251.92135620117188 178.05789184570312 262.1033630371094 16.006494522094727
310.9466552734375 293.1411437988281 264.1993408203125 275.4725341796875
516.7523803710938 531.0921020507812 499.5357971191406 484.80072021484375
652.9483032226562 54.75956726074219 799.02001953125 64.70578002929688
765.4080810546875 275.8005065917969 757.4390869140625 289.818115234375
127.22492980957031 353.0007629394531 127.2785873413086 407.0007019042969
190.93142700195312 188.0057830810547 191.0509490966797 272.0013427734375
197.01779174804688 181.95928955078125 198.71421813964844 141.02960205078125
202.2626953125 1.976672649383545 199.66690063476562 84.02110290527344
238.71669006347656 599.110595703125 241.1709442138672 561.010986328125
289.0107421875 175.7678985595703 253.9896240234375 176.25750732421875
270.8927307128906 258.9917907714844 322.26873779296875 253.52577209472656
282.8170471191406 544.1062622070312 285.4248352050781 524.0552368164062
465.8320617675781 327.0077819824219 492.73822021484375 322.4533996582031
510.3778076171875 316.536376953125 513.6959838867188 297.7694396972656
734.3007202148438 294.01470947265625 734.5386962890625 272.98345947265625
329.4739685058594 359.1390380859375 251.48646545410156 381.1832275390625
282.80841064453125 524.9745483398438 280.425048828125 542.9236450195312
357.9984436035156 549.0374145507812 327.96728515625 547.7841796875
450.3047180175781 348.77569580078125 571.4813842773438 397.81036376953125
471.5765686035156 212.69056701660156 603.7979736328125 245.80662536621094
699.8915405273438 377.981689453125 704.5420532226562 350.4290466308594
10.994089126586914 285.94110107421875 28.023271560668945 284.2318420410156
103.0095443725586 360.0494689941406 103.67611694335938 332.9674072265625
243.7545166015625 415.220458984375 236.5943603515625 472.2003479003906
274.7935791015625 599.115234375 282.35418701171875 547.0514526367188
289.5743713378906 310.6471862792969 310.244873046875 319.42327880859375
368.62689208984375 0.8524248003959656 358.28997802734375 97.03116607666016
385.9866027832031 181.85067749023438 398.9964904785156 181.69903564453125
402.6954040527344 21.46152114868164 449.73626708984375 31.265403747558594
591.261474609375 382.9228820800781 605.2131958007812 430.2320251464844
605.78369140625 440.1629943847656 586.7272338867188 371.0752258300781
622.9931640625 15.23399829864502 651.0276489257812 16.05292510986328
704.1358642578125 185.21810913085938 677.885986328125 180.65621948242188
785.62353515625 599.541015625 799.72021484375 557.239990234375
83.25233459472656 136.99618530273438 83.34369659423828 167.0019989013672
103.34164428710938 319.01483154296875 103.49677276611328 304.99444580078125
129.84596252441406 405.9886779785156 129.36416625976562 369.9951171875
344.1653137207031 176.0162353515625 360.276611328125 12.027176856994629
479.7854919433594 162.09234619140625 615.8406372070312 188.8115234375
679.3069458007812 304.9468994140625 724.2755126953125 318.0549011230469
799.1115112304688 318.948486328125 778.030517578125 316.7124328613281
59.00822067260742 383.9637145996094 57.17324447631836 332.9577941894531
102.96049499511719 136.6350860595703 83.90980529785156 135.45013427734375
250.14329528808594 200.0928955078125 251.7707977294922 180.06263732910156
554.0610961914062 572.895263671875 417.4659118652344 493.2014465332031
501.2032165527344 484.923583984375 518.5850219726562 531.156005859375
725.129150390625 309.5267028808594 668.9459228515625 294.19830322265625
132.01622009277344 3.000117540359497 131.5306854248047 70.00384521484375
402.3405456542969 0.8453071117401123 398.4159851074219 42.945560455322266
626.1810302734375 126.71412658691406 493.281494140625 108.0008316040039
623.8673095703125 352.2027893066406 636.0687255859375 300.0160827636719
641.0897827148438 301.7220458984375 700.6859741210938 320.97210693359375
139.19577026367188 596.1885986328125 87.23880004882812 592.5706176757812
129.805419921875 367.9959411621094 129.6291046142578 332.996826171875
592.3956298828125 491.32305908203125 604.9204711914062 437.2130432128906
725.4338989257812 318.19757080078125 728.6185913085938 295.0852355957031
704.0095825195312 320.96697998046875 766.9384155273438 339.2124938964844
15.263547897338867 255.978271484375 16.683027267456055 273.1910705566406
87.20413208007812 266.75067138671875 130.08749389648438 261.7503356933594
242.97975158691406 544.3482666015625 279.9709777832031 546.4993286132812
281.8699035644531 414.98968505859375 278.60821533203125 456.12750244140625
595.9713134765625 456.0644226074219 574.2715454101562 446.3908996582031
51.35017013549805 82.9999008178711 51.35546875 101.9999008178711
192.37818908691406 348.8647766113281 205.81344604492188 306.0011901855469
269.9032287597656 275.0688781738281 270.3047790527344 263.9748229980469
469.3064880371094 254.96942138671875 593.9852905273438 292.0494079589844
49.23413848876953 1.9932023286819458 51.004459381103516 62.9708366394043
133.66990661621094 582.7845458984375 163.78794860839844 599.3847045898438
246.3314666748047 291.25634765625 265.99127197265625 300.01959228515625
625.14453125 149.08193969726562 484.9974060058594 127.01644897460938
743.68994140625 193.7230224609375 799.230712890625 203.71798706054688
134.99310302734375 260.85418701171875 162.97776794433594 259.5301818847656
223.5316162109375 585.3392944335938 149.78976440429688 542.8908081054688
482.8264465332031 28.110584259033203 486.46368408203125 0.928234875202179
570.4423217773438 402.91912841796875 447.208251953125 352.4911193847656
573.7887573242188 448.46844482421875 595.81884765625 458.4017028808594
624.0578002929688 599.5010375976562 587.7140502929688 531.1520385742188
674.9097290039062 111.51958465576172 634.8681030273438 285.7398681640625
80.01039123535156 279.8556213378906 55.99089431762695 278.1264953613281
0.5465472340583801 460.4477844238281 112.23920440673828 427.81884765625
244.83929443359375 289.9940490722656 245.69232177734375 266.98858642578125
283.03369140625 138.80946350097656 258.96807861328125 138.12860107421875
331.9961242675781 141.10595703125 285.9844665527344 139.4256134033203
360.79119873046875 9.050895690917969 361.3119201660156 0.9557383060455322
516.7158813476562 298.7955627441406 523.202880859375 321.51318359375
653.1796264648438 481.5978698730469 617.2106323242188 465.5285339355469
666.6112670898438 466.13702392578125 704.9788208007812 473.1164245605469
752.4921875 265.1474304199219 743.4234008789062 295.42633056640625
678.905517578125 112.81982421875 799.038330078125 126.66732788085938
115.18329620361328 272.9828796386719 148.12037658691406 270.9588928222656
291.17657470703125 483.02587890625 286.3392639160156 516.0496826171875
527.8475952148438 320.5851135253906 518.8644409179688 280.5813293457031
416.21417236328125 498.6395263671875 556.134765625 581.773193359375
677.783447265625 182.2612762451172 704.03955078125 186.76953125
752.8194580078125 376.545654296875 719.79541015625 365.61822509765625
309.7743835449219 326.65228271484375 272.5471496582031 314.3728942871094
663.0010986328125 0.7889413833618164 656.8362426757812 29.965402603149414
247.56309509277344 261.98486328125 249.19264221191406 214.93739318847656
487.9524841308594 123.1424331665039 497.8684387207031 56.83079147338867
690.8323974609375 291.5755310058594 707.8453979492188 296.53082275390625
283.96209716796875 546.7344970703125 319.9694519042969 548.5922241210938
649.350830078125 234.0811767578125 677.3500366210938 113.08100128173828
223.2257843017578 293.9681701660156 194.75 315.33404541015625
298.80218505859375 246.5265350341797 279.8475341796875 239.4058837890625
421.67596435546875 482.5700378417969 553.7646484375 557.6548461914062
480.74627685546875 129.57177734375 625.8396606445312 152.9933624267578
587.5491943359375 526.7042236328125 626.6031494140625 599.2137451171875
84.47425079345703 307.99725341796875 84.40105438232422 322.00732421875
84.76373291015625 322.5724792480469 102.76708221435547 319.5927429199219
721.8823852539062 363.34906005859375 755.4518432617188 374.6587829589844
231.27178955078125 346.21478271484375 208.30288696289062 351.353759765625
572.3640747070312 418.1304626464844 434.2865295410156 360.3157043457031
554.9956665039062 1.3195265531539917 653.990966796875 2.665794610977173
603.62548828125 461.822509765625 652.5087280273438 484.0789489746094
21.660978317260742 273.02508544921875 20.33146858215332 255.0494384765625
254.02767944335938 145.1705780029297 321.05316162109375 147.40768432617188
343.0327453613281 33.8314208984375 338.735595703125 83.97734069824219
718.6064453125 511.188232421875 734.8203735351562 458.9442443847656
279.5032653808594 242.31143188476562 297.56353759765625 249.1522979736328
329.03106689453125 548.5554809570312 358.0291442871094 550.5830688476562
777.0775146484375 232.6462860107422 797.95166015625 237.22055053710938
152.6354217529297 440.5505065917969 117.68660736083984 432.33282470703125
0.8615760207176208 71.45635223388672 251.87503051757812 95.31481170654297
155.91184997558594 550.5244140625 213.70606994628906 586.2391967773438
337.9286193847656 88.99368286132812 333.4044494628906 140.124267578125
375.7540283203125 599.7196044921875 385.7032470703125 575.468017578125
449.5745544433594 33.20115280151367 402.7765808105469 24.15595245361328
162.42544555664062 258.00140380859375 162.55880737304688 217.9951934814453
518.0699462890625 600.4560546875 404.18255615234375 527.7141723632812
652.0460205078125 19.614276885986328 504.975830078125 14.727312088012695
793.256591796875 151.07037353515625 798.7775268554688 130.93898010253906
133.67967224121094 409.31060791015625 161.71571350097656 416.1630859375
235.33592224121094 535.6704711914062 209.89846801757812 471.8448181152344
364.10821533203125 380.3376159667969 245.79994201660156 418.25567626953125
332.5737609863281 147.96237182617188 330.19293212890625 174.92874145507812
49.899688720703125 281.69500732421875 87.94398498535156 283.946533203125
389.0196533203125 565.3958129882812 400.842529296875 534.9388427734375
503.5638732910156 14.114306449890137 506.2924499511719 0.6538641452789307
488.166259765625 123.91854095458984 624.3303833007812 144.85079956054688
498.9264831542969 68.77001953125 636.0136108398438 81.85733795166016
798.9205322265625 52.382301330566406 768.9620361328125 50.660499572753906
215.47792053222656 279.3796081542969 203.9169921875 293.9340515136719
730.3570556640625 600.2295532226562 390.68304443359375 422.60614013671875
654.0016479492188 49.97943878173828 689.0203247070312 52.742794036865234
258.90234375 82.00678253173828 284.0537109375 84.4461669921875
338.0586242675781 84.60516357421875 292.7218933105469 77.8726806640625
555.4806518554688 583.0029907226562 555.5736083984375 599.00830078125
691.0916137695312 52.5859375 799.0918579101562 59.582393646240234
432.60382080078125 42.94465255737305 424.38568115234375 101.77449035644531
404.83026123046875 533.2678833007812 510.29888916015625 600.1063232421875
554.7164306640625 556.0054321289062 555.02197265625 572.0186767578125
772.440185546875 422.4963684082031 762.9346313476562 430.92626953125
328.9979553222656 61.89932632446289 327.1876220703125 79.91838073730469
765.9700317382812 50.53797149658203 694.967529296875 46.58236312866211
776.8250732421875 323.8409729003906 799.1090087890625 328.47601318359375
563.4957885742188 447.1192932128906 403.4429626464844 375.0166931152344
799.6949462890625 241.8843536376953 775.5574951171875 236.5006103515625
433.31964111328125 599.94970703125 388.4318542480469 567.7930908203125
698.90087890625 400.5531005859375 732.3761596679688 421.3958740234375
404.170166015625 526.4647216796875 414.7241516113281 499.89044189453125
192.1343994140625 405.001220703125 192.39564514160156 376.0035705566406
118.42088317871094 437.0068359375 154.61892700195312 443.97857666015625
389.3252258300781 573.522705078125 427.5926818847656 599.5977783203125
799.0364990234375 123.68242645263672 677.912841796875 109.75819396972656
260.9916076660156 112.11981964111328 297.0250244140625 114.64236450195312
497.0286560058594 53.65262222290039 640.1270751953125 65.45974731445312
739.0796508789062 233.4246063232422 771.0213623046875 237.84552001953125
128.25059509277344 330.99932861328125 128.13941955566406 289.9996337890625
620.99853515625 404.0040283203125 672.6661987304688 422.91217041015625
242.54946899414062 567.9848022460938 241.50376892089844 599.0169677734375
692.9437255859375 46.63114547729492 663.9071044921875 44.0421028137207
756.3320922851562 362.9409484863281 734.0177612304688 355.9433288574219
56.49027633666992 337.9959716796875 56.869598388671875 384.0010681152344
353.97967529296875 32.79606246948242 339.5887756347656 175.3622589111328
479.7731628417969 125.96554565429688 491.029541015625 51.852603912353516
716.6520385742188 414.57611083984375 697.8629760742188 403.226806640625
597.0147705078125 260.68707275390625 525.0050048828125 262.23333740234375
111.98408508300781 455.9306335449219 133.97332763671875 450.8837585449219
801.4039916992188 508.7705078125 772.2529907226562 599.7221069335938
419.98541259765625 364.4964904785156 569.3975830078125 430.3664855957031
323.3738098144531 119.95586395263672 322.10150146484375 138.0071563720703
76.00588989257812 270.510986328125 56.002296447753906 270.5889892578125
221.6020965576172 525.7506103515625 227.97488403320312 566.692626953125
262.7323303222656 15.381547927856445 344.9402160644531 31.308582305908203
476.94842529296875 37.58669662475586 446.7881164550781 189.15682983398438
417.0251770019531 492.3705139160156 420.4798583984375 482.81201171875
276.0334777832031 51.52658462524414 299.0597839355469 53.154170989990234
485.92852783203125 340.7953186035156 465.9233703613281 347.7805480957031
685.982177734375 301.0614929199219 713.9548950195312 309.1557922363281
122.5185317993164 551.10205078125 118.77039337158203 570.1515502929688
394.9601135253906 362.9949645996094 435.4626770019531 43.058570861816406
180.0685272216797 355.9609069824219 177.0030059814453 429.0001220703125
27.06629180908203 269.4447937011719 47.214900970458984 266.44195556640625
409.76922607421875 114.97413635253906 396.3153991699219 235.03533935546875
793.8698120117188 225.53173828125 745.58154296875 213.70904541015625
361.2676086425781 98.92789459228516 366.5714416503906 45.05625915527344
87.29044342041016 270.7328186035156 80.59431457519531 263.45330810546875
133.22308349609375 60.99982452392578 133.2073211669922 40.99983596801758
48.7843132019043 61.99913024902344 48.88518524169922 36.99953842163086
395.6802062988281 236.9611358642578 384.982421875 324.99786376953125
447.3974609375 192.9154815673828 424.92474365234375 353.12969970703125
391.0804443359375 330.0048522949219 389.4504699707031 357.02716064453125
395.98211669921875 116.14067077636719 405.0198059082031 115.95267486572266
