353
584.03955078125 271.6009521484375 603.9532470703125 270.2896728515625
690.0067138671875 281.9249572753906 674.9948120117188 281.83154296875
685.2555541992188 218.0460968017578 693.7493896484375 170.95480346679688
648.3939819335938 123.5060043334961 658.8859252929688 53.132080078125
795.005615234375 100.19632720947266 683.0111694335938 99.4107437133789
794.5211181640625 310.3183288574219 798.7828369140625 289.9545593261719
662.5215454101562 55.22321319580078 652.7308349609375 121.96051025390625
666.1363525390625 277.7906188964844 662.0546264648438 314.1184997558594
674.8544311523438 274.15655517578125 683.1560668945312 228.8453826904297
682.4894409179688 100.25830078125 686.1709594726562 79.02964782714844
767.0016479492188 222.81300354003906 662.9921264648438 221.90245056152344
708.8768310546875 247.7166748046875 701.7814331054688 266.29840087890625
619.1368408203125 322.01983642578125 623.7840576171875 289.96868896484375
638.0659790039062 200.6907958984375 627.849609375 260.8239440917969
659.8594360351562 44.45043182373047 666.3552856445312 3.2134928703308105
690.0104370117188 275.13299560546875 675.9932250976562 275.2621154785156
695.9636840820312 158.993408203125 704.9000244140625 109.80017852783203
251.34976196289062 170.0697784423828 241.687744140625 80.03350830078125
667.1224365234375 44.17080307006836 673.0811157226562 5.012341499328613
683.016845703125 227.3099822998047 662.9944458007812 227.56756591796875
681.474853515625 108.9094467163086 672.8126831054688 159.14013671875
686.593505859375 77.27387237548828 699.7396850585938 0.7833929061889648
475.0018310546875 99.44574737548828 346.9916687011719 99.97132110595703
634.6085205078125 289.9383850097656 622.51806640625 366.76678466796875
663.2030639648438 3.8832502365112305 645.859375 122.27239990234375
670.4193115234375 3.911583662033081 664.330810546875 43.89810562133789
666.0208740234375 383.2181396484375 684.4849243164062 312.86480712890625
693.011962890625 169.47752380371094 671.0258178710938 170.02952575683594
8.946429252624512 162.5640869140625 53.921138763427734 160.88616943359375
238.2982177734375 84.19072723388672 247.59664916992188 167.15728759765625
660.5831298828125 227.84213256835938 655.349365234375 274.81610107421875
670.9490356445312 171.99119567871094 663.1419677734375 217.1972198486328
662.9970703125 218.11341857910156 686.0332641601562 218.70591735839844
666.3867797851562 315.5555114746094 672.78125 277.9627990722656
252.05958557128906 167.86480712890625 0.9820356369018555 164.24659729003906
470.99078369140625 168.759033203125 350.98419189453125 167.30084228515625
630.451904296875 246.06605529785156 636.8753662109375 202.1279754638672
635.400634765625 271.32049560546875 641.8193359375 208.9813995361328
644.7911376953125 129.9693145751953 635.3546142578125 194.1990203857422
658.1725463867188 313.071533203125 653.5875244140625 260.03564453125
781.0009765625 163.63983154296875 673.996337890625 163.35009765625
683.9771118164062 227.3161163330078 760.9886474609375 228.65367126464844
334.9999694824219 78.977294921875 480.0009460449219 78.8083724975586
471.99224853515625 107.86618041992188 348.9842224121094 106.76668548583984
764.639892578125 309.9444274902344 755.96435546875 366.14886474609375
95.4749984741211 158.45608520507812 81.70320892333984 121.10944366455078
482.5021057128906 153.01573181152344 487.26806640625 0.9457205533981323
640.900146484375 417.96978759765625 600.9344482421875 430.0831298828125
654.00048828125 440.0269470214844 694.9483642578125 439.256103515625
673.0025634765625 159.6768798828125 696.0090942382812 159.8607177734375
800.3823852539062 277.0875549316406 786.7743530273438 306.8970031738281
65.76756286621094 117.30188751220703 69.69078063964844 159.30906677246094
355.056884765625 270.1966552734375 468.10211181640625 273.7629699707031
686.99658203125 78.48805236816406 799.0018920898438 78.64305877685547
468.0072021484375 225.59896850585938 352.9724426269531 223.53741455078125
467.65277099609375 275.9446105957031 469.8747253417969 221.91259765625
501.0037536621094 318.8677978515625 544.02587890625 320.08477783203125
691.667724609375 323.9340515136719 682.5410766601562 369.9089050292969
278.6185607910156 442.2279968261719 392.4895324707031 385.9668273925781
621.4854125976562 288.7814025878906 617.101318359375 319.158935546875
642.03173828125 124.00458526611328 659.660888671875 1.8068066835403442
755.19873046875 444.31622314453125 657.3649291992188 437.0718994140625
667.9329833984375 481.6073303222656 641.4951171875 418.7916259765625
727.9724731445312 390.6498107910156 668.0376586914062 388.1106262207031
799.0009765625 74.54641723632812 687.997802734375 74.74313354492188
30.02977752685547 420.98492431640625 1.13443124294281 363.9319152832031
265.8053283691406 366.1719665527344 254.01885986328125 215.763427734375
471.0036315917969 219.65635681152344 351.9851989746094 218.3933563232422
469.6838684082031 215.98516845703125 472.1258239746094 163.912109375
671.1641235351562 49.58736801147461 658.222412109375 44.440765380859375
627.4312133789062 288.7491455078125 622.2423095703125 321.1986389160156
658.3184204101562 132.62258911132812 646.8729248046875 122.96540832519531
702.976318359375 108.4429702758789 681.9295654296875 107.31678009033203
702.0000610351562 106.66062927246094 790.0001220703125 106.6533432006836
2.9262123107910156 372.4302978515625 20.954133987426758 417.4190979003906
353.0068359375 214.9794464111328 470.0082702636719 215.7632598876953
661.70751953125 410.22772216796875 702.9086303710938 426.7255554199219
702.4728393554688 266.18609619140625 689.91259765625 274.3210144042969
708.0031127929688 392.3497619628906 725.0017700195312 392.197998046875
713.8185424804688 433.9555969238281 720.9647216796875 404.7467041015625
478.0653991699219 79.92806243896484 470.6623840332031 279.0246276855469
596.0111083984375 397.33746337890625 628.0006103515625 397.07232666015625
658.8702392578125 264.9700012207031 659.3486328125 246.95614624023438
749.0180053710938 283.5971374511719 721.0291748046875 282.34649658203125
763.159423828125 227.78868103027344 750.3275146484375 278.8309326171875
728.0157470703125 368.74798583984375 783.237548828125 372.20001220703125
81.00099182128906 119.58866119384766 69.99864959716797 119.56217956542969
233.7690887451172 12.02558708190918 240.40988159179688 71.95458221435547
655.933837890625 122.13846588134766 665.5799560546875 57.08599853515625
739.0243530273438 390.98394775390625 684.1724853515625 307.5975341796875
229.1266326904297 410.2835998535156 287.99859619140625 383.99688720703125
350.7291564941406 274.0115661621094 342.52581787109375 81.9775390625
401.1494445800781 443.2590637207031 421.3494567871094 431.6057434082031
607.105224609375 421.4456787109375 638.0342407226562 414.1450500488281
243.98548889160156 79.89447784423828 253.63754272460938 170.03880310058594
470.0219421386719 278.6967468261719 354.9872131347656 276.7598571777344
625.14892578125 327.74267578125 630.2325439453125 291.17132568359375
724.893798828125 394.0639343261719 752.4024658203125 439.7577209472656
7.775076389312744 131.76699829101562 15.330693244934082 156.9005889892578
106.50249481201172 511.6505126953125 153.70223999023438 579.5115966796875
631.5064697265625 410.1036376953125 586.6797485351562 421.76947021484375
657.390625 436.7850036621094 651.210693359375 396.8128356933594
67.97000122070312 162.552978515625 92.99153137207031 160.8738555908203
185.1144561767578 322.4482727050781 210.50196838378906 315.96588134765625
221.13613891601562 142.59176635742188 197.96353149414062 144.57363891601562
315.0980529785156 296.0113830566406 316.03289794921875 369.99957275390625
472.0594482421875 158.96786499023438 473.83636474609375 106.96024322509766
673.9837036132812 278.238525390625 689.0205688476562 278.43646240234375
748.9340209960938 297.2198181152344 680.1027221679688 299.771240234375
702.89697265625 480.19287109375 673.6830444335938 477.6702880859375
709.6809692382812 292.6649475097656 721.048095703125 281.02337646484375
111.85585021972656 527.7108764648438 16.200641632080078 575.4024047851562
223.82879638671875 469.6585388183594 275.7991943359375 443.5995178222656
473.0 161.96400451660156 349.9997253417969 161.92904663085938
685.988037109375 308.1070251464844 760.0226440429688 308.9069519042969
786.0037841796875 306.2445373535156 763.9935913085938 306.5859069824219
12.665536880493164 574.3258666992188 110.41747283935547 525.825927734375
419.6376647949219 463.10821533203125 392.97100830078125 444.0405578613281
476.9940185546875 31.638612747192383 390.9679260253906 33.063377380371094
534.93115234375 365.94769287109375 557.104736328125 367.55810546875
583.9701538085938 280.41619873046875 620.2242431640625 370.1217956542969
641.188232421875 580.0454711914062 636.5204467773438 599.3673095703125
689.4425048828125 277.8055725097656 696.84375 292.1152648925781
759.3325805664062 306.7115783691406 739.8583374023438 284.2556457519531
799.1339111328125 101.03214263916016 755.8895874023438 281.2135009765625
12.555211067199707 578.2078857421875 22.403024673461914 599.2789916992188
45.96200180053711 160.13609313964844 67.24768829345703 150.5499725341797
118.05916595458984 380.3370361328125 187.09327697753906 319.51068115234375
259.02581787109375 524.0438232421875 323.4527893066406 486.0715637207031
379.12921142578125 395.2605895996094 230.08059692382812 469.1625671386719
350.9986267089844 97.6379623413086 394.0018005371094 97.47451782226562
421.7649230957031 425.2342224121094 441.64984130859375 393.1628723144531
500.8978576660156 0.9451467990875244 486.314453125 293.96588134765625
657.2354125976562 160.77227783203125 668.790283203125 172.21185302734375
700.7894287109375 356.13580322265625 713.7183227539062 376.1816711425781
777.4356689453125 168.86602783203125 765.505615234375 219.12002563476562
280.96380615234375 65.00261688232422 278.9376220703125 37.004512786865234
601.6499633789062 595.3898315429688 649.8619995117188 572.84326171875
702.3080444335938 423.57855224609375 714.0558471679688 421.2862243652344
719.7350463867188 403.3062744140625 709.9798583984375 394.8673095703125
697.9990844726562 39.448055267333984 799.0038452148438 39.27709197998047
118.49333190917969 521.9777221679688 198.63238525390625 482.25830078125
258.3375244140625 7.850135803222656 260.0345764160156 22.996126174926758
419.500244140625 438.1219482421875 422.3468933105469 473.1343994140625
512.2545166015625 40.956851959228516 495.7025451660156 326.9248962402344
640.5358276367188 93.07466888427734 653.37841796875 0.913383960723877
48.55104064941406 78.10511779785156 31.803632736206055 6.57769775390625
153.09579467773438 582.933837890625 104.40089416503906 512.4136962890625
294.919677734375 232.00546264648438 293.3536376953125 208.9759521484375
480.7640686035156 383.1913757324219 443.4403076171875 394.0817565917969
483.7607421875 386.9320373535156 453.1731872558594 422.4256896972656
603.9949340820312 271.8929748535156 585.9880981445312 272.75
799.0021362304688 30.28752899169922 697.9928588867188 31.04747200012207
752.8712768554688 280.7145690917969 767.2611694335938 223.8131561279297
20.32392692565918 599.3211059570312 4.203108787536621 565.3784790039062
13.251797676086426 432.93310546875 39.499263763427734 425.8501281738281
239.96067810058594 409.7811279296875 279.7541198730469 402.6315002441406
335.42388916015625 291.9770812988281 319.68719482421875 0.9087816476821899
358.7684326171875 419.9996643066406 423.17279052734375 469.4732666015625
684.6751098632812 370.1395263671875 693.9639282226562 325.1992492675781
277.5795593261719 23.028472900390625 276.4964294433594 7.0341010093688965
388.3807678222656 450.69403076171875 365.9886169433594 462.979248046875
486.01837158203125 293.81646728515625 336.0079650878906 291.4868469238281
488.07501220703125 77.00313568115234 484.8954162597656 153.03744506835938
542.99267578125 322.262451171875 500.99737548828125 321.0943908691406
620.1395874023438 383.4668884277344 557.7510986328125 367.1313171386719
645.0687255859375 193.31414794921875 653.6063232421875 137.09207153320312
733.3661499023438 405.8788146972656 736.239013671875 390.8544921875
769.1312255859375 299.8529052734375 753.9862670898438 298.12017822265625
799.0030517578125 42.79925537109375 731.9963989257812 43.05734634399414
799.5977783203125 176.14898681640625 769.0387573242188 298.76043701171875
631.5560913085938 100.81277465820312 628.5569458007812 123.94255828857422
646.5731201171875 207.80482482910156 636.1697387695312 194.111328125
51.279293060302734 124.27519989013672 8.071101188659668 129.57920837402344
109.97676086425781 65.00447082519531 98.53778076171875 5.512045383453369
122.35497283935547 8.118719100952148 125.26886749267578 23.95051383972168
142.4893035888672 23.91752052307129 139.78384399414062 7.867868423461914
223.98223876953125 153.7532196044922 200.0343017578125 155.47662353515625
288.2592468261719 386.5857849121094 246.1068115234375 405.2413635253906
277.50360107421875 209.8450469970703 279.7889709472656 232.02174377441406
449.9886779785156 382.4391784667969 404.0450744628906 381.2534484863281
629.847412109375 387.05718994140625 624.6300048828125 373.1387023925781
114.0997543334961 137.97525024414062 117.60453033447266 152.09814453125
278.972412109375 36.32602310180664 261.9797668457031 35.97248840332031
450.2419738769531 424.43170166015625 457.7419128417969 489.7189025878906
534.8960571289062 367.6181335449219 500.7073669433594 376.9249572753906
624.2772827148438 347.888916015625 615.0927124023438 324.9628601074219
717.0955200195312 379.2760009765625 700.8505859375 377.1322937011719
10.998374938964844 25.000417709350586 6.888424396514893 9.028711318969727
143.99771118164062 37.115150451660156 127.98417663574219 36.797401428222656
149.17076110839844 65.97329711914062 144.8014678955078 38.031044006347656
166.97779846191406 150.94207763671875 244.02488708496094 151.82313537597656
350.0005187988281 158.5644073486328 472.0005187988281 158.6088104248047
625.829345703125 123.87800598144531 628.4388427734375 98.83731079101562
759.5586547851562 514.2449951171875 721.0902709960938 444.94989013671875
182.88392639160156 458.1049499511719 247.43955993652344 529.5067138671875
261.5370788574219 36.86772918701172 263.9582824707031 65.00359344482422
324.6116638183594 485.4413757324219 282.5876159667969 448.4687194824219
333.8581848144531 103.98565673828125 333.4407653808594 79.00934600830078
204.1853790283203 280.286865234375 213.29296875 295.42535400390625
600.9472045898438 315.0223693847656 586.100830078125 279.9573059082031
673.8627319335938 472.9045104980469 702.927978515625 474.99908447265625
673.9566650390625 480.2681579589844 708.0194091796875 481.4321594238281
697.6668701171875 446.1495666503906 714.7176513671875 484.12677001953125
799.9646606445312 324.26873779296875 769.5115356445312 433.5853576660156
33.62852478027344 23.081262588500977 45.91310119628906 79.23776245117188
198.92813110351562 162.32972717285156 227.139892578125 159.3045196533203
283.97723388671875 447.0262145996094 326.8208312988281 484.2064514160156
384.0068664550781 32.40488052368164 344.9841613769531 33.066993713378906
692.981201171875 169.8350067138672 774.9828491210938 170.6740264892578
199.9610137939453 483.9220275878906 171.9603729248047 497.9207458496094
327.09075927734375 487.1578674316406 276.98236083984375 515.9692993164062
344.9977111816406 40.72509002685547 476.0008850097656 40.48965072631836
20.487525939941406 65.88587951660156 13.962058067321777 38.008880615234375
22.99810028076172 126.67654418945312 43.0032844543457 126.55903625488281
127.52235412597656 37.08650207519531 132.59097290039062 65.0740737915039
143.9799346923828 163.72547912597656 165.08645629882812 162.18313598632812
176.24288940429688 230.11805725097656 172.79872131347656 208.03138732910156
250.3854217529297 418.5478515625 277.462890625 441.6300964355469
346.56561279296875 101.9102554321289 349.83551025390625 158.9521026611328
473.9981689453125 75.26490020751953 341.9989929199219 75.59639739990234
669.9669799804688 486.42767333984375 714.966064453125 487.46820068359375
0.9997217059135437 84.47117614746094 238.00025939941406 84.42803192138672
681.8021850585938 306.6022033691406 673.2559814453125 289.36895751953125
54.978302001953125 205.93690490722656 40.98580551147461 205.61285400390625
400.02154541015625 381.102783203125 303.9808654785156 378.79620361328125
380.9139709472656 337.9997253417969 380.83428955078125 364.0025634765625
401.9661560058594 149.82647705078125 404.6327819824219 133.93836975097656
425.9330139160156 147.07147216796875 427.0927734375 131.93051147460938
767.4111938476562 219.10369873046875 781.3508911132812 163.83628845214844
43.2647590637207 156.16824340820312 37.698055267333984 131.84027099609375
60.26394271850586 228.93592834472656 54.88619613647461 206.78485107421875
95.99700927734375 151.64010620117188 116.00591278076172 151.73355102539062
710.3719482421875 373.0819091796875 729.4927368164062 388.6240234375
514.0232543945312 81.35797119140625 548.0133056640625 80.77552032470703
299.0066223144531 378.7409973144531 235.94557189941406 377.129150390625
493.14495849609375 310.9500427246094 511.26708984375 0.840294361114502
720.4219360351562 277.8902282714844 711.573486328125 266.55242919921875
98.360595703125 10.933704376220703 107.36898803710938 59.932159423828125
198.10968017578125 391.8424377441406 201.9232940673828 321.88677978515625
393.509521484375 487.5025329589844 424.0495910644531 477.1462707519531
655.9658813476562 442.6003723144531 670.8154296875 478.4901123046875
723.9766235351562 444.4715270996094 761.46484375 513.7484741210938
39.78615951538086 206.05531311035156 45.73902893066406 229.0675048828125
292.9892272949219 208.5584716796875 277.99481201171875 208.26927185058594
312.7221984863281 339.0714416503906 309.6656494140625 369.9669189453125
390.9908447265625 232.5908203125 418.98992919921875 232.75196838378906
508.4977722167969 562.1543579101562 443.5746154785156 518.041259765625
529.9873657226562 250.29490661621094 550.0167236328125 249.936767578125
157.56251525878906 208.07400512695312 161.3197784423828 230.28424072265625
492.4546813964844 585.0512084960938 523.0126953125 600.9031982421875
549.0004272460938 248.0323028564453 528.99072265625 248.29495239257812
771.2456665039062 431.1812744140625 744.0946655273438 399.91778564453125
212.7615203857422 417.5029602050781 231.09283447265625 414.5827941894531
350.8910827636719 219.9392852783203 354.43206787109375 271.90240478515625
590.8953857421875 357.0382385253906 597.9669799804688 376.3777160644531
754.1071166992188 392.2122802734375 739.8272705078125 390.27001953125
20.538660049438477 417.1784362792969 9.280842781066895 423.5001220703125
55.2076301574707 150.4038848876953 49.508140563964844 125.11083221435547
161.0336456298828 159.64422607421875 146.96755981445312 160.37881469726562
187.99998474121094 309.9999084472656 212.12777709960938 307.0425109863281
430.8824462890625 239.59547424316406 448.0047607421875 242.97586059570312
557.0712280273438 334.00726318359375 591.1172485351562 0.7055347561836243
775.9619750976562 303.74639892578125 800.7179565429688 202.4197235107422
207.34129333496094 424.9886474609375 206.0115203857422 385.03289794921875
229.07044982910156 419.2608642578125 207.73605346679688 425.0226745605469
705.0101318359375 385.6706848144531 720.9949951171875 386.1622314453125
0.9493224620819092 151.6945343017578 11.050559043884277 151.3024139404297
280.0028991699219 406.01556396484375 240.07716369628906 413.416259765625
348.6356201171875 160.96029663085938 352.01116943359375 214.99929809570312
590.634033203125 411.9659729003906 543.2726440429688 382.9245300292969
329.5837097167969 0.9273645877838135 332.97894287109375 74.9551010131836
391.9749755859375 94.33346557617188 355.0133361816406 94.8885498046875
202.0338134765625 322.5895080566406 186.02911376953125 323.5075378417969
442.0027160644531 44.28044509887695 345.00103759765625 44.48640823364258
0.9885879158973694 287.6781921386719 177.0228729248047 290.6403503417969
187.85455322265625 280.9324645996094 202.00070190429688 279.0051574707031
309.1479187011719 204.7003631591797 283.87677001953125 192.22406005859375
619.168701171875 361.9360656738281 611.8684692382812 342.6708984375
14.043519973754883 37.18098831176758 0.9507482647895813 37.66345977783203
287.51220703125 569.5244140625 260.5160217285156 540.4494018554688
308.6305847167969 0.9561211466789246 329.5016174316406 300.8955078125
608.1243896484375 435.51953125 617.4109497070312 457.251708984375
694.2194213867188 595.0575561523438 700.3139038085938 571.820068359375
697.7017211914062 572.9261474609375 693.5060424804688 589.8777465820312
167.15965270996094 500.3219909667969 125.08980560302734 521.18115234375
301.7127685546875 195.41067504882812 315.6332702636719 210.41236877441406
390.4473571777344 126.11637115478516 378.3652038574219 147.34608459472656
773.353271484375 434.8188781738281 800.1000366210938 339.30804443359375
229.16932678222656 510.8423767089844 202.63731384277344 482.33758544921875
758.4413452148438 420.71209716796875 768.2900390625 435.8108215332031
258.43572998046875 541.52978515625 287.52130126953125 572.5106201171875
314.27166748046875 215.31048583984375 309.172607421875 205.90640258789062
562.1932373046875 492.7038879394531 537.9857788085938 489.0953063964844
47.63810729980469 130.0805206298828 51.64255905151367 148.07952880859375
220.0572509765625 146.49615478515625 200.09228515625 148.7998504638672
322.5472412109375 329.0668029785156 326.6761474609375 357.04779052734375
462.5235595703125 488.30560302734375 474.9482116699219 507.6746826171875
533.4072875976562 506.21881103515625 550.6956787109375 514.6257934570312
559.7526245117188 369.06512451171875 550.304443359375 333.18316650390625
659.8964233398438 569.784423828125 680.9994506835938 571.0091552734375
760.0870971679688 319.80682373046875 734.9678344726562 318.80926513671875
125.01934051513672 152.1806182861328 140.06103515625 150.5701141357422
343.94732666015625 72.03368377685547 343.0831604003906 45.02933883666992
760.0342407226562 329.282470703125 698.9588623046875 328.0653076171875
172.9698486328125 207.61044311523438 157.9570770263672 206.86880493164062
123.28572082519531 155.9130401611328 117.2907943725586 136.21585083007812
208.21615600585938 384.9739685058594 212.30877685546875 418.96282958984375
496.05230712890625 325.6581115722656 322.04974365234375 321.7728271484375
286.98919677734375 177.86328125 274.9851379394531 178.81170654296875
366.3781433105469 464.6931457519531 391.8801574707031 450.7803039550781
439.2358703613281 579.7279052734375 395.8765869140625 542.142333984375
118.98101806640625 302.1348571777344 159.9832305908203 301.2353820800781
477.90728759765625 40.03654098510742 476.4967956542969 75.0602798461914
248.10800170898438 219.9716796875 254.51072692871094 244.39048767089844
395.5308837890625 545.5442504882812 438.00482177734375 582.154541015625
384.29119873046875 110.02899932861328 384.782958984375 122.04978942871094
444.3262939453125 4.0006794929504395 444.35150146484375 28.999645233154297
187.00181579589844 77.8989486694336 242.00209045410156 78.88340759277344
329.03424072265625 300.46966552734375 488.9318542480469 304.0460510253906
337.8955993652344 83.77125549316406 339.9893493652344 101.12195587158203
482.6064758300781 372.759033203125 480.869384765625 382.80450439453125
301.00897216796875 245.6643524169922 273.00592041015625 245.7587432861328
414.0928649902344 1.201369047164917 431.09552001953125 3.178720235824585
558.5982055664062 228.0473175048828 551.958984375 311.99676513671875
4.692224979400635 324.1018371582031 10.652445793151855 342.114990234375
158.98956298828125 303.9356689453125 142.92562866210938 306.5415954589844
480.158203125 311.6617431640625 495.5360412597656 318.8538818359375
750.0039672851562 322.9471740722656 760.0227661132812 323.69482421875
300.95233154296875 203.04457092285156 308.9669494628906 211.0331573486328
463.453369140625 599.0324096679688 460.2971496582031 545.8045043945312
485.4001159667969 587.0375366210938 486.0899353027344 598.0569458007812
127.00157928466797 77.86428833007812 184.99371337890625 78.53982543945312
612.8150024414062 456.0023498535156 612.9929809570312 470.0127868652344
243.35443115234375 538.0624389648438 304.2567443847656 517.7705688476562
325.83465576171875 511.5383605957031 381.4989929199219 491.6011962890625
445.02288818359375 534.9706420898438 443.09893798828125 599.0330200195312
551.8871459960938 513.6431274414062 563.0369873046875 510.1170349121094
493.3246765136719 530.0506591796875 470.2310485839844 488.6608581542969
471.9395446777344 476.37646484375 491.0592956542969 443.85888671875
548.909912109375 508.1438903808594 538.5764770507812 501.6767578125
336.5269470214844 42.002315521240234 336.6896667480469 5.003032684326172
479.1412048339844 0.9934521317481995 478.9047546386719 32.00689697265625
232.00509643554688 112.40062713623047 2.0047433376312256 110.44277954101562
383.2252502441406 598.9342651367188 392.741943359375 486.808349609375
776.6917114257812 209.58963012695312 786.546630859375 178.1714630126953
474.0369567871094 487.07696533203125 474.7916259765625 476.9103088378906
788.2791137695312 157.0931396484375 796.2872924804688 133.0958709716797
667.6205444335938 462.78424072265625 662.42822265625 447.8511047363281
380.7208557128906 495.8028259277344 370.50537109375 562.077880859375
53.1377067565918 151.23129272460938 45.77187728881836 155.61685180664062
495.7382507324219 449.868408203125 485.8963928222656 469.4451904296875
174.29798889160156 561.033203125 224.0299835205078 543.2823486328125
