261
129.9571075439453 77.58953094482422 78.99112701416016 82.91506958007812
227.82403564453125 201.16517639160156 312.8409729003906 183.24551391601562
376.8356628417969 110.17361450195312 349.9063415527344 115.52899932861328
391.0065002441406 495.0655212402344 341.8949279785156 499.9419250488281
331.8893737792969 557.9342651367188 198.97219848632812 571.7321166992188
700.9625854492188 97.93771362304688 696.9998168945312 163.93995666503906
78.19346618652344 85.71513366699219 373.1627197265625 52.44264221191406
336.1130065917969 500.94122314453125 306.0658874511719 504.5487976074219
723.2349853515625 340.8805236816406 740.2334594726562 232.0364532470703
49.04038619995117 176.20709228515625 199.18112182617188 146.9287872314453
127.88248443603516 230.5346221923828 84.84879302978516 241.40118408203125
306.56781005859375 186.37513732910156 130.77005004882812 233.13546752929688
799.1298217773438 582.2277221679688 750.0443115234375 587.4189453125
354.50201416015625 173.1739044189453 312.61712646484375 184.59596252441406
571.2987060546875 124.71794128417969 568.1676635742188 154.70425415039062
699.7279663085938 165.04730224609375 704.3470458984375 93.95757293701172
738.8583374023438 82.98656463623047 741.0470581054688 59.90962219238281
697.0819702148438 162.87673950195312 537.0889282226562 156.69789123535156
734.7523803710938 283.1189880371094 725.5846557617188 341.09246826171875
145.72862243652344 152.5525665283203 97.728515625 161.55197143554688
492.01483154296875 101.02642059326172 701.0289916992188 98.00552368164062
174.97830200195312 72.78720092773438 133.8955841064453 76.97586822509766
311.35296630859375 177.7640838623047 229.2387237548828 194.19313049316406
201.32545471191406 146.68321228027344 377.1335144042969 112.69058227539062
241.13272094726562 134.802978515625 230.70928955078125 74.87662506103516
455.2469482421875 265.0867004394531 460.7527770996094 312.913330078125
783.6138916015625 114.24624633789062 786.68701171875 94.10482788085938
27.041704177856445 90.44207000732422 77.16167449951172 85.71373748779297
280.5975646972656 126.9093246459961 272.0884094238281 70.8348388671875
316.4931640625 119.92351531982422 312.78814697265625 96.03285217285156
129.07119750976562 239.40496826171875 68.31204986572266 250.08689880371094
171.0482635498047 293.1380920410156 131.6223907470703 306.9197692871094
222.1974639892578 128.11717224121094 219.11199951171875 106.98365020751953
347.9423522949219 120.00719451904297 354.5807189941406 173.1772003173828
197.48953247070312 142.90719604492188 184.96014404296875 76.8179702758789
340.9531555175781 502.5429382324219 391.0420837402344 497.4106750488281
532.9952392578125 133.9175262451172 533.70361328125 151.0535888671875
550.003662109375 88.00010681152344 550.5197143554688 69.98624420166016
78.11239624023438 245.4713592529297 129.52735900878906 233.21165466308594
531.9683227539062 155.07000732421875 494.06072998046875 153.94789123535156
676.9569702148438 383.5830078125 757.032958984375 375.3194885253906
240.99874877929688 570.9996948242188 234.00140380859375 599.248046875
493.98126220703125 155.0006866455078 492.0259094238281 101.92536163330078
527.6421508789062 96.98051452636719 526.974365234375 74.9704360961914
149.20614624023438 151.95587158203125 134.22251892089844 81.9523696899414
271.3097229003906 377.6320495605469 125.53945922851562 449.06011962890625
0.8899263739585876 106.06107330322266 25.897924423217773 103.1292953491211
55.769439697265625 3.8260746002197266 73.73092651367188 83.286865234375
200.74041748046875 210.94546508789062 219.81539916992188 206.2500762939453
340.4705810546875 460.9635009765625 343.3672180175781 418.95635986328125
584.8552856445312 155.01287841796875 582.3370971679688 126.70316314697266
655.9403686523438 525.2659912109375 612.8995361328125 528.7637329101562
726.0320434570312 61.00210952758789 724.6473999023438 82.0426025390625
455.05291748046875 44.62914276123047 761.0742797851562 18.882518768310547
790.168212890625 222.02098083496094 784.6583862304688 266.206787109375
95.62361145019531 162.8489227294922 77.23497772216797 86.94307708740234
661.0226440429688 270.3885803222656 642.83837890625 283.780517578125
131.43963623046875 81.11986541748047 146.8672332763672 153.2423095703125
207.10096740722656 108.79316711425781 211.1162109375 130.16603088378906
337.3149108886719 503.9576110839844 334.22198486328125 553.9518432617188
566.3028564453125 95.97643280029297 565.5791625976562 55.971431732177734
198.02418518066406 574.2374877929688 332.0596923828125 560.5859985351562
539.64697265625 69.93868255615234 540.3203735351562 88.02530670166016
706.3091430664062 94.9560317993164 701.7844848632812 166.0499267578125
106.56330108642578 123.610595703125 112.19047546386719 146.20164489746094
229.8116455078125 81.02999877929688 238.42298889160156 135.09190368652344
345.2803955078125 416.94732666015625 342.2004089355469 459.0146789550781
630.5652465820312 284.7791748046875 562.4511108398438 306.41986083984375
738.0492553710938 379.4712829589844 691.0401611328125 384.38427734375
315.1712951660156 174.94586181640625 332.7749938964844 171.7576141357422
530.0240478515625 156.18878173828125 567.1853637695312 151.45541381835938
635.5140380859375 85.10543060302734 636.91455078125 64.99404907226562
668.9749755859375 353.73175048828125 699.9848022460938 350.83740234375
739.4918823242188 302.23565673828125 767.9890747070312 0.9043984413146973
797.2551879882812 0.8059518933296204 787.2092895507812 91.13449096679688
76.34159088134766 82.91832733154297 63.931541442871094 31.016368865966797
116.34274291992188 4.738438606262207 130.476806640625 77.29671478271484
300.8968811035156 114.11834716796875 298.84759521484375 95.01634979248047
337.10198974609375 553.0601806640625 339.8360290527344 502.9910583496094
660.9999389648438 158.68072509765625 682.9996337890625 158.67498779296875
798.9902954101562 307.1033630371094 739.0492553710938 301.47515869140625
182.82293701171875 78.03285217285156 195.09495544433594 144.16793823242188
624.5895385742188 65.98200988769531 623.7545776367188 85.03307342529297
0.7494140267372131 273.09588623046875 62.95947265625 255.85377502441406
74.6624755859375 87.32300567626953 92.9967269897461 163.24229431152344
126.08651733398438 220.346435546875 86.79029083251953 230.1602783203125
130.66587829589844 307.8405456542969 116.03604125976562 246.7518768310547
283.6450500488281 172.7256317138672 309.94097900390625 168.62181091308594
509.9920959472656 311.0019836425781 499.4053649902344 269.1504211425781
607.7237548828125 93.99041748046875 609.076416015625 55.00265121459961
713.7320556640625 537.1829833984375 743.7654418945312 581.16015625
760.1239624023438 281.2131042480469 788.2479248046875 0.9245348572731018
795.4817504882812 171.05300903320312 790.8443603515625 213.2029266357422
799.2286987304688 315.34466552734375 774.0391845703125 332.0590515136719
132.95724487304688 76.00902557373047 124.0865478515625 33.98173141479492
157.4956817626953 285.904541015625 153.6740264892578 266.0627746582031
237.10348510742188 599.2510986328125 243.5545654296875 570.8986206054688
467.8987121582031 313.68408203125 459.39910888671875 262.600830078125
550.0733032226562 307.4734802246094 514.9856567382812 312.9073791503906
113.90573120117188 248.02291870117188 142.7789306640625 366.8106689453125
201.79861450195312 389.0441589355469 188.39569091796875 327.9132385253906
777.2271118164062 268.02496337890625 796.1422119140625 95.9057388305664
68.41690826416016 251.6100311279297 0.5746057629585266 5.117081165313721
0.48597952723503113 572.0557861328125 130.23046875 501.4233703613281
749.5313110351562 326.2910461425781 775.6802978515625 309.00384521484375
511.4354248046875 122.99727630615234 511.3194580078125 147.01119995117188
799.0299072265625 217.7359161376953 785.970947265625 216.25616455078125
0.22781610488891602 386.77386474609375 15.928353309631348 376.88623046875
561.04833984375 128.41929626464844 533.0741577148438 131.6435089111328
624.8007202148438 361.2523498535156 629.058837890625 330.86810302734375
782.1774291992188 263.02154541015625 787.5170288085938 219.06280517578125
37.32156753540039 465.99749755859375 0.18033388257026672 478.58062744140625
194.40975952148438 155.8565216064453 200.0321502685547 211.0985107421875
432.051513671875 599.1128540039062 408.72686767578125 403.0325012207031
622.584228515625 331.3878173828125 635.6904907226562 279.66815185546875
749.1694946289062 589.7699584960938 799.0946655273438 584.9885864257812
632.146728515625 211.04275512695312 632.8196411132812 192.99327087402344
785.0099487304688 217.8977508544922 780.1441040039062 265.014892578125
37.95005798339844 412.8792419433594 98.0155029296875 388.0374755859375
541.6699829101562 186.9326171875 542.2791137695312 202.02908325195312
700.0460205078125 594.4440307617188 723.9962158203125 591.9635009765625
798.5156860351562 137.03323364257812 796.8389892578125 163.05406188964844
106.90132141113281 394.0262451171875 141.1819610595703 522.9515991210938
217.18841552734375 416.07635498046875 154.3468475341797 571.1405639648438
298.9906311035156 506.9093322753906 337.1006164550781 502.97467041015625
621.5289916992188 192.9818115234375 620.8704833984375 210.0336151123047
638.1592407226562 278.75970458984375 627.8348999023438 357.847900390625
653.9591674804688 357.49810791015625 688.0580444335938 360.2918395996094
716.048583984375 199.00270080566406 714.9876708984375 218.05499267578125
740.32275390625 192.76121520996094 718.474609375 183.8379669189453
120.09840393066406 452.97412109375 103.31595611572266 389.1799621582031
140.48953247070312 270.1230163574219 145.3189697265625 290.16412353515625
231.31068420410156 242.7625274658203 234.62728881835938 261.0675354003906
289.086669921875 96.84846496582031 291.7619323730469 116.033203125
379.9850158691406 317.33453369140625 406.0223693847656 318.5
777.484619140625 0.6065523028373718 752.424072265625 288.2112121582031
366.5129699707031 101.96745300292969 365.438720703125 85.03561401367188
551.46435546875 151.0046844482422 551.6260986328125 134.9861297607422
571.0009765625 156.01202392578125 581.9320678710938 155.14443969726562
601.0458374023438 139.01629638671875 601.2503051757812 150.9957275390625
790.8395385742188 164.984375 786.450439453125 210.04388427734375
784.1038208007812 266.7485046386719 799.1660766601562 267.997802734375
0.8795010447502136 532.7885131835938 57.4545783996582 500.5528564453125
357.1020202636719 85.98938751220703 358.873046875 103.0132064819336
468.4460754394531 73.01889038085938 469.0251159667969 89.9991455078125
277.73590087890625 426.17327880859375 257.9443054199219 510.22235107421875
424.7503356933594 0.9476454257965088 440.79840087890625 230.9442901611328
643.360595703125 599.31103515625 619.303466796875 549.8524169921875
86.71620178222656 232.8785400390625 126.22296142578125 222.88107299804688
336.95159912109375 559.61181640625 366.9833679199219 555.8665771484375
412.1180725097656 414.9857177734375 434.4049377441406 599.072021484375
551.4762573242188 203.01614379882812 551.6514892578125 186.98526000976562
619.989013671875 158.4903564453125 633.9819946289062 158.8038330078125
799.089111328125 223.55767822265625 789.6657104492188 221.65928649902344
0.24725301563739777 512.5447387695312 52.34349060058594 485.5973205566406
187.45343017578125 226.62326049804688 165.591796875 258.340087890625
306.115234375 218.9825439453125 308.7012023925781 236.0452880859375
309.410400390625 291.3260803222656 341.0625 280.1774597167969
521.1853637695312 543.9430541992188 538.090576171875 598.97216796875
562.6431884765625 148.74050903320312 558.78857421875 131.26724243164062
310.2542419433594 172.51292419433594 284.96026611328125 176.7636260986328
332.75335693359375 171.17605590820312 329.2136535644531 146.11105346679688
369.14556884765625 199.8859100341797 370.654296875 215.034423828125
618.9712524414062 546.0145874023438 645.8336181640625 599.084228515625
26.70851707458496 398.05950927734375 0.6540372371673584 415.4826354980469
244.43460083007812 566.1033935546875 248.98069763183594 546.9954223632812
418.22528076171875 273.286376953125 449.15234375 267.86993408203125
788.5606689453125 207.0625457763672 792.7118530273438 169.8562774658203
24.951047897338867 104.6453628540039 0.8579747080802917 107.97110748291016
13.070137977600098 395.73138427734375 0.8944169878959656 396.8990173339844
0.5248070359230042 447.1466064453125 34.6404914855957 428.1502685546875
0.43471840023994446 493.9540100097656 44.58970260620117 470.0911560058594
724.8302001953125 318.95709228515625 719.6016845703125 339.6466369628906
743.0272216796875 414.2701721191406 767.0853881835938 411.84820556640625
799.1878051757812 272.68206787109375 780.9873657226562 270.088623046875
213.0509796142578 393.2641296386719 175.96371459960938 260.0101013183594
373.38421630859375 55.05976486206055 389.2928466796875 218.97157287597656
477.5680236816406 90.00530242919922 477.3591003417969 72.99559020996094
479.6899108886719 410.0967102050781 489.29766845703125 440.90716552734375
565.2158203125 67.00782775878906 564.1637573242188 96.00594329833984
744.0167236328125 588.1654052734375 698.8712768554688 592.7255249023438
0.6133947372436523 427.2931213378906 28.553443908691406 412.01190185546875
68.04918670654297 239.81959533691406 81.58796691894531 243.51113891601562
255.76304626464844 508.9435119628906 283.8814392089844 390.97174072265625
130.4656219482422 211.06777954101562 64.61656951904297 221.06228637695312
152.77064514160156 568.9067993164062 215.9041290283203 413.5546569824219
489.8127746582031 443.05755615234375 501.2441711425781 480.232421875
500.9355163574219 150.16041564941406 529.918212890625 147.9346466064453
499.99493408203125 482.00152587890625 478.5129699707031 410.8451232910156
535.8936767578125 599.0325317382812 510.1819152832031 514.9443969726562
680.9947509765625 154.46380615234375 696.0226440429688 154.31678771972656
0.7103995680809021 407.4987487792969 23.26894760131836 394.46551513671875
216.30079650878906 242.8186492919922 197.2620391845703 237.9709014892578
304.5807189941406 307.1846923828125 354.8406982421875 316.8301696777344
613.927001953125 531.2664184570312 666.1068725585938 526.073974609375
644.0009155273438 361.7193298339844 624.9984130859375 361.74322509765625
681.0809936523438 145.51156616210938 663.0576171875 148.36410522460938
799.2254638671875 286.31890869140625 760.2559204101562 281.092041015625
770.0012817382812 27.000268936157227 774.8389282226562 3.9661753177642822
687.9683227539062 363.37506103515625 653.9573974609375 360.5049743652344
723.103759765625 172.16104125976562 709.3653564453125 181.0153045654297
102.96391296386719 387.27392578125 68.24169158935547 255.93609619140625
691.6450805664062 196.83580017089844 689.6924438476562 224.83909606933594
795.3084106445312 62.027164459228516 798.398193359375 26.946992874145508
402.6585693359375 284.37615966796875 398.5813903808594 269.83697509765625
538.018310546875 248.83482360839844 624.0702514648438 258.3658447265625
334.9332275390625 286.7625427246094 311.79437255859375 293.2687072753906
365.2525329589844 264.7038269042969 396.45635986328125 260.0791320800781
81.4778823852539 222.88446044921875 82.89470672607422 241.0082244873047
278.9134521484375 508.13287353515625 293.07183837890625 506.7196960449219
54.27400207519531 490.3086242675781 0.4533185660839081 520.0093383789062
50.725955963134766 472.9953308105469 0.4152719974517822 501.9852294921875
695.001708984375 122.27239990234375 516.0027465820312 121.84652709960938
710.9719848632812 349.13031005859375 657.8489990234375 337.7019348144531
59.63661193847656 504.6532287597656 0.9476533532142639 537.9075927734375
235.77774047851562 321.0436096191406 220.86415100097656 245.0266571044922
652.0285034179688 599.2814331054688 690.1441040039062 595.423583984375
751.3455810546875 286.8553161621094 799.2302856445312 294.5707702636719
677.0096435546875 154.43678283691406 663.9496459960938 154.7259063720703
32.47291564941406 415.7945861816406 0.3523155152797699 434.9117736816406
582.9539794921875 263.72869873046875 607.9212646484375 262.8250427246094
771.076904296875 412.79278564453125 800.1383666992188 435.5460205078125
218.33880615234375 204.90618896484375 204.15411376953125 153.680419921875
401.4961242675781 268.6090087890625 405.4851989746094 283.8731994628906
760.7252807617188 383.6795959472656 772.7079467773438 406.15570068359375
655.663330078125 278.9844055175781 653.1107177734375 334.0514831542969
587.9486083984375 150.59725952148438 599.0070190429688 150.19212341308594
768.9569702148438 434.2408447265625 795.0642700195312 435.14642333984375
792.1616821289062 99.91405487060547 790.62939453125 114.8594741821289
799.0993041992188 530.677490234375 790.0004272460938 529.994384765625
636.93994140625 151.87754821777344 661.8915405273438 153.58477783203125
37.97787857055664 432.7105407714844 0.9353651404380798 453.8869323730469
767.0375366210938 413.3564758300781 742.9884033203125 415.89019775390625
427.6039123535156 315.0960998535156 419.8813781738281 283.2714538574219
606.7027587890625 265.42266845703125 591.9967651367188 272.9937744140625
745.4965209960938 205.1479034423828 743.1087036132812 229.3072509765625
771.9734497070312 528.3997192382812 706.9281005859375 524.0838012695312
408.3586120605469 318.53729248046875 398.6233825683594 288.79595947265625
539.2742309570312 504.7893371582031 484.119140625 510.21173095703125
380.75830078125 244.6284637451172 367.5098876953125 253.2465362548828
206.97801208496094 242.17698669433594 215.9020233154297 263.62469482421875
699.9762573242188 433.0419006347656 754.0165405273438 434.27337646484375
402.1121826171875 287.31109619140625 412.205810546875 318.259033203125
213.3812255859375 274.6145324707031 192.56715393066406 287.5262756347656
800.0913696289062 478.65777587890625 771.6752319335938 525.8042602539062
605.1687622070312 151.17796325683594 603.97607421875 138.9051513671875
56.02747344970703 260.1005554199219 11.102463722229004 272.3750305175781
687.9476318359375 522.1331787109375 626.9392700195312 519.3141479492188
634.99658203125 430.1716613769531 682.9976196289062 431.1197509765625
725.8482666015625 231.79530334472656 706.779296875 228.1565399169922
576.9798583984375 428.5416564941406 616.0 428.002197265625
609.0006103515625 150.9665985107422 617.0167846679688 151.11927795410156
146.05299377441406 218.17510986328125 163.0126495361328 213.04180908203125
796.326171875 88.11994171142578 798.2424926757812 66.93148803710938
426.7029724121094 281.574462890625 434.69940185546875 313.5753479003906
788.9220581054688 528.9564819335938 796.7822875976562 514.87841796875
705.7119750976562 523.8609008789062 767.25390625 434.1742248535156
783.6624145507812 123.97859191894531 780.9298095703125 167.05897521972656
605.7838745117188 517.2569580078125 553.7741088867188 508.3135986328125
701.994140625 419.92431640625 685.9357299804688 421.1741027832031
778.1661376953125 178.96597290039062 776.5318603515625 219.02169799804688
