141
104.91793060302734 598.9989013671875 106.4178466796875 483.9924011230469
258.75640869140625 501.0302429199219 249.95582580566406 430.1296081542969
702.9210205078125 458.67828369140625 744.136962890625 448.5577087402344
53.225032806396484 234.05487060546875 0.4493977427482605 277.3284912109375
68.51056671142578 241.4146270751953 -0.052970632910728455 298.7406311035156
135.92120361328125 451.6369323730469 246.90206909179688 427.548828125
440.19073486328125 191.3226776123047 423.27239990234375 148.89138793945312
360.6831359863281 293.3979797363281 471.882080078125 271.40386962890625
250.13690185546875 429.63446044921875 133.18753051757812 454.869140625
249.32325744628906 428.08441162109375 238.10159301757812 338.112060546875
326.0323181152344 413.1483154296875 253.22048950195312 429.0119934082031
687.0860595703125 334.3937683105469 556.9619140625 362.8255920410156
252.8603515625 426.3549499511719 327.0628967285156 410.29058837890625
259.9752197265625 312.8730163574219 355.83831787109375 294.1711730957031
358.078369140625 296.4049072265625 258.33062744140625 315.7084655761719
455.44134521484375 81.4149169921875 367.45587158203125 97.49443817138672
109.04024505615234 481.9866943359375 107.41659545898438 599.0057983398438
577.0117797851562 251.05975341796875 730.7625732421875 220.79400634765625
635.8329467773438 343.2414855957031 683.9226684570312 332.6488952636719
751.7476196289062 317.8745422363281 799.0593872070312 307.26483154296875
59.28083419799805 237.34121704101562 0.6601623296737671 285.58709716796875
441.0335693359375 193.18978881835938 371.09942626953125 205.56207275390625
134.68313598632812 452.61407470703125 2.1610915660858154 600.043701171875
374.1943054199219 360.2125549316406 357.5486145019531 297.11907958984375
553.7863159179688 361.0393371582031 632.8775024414062 343.4492492675781
0.5031418204307556 281.39361572265625 56.06907272338867 235.86386108398438
473.87237548828125 271.352294921875 574.8907470703125 251.44549560546875
146.10101318359375 154.89804077148438 194.51300048828125 115.40304565429688
401.6109313964844 155.65000915527344 259.5879821777344 313.5289306640625
364.9154968261719 204.5431671142578 438.79205322265625 190.87599182128906
444.8399353027344 190.10113525390625 540.0267944335938 173.1505126953125
799.1967163085938 309.8914489746094 753.9713134765625 319.8699951171875
201.29833984375 110.15505981445312 246.6083984375 72.52842712402344
474.1029052734375 273.51953125 362.1376953125 295.6951599121094
642.9732055664062 154.85104370117188 730.8270874023438 139.0391845703125
258.2345275878906 315.11041259765625 136.0053253173828 451.0047912597656
240.4105987548828 336.94915771484375 251.67596435546875 427.9162902832031
0.5432491898536682 289.44830322265625 60.60183334350586 239.72695922851562
108.01812744140625 241.8772735595703 0.24146263301372528 336.1326599121094
425.4383544921875 147.82455444335938 442.62017822265625 190.75177001953125
508.55047607421875 361.1811218261719 473.84979248046875 275.0605163574219
632.5057983398438 342.26617431640625 586.6739501953125 257.1756286621094
356.7061462402344 294.0762939453125 339.57574462890625 228.11016845703125
471.9560852050781 270.0177307128906 441.2393493652344 193.9033966064453
540.2823486328125 169.84776306152344 509.7126159667969 113.15496063232422
751.1144409179688 320.5498962402344 694.0864868164062 332.4156799316406
117.93575286865234 465.2509765625 78.70287322998047 416.23785400390625
514.09521484375 107.58180236816406 596.0286254882812 94.17510986328125
725.1107788085938 224.56895446777344 587.0874633789062 251.44918823242188
0.10454756021499634 148.79461669921875 52.04336929321289 232.59292602539062
55.89863204956055 234.6103515625 -0.9275026321411133 132.06817626953125
201.15615844726562 581.6401977539062 127.16796112060547 599.6885375976562
29.848968505859375 561.2172241210938 0.4576338827610016 540.7799682617188
252.1356964111328 430.9831848144531 260.5608215332031 498.9304504394531
477.3274841308594 40.288333892822266 511.5171813964844 1.4553295373916626
566.7883911132812 492.14263916015625 601.8722534179688 483.48248291015625
688.9761962890625 78.854248046875 768.96533203125 65.7879409790039
307.432373046875 225.9278106689453 288.2630310058594 111.12305450439453
359.9862976074219 297.0036315917969 376.7715759277344 360.0608215332031
341.15325927734375 224.95994567871094 359.2461242675781 294.1969909667969
770.7672119140625 599.1223754882812 734.9635620117188 531.0191650390625
547.9915771484375 171.9539031982422 581.9521484375 165.7384033203125
254.9967041015625 309.0009765625 198.49049377441406 116.1492919921875
291.26739501953125 112.95767974853516 312.42279052734375 246.6165313720703
545.667724609375 176.6404571533203 583.0123901367188 245.99331665039062
687.5540771484375 228.30218505859375 640.7174072265625 159.19151306152344
730.7267456054688 138.2224578857422 685.3728637695312 82.51051330566406
191.83261108398438 382.0813903808594 166.01625061035156 328.9920959472656
199.26611328125 284.2590637207031 0.361078679561615 482.3584899902344
423.9920959472656 527.966064453125 453.2682800292969 521.1527709960938
200.68006896972656 114.09274291992188 251.3515167236328 288.8981018066406
378.0667419433594 65.39266967773438 405.05267333984375 64.09944915771484
776.062744140625 133.34751892089844 645.0030517578125 157.016845703125
499.57171630859375 91.2314682006836 543.8165893554688 173.09912109375
542.9973754882812 174.9853057861328 494.1208190917969 183.67919921875
783.9539794921875 370.7073974609375 751.7877197265625 323.1435852050781
443.854736328125 193.66006469726562 474.5298156738281 270.7892761230469
476.40283203125 274.8395690917969 510.9592590332031 361.6180114746094
734.7564697265625 138.62704467773438 782.0425415039062 130.23995971679688
27.943466186523438 195.03347778320312 0.7632304430007935 149.14022827148438
-0.2578773498535156 122.73353576660156 68.60205078125 240.81521606445312
584.944091796875 251.7181396484375 477.0237731933594 273.1199645996094
592.5205688476562 263.2598571777344 635.5707397460938 342.6906433105469
142.1480255126953 599.6134033203125 201.5499725341797 585.279052734375
643.2608032226562 158.8229217529297 690.6209716796875 228.57839965820312
270.0200500488281 566.0814208984375 298.0298156738281 559.1790161132812
77.83464050292969 0.26471465826034546 188.5042724609375 276.4010314941406
197.56663513183594 113.83982849121094 165.546630859375 0.5628132820129395
425.8534240722656 558.6024169921875 420.14056396484375 531.9698486328125
774.09619140625 65.54580688476562 799.026611328125 61.150779724121094
179.4409637451172 41.870086669921875 199.7433624267578 110.78099060058594
270.8131408691406 593.8844604492188 267.29107666015625 569.1007690429688
696.7913208007812 460.1089172363281 688.5148315429688 444.2532653808594
167.7470245361328 327.1199035644531 190.92784118652344 376.0342102050781
687.9821166992188 82.01455688476562 734.210205078125 138.8289337158203
248.65869140625 73.59913635253906 202.0752410888672 113.26282501220703
770.0011596679688 68.00738525390625 730.0585327148438 74.36756896972656
580.193115234375 243.89498901367188 544.7003173828125 178.61920166015625
407.1193542480469 47.14093017578125 379.0013732910156 45.96709442138672
0.8101810216903687 538.26904296875 28.258291244506836 557.6339111328125
739.1312255859375 452.58428955078125 701.9837646484375 460.9278259277344
754.5267944335938 562.7169189453125 774.2435913085938 599.406494140625
80.56697082519531 414.552490234375 115.78414916992188 459.1703796386719
137.00889587402344 275.0456848144531 173.00628662109375 274.7393798828125
578.3939819335938 536.23779296875 550.0433959960938 463.98297119140625
556.748779296875 474.7003173828125 580.4158935546875 533.8335571289062
690.4909057617188 443.7461242675781 706.7269897460938 475.14117431640625
770.2872924804688 562.0676879882812 766.8329467773438 576.7249755859375
684.1366577148438 81.88286590576172 657.0125122070312 86.08077239990234
97.0721206665039 310.0802917480469 137.16213989257812 274.0672912597656
735.1425170898438 526.9244384765625 751.0691528320312 556.9633178710938
754.237060546875 322.8384094238281 785.480712890625 368.67230224609375
569.194580078125 49.86834716796875 596.2372436523438 89.83950805664062
709.160888671875 477.9169616699219 724.5425415039062 507.7200012207031
0.14047108590602875 32.44142150878906 107.6136474609375 241.71197509765625
195.67982482910156 117.82837677001953 154.50706481933594 151.61785888671875
601.0618286132812 486.2568054199219 566.875732421875 494.48358154296875
596.16748046875 96.041015625 558.0285034179688 102.17721557617188
341.0100402832031 94.72101593017578 301.9885559082031 93.3180923461914
418.9920959472656 514.535400390625 424.43292236328125 545.1009521484375
300.8852844238281 95.15808868408203 277.26214599609375 78.01687622070312
189.95779418945312 600.478271484375 367.3643798828125 365.52008056640625
724.145263671875 513.4348754882812 698.5919799804688 463.20758056640625
726.11767578125 74.7591552734375 691.03076171875 80.19834899902344
284.94036865234375 563.7623901367188 269.1799621582031 567.7171630859375
473.853271484375 114.13227844238281 504.0057373046875 109.03394317626953
193.35653686523438 16.11626434326172 230.89466857910156 31.261085510253906
350.20050048828125 83.48822784423828 336.1124572753906 89.27383422851562
519.0383911132812 366.7758483886719 613.9449462890625 369.75384521484375
178.84979248046875 272.22076416015625 136.65304565429688 243.5099334716797
229.28472900390625 32.755882263183594 256.0419006347656 63.96406936645508
387.8304138183594 397.2205810546875 401.0738220214844 394.3392333984375
561.94140625 495.7481994628906 547.777587890625 499.0443420410156
358.9166564941406 362.0535888671875 400.01129150390625 363.7214660644531
552.9287719726562 102.63764190673828 538.1083374023438 105.55105590820312
790.48388671875 375.3149719238281 798.8802490234375 389.0730895996094
269.85400390625 568.939697265625 270.847412109375 583.0107421875
263.2458801269531 558.8530883789062 235.19569396972656 599.8187255859375
273.5364990234375 587.6441650390625 291.80426025390625 563.8497314453125
432.97052001953125 365.2448425292969 506.9764099121094 366.9967956542969
262.6482849121094 599.602294921875 269.4172058105469 592.3167114257812
