191
373.1678161621094 262.01080322265625 389.9904479980469 0.9349484443664551
178.18626403808594 294.61767578125 124.03865051269531 313.1131591796875
144.3627166748047 0.8422486186027527 178.4359130859375 295.1810607910156
328.303955078125 194.00364685058594 328.73590087890625 158.0088348388672
331.1470947265625 66.96602630615234 242.22935485839844 80.50616455078125
344.96307373046875 16.62608528137207 222.86973571777344 28.680646896362305
70.2933349609375 0.950072705745697 123.39501190185547 312.9327697753906
252.73008728027344 302.2835693359375 326.43994140625 274.5134582519531
328.1595458984375 76.98564910888672 244.7549591064453 90.48614501953125
327.12652587890625 92.71096801757812 245.85305786132812 107.17427825927734
326.9995422363281 143.99803161621094 248.62451171875 162.4008331298828
327.2451171875 115.20931243896484 246.70297241210938 131.5346221923828
328.02056884765625 100.10994720458984 246.688232421875 115.3344497680664
371.8985900878906 350.1056213378906 382.148193359375 262.8998718261719
336.4715270996094 282.64434814453125 255.13706970214844 314.3515930175781
392.17120361328125 0.9461994767189026 375.0906066894531 264.07080078125
121.86129760742188 313.0238952636719 115.47169494628906 275.91876220703125
327.1654968261719 84.96835327148438 245.8072509765625 98.87215423583984
328.08819580078125 122.42073822021484 247.84136962890625 139.2433319091797
330.15386962890625 111.0030517578125 331.0078430175781 67.9604721069336
225.1309814453125 62.98973083496094 344.1636657714844 47.23677062988281
499.33587646484375 -0.6576724052429199 631.7622680664062 26.1733455657959
0.6613200902938843 192.08688354492188 39.10954666137695 341.9718933105469
324.2080078125 247.59979248046875 253.6739044189453 272.0596618652344
384.72698974609375 262.0907287597656 374.00445556640625 348.00054931640625
96.5250015258789 169.08120727539062 75.49534606933594 46.08628463745117
114.31416320800781 273.11785888671875 97.10747528076172 172.98153686523438
326.9587097167969 107.78984069824219 246.7151641845703 123.54975891113281
324.150390625 253.4267578125 253.73321533203125 278.24298095703125
346.12518310546875 0.9466463327407837 345.6694030761719 16.962133407592773
536.2171020507812 105.8526611328125 515.073974609375 218.20211791992188
32.77313995361328 298.27056884765625 113.71891784667969 273.0962219238281
324.4081726074219 259.13592529296875 254.45660400390625 284.270751953125
326.2877197265625 151.18527221679688 248.7584228515625 170.00477600097656
326.24114990234375 164.94091796875 249.87522888183594 184.5131378173828
326.2663269042969 158.06399536132812 249.8005828857422 177.20330810546875
326.1978454589844 129.8954620361328 247.8258819580078 147.2119598388672
3.1422128677368164 189.65365600585938 95.8860092163086 169.47605895996094
325.2095947265625 171.78602600097656 249.711669921875 191.9187774658203
326.99835205078125 136.99269104003906 248.70718383789062 154.7057342529297
478.22088623046875 80.32635498046875 506.1671142578125 89.49041748046875
606.6473388671875 125.86830139160156 478.65972900390625 81.11333465576172
644.5953979492188 341.8655700683594 757.9580078125 0.6538134217262268
324.8970947265625 178.62362670898438 250.70138549804688 198.90769958496094
325.11285400390625 235.33755493164062 253.73348999023438 259.202880859375
326.33843994140625 204.11924743652344 251.61151123046875 226.71522521972656
148.1476287841797 501.2764587402344 0.5234820246696472 580.107666015625
323.11126708984375 265.3040466308594 254.7510986328125 290.31982421875
325.31634521484375 217.00807189941406 252.62936401367188 239.81898498535156
323.3089904785156 229.9424285888672 252.70230102539062 253.09201049804688
326.0029296875 185.01051330566406 250.70545959472656 205.9403839111328
340.5146484375 184.98316955566406 337.14947509765625 282.00518798828125
514.90869140625 223.9824981689453 502.241455078125 290.0462951660156
724.8170776367188 255.70989990234375 668.7680053710938 291.04583740234375
75.09439086914062 43.154911041259766 67.85839080810547 0.8531661033630371
300.1602478027344 420.2998352050781 152.56640625 499.1888122558594
325.2076416015625 210.67054748535156 251.81356811523438 233.39794921875
325.0538330078125 198.18336486816406 251.62847900390625 219.73419189453125
324.50579833984375 241.47637939453125 253.58035278320312 265.77508544921875
482.9056701660156 591.0066528320312 471.8621826171875 435.009765625
630.3380126953125 34.07196044921875 487.9918518066406 3.3972911834716797
535.2206420898438 32.251319885253906 511.1256408691406 26.475812911987305
669.488037109375 290.51153564453125 652.627197265625 339.55938720703125
729.3334350585938 221.5863494873047 684.4824829101562 247.0898895263672
26.10127067565918 300.23284912109375 0.42986541986465454 201.14772033691406
326.8932189941406 274.9823913574219 328.0698547363281 201.00111389160156
481.0533142089844 519.357666015625 599.0703125 529.1530151367188
622.8391723632812 64.2371826171875 485.809326171875 26.69603729248047
75.10041809082031 47.10203552246094 28.03559684753418 51.39065933227539
325.2047424316406 191.7154998779297 250.72178649902344 213.0276641845703
344.8340759277344 47.96123123168945 340.6435852050781 173.98814392089844
366.1797790527344 415.0211181640625 356.772216796875 495.0907287597656
480.6073303222656 521.9583740234375 485.4779052734375 593.0357666015625
626.2272338867188 49.16050720214844 486.95172119140625 15.107537269592285
663.6448364257812 188.23997497558594 688.32958984375 176.7053680419922
799.8941650390625 53.33712387084961 724.0043334960938 254.62461853027344
114.20218658447266 275.66107177734375 34.05324172973633 300.174072265625
324.4616394042969 223.43772888183594 252.82057189941406 246.4412078857422
481.79705810546875 20.739316940307617 441.3724365234375 9.643125534057617
726.151611328125 538.3673095703125 688.79833984375 452.0873107910156
353.8292236328125 500.97900390625 357.7645568847656 468.9710388183594
687.3660888671875 448.275146484375 658.66357421875 382.1460266113281
767.0962524414062 114.24112701416016 723.4652709960938 131.6607208251953
238.87747192382812 6.341190814971924 318.95758056640625 0.4258762001991272
373.14459228515625 356.017578125 366.9520568847656 406.9941711425781
417.02117919921875 249.20521545410156 440.89312744140625 14.090682029724121
441.9168395996094 7.30143928527832 483.0935363769531 18.660947799682617
610.631103515625 112.23600006103516 479.9936828613281 70.0195083618164
640.5787353515625 339.8237609863281 611.48291015625 360.263916015625
474.1185607910156 432.9914245605469 480.3296203613281 518.9761962890625
529.2269287109375 135.40589904785156 484.2904968261719 118.23955535888672
620.0658569335938 599.2366333007812 551.6880493164062 329.3323669433594
478.6094970703125 118.98908996582031 433.5298767089844 101.19075775146484
509.3929443359375 219.1921844482422 478.4239196777344 204.1284637451172
554.1605834960938 329.95916748046875 622.5899658203125 599.104248046875
390.8794250488281 512.6502075195312 459.0270690917969 517.6294555664062
777.0279541015625 77.08611297607422 738.8359375 89.49500274658203
96.24507904052734 172.1615753173828 7.9556145668029785 190.7896270751953
163.19644165039062 0.779100239276886 192.3704833984375 290.8621826171875
241.90902709960938 80.95765686035156 252.20489501953125 301.9904479980469
364.7590026855469 313.9858093261719 380.6358337402344 44.096229553222656
600.9553833007812 531.5484008789062 481.9292907714844 521.8693237304688
238.8970184326172 304.1261291503906 224.49090576171875 63.910587310791016
330.0565490722656 153.97055053710938 329.3037414550781 126.96366119384766
610.1781005859375 359.7498474121094 719.4234619140625 0.8245137929916382
800.1185302734375 165.46383666992188 757.572265625 268.066650390625
103.78864288330078 168.09014892578125 125.98468017578125 162.93405151367188
0.9326961040496826 52.3654670715332 74.94852447509766 44.51472854614258
434.8980407714844 99.26005554199219 479.1528625488281 116.61009979248047
730.003173828125 541.9605712890625 610.9654541015625 532.4317626953125
37.64744186401367 341.832275390625 27.55079460144043 302.8572998046875
480.21380615234375 66.34363555908203 608.9332885742188 108.27455139160156
511.0351257324219 35.86918640136719 543.8204345703125 44.66902542114258
510.0590515136719 22.6998291015625 536.9999389648438 28.000398635864258
-0.16062334179878235 242.47471618652344 9.538844108581543 266.1886291503906
121.76371765136719 271.3000183105469 140.04373168945312 265.1295471191406
691.2865600585938 451.8763732910156 729.2568969726562 539.88916015625
730.4879760742188 542.788818359375 754.9998779296875 599.4328002929688
477.7597351074219 206.48605346679688 508.6314697265625 221.74559020996094
466.310302734375 201.3872833251953 426.6634521484375 181.67694091796875
427.84771728515625 180.30776977539062 466.73028564453125 199.545166015625
569.8776245117188 251.26055908203125 516.4520263671875 226.1665802001953
633.9909057617188 532.1160888671875 729.1137084960938 539.5435791015625
472.248046875 428.9815368652344 469.6446533203125 394.0264587402344
483.6701965332031 120.85283660888672 528.53515625 138.20213317871094
571.0180053710938 372.7470397949219 602.9984741210938 375.02142333984375
687.676513671875 239.42977905273438 725.8665771484375 217.76478576660156
357.7383117675781 466.9682922363281 371.07708740234375 356.8881530761719
485.03515625 87.89158630371094 535.8761596679688 104.38182830810547
513.0818481445312 9.492639541625977 546.03076171875 14.809379577636719
604.3085327148438 36.71464538574219 542.0546875 21.772111892700195
751.7735595703125 386.13690185546875 721.1664428710938 335.5038757324219
753.0757446289062 598.9672241210938 728.9017944335938 543.04248046875
256.1060485839844 313.9688415527344 323.70556640625 386.47760009765625
470.993408203125 521.0687866210938 429.9860534667969 517.1456909179688
614.0511474609375 98.16626739501953 481.83697509765625 58.54402160644531
754.3440551757812 129.83966064453125 720.8258666992188 143.5750274658203
535.9732055664062 78.09028625488281 579.9605712890625 91.13306427001953
756.7742309570312 390.5326843261719 790.895263671875 447.063232421875
517.2302856445312 223.52821350097656 629.3619384765625 278.2583923339844
660.244873046875 380.8948669433594 689.4081420898438 448.82476806640625
495.01715087890625 50.131595611572266 480.8665466308594 51.97612380981445
124.91169738769531 310.0149841308594 72.50244903564453 0.9148073792457581
534.8851928710938 138.29591369628906 632.0089721679688 175.9768524169922
550.4285888671875 48.204437255859375 548.0446166992188 64.86327362060547
595.0512084960938 114.8529281616211 532.6100463867188 93.1203842163086
549.591796875 325.711181640625 417.1717529296875 249.7008056640625
607.942626953125 377.6209411621094 571.9725341796875 374.297119140625
527.4658203125 68.73933410644531 611.2423095703125 94.4673080444336
624.0191040039062 443.77154541015625 691.1355590820312 449.3771057128906
741.0307006835938 455.6322021484375 696.0104370117188 451.8750305175781
671.101806640625 293.16192626953125 725.5762329101562 258.91656494140625
319.9501953125 418.5422668457031 357.0960998535156 421.9534912109375
465.248779296875 325.97796630859375 462.5085754394531 295.04351806640625
770.98291015625 545.194091796875 734.998046875 542.02197265625
496.99139404296875 433.1015625 578.0873413085938 439.96832275390625
508.9391784667969 51.19183349609375 535.0243530273438 52.52324676513672
536.025390625 58.58749008178711 507.0167541503906 58.066593170166016
789.968994140625 448.62744140625 754.4808959960938 390.31591796875
634.781005859375 17.441974639892578 514.2822265625 -0.858157753944397
574.9371337890625 441.76123046875 480.0062561035156 433.9241638183594
602.2061767578125 21.106260299682617 545.0198974609375 7.913675308227539
603.87255859375 103.38611602783203 533.6055297851562 80.19526672363281
606.91162109375 90.27674865722656 532.803466796875 66.61561584472656
356.04620361328125 423.5238037109375 321.9788513183594 420.2180480957031
777.0720825195312 391.1349792480469 758.0375366210938 389.5494384765625
0.6764513254165649 271.98760986328125 10.00228500366211 269.00714111328125
471.18426513671875 395.98553466796875 473.7695007324219 428.93963623046875
605.2042846679688 52.22243881225586 536.6798706054688 34.21849822998047
742.671875 213.25364685058594 795.8714599609375 72.3289794921875
308.1390075683594 276.3601379394531 257.36956787109375 295.9574279785156
503.9869384765625 59.59638595581055 508.7674865722656 35.75288772583008
532.2012329101562 141.03634643554688 538.512451171875 106.0925521850586
222.73867797851562 28.948450088500977 220.77957153320312 0.8758089542388916
539.9989624023438 46.07892990112305 510.01751708984375 45.680625915527344
632.9674072265625 446.4245300292969 588.919921875 443.0433349609375
683.9624633789062 450.5114440917969 634.93310546875 446.9107360839844
535.2901611328125 64.0046615600586 614.2816772460938 87.03382110595703
480.4806213378906 57.097503662109375 526.8536376953125 64.8730239868164
85.01333618164062 43.12217330932617 108.94654846191406 40.510250091552734
522.8673706054688 190.97543334960938 531.3687744140625 145.06829833984375
245.96022033691406 84.7453384399414 292.08453369140625 77.54115295410156
736.0322875976562 453.5259094238281 761.0524291992188 455.2303771972656
587.9747924804688 441.314453125 621.0032348632812 443.95947265625
499.3102722167969 32.9670295715332 499.68206787109375 59.0188102722168
734.997802734375 388.0205383300781 706.0067749023438 384.9363098144531
756.0499267578125 388.190673828125 785.0014038085938 389.9773864746094
136.75531005859375 379.2697448730469 165.64593505859375 384.8372802734375
309.42633056640625 485.780517578125 295.149169921875 433.9588928222656
467.9789733886719 281.0382385253906 491.1243896484375 293.77392578125
761.008056640625 336.91278076171875 730.9872436523438 334.1382751464844
