251
268.0054626464844 273.05413818359375 236.91799926757812 276.1859436035156
799.26953125 481.5423889160156 765.7212524414062 487.4048767089844
330.9906005859375 472.0003967285156 329.41064453125 433.9829406738281
84.80020141601562 359.6649475097656 188.864013671875 344.09130859375
632.9244995117188 110.54071807861328 555.0555419921875 123.33796691894531
427.81756591796875 299.8647766113281 429.1715087890625 318.0616455078125
509.96478271484375 130.7886199951172 495.04559326171875 133.27366638183594
589.8786010742188 331.0039367675781 587.5812377929688 259.981201171875
799.037109375 415.95611572265625 768.0062866210938 417.16119384765625
707.5800170898438 316.9932556152344 707.7312622070312 330.0147399902344
707.6383056640625 340.0087890625 708.708740234375 384.007080078125
771.0676879882812 459.2879638671875 799.1937866210938 461.96142578125
464.39923095703125 290.86273193359375 462.81182861328125 320.9372863769531
590.1109619140625 328.2826232910156 430.0446472167969 323.504638671875
584.7241821289062 262.0455322265625 587.11474609375 329.0315856933594
182.44700622558594 346.9035949707031 0.707233726978302 379.3606872558594
785.9990844726562 337.0195007324219 681.9434814453125 332.2270202636719
779.98974609375 342.2214050292969 708.9104614257812 338.9372863769531
708.0432739257812 330.9195861816406 786.0382690429688 334.0439147949219
0.827825129032135 303.3429260253906 269.15203857421875 275.4634094238281
489.98663330078125 133.91799926757812 468.0798645019531 137.4897918701172
283.2813415527344 159.74166870117188 632.1651000976562 101.99739074707031
788.9578857421875 333.9371643066406 790.8519287109375 362.81292724609375
666.9586791992188 281.9997253417969 667.0928344726562 262.0006103515625
799.0117797851562 277.2984924316406 679.994384765625 277.9070739746094
190.14215087890625 338.024169921875 87.18238067626953 352.3140563964844
737.8468017578125 436.8468017578125 774.8455200195312 399.8455810546875
45.887474060058594 293.89093017578125 0.8438586592674255 298.4610595703125
335.3387145996094 431.9712829589844 337.3810729980469 456.052490234375
585.717041015625 252.00546264648438 584.67236328125 197.96766662597656
238.64633178710938 336.0628662109375 189.63681030273438 345.01068115234375
388.0176696777344 267.7165832519531 585.0457763671875 262.8559875488281
799.1044921875 473.59515380859375 643.2206420898438 468.81097412109375
790.0936279296875 399.9107666015625 708.9197387695312 392.9335632324219
269.4976501464844 274.1243591308594 278.8424072265625 387.0130310058594
425.0558776855469 322.5266418457031 462.16851806640625 318.58795166015625
465.9968566894531 322.1829833984375 477.9966735839844 322.1365966796875
532.9578857421875 126.76148986816406 512.078857421875 130.44664001464844
633.1898193359375 477.0251770019531 634.9047241210938 396.0191650390625
708.873779296875 392.9855651855469 709.6672973632812 441.0054931640625
49.63822937011719 293.9319763183594 42.182342529296875 223.98056030273438
390.73388671875 320.9534606933594 387.4324951171875 268.90911865234375
0.9631257653236389 222.40414428710938 265.03009033203125 216.3025360107422
568.53515625 43.986976623535156 569.3633422851562 78.01549530029297
618.6776123046875 247.0036163330078 618.6202392578125 226.00103759765625
665.5264892578125 456.0114440917969 656.9158935546875 99.97785186767578
708.0951538085938 384.7883605957031 789.904541015625 391.2151794433594
799.35302734375 458.2788391113281 682.1207275390625 443.0692443847656
768.5758666992188 440.1214294433594 799.5370483398438 446.3154602050781
104.45697784423828 288.05615234375 98.03971099853516 225.9958953857422
568.9766235351562 78.74676513671875 535.1726684570312 81.86930084228516
580.8890380859375 574.0655517578125 626.0828857421875 568.6981201171875
604.3104858398438 499.7143859863281 639.3718872070312 473.79742431640625
682.0001831054688 283.5885009765625 799.00048828125 283.5520324707031
668.9893188476562 260.43792724609375 799.037353515625 257.9649353027344
50.906707763671875 367.44989013671875 69.87006378173828 364.23382568359375
429.9638977050781 321.532958984375 391.0326232910156 320.6157531738281
480.0619812011719 320.9914855957031 476.30633544921875 293.6828308105469
554.14013671875 325.9230041503906 584.2061767578125 321.3579406738281
586.1314086914062 211.99771118164062 586.4625854492188 231.0093536376953
39.56193923950195 223.14930725097656 46.92987060546875 294.1111145019531
181.9558868408203 151.6776580810547 1.0066790580749512 139.89739990234375
153.27127075195312 282.9731140136719 147.52264404296875 224.94822692871094
1.9854439496994019 130.19406127929688 225.0803985595703 146.9281005859375
380.1596374511719 450.9266052246094 381.9367980957031 479.0039978027344
522.6608276367188 251.0139923095703 521.83544921875 231.0067901611328
352.0283508300781 213.3053436279297 632.9266357421875 187.21005249023438
708.2033081054688 442.3477478027344 799.0582885742188 453.5262756347656
788.8531494140625 394.6317443847656 682.9013671875 385.0959167480469
87.97928619384766 288.8451843261719 50.84125518798828 293.8133544921875
497.21441650390625 260.9893493652344 495.4755859375 225.97637939453125
680.9298095703125 174.1800994873047 734.0540161132812 169.63059997558594
799.0291748046875 254.1272735595703 676.9815063476562 257.2844543457031
799.0967407226562 216.6513671875 680.9165649414062 223.57598876953125
82.98235321044922 97.99454498291016 40.99559783935547 97.74715423583984
222.97430419921875 154.39617919921875 188.98756408691406 152.191650390625
233.71546936035156 280.93341064453125 238.85157775878906 336.1069030761719
559.97705078125 443.96514892578125 540.760009765625 456.63604736328125
604.67724609375 226.917724609375 605.6655883789062 247.06546020507812
644.2950439453125 474.9704895019531 634.2277221679688 32.94926071166992
685.8926391601562 390.6487731933594 708.9252319335938 392.1483154296875
178.79583740234375 272.01361083984375 177.46517944335938 252.03562927246094
494.88836669921875 305.05279541015625 495.5020446777344 317.9761657714844
656.0146484375 464.24688720703125 706.9759521484375 465.2372131347656
799.140869140625 155.35665893554688 723.232666015625 163.24017333984375
769.534423828125 429.27349853515625 799.1361083984375 435.3354187011719
60.42780303955078 401.0513000488281 58.08415603637695 374.90283203125
96.5157241821289 422.0350341796875 94.99369812011719 401.0004577636719
96.18787384033203 225.98312377929688 101.85648345947266 289.1026916503906
589.4939575195312 259.9827575683594 591.9719848632812 331.0009765625
625.9684448242188 570.7238159179688 602.9263916015625 573.3557739257812
683.93896484375 337.3951110839844 707.98046875 338.447021484375
60.4233512878418 403.0258483886719 28.941123962402344 396.2745361328125
431.69775390625 236.94395446777344 433.0671691894531 253.99459838867188
527.7408447265625 380.0018005371094 527.6019287109375 360.0027770996094
682.62060546875 441.91668701171875 676.9331665039062 263.00213623046875
770.0159912109375 441.89898681640625 746.8068237304688 438.2179870605469
146.6550750732422 226.86203002929688 151.41539001464844 283.9653625488281
193.1289520263672 337.94635009765625 216.9590301513672 334.6993713378906
790.1909790039062 390.07598876953125 792.4427490234375 414.0523376464844
122.06179809570312 566.1414794921875 44.4530029296875 600.0372314453125
712.0123291015625 1.0509077310562134 634.206298828125 19.853588104248047
656.8267211914062 97.00516510009766 654.9783325195312 34.970848083496094
682.033935546875 229.68405151367188 798.9942626953125 223.88438415527344
797.0433959960938 362.14508056640625 794.36669921875 326.0469665527344
117.36878204345703 425.8787536621094 111.98445892333984 365.0899658203125
733.9257202148438 169.19647216796875 799.1083374023438 163.17259216308594
731.9190063476562 465.138916015625 763.0460815429688 467.35223388671875
6.936933994293213 375.6576232910156 22.946353912353516 372.708740234375
510.2259521484375 232.04513549804688 511.3335266113281 251.0388641357422
583.5008544921875 126.9923095703125 584.114990234375 166.99822998046875
573.0240478515625 539.2489624023438 604.1203002929688 536.2460327148438
20.30973243713379 581.0756225585938 12.85262680053711 513.0161743164062
265.3155212402344 379.9832458496094 264.36285400390625 362.0338134765625
680.27294921875 279.87939453125 682.5530395507812 303.9476013183594
720.0883178710938 163.8612060546875 679.8956298828125 167.98191833496094
772.011474609375 228.2342071533203 682.0800170898438 232.63510131835938
158.8246307373047 332.4607238769531 186.91571044921875 329.26025390625
520.7024536132812 513.623046875 530.8968505859375 451.4908447265625
346.819580078125 68.34555053710938 595.65478515625 -0.25235703587532043
245.949951171875 248.00390625 247.27951049804688 265.0561828613281
255.86090087890625 264.0029296875 255.52223205566406 247.98895263671875
557.0426635742188 543.4821166992188 595.0321044921875 546.6102294921875
647.5432739257812 90.03777313232422 657.213134765625 462.9944763183594
165.0157928466797 411.9036560058594 159.89590454101562 357.9150390625
165.8262939453125 252.8351593017578 167.64930725097656 273.0316467285156
255.1134033203125 364.9136657714844 256.3645324707031 381.0492858886719
564.5443115234375 53.24496841430664 558.1490478515625 76.58876037597656
623.7222900390625 388.0135192871094 622.6990966796875 367.0146484375
80.52133178710938 403.812744140625 83.12724304199219 424.9843444824219
177.41140747070312 382.85888671875 179.22279357910156 400.97772216796875
217.828369140625 334.1226806640625 215.0919647216797 307.9903564453125
248.99154663085938 493.6225280761719 285.995361328125 492.79345703125
364.9344787597656 240.89236450195312 365.831298828125 257.0093994140625
399.9681091308594 317.443603515625 425.0576477050781 316.005859375
409.2674560546875 290.95574951171875 410.1065673828125 314.99627685546875
447.0521545410156 317.99578857421875 445.6731872558594 300.945556640625
609.3612060546875 366.9602966308594 609.9175415039062 386.0315856933594
692.3275146484375 37.324432373046875 662.9014282226562 44.60147476196289
187.19190979003906 332.5359802246094 158.02256774902344 336.1806335449219
632.0342407226562 104.20044708251953 581.9586181640625 112.75798797607422
275.0274963378906 388.10418701171875 163.6099395751953 417.522705078125
494.8442077636719 236.00555419921875 495.7710266113281 262.0081481933594
594.034912109375 549.5526733398438 557.9425048828125 546.737060546875
635.8558349609375 402.00341796875 636.6362915039062 435.00860595703125
657.8258666992188 485.4895324707031 635.1127319335938 503.1449890136719
681.6800537109375 254.9837646484375 681.1068725585938 230.97357177734375
81.89602661132812 279.09735107421875 80.03535461425781 257.99688720703125
380.63165283203125 365.0121154785156 380.10540771484375 348.9965515136719
580.997314453125 287.91448974609375 415.06927490234375 293.1822509765625
635.318359375 504.04248046875 632.923583984375 521.9898071289062
47.65031433105469 314.9976806640625 47.84385681152344 368.9969787597656
323.3371887207031 164.9770965576172 339.43292236328125 401.9706115722656
387.77996826171875 485.8746032714844 380.6834411621094 441.7293701171875
664.481201171875 99.03472137451172 668.1378173828125 258.9739990234375
682.1072387695312 355.0037536621094 681.4801025390625 372.98187255859375
65.48988342285156 259.0525207519531 67.75226593017578 281.0255126953125
438.1211853027344 353.9412536621094 439.0148620605469 370.99920654296875
441.5603332519531 254.9995880126953 441.5472717285156 236.99960327148438
448.9867858886719 371.9295349121094 447.7077331542969 354.0208740234375
458.39971923828125 315.50579833984375 455.0312194824219 298.1884460449219
686.8683471679688 199.41871643066406 731.0615234375 195.7386474609375
33.608489990234375 587.070068359375 5.16165018081665 428.1500549316406
516.3336791992188 359.9669189453125 516.7811279296875 378.00543212890625
138.60787963867188 492.99505615234375 117.36074829101562 484.6221923828125
530.7037353515625 511.0100402832031 531.8572387695312 545.0048217773438
64.17045593261719 431.8603820800781 61.7759895324707 411.78814697265625
538.286376953125 449.4635009765625 525.6599731445312 513.3281860351562
559.3195190429688 523.4083862304688 535.2108154296875 542.2694702148438
525.591552734375 547.1322631835938 528.6044311523438 510.8840026855469
663.0567016601562 47.977745056152344 664.0689086914062 96.0406723022461
0.8629896640777588 13.696370124816895 301.0476989746094 72.75749969482422
546.0077514648438 548.0882568359375 526.0092163085938 547.9177856445312
266.12713623046875 216.99241638183594 269.29022216796875 269.982666015625
780.9292602539062 496.4324645996094 799.2567749023438 499.4301452636719
373.6622009277344 257.0063171386719 373.3438720703125 240.0122833251953
160.58497619628906 481.102783203125 216.57496643066406 492.15350341796875
252.44378662109375 437.6267395019531 295.5121154785156 425.877197265625
338.2701721191406 476.9698181152344 339.3858642578125 486.9569091796875
572.0693969726562 312.99267578125 554.0177612304688 314.2542419433594
604.1879272460938 530.212158203125 562.912841796875 520.3652954101562
605.486572265625 525.0509643554688 604.6766967773438 501.0108947753906
681.864501953125 385.9662170410156 682.8817138671875 412.0046081542969
783.21142578125 345.0730895996094 770.8731079101562 359.00177001953125
230.02706909179688 147.58872985839844 262.0201110839844 149.69461059570312
635.3272705078125 452.9989013671875 635.2891845703125 476.00048828125
799.5419921875 53.66352081298828 669.222900390625 80.18087768554688
39.82802963256836 96.0176773071289 36.1141242980957 59.88548278808594
73.13211059570312 65.4844970703125 57.64739227294922 69.70689392089844
677.9985961914062 117.99114227294922 798.8724365234375 99.18035888671875
173.74441528320312 465.05548095703125 202.7828369140625 457.197509765625
530.9227905273438 319.17437744140625 554.0202026367188 320.6925354003906
53.31148147583008 92.83244323730469 42.2342414855957 70.363525390625
586.5913696289062 360.5066833496094 582.4187622070312 389.33697509765625
27.957162857055664 383.9393310546875 0.3316490650177002 411.3258056640625
288.1949462890625 459.1434326171875 285.27801513671875 442.77227783203125
481.9433288574219 318.69866943359375 493.05291748046875 318.21478271484375
438.08099365234375 420.33172607421875 522.0592041015625 430.51153564453125
669.2864379882812 264.99676513671875 669.4786987304688 281.9945983886719
76.27593231201172 507.9715881347656 65.76898956298828 405.92083740234375
735.9700317382812 193.61175537109375 760.0103149414062 194.78982543945312
783.2850952148438 322.19989013671875 786.427490234375 333.43963623046875
342.02447509765625 441.422607421875 371.0429992675781 439.7427062988281
399.46728515625 438.01617431640625 400.01251220703125 455.96923828125
477.0208435058594 434.3509826660156 503.0582275390625 435.1877746582031
682.9175415039062 417.005615234375 684.5416870117188 440.8951721191406
713.7864990234375 421.837890625 723.8947143554688 424.4132385253906
763.5907592773438 -0.8071185946464539 644.05908203125 26.260820388793945
29.033933639526367 134.46588134765625 0.9566684365272522 132.68202209472656
392.9067077636719 443.350830078125 387.6744079589844 456.8740234375
256.93743896484375 422.86175537109375 270.35675048828125 416.78826904296875
499.77545166015625 320.89288330078125 497.56927490234375 304.9213562011719
290.68988037109375 492.0804138183594 283.4459533691406 464.1436767578125
770.0993041992188 167.95657348632812 737.040283203125 171.38832092285156
572.087890625 81.0059585571289 571.8460693359375 43.98794174194336
637.9822387695312 369.9541320800781 638.6528930664062 398.9386291503906
72.2420883178711 362.7447814941406 62.13651657104492 313.5610046386719
287.0611877441406 463.4385986328125 294.5289306640625 490.8559265136719
543.9896240234375 441.635498046875 527.9775390625 441.3739929199219
36.9936637878418 219.67189025878906 0.987779974937439 220.36715698242188
534.3829345703125 472.01495361328125 534.8523559570312 459.9942321777344
551.2667846679688 55.07364273071289 537.9328002929688 51.2333984375
674.3336791992188 264.995361328125 674.2219848632812 280.99456787109375
53.05840301513672 442.1414489746094 20.983997344970703 455.3834228515625
307.49365234375 474.9398193359375 305.7969970703125 461.0247497558594
626.0966186523438 358.1106872558594 635.4452514648438 369.638916015625
663.2488403320312 48.19773483276367 799.5958251953125 19.867677688598633
2.844160556793213 440.8685302734375 13.269848823547363 587.1233520507812
564.46484375 74.25338745117188 567.7721557617188 55.13356018066406
267.5489501953125 414.996826171875 251.9955596923828 421.9901123046875
735.9895629882812 242.81666564941406 755.041748046875 241.7351531982422
52.736785888671875 407.1970520019531 58.773624420166016 427.77301025390625
32.138160705566406 60.22725296020508 36.75230407714844 98.03023529052734
326.93548583984375 486.2725830078125 316.925537109375 487.1603698730469
692.7281494140625 522.38134765625 661.5889892578125 536.064697265625
787.946533203125 306.5877990722656 709.3602294921875 316.778076171875
42.974754333496094 95.29312133789062 59.02791976928711 96.67584228515625
311.6116027832031 457.8457336425781 315.94244384765625 475.0145263671875
799.1572875976562 13.725214958190918 729.194580078125 28.89713478088379
543.8200073242188 87.16644287109375 569.8994750976562 81.53456115722656
691.0626220703125 25.26515007019043 739.2119140625 13.897568702697754
624.7882690429688 400.32177734375 603.8450927734375 396.9673156738281
299.4532470703125 447.0801086425781 300.9085998535156 457.0133972167969
675.822998046875 254.0109405517578 676.0891723632812 233.98789978027344
86.19123840332031 72.65171813964844 73.59596252441406 65.73584747314453
671.0238647460938 523.1196899414062 691.98876953125 518.9434814453125
57.21244430541992 428.0868835449219 52.084720611572266 440.6257019042969
39.862083435058594 100.30630493164062 74.78948974609375 103.99388122558594
668.132080078125 289.9868469238281 672.3239135742188 332.0673522949219
670.4221801757812 346.9569091796875 674.4024658203125 385.95892333984375
338.9305419921875 404.7159118652344 359.03240966796875 406.6659851074219
