142
708.1370239257812 304.0704650878906 738.2039794921875 245.59072875976562
719.4747314453125 495.648193359375 798.95458984375 376.9695739746094
226.9499969482422 311.0511474609375 228.84039306640625 275.93756103515625
643.3088989257812 598.3458862304688 736.6790771484375 499.69622802734375
192.69525146484375 584.5054931640625 400.5035095214844 456.4397277832031
232.19952392578125 274.0899353027344 229.50450134277344 310.0378112792969
799.0968017578125 381.0649719238281 721.5283813476562 496.68359375
347.1917724609375 442.8943176269531 404.996826171875 0.8688133358955383
258.84332275390625 227.98817443847656 260.3250732421875 82.99310302734375
642.9150390625 0.6420604586601257 603.78271484375 119.25821685791016
407.7270202636719 0.8324686288833618 349.3971862792969 444.0522766113281
257.7728271484375 339.9989013671875 258.30657958984375 230.99659729003906
656.550048828125 404.7716064453125 679.423828125 359.7075500488281
789.564453125 147.79507446289062 799.6712036132812 126.31584167480469
681.71337890625 403.30072021484375 624.6609497070312 508.272216796875
263.8105773925781 0.9868779182434082 259.1437683105469 424.0015869140625
75.70308685302734 407.4233703613281 44.03260803222656 460.0196228027344
570.8719482421875 219.95782470703125 486.7578125 475.24969482421875
144.90444946289062 475.8075256347656 238.64114379882812 429.2770690917969
246.78517150878906 430.1795959472656 313.3815002441406 509.84515380859375
778.9092407226562 224.9505615234375 688.804443359375 390.34869384765625
199.53494262695312 599.2660522460938 193.0680389404297 587.9610595703125
396.3145751953125 462.5128479003906 195.44773864746094 585.7299194335938
738.6725463867188 501.642822265625 645.3248901367188 599.310546875
114.43328857421875 468.3675842285156 76.69978332519531 410.1947326660156
628.2151489257812 461.1092529296875 647.856201171875 422.434814453125
681.4439697265625 357.7247314453125 697.7153930664062 324.85906982421875
416.2451171875 599.311279296875 495.2732238769531 537.0770874023438
497.49237060546875 538.6245727539062 420.3461608886719 599.4391479492188
612.8438720703125 492.9343566894531 626.0228881835938 461.58917236328125
240.26348876953125 431.5328063964844 147.2602996826172 477.5263366699219
316.3841552734375 513.5089721679688 387.8355712890625 599.9623413085938
652.2882690429688 563.5485229492188 799.574462890625 331.3644104003906
799.2642822265625 92.32404327392578 624.8701782226562 64.82306671142578
730.8983764648438 257.6739501953125 569.7909545898438 233.3865203857422
260.73583984375 78.99853515625 261.16925048828125 0.9953840970993042
379.1047668457031 246.25267028808594 420.1394348144531 252.00534057617188
720.7264404296875 599.3231811523438 681.7316284179688 566.3170776367188
149.5225067138672 295.9310607910156 148.25875854492188 323.0120849609375
222.08421325683594 337.3957824707031 257.9450378417969 342.39434814453125
310.5309753417969 510.3916015625 244.965576171875 431.8636779785156
649.0181274414062 414.87359619140625 515.891845703125 395.7529602050781
686.9170532226562 343.5652770996094 539.855712890625 321.9830627441406
799.300537109375 60.10532760620117 634.8388671875 34.01572036743164
799.2492065429688 76.42223358154297 629.8935546875 49.67388916015625
799.2586669921875 43.37615966796875 639.8433837890625 17.98310089111328
667.9136352539062 376.5953063964844 528.7952880859375 356.41094970703125
710.01904296875 297.8718566894531 556.0028686523438 274.9808044433594
350.6668395996094 558.2783813476562 314.7090759277344 515.2431030273438
371.8175354003906 248.17251586914062 272.0548095703125 232.64773559570312
462.73162841796875 485.21893310546875 551.4282836914062 188.8289031982422
681.9830322265625 352.11517333984375 538.0086059570312 330.9413757324219
723.8834228515625 267.7780456542969 565.83642578125 244.09158325195312
799.1703491210938 122.91277313232422 614.8385009765625 94.03055572509766
799.3394165039062 107.83928680419922 619.897705078125 79.6512451171875
604.172119140625 119.88246154785156 789.0985717773438 148.35997009277344
700.032470703125 316.7821350097656 548.9599609375 294.2685241699219
265.9624328613281 343.26446533203125 357.112060546875 356.2110900878906
651.9373779296875 407.43316650390625 517.849609375 388.0397033691406
693.9168701171875 325.5638732910156 545.8908081054688 303.7406311035156
738.8505249023438 244.9873809814453 571.7446899414062 219.68614196777344
0.7724513411521912 386.83203125 50.89933395385742 318.9256896972656
660.9149780273438 392.58258056640625 523.9140625 372.5888671875
663.9113159179688 384.6107177734375 525.9160766601562 364.57806396484375
703.12744140625 307.1444396972656 552.8856201171875 284.7679443359375
624.207763671875 508.5178527832031 463.1488342285156 485.9383239746094
673.1781616210938 368.7886047363281 531.8524169921875 348.0035705566406
718.1575927734375 277.95068359375 561.9269409179688 254.48654174804688
356.8697814941406 358.8546142578125 292.0043029785156 348.9718322753906
390.7392272949219 103.63548278808594 273.9966125488281 85.02130126953125
642.9533081054688 429.32611083984375 510.9402770996094 410.4169921875
628.8070068359375 456.35784912109375 501.81414794921875 438.30755615234375
634.861083984375 442.9729309082031 506.05950927734375 424.5830993652344
638.96728515625 436.22845458984375 508.9151611328125 417.5921325683594
714.9822998046875 288.1189270019531 559.8497924804688 265.0081787109375
267.83636474609375 230.1256561279297 372.1044006347656 245.28182983398438
656.9765014648438 400.1617431640625 520.9401245117188 380.4123229980469
675.9617919921875 360.261474609375 533.9276733398438 339.49481201171875
691.0283203125 334.8077697753906 543.836181640625 313.11138916015625
4.128886699676514 387.660888671875 24.60300636291504 455.81884765625
376.26947021484375 582.7745971679688 345.301025390625 545.7482299804688
351.4100036621094 444.054443359375 410.2461242675781 0.8999115824699402
632.0291137695312 449.7966003417969 503.9361572265625 431.4457092285156
644.8590698242188 421.9844665527344 513.8242797851562 403.22735595703125
791.1017456054688 136.34429931640625 612.893798828125 108.68416595458984
799.2924194335938 26.180618286132812 645.9146118164062 1.5311496257781982
174.08543395996094 596.1382446289062 189.6881866455078 586.4954833984375
78.05882263183594 52.614803314208984 260.239013671875 80.4349136352539
622.935302734375 462.4571838378906 499.85284423828125 445.0399169921875
615.7645263671875 481.66448974609375 493.9393310546875 464.4288330078125
682.72802734375 564.1423950195312 723.9114990234375 599.1043090820312
28.019235610961914 198.01907348632812 0.13258452713489532 226.13980102539062
559.5054321289062 599.503662109375 498.4565124511719 539.553466796875
776.9188842773438 417.5929260253906 799.0517578125 420.62176513671875
149.92022705078125 212.5323486328125 257.0617980957031 228.5876007080078
400.9938659667969 102.04227447509766 442.1419677734375 108.02335357666016
620.0173950195312 468.8771667480469 498.052490234375 451.62890625
744.5008544921875 500.33892822265625 799.1783447265625 541.7646484375
799.2323608398438 544.6900024414062 743.2186279296875 502.70831298828125
174.15147399902344 580.8876342773438 159.3733367919922 600.0586547851562
499.6841735839844 537.303955078125 562.73193359375 599.2727661132812
618.9323120117188 475.47772216796875 495.9913635253906 458.0610046386719
799.275390625 8.202789306640625 746.1436767578125 0.062126029282808304
799.1821899414062 179.81370544433594 566.150146484375 144.0225830078125
622.0442504882812 85.71281433105469 799.1555786132812 112.98986053466797
799.096435546875 422.3809814453125 775.8807983398438 418.7652893066406
135.15464782714844 128.98341369628906 128.18292236328125 63.98038101196289
155.18365478515625 283.7366943359375 198.14791870117188 289.9825134277344
268.866943359375 81.85968017578125 391.03607177734375 100.76700592041016
627.1096801757812 71.29134368896484 799.318359375 97.94303894042969
153.96218872070312 481.1108093261719 185.18919372558594 514.9010009765625
256.9046630859375 230.64622497558594 149.87338256835938 214.8583526611328
487.2222900390625 475.4162902832031 612.147216796875 492.9513244628906
611.0458374023438 487.67181396484375 491.01275634765625 470.9085693359375
564.946533203125 143.9840087890625 607.8221435546875 0.6476787328720093
630.9644165039062 56.22871398925781 799.2448120117188 82.4275131225586
258.9794006347656 83.13165283203125 133.9102325439453 63.5740966796875
369.956298828125 358.3305969238281 400.943603515625 362.42657470703125
256.97296142578125 344.1914978027344 221.96498107910156 339.24798583984375
257.4858703613281 423.9998474121094 257.5106506347656 344.9998474121094
417.94940185546875 254.34353637695312 379.89141845703125 248.7370147705078
799.1129760742188 508.24713134765625 753.783203125 501.44464111328125
146.94247436523438 327.373291015625 218.77748107910156 338.4438781738281
620.1280517578125 100.17066192626953 791.0665893554688 126.56879425048828
636.9779663085938 41.14116287231445 799.2423706054688 66.44590759277344
101.07417297363281 205.4836883544922 143.06944274902344 211.51661682128906
203.98948669433594 271.06671142578125 175.8992462158203 266.6392822265625
345.1753845214844 443.82269287109375 306.0019836425781 437.9866027832031
643.0188598632812 25.87835121154785 799.2973022460938 50.08011245727539
551.6620483398438 189.21932983398438 777.8978271484375 223.67074584960938
127.69324493408203 53.91271209716797 121.03050994873047 0.9961581826210022
159.327392578125 334.9669189453125 166.49713134765625 405.9497985839844
164.61163330078125 404.0421447753906 157.11802673339844 334.9871826171875
394.24139404296875 481.37640380859375 379.97857666015625 483.8779296875
81.8979263305664 316.7226867675781 145.05050659179688 325.6424560546875
150.97645568847656 313.16455078125 219.15481567382812 322.91778564453125
130.42532348632812 63.95722198486328 136.96730041503906 129.0032958984375
399.1866149902344 451.8157653808594 354.2006530761719 444.7266540527344
176.0775909423828 264.410888671875 200.0567169189453 267.5694274902344
439.95849609375 110.26274871826172 400.9830017089844 104.10762023925781
679.0189208984375 383.0992431640625 668.8180541992188 385.0472106933594
175.94161987304688 269.3119201660156 203.71728515625 274.5105285644531
