187
160.65293884277344 299.0075378417969 243.956787109375 269.8764343261719
430.94439697265625 143.51235961914062 401.9788818359375 146.81472778320312
420.97052001953125 0.8566463589668274 332.0300598144531 19.14618682861328
702.8541870117188 190.0798797607422 490.7862243652344 206.18511962890625
703.6578979492188 35.0037841796875 703.8900756835938 56.001216888427734
240.9868621826172 262.9606628417969 158.20387268066406 290.6169738769531
536.7516479492188 163.99322509765625 536.5618286132812 198.9867706298828
141.0216827392578 222.0684814453125 274.2738952636719 179.86480712890625
287.5022888183594 249.98391723632812 162.59304809570312 311.1692199707031
324.99530029296875 19.091638565063477 84.95970916748047 6.785931587219238
574.521728515625 177.89361572265625 575.4359130859375 190.9695281982422
434.1239318847656 146.15380859375 702.1469116210938 117.3678970336914
745.5054321289062 249.99261474609375 745.8338012695312 227.98260498046875
489.1148376464844 204.52706909179688 441.8556823730469 208.0811309814453
555.649169921875 196.85150146484375 548.3446044921875 164.92117309570312
746.1657104492188 70.38114929199219 729.1703491210938 72.41997528076172
795.1475219726562 238.0028076171875 794.1189575195312 292.02130126953125
266.37103271484375 598.8873901367188 258.46954345703125 572.8574829101562
538.94921875 199.51284790039062 553.8912353515625 197.9561767578125
378.0711975097656 83.4640884399414 702.2659912109375 33.73403549194336
457.0047912597656 558.0121459960938 798.5322875976562 423.8096618652344
791.15185546875 296.9755859375 796.6212768554688 106.9315414428711
240.087890625 183.9815216064453 235.24453735351562 160.94857788085938
702.2368774414062 117.99747467041016 703.0049438476562 190.0106201171875
270.7481384277344 175.1818084716797 241.72772216796875 184.11550903320312
685.9879150390625 418.86639404296875 727.8252563476562 415.0729064941406
274.06719970703125 181.18772888183594 287.95843505859375 250.20962524414062
498.9967346191406 395.0019226074219 472.04010009765625 348.97650146484375
558.1485595703125 394.89739990234375 524.3934936523438 346.0373229980469
657.344970703125 550.8038330078125 615.3536376953125 568.8240356445312
480.57159423828125 135.94227600097656 477.75244140625 108.0250015258789
679.9739379882812 417.92694091796875 724.9591064453125 401.88531494140625
706.065185546875 33.40093231201172 768.0518188476562 23.318531036376953
799.1376342773438 426.351806640625 625.1660766601562 494.4243469238281
200.93507385253906 197.77565002441406 185.65359497070312 134.08311462402344
397.04351806640625 149.44290161132812 430.1173095703125 146.19422912597656
703.3690185546875 0.9857844114303589 704.4475708007812 28.982757568359375
224.0078887939453 538.8489990234375 164.91102600097656 599.8821411132812
489.86212158203125 178.81512451171875 491.8674011230469 199.01316833496094
474.2430114746094 347.2927551269531 499.513671875 391.7077331542969
619.90234375 111.0016098022461 619.523193359375 88.00785827636719
790.9202270507812 0.9729301929473877 788.38720703125 102.00970458984375
115.989501953125 118.92131805419922 291.2064514160156 95.54752349853516
704.7014770507812 92.99932098388672 704.6583862304688 111.99922180175781
153.73309326171875 211.81045532226562 131.3946533203125 125.41508483886719
239.5829620361328 256.1849670410156 202.83375549316406 264.6286926269531
233.8659210205078 161.82850646972656 238.6282501220703 185.87557983398438
517.3487548828125 195.7947998046875 515.3773193359375 173.2291259765625
706.0057373046875 112.01309204101562 704.9916381835938 35.013282775878906
729.3758544921875 74.00188446044922 729.2603759765625 97.0063247680664
222.2799530029297 177.94546508789062 217.25363159179688 152.14540100097656
595.1804809570312 578.4449462890625 654.20458984375 554.5044555664062
706.844482421875 380.9989013671875 707.9140625 228.97125244140625
746.5145263671875 58.98855972290039 746.84423828125 44.99633026123047
194.933837890625 198.78463745117188 157.75588989257812 210.20533752441406
206.29757690429688 154.92977905273438 212.47869873046875 181.12301635742188
273.0455017089844 442.8576354980469 374.0517272949219 441.2492370605469
446.6153869628906 202.26638793945312 489.04180908203125 196.29714965820312
476.7028503417969 111.93455505371094 478.9440612792969 136.0052032470703
522.8464965820312 257.10400390625 521.122802734375 237.98892211914062
370.1472473144531 592.9205932617188 350.8323059082031 557.0903930664062
371.45660400390625 591.6163330078125 453.7276306152344 559.3064575195312
626.79638671875 254.0033416748047 626.468505859375 233.99232482910156
162.7924041748047 311.5675048828125 158.80616760253906 295.0467834472656
189.9237060546875 161.01666259765625 198.20875549316406 198.95440673828125
650.0374755859375 191.36380004882812 676.0703125 188.68252563476562
674.9412231445312 184.00164794921875 702.0826416015625 182.40447998046875
746.0819702148438 227.24331665039062 730.0855712890625 228.29774475097656
788.9021606445312 128.996337890625 789.7618408203125 106.06605529785156
159.0215606689453 295.73663330078125 140.19137573242188 222.69287109375
798.1611938476562 154.00433349609375 795.9822998046875 235.0264129638672
198.6241455078125 449.09588623046875 236.9402618408203 599.2703857421875
441.6865234375 208.9169158935547 434.17657470703125 146.8576202392578
509.8652038574219 123.06961822509766 508.57415771484375 102.026123046875
619.07177734375 86.97969055175781 604.0789794921875 88.0778579711914
704.7071533203125 73.9979476928711 704.5881958007812 90.99711608886719
432.8174133300781 142.8932647705078 428.2733459472656 108.09488677978516
765.5852661132812 337.062255859375 760.3761596679688 386.0400085449219
137.69039916992188 158.0765380859375 151.309814453125 213.17062377929688
214.74281311035156 140.05081176757812 211.7781219482422 125.04383087158203
290.3276062011719 158.94439697265625 286.6136474609375 137.06558227539062
326.6037902832031 303.41436767578125 273.3160705566406 339.4671630859375
488.7412109375 204.1224822998047 519.704345703125 199.85491943359375
202.0987091064453 258.4259338378906 235.90538024902344 250.59170532226562
263.4886474609375 411.83782958984375 310.55780029296875 378.9367370605469
408.6960754394531 430.62994384765625 459.7653503417969 417.1134033203125
461.4561462402344 562.6409301757812 490.4297790527344 599.4488525390625
487.5351867675781 599.3546142578125 459.87213134765625 563.0975341796875
494.8870849609375 103.80477142333984 497.07904052734375 124.9918212890625
547.9188842773438 598.811767578125 589.0374755859375 581.0869140625
659.0208129882812 430.00115966796875 659.133544921875 330.99560546875
278.4689025878906 138.0992889404297 282.75872802734375 161.04510498046875
316.0546875 296.99102783203125 312.7856750488281 277.03509521484375
330.17333984375 23.132118225097656 375.6835021972656 307.8907470703125
352.2894287109375 555.8455200195312 371.4593811035156 591.7547607421875
398.9308166503906 116.01080322265625 401.89910888671875 135.01576232910156
613.057373046875 499.1458740234375 544.1044921875 526.2657470703125
604.1427612304688 89.93804931640625 605.3406372070312 112.0357437133789
139.8264617919922 220.04481506347656 104.71307373046875 84.0740966796875
411.10772705078125 114.36343383789062 399.1036682128906 115.31195831298828
530.4475708007812 357.173828125 549.1376342773438 389.92144775390625
256.2770690917969 334.9466247558594 252.04617309570312 312.9910888671875
97.99806213378906 74.96023559570312 0.9844473600387573 79.68034362792969
104.04057312011719 83.5484619140625 0.9389920830726624 91.17527770996094
305.451416015625 280.09979248046875 309.1015319824219 300.1634521484375
799.0753784179688 544.8760375976562 761.56640625 522.0684814453125
245.9102325439453 461.55804443359375 207.77105712890625 455.4233703613281
506.2695007324219 410.0464172363281 505.86529541015625 394.9767761230469
595.0648193359375 580.1484985351562 550.2993774414062 599.6859130859375
270.0180969238281 452.4555358886719 315.0265197753906 450.66778564453125
416.4740905761719 242.9276580810547 419.2489318847656 261.1145935058594
637.813232421875 4.013778209686279 640.1719360351562 35.98731994628906
242.5004119873047 317.106201171875 247.39390563964844 340.1288146972656
413.216064453125 134.97866821289062 411.1435546875 113.98582458496094
450.7845153808594 170.09429931640625 453.0269775390625 198.99790954589844
708.4158935546875 115.9983901977539 708.62060546875 168.9976043701172
612.1561279296875 233.99546813964844 612.7379150390625 254.0076141357422
662.9686889648438 423.6851806640625 680.0304565429688 423.27899169921875
539.0797729492188 528.2033081054688 424.125244140625 573.319091796875
720.3201293945312 579.5654907226562 685.3884887695312 553.8300170898438
799.0745849609375 399.3359069824219 670.9733276367188 393.5958557128906
746.2396240234375 96.02674102783203 746.7800903320312 70.97367858886719
198.0150146484375 388.99615478515625 178.5336456298828 313.1197509765625
680.0658569335938 426.45703125 660.7465209960938 429.2412414550781
760.4943237304688 348.08209228515625 754.4072265625 384.7354736328125
507.1692810058594 393.890380859375 474.7654724121094 343.8565979003906
799.0447998046875 312.24285888671875 771.9956665039062 312.7829284667969
615.0650024414062 600.0166625976562 596.755615234375 583.1783447265625
727.0291137695312 418.3193359375 687.9888305664062 421.87750244140625
38.03493881225586 540.1201171875 32.43232345581055 588.3983154296875
729.488037109375 228.00146484375 729.5512084960938 250.00128173828125
28.067176818847656 593.8131103515625 43.82785415649414 599.4788818359375
467.6833801269531 417.8785095214844 410.7074279785156 433.9637145996094
634.8392944335938 298.7731628417969 649.1182250976562 296.9024963378906
646.0274047851562 330.1593322753906 664.345703125 327.0118103027344
31.545289993286133 545.0905151367188 27.85638999938965 567.3082275390625
471.4585266113281 351.1998596191406 501.8200378417969 409.5321960449219
687.7937622070312 558.2797241210938 721.281982421875 582.9737548828125
508.1833801269531 238.87362670898438 510.12908935546875 257.093017578125
511.3497314453125 408.9532165527344 509.3607177734375 394.08551025390625
633.9609375 321.1462707519531 662.0062255859375 321.6568908691406
722.9696655273438 221.35183715820312 745.7999267578125 223.32041931152344
290.7321472167969 99.04829406738281 327.1715087890625 301.1493835449219
163.13211059570312 597.1631469726562 221.10997009277344 537.0344848632812
771.6607666015625 382.05523681640625 766.1398315429688 348.1400146484375
778.9323120117188 467.1246032714844 799.4077758789062 478.24951171875
252.36376953125 250.36085510253906 245.47314453125 219.11619567871094
742.0316162109375 198.20899963378906 729.0269165039062 200.17782592773438
686.9769287109375 533.6732788085938 774.9258422851562 501.533447265625
799.0492553710938 337.3125305175781 769.9559326171875 337.93212890625
786.744873046875 110.99993896484375 786.7463989257812 130.00010681152344
556.9710693359375 191.9499969482422 573.0139770507812 191.50753784179688
705.0895385742188 267.00836181640625 705.5492553710938 317.004150390625
714.171142578125 407.46990966796875 681.17724609375 419.4867248535156
364.488525390625 328.2035827636719 415.8782043457031 313.5722351074219
421.1703796386719 574.426025390625 378.2378845214844 591.5948486328125
421.9859313964844 310.4681091308594 532.9949340820312 309.44891357421875
102.65397644042969 77.83475494384766 85.24543762207031 8.937984466552734
518.1265869140625 171.85655212402344 490.001953125 176.01315307617188
579.3812255859375 191.06378173828125 577.9111328125 176.80299377441406
196.2698516845703 443.9317321777344 163.60882568359375 314.845947265625
706.8162231445312 166.00042724609375 706.7012939453125 117.00070190429688
770.9943237304688 320.218017578125 799.0535888671875 320.9524230957031
621.962890625 187.19029235839844 652.0372314453125 185.81182861328125
588.8104858398438 579.1969604492188 552.108642578125 543.8870849609375
646.5877075195312 234.97471618652344 645.2113647460938 202.99090576171875
524.0050048828125 195.06045532226562 535.0946655273438 194.1385955810547
472.0654296875 319.8340759277344 627.89111328125 307.6116943359375
352.3602600097656 359.7626953125 364.71954345703125 378.5260314941406
696.1551513671875 145.6770477294922 452.8320007324219 168.1838836669922
728.9417724609375 200.79989624023438 721.4933471679688 209.56967163085938
753.1360473632812 261.9827575683594 724.0597534179688 263.3091735839844
747.0332641601562 519.158935546875 799.2589111328125 508.2381286621094
702.9400024414062 232.08973693847656 704.2916259765625 263.11798095703125
793.87744140625 71.99080657958984 798.381591796875 11.953605651855469
308.8072814941406 362.00146484375 339.1041564941406 359.0800476074219
511.9574890136719 412.8133239746094 526.3496704101562 409.535400390625
362.4257507324219 380.42718505859375 348.8182067871094 362.1352233886719
321.96807861328125 337.7162170410156 309.6796569824219 357.1658020019531
581.97705078125 189.6702117919922 595.9788208007812 188.6956024169922
747.0860595703125 514.2076416015625 728.0413208007812 522.0997924804688
797.299072265625 99.0654067993164 798.0130004882812 73.97191619873047
326.8695068359375 393.39849853515625 360.9986267089844 385.99371337890625
795.5301513671875 9.067927360534668 794.3358154296875 0.8068768978118896
396.216796875 390.87799072265625 385.4510803222656 371.74615478515625
437.071533203125 349.2626037597656 413.2082824707031 355.7644348144531
363.50665283203125 386.73419189453125 370.99298095703125 401.0036926269531
