191
345.853515625 336.5025329589844 431.9104309082031 328.0845031738281
425.7538146972656 330.55810546875 268.72137451171875 357.3680419921875
595.1815795898438 478.9662170410156 587.5406494140625 437.8994140625
498.97698974609375 261.76123046875 476.98846435546875 263.8802185058594
268.9969482421875 205.19805908203125 506.0011291503906 204.29908752441406
430.114501953125 322.2447814941406 348.88201904296875 329.7176208496094
472.6832580566406 322.23309326171875 430.7751770019531 329.7459716796875
665.5201416015625 302.9752502441406 664.5883178710938 321.0303649902344
594.9663696289062 140.2975616455078 799.02490234375 130.51956176757812
281.7281799316406 208.00193786621094 282.2348937988281 279.0054626464844
267.9945373535156 284.9403381347656 498.0835266113281 263.9141540527344
711.1480102539062 299.3373718261719 704.345458984375 328.6155700683594
356.7408752441406 262.02728271484375 357.0705871582031 241.00111389160156
284.8390197753906 278.98870849609375 283.86962890625 206.98829650878906
607.103515625 252.11024475097656 608.7257080078125 235.87269592285156
799.0151977539062 139.5342559814453 777.0045166015625 140.15989685058594
664.3615112304688 240.03990173339844 661.6107177734375 264.95703125
663.610595703125 265.0448303222656 665.9637451171875 232.99732971191406
745.0173950195312 141.5465545654297 725.005859375 142.1844482421875
394.96197509765625 133.4052734375 264.9800109863281 121.21320343017578
373.2890625 270.0031433105469 373.4300537109375 212.0010528564453
410.8349914550781 267.0079345703125 411.2823181152344 220.002685546875
431.3712158203125 257.1036071777344 432.8156433105469 237.98606872558594
618.4549560546875 320.0994567871094 622.1566772460938 265.9423522949219
691.021484375 259.1090087890625 692.9658813476562 240.88963317871094
768.0162353515625 140.49703979492188 747.0059814453125 141.18284606933594
331.1885681152344 273.9998779296875 331.1468811035156 208.99990844726562
639.1317138671875 461.79290771484375 644.1388549804688 489.1575622558594
651.2463989257812 498.2216491699219 636.166259765625 446.9510803222656
251.33843994140625 22.292293548583984 261.97406005859375 9.977594375610352
369.84759521484375 411.980224609375 369.33245849609375 441.988525390625
371.593505859375 211.99465942382812 370.81884765625 270.99761962890625
445.3009948730469 263.9993896484375 445.25408935546875 240.99948120117188
603.241943359375 494.1321716308594 593.0437622070312 435.6436462402344
709.07421875 267.0858154296875 711.4808349609375 236.95852661132812
345.8448486328125 241.99789428710938 345.5727233886719 262.0077819824219
409.6139221191406 230.98118591308594 407.8098449707031 267.99072265625
779.6122436523438 400.95526123046875 781.92822265625 380.8763732910156
793.3983764648438 268.0487060546875 795.8662109375 247.8614044189453
263.33270263671875 29.279464721679688 113.14722442626953 0.2386121153831482
269.6544494628906 561.0033569335938 265.369140625 122.98660278320312
473.9656982421875 267.97381591796875 473.2579040527344 322.9904479980469
622.863037109375 265.4199523925781 799.1517333984375 282.4273986816406
723.6016845703125 333.0004577636719 723.622314453125 304.9997253417969
799.306396484375 348.058349609375 619.2144165039062 319.6410217285156
290.2578430175781 543.994384765625 287.85302734375 433.003173828125
403.9420166015625 313.2057189941406 429.94720458984375 312.3655090332031
767.5560913085938 377.9672546386719 766.2193603515625 396.0899353027344
263.4986267089844 106.99773406982422 263.9775695800781 0.9953802824020386
329.085205078125 209.9957733154297 328.7849426269531 274.9989929199219
680.6663818359375 240.88677978515625 679.2120361328125 258.01800537109375
271.12591552734375 504.99884033203125 271.9917297363281 599.0184936523438
706.042236328125 331.507080078125 721.10302734375 332.7975158691406
744.823974609375 318.8182678222656 742.7919311523438 331.96783447265625
4.887977123260498 455.4803466796875 102.86209869384766 434.36029052734375
195.76185607910156 319.9928283691406 0.8439400792121887 344.7724304199219
407.30645751953125 403.0107727050781 406.5682067871094 424.01995849609375
602.6129150390625 483.9837951660156 602.1934204101562 494.0080871582031
637.4263916015625 289.0426940917969 634.9086303710938 314.19110107421875
671.5055541992188 358.96380615234375 670.251708984375 376.0916442871094
722.9959716796875 142.68797302246094 704.9989624023438 142.9206085205078
281.70867919921875 131.99966430664062 281.7413024902344 200.0006103515625
291.42523193359375 599.4808349609375 302.2415771484375 567.4188232421875
428.54119873046875 381.0394287109375 429.92822265625 361.9947814941406
466.9787292480469 140.25665283203125 450.0123596191406 138.8508758544922
600.1585083007812 361.1294250488281 601.8627319335938 345.8729553222656
192.99755859375 224.87550354003906 263.00982666015625 223.50045776367188
369.0071716308594 85.8935317993164 341.9952087402344 84.07089233398438
370.9547424316406 404.9991760253906 371.96258544921875 348.9813232421875
416.09698486328125 441.3715515136719 453.8726806640625 431.5122375488281
431.07281494140625 316.9864196777344 404.0724182128906 317.9759826660156
489.3562927246094 367.0301513671875 490.88262939453125 348.9900817871094
693.672607421875 322.0395202636719 694.0761108398438 304.9545593261719
780.9734497070312 245.99761962890625 779.1725463867188 266.1050109863281
365.0060729980469 271.0619812011719 333.91229248046875 274.10333251953125
433.9837646484375 137.18853759765625 415.94537353515625 135.6337432861328
586.8875732421875 66.18757629394531 799.2496948242188 36.8048210144043
681.4786376953125 379.043701171875 683.0432739257812 361.9126281738281
483.12921142578125 350.9043884277344 482.3057556152344 367.015625
182.18948364257812 441.5567626953125 0.6003371477127075 484.3021545410156
0.9800384640693665 187.3037872314453 190.027587890625 190.19818115234375
142.96527099609375 425.8413391113281 263.11785888671875 399.5383605957031
266.08251953125 111.21467590332031 510.0164794921875 136.84315490722656
319.9063415527344 344.3204345703125 340.0745544433594 341.5409851074219
558.8492431640625 152.94134521484375 546.6116333007812 393.03118896484375
770.7140502929688 538.3051147460938 788.6551513671875 479.28717041015625
254.9977264404297 226.7251739501953 182.99217224121094 226.49957275390625
423.2328186035156 238.9795379638672 422.7514953613281 257.0200500488281
598.3140869140625 235.01382446289062 597.6073608398438 251.0707550048828
333.57867431640625 438.0750732421875 338.4413757324219 530.1351318359375
162.9663848876953 244.14712524414062 0.9815437197685242 250.53173828125
178.08584594726562 544.3093872070312 8.046745300292969 602.0808715820312
0.2507513463497162 325.7613830566406 194.54974365234375 305.6500244140625
586.9578247070312 205.44334411621094 799.0396728515625 211.64389038085938
448.3470458984375 316.988037109375 448.5350036621094 290.99664306640625
167.0382080078125 361.2344055175781 0.7294630408287048 388.340087890625
0.963469386100769 218.8677215576172 190.98426818847656 216.65158081054688
301.55487060546875 547.028564453125 293.41259765625 420.03765869140625
770.0032348632812 573.8023681640625 777.134765625 537.8284912109375
179.00645446777344 229.25180053710938 0.9696598052978516 233.8166961669922
175.4478759765625 489.0786437988281 0.2590898871421814 539.4216918945312
174.9769287109375 256.561767578125 0.9329478740692139 265.7266540527344
172.8934326171875 384.419921875 0.6441617608070374 416.06298828125
203.0382843017578 503.1676940917969 0.6832889318466187 570.0416870117188
0.8564326167106628 378.0360107421875 173.05807495117188 352.38995361328125
0.5908795595169067 498.3999328613281 194.94740295410156 448.7052917480469
262.0645751953125 35.66257858276367 119.72703552246094 8.42655086517334
259.8761901855469 9.557809829711914 227.68621826171875 2.413889169692993
345.4326477050781 380.9991760253906 345.4033508300781 401.0005798339844
369.957275390625 596.1354370117188 375.069091796875 560.009765625
447.17047119140625 571.9913330078125 448.5480041503906 599.0230102539062
659.9996337890625 326.4984130859375 701.9996337890625 326.508056640625
130.83740234375 265.956787109375 132.69798278808594 302.0155944824219
471.961669921875 262.5675354003906 447.972900390625 264.6941833496094
506.0682678222656 204.962646484375 499.33349609375 372.9732971191406
577.484130859375 366.0273132324219 586.2310180664062 211.01303100585938
183.4070587158203 7.9528584480285645 252.26931762695312 21.645557403564453
449.7404479980469 436.7356872558594 417.85260009765625 443.2819519042969
493.72607421875 252.12039184570312 494.9206237792969 234.9944610595703
0.795254111289978 393.758056640625 193.49295043945312 361.99017333984375
323.3807373046875 286.9489440917969 318.6725769042969 344.0554504394531
376.47625732421875 560.0646362304688 371.5879821777344 596.079833984375
550.9992065429688 141.97463989257812 592.9910278320312 140.70352172851562
591.635498046875 343.9801940917969 590.76220703125 360.04144287109375
384.8495788574219 467.2862548828125 366.2145690917969 457.4948425292969
420.5789794921875 364.975830078125 420.2889404296875 382.0219421386719
447.0420837402344 598.9979858398438 445.7147216796875 571.0135498046875
0.8062102794647217 249.76284790039062 191.95152282714844 242.68992614746094
0.5053585171699524 472.770263671875 185.28543090820312 431.77886962890625
122.66236877441406 11.973480224609375 128.70965576171875 163.01162719726562
80.49900817871094 600.2911987304688 198.7707977294922 554.5819091796875
92.20216369628906 -0.05125463753938675 263.2235107421875 32.83781051635742
526.0050659179688 436.208740234375 579.97314453125 434.8963317871094
148.8676300048828 600.8675537109375 199.926513671875 577.1468505859375
627.01513671875 315.7811279296875 662.0548706054688 318.2076721191406
377.0082702636719 555.8258666992188 405.9905090332031 557.2003173828125
0.6629988551139832 557.9083251953125 199.9701385498047 496.38201904296875
413.4352111816406 461.67706298828125 469.47760009765625 480.5511474609375
0.703524112701416 424.4622802734375 195.5579376220703 386.893798828125
352.36822509765625 54.69325256347656 342.7250061035156 51.975830078125
127.00054168701172 201.27767944335938 0.9971271753311157 201.52272033691406
336.63629150390625 338.95489501953125 332.8070068359375 284.9427795410156
337.9536437988281 459.9700012207031 335.4371337890625 379.9548034667969
0.5352694392204285 528.3447875976562 198.3492889404297 472.8057861328125
306.6566162109375 359.76739501953125 280.86566162109375 387.8767395019531
157.00149536132812 1.9932993650436401 181.14195251464844 7.361639976501465
710.0975341796875 239.0088348388672 707.5585327148438 267.0505676269531
117.96379852294922 8.182404518127441 79.10501861572266 0.47079867124557495
310.3273620605469 -0.3408733308315277 547.1283569335938 57.47430419921875
153.87911987304688 335.24530029296875 0.9581174850463867 359.738525390625
339.8754577636719 82.9979248046875 340.4927978515625 45.991539001464844
356.0595397949219 82.64093780517578 347.8273620605469 57.71762466430664
563.0285034179688 496.48992919921875 601.0773315429688 498.6154479980469
331.12274169921875 407.97216796875 330.552490234375 384.9615173339844
696.9915161132812 302.2327880859375 665.9961547851562 301.1056823730469
55.38201141357422 600.1021728515625 158.1656951904297 564.4780883789062
185.98052978515625 193.770751953125 0.9809046387672424 191.7370147705078
196.8485565185547 563.6318359375 97.29615020751953 604.5820922851562
378.8286437988281 53.504173278808594 364.7788391113281 58.36007308959961
0.4533216059207916 593.327880859375 184.71946716308594 533.0833129882812
288.4074401855469 423.8053283691406 292.32012939453125 391.794677734375
726.0117797851562 327.9148254394531 741.1375122070312 330.0047302246094
488.9057922363281 483.440185546875 509.0530090332031 487.7522888183594
792.949462890625 577.2759399414062 770.342041015625 573.1334838867188
180.33990478515625 315.9388427734375 1.0777113437652588 336.6719055175781
508.8799743652344 446.02935791015625 504.50115966796875 428.1219787597656
180.98085021972656 221.8566131591797 0.9643505215644836 224.8711700439453
786.6178588867188 336.5533447265625 799.3248901367188 339.6794738769531
670.5856323242188 428.7373046875 769.8984985351562 452.42559814453125
373.0730285644531 595.6273803710938 403.9855041503906 597.272216796875
777.2760620117188 569.9527587890625 795.0923461914062 574.6497192382812
180.0520477294922 249.07359313964844 0.8430121541023254 257.76190185546875
336.5860900878906 45.01595687866211 336.8504333496094 85.00759887695312
507.6441345214844 427.60992431640625 511.7289733886719 444.8270568847656
123.91747283935547 598.7617797851562 172.61549377441406 581.89013671875
466.0000305175781 445.9952087402344 482.0074462890625 446.13275146484375
729.9963989257812 455.1192321777344 749.9878540039062 455.03741455078125
152.0448760986328 309.4666748046875 0.8084775805473328 324.0080871582031
799.0363159179688 306.6832580566406 642.0346069335938 288.6976623535156
182.79981994628906 367.91119384765625 0.7039686441421509 401.38983154296875
507.9712219238281 449.79119873046875 516.427490234375 489.1230773925781
750.9906005859375 332.2533874511719 763.0482788085938 332.7016296386719
322.60113525390625 411.696533203125 307.0012512207031 425.1601257324219
590.0083618164062 490.99517822265625 579.0007934570312 490.9033203125
512.029296875 487.99346923828125 503.76641845703125 450.82958984375
536.5115356445312 487.0782165527344 529.9351196289062 446.0103759765625
342.6341247558594 57.98759841918945 343.0446472167969 78.97956848144531
618.15771484375 439.9647216796875 621.2830200195312 453.93670654296875
221.1892547607422 410.82440185546875 182.1791229248047 419.78021240234375
546.9523315429688 394.2110595703125 568.9595336914062 399.1793518066406
539.4876708984375 444.9271545410156 545.6092529296875 485.90899658203125
