95
71.90113067626953 60.28311538696289 0.8729992508888245 70.07915496826172
75.8888168334961 368.8590087890625 0.8220640420913696 376.17401123046875
56.21828842163086 340.93109130859375 28.624940872192383 347.4002380371094
55.01072311401367 354.0517272949219 30.608245849609375 359.110107421875
0.8514708876609802 55.9261474609375 67.10543823242188 46.762290954589844
0.818145215511322 72.68647003173828 72.11296081542969 62.815887451171875
170.1763916015625 498.1548767089844 188.01113891601562 592.9979248046875
0.799283504486084 288.2958984375 52.14698791503906 282.2479553222656
52.35404968261719 273.8980712890625 26.778152465820312 185.06387329101562
77.0507583618164 516.7847290039062 47.010475158691406 557.0078125
51.779937744140625 282.3509826660156 76.80494689941406 369.3437805175781
171.18362426757812 288.1450500488281 166.41090393066406 261.2823486328125
231.99520874023438 487.94378662109375 212.87838745117188 489.5728454589844
0.4414147734642029 586.3771362304688 27.832855224609375 561.8135986328125
87.09793853759766 226.97943115234375 69.078125 228.78128051757812
81.99604797363281 373.2857666015625 54.88283157348633 278.0333557128906
135.25205993652344 60.175384521484375 251.87115478515625 557.4992065429688
28.125764846801758 183.96377563476562 52.0377311706543 266.9891357421875
15.027976989746094 280.27618408203125 52.15349578857422 276.51519775390625
56.141700744628906 346.666259765625 26.972341537475586 352.8699645996094
171.9496612548828 462.0115051269531 179.5185089111328 495.110107421875
265.97833251953125 564.6624145507812 485.0381164550781 550.5936279296875
10.457704544067383 562.0682373046875 44.614158630371094 547.4334106445312
53.76686477661133 505.9638671875 50.16938018798828 529.1812133789062
26.248313903808594 577.2615966796875 2.63735294342041 599.6715087890625
57.16291046142578 276.2381896972656 84.64277648925781 372.8171081542969
0.9982078671455383 354.9689025878906 70.05706787109375 350.9906005859375
116.71975708007812 39.29745864868164 167.45541381835938 257.6618347167969
0.8078169822692871 184.47544860839844 95.93494415283203 172.48390197753906
60.60340881347656 199.8365478515625 64.98303985595703 216.0045928955078
142.36500549316406 435.1630859375 135.9084930419922 410.02349853515625
67.13412475585938 49.943729400634766 0.9084488153457642 59.3558235168457
0.6459689140319824 87.10182189941406 26.727792739868164 177.7906951904297
68.89807891845703 229.75436401367188 76.649658203125 258.0958251953125
158.13412475585938 118.75475311279297 212.48780822753906 370.1107482910156
0.8424795866012573 514.4510498046875 17.08131980895996 512.7996215820312
32.14472579956055 558.91796875 12.0144624710083 562.0917358398438
0.863680899143219 67.0093002319336 65.87125396728516 58.064334869384766
799.0486450195312 525.6953125 421.93609619140625 552.0867309570312
750.96728515625 520.521728515625 716.9893188476562 522.8436279296875
29.712709426879883 367.8702697753906 64.27490234375 359.0810241699219
214.1822052001953 416.9588928222656 179.2005615234375 261.9547424316406
443.9474792480469 542.259765625 326.9688415527344 550.56103515625
84.00820922851562 213.7254180908203 79.42176818847656 196.8851318359375
213.14784240722656 489.7286071777344 107.21635437011719 41.712398529052734
95.3416748046875 256.9095153808594 87.52503204345703 227.3905792236328
494.9906921386719 553.8453369140625 265.8586120605469 567.6539916992188
31.99587631225586 561.0718383789062 0.4371579587459564 590.3942260742188
255.0333709716797 594.4855346679688 185.02037048339844 599.2965087890625
153.3251190185547 405.0318603515625 163.822021484375 419.3994445800781
201.0643310546875 567.9810791015625 192.7674102783203 539.7742919921875
118.53141021728516 411.8548889160156 125.18582916259766 436.22235107421875
35.621177673339844 554.194580078125 39.31031036376953 599.3017578125
256.9586181640625 558.4208374023438 799.049072265625 519.6868896484375
24.919721603393555 179.30506896972656 1.1040288209915161 94.97061920166016
29.008731842041016 350.0382995605469 56.191585540771484 343.8402404785156
122.87416076660156 0.8035770654678345 125.8951644897461 14.248255729675293
159.40269470214844 447.91302490234375 169.5920867919922 495.0881042480469
85.8180160522461 415.85882568359375 91.6374740600586 449.5802917480469
132.3968963623047 0.9123796820640564 157.18124389648438 113.18074798583984
106.09934997558594 36.976932525634766 97.70777893066406 0.8356625437736511
24.132095336914062 504.4386291503906 42.2920036315918 498.9696044921875
44.6129035949707 546.9928588867188 43.930755615234375 583.9987182617188
25.28441047668457 541.7570190429688 57.60641860961914 529.6141967773438
117.53273010253906 142.70152282714844 126.8456039428711 252.92855834960938
57.881492614746094 528.9085083007812 73.15496826171875 509.1195983886719
65.85552215576172 215.55401611328125 82.88533782958984 213.8524169921875
107.75263214111328 0.8264926075935364 115.69989776611328 35.29971694946289
89.81330108642578 3.5803043842315674 205.50326538085938 503.4206237792969
154.56959533691406 408.7437744140625 121.1021728515625 393.56915283203125
148.19924926757812 450.13836669921875 118.08796691894531 452.944091796875
113.95423889160156 198.01792907714844 113.01090240478516 142.99981689453125
121.85098266601562 376.3901672363281 109.12232971191406 379.5006103515625
203.85830688476562 501.5445556640625 235.05189514160156 500.26544189453125
286.93572998046875 561.3212890625 261.97021484375 563.6854858398438
132.78993225097656 214.8767852783203 143.7102508544922 284.88922119140625
150.57275390625 407.8759765625 164.02947998046875 438.6764221191406
0.09027248620986938 570.3147583007812 16.935544967651367 547.9514770507812
135.1272735595703 383.7762451171875 121.11172485351562 375.8035888671875
10.59484577178955 446.7857360839844 1.2720637321472168 420.9020080566406
26.74824333190918 599.1040649414062 32.339691162109375 558.9081420898438
241.67681884765625 528.844970703125 187.83206176757812 534.3605346679688
40.57698440551758 583.0404663085938 40.05855941772461 551.9990234375
132.4681854248047 592.4324340820312 105.48705291748047 496.86248779296875
132.0011444091797 267.9999694824219 130.80731201171875 216.00442504882812
177.96961975097656 567.0026245117188 180.1508331298828 592.0738525390625
177.7479705810547 265.0523681640625 181.49942016601562 283.1040344238281
640.9762573242188 528.5916748046875 607.9715576171875 530.5111083984375
136.36891174316406 402.45263671875 148.10401916503906 410.3619689941406
781.9478759765625 518.3243408203125 760.0012817382812 520.0164184570312
77.01185607910156 374.10919189453125 13.994990348815918 380.9538879394531
176.8670654296875 253.2798614501953 169.48007202148438 223.37545776367188
314.9842529296875 559.7122802734375 291.0014343261719 561.0260620117188
714.0408935546875 523.4996337890625 690.0380249023438 525.464599609375
163.24749755859375 263.9445495605469 168.013427734375 285.2209777832031
