187
659.1298828125 599.6529541015625 799.2652587890625 357.1532897949219
702.6690673828125 0.44676411151885986 679.7864990234375 55.495567321777344
673.574951171875 340.6827697753906 750.0134887695312 238.2637481689453
451.00335693359375 164.82460021972656 172.9998321533203 165.95852661132812
491.3818359375 585.5399780273438 672.2727661132812 342.45880126953125
17.317224502563477 517.136474609375 123.40818786621094 433.25152587890625
301.64129638671875 421.6100769042969 374.561279296875 354.52313232421875
452.9960021972656 156.99681091308594 170.0045166015625 158.12832641601562
130.71876525878906 427.6440734863281 217.35629272460938 359.18536376953125
161.3980712890625 37.534908294677734 214.99826049804688 58.55446243286133
223.30795288085938 354.0845031738281 247.23947143554688 335.9939270019531
299.264892578125 597.3276977539062 387.15625 501.22833251953125
518.523193359375 78.89353942871094 500.3945007324219 160.08807373046875
801.74658203125 166.9946746826172 564.7784423828125 493.29156494140625
461.057373046875 38.27599334716797 372.92083740234375 42.23933410644531
446.99176025390625 186.8437957763672 175.99838256835938 188.77317810058594
447.0506896972656 325.8552551269531 191.02320861816406 332.8497009277344
209.4015655517578 506.3492431640625 297.4396667480469 425.3906555175781
315.18634033203125 28.216585159301758 296.2768859863281 44.48423385620117
379.1297912597656 350.0214538574219 400.29095458984375 331.20269775390625
502.2623596191406 91.64073944091797 451.5523986816406 336.907470703125
799.2713623046875 362.15692138671875 662.2405395507812 599.1390991210938
453.9965515136719 148.95932006835938 166.99969482421875 149.90658569335938
108.29560089111328 599.3217163085938 203.1970977783203 512.1261596679688
456.0 132.99505615234375 164.0 132.99725341796875
605.7813720703125 79.92564392089844 581.9536743164062 149.9842529296875
716.2998657226562 258.6976623535156 662.5588989257812 307.88812255859375
752.0149536132812 236.29281616210938 711.985595703125 236.75648498535156
437.00616455078125 239.44137573242188 192.01202392578125 242.86114501953125
444.0063171386719 207.69114685058594 184.00064086914062 210.0692596435547
390.5386047363281 497.57806396484375 463.1279602050781 418.2025146484375
464.5516357421875 416.5896301269531 527.1375122070312 348.2105712890625
691.024658203125 75.16163635253906 649.002197265625 73.92487335205078
446.0070495605469 193.89181518554688 178.99998474121094 195.9987030029297
270.9976501464844 276.8719482421875 201.00271606445312 278.1485900878906
429.0113830566406 294.5201110839844 340.9878845214844 296.4472351074219
428.0141906738281 299.6368713378906 288.994140625 302.7376403808594
436.01678466796875 256.98681640625 197.0178985595703 261.052001953125
429.7755432128906 317.9646301269531 460.5 122.92123413085938
678.1870727539062 113.08407592773438 728.628662109375 0.8331454992294312
442.99237060546875 214.26942443847656 184.99964904785156 216.96597290039062
627.6394653320312 17.21982765197754 609.751220703125 69.25822448730469
207.312744140625 370.39788818359375 131.6708984375 429.8535461425781
437.0210876464844 245.35292053222656 194.0021514892578 249.1381378173828
301.99462890625 270.69354248046875 200.0083465576172 272.477294921875
337.9967956542969 280.8578796386719 203.99742126464844 283.8856201171875
454.0015869140625 141.01634216308594 165.00071716308594 141.46359252929688
101.63289642333984 81.2011489868164 127.2950210571289 0.45811593532562256
445.9904479980469 200.8603515625 182.00059509277344 203.07171630859375
299.8058166503906 426.78802490234375 210.03257751464844 509.0355529785156
427.00006103515625 309.00244140625 314.0008239746094 312.03076171875
441.0087890625 220.7722930908203 187.00750732421875 223.6604461669922
562.40625 494.302734375 484.25042724609375 599.1866455078125
535.9284057617188 0.7661780118942261 520.7845458984375 70.17118072509766
284.98858642578125 302.6258239746094 209.96688842773438 304.9149169921875
293.82232666015625 39.860164642333984 258.1605224609375 55.62519454956055
377.3310241699219 355.35882568359375 302.922607421875 424.0001220703125
429.9881591796875 289.46038818359375 206.00828552246094 294.3775634765625
719.0055541992188 167.2100067138672 666.01611328125 168.61068725585938
725.6427612304688 0.3930215835571289 691.8583374023438 75.93666076660156
190.06484985351562 527.06982421875 112.28561401367188 599.3074951171875
438.0045471191406 233.33628845214844 191.00900268554688 236.66775512695312
435.0027160644531 251.15829467773438 196.98703002929688 255.2448272705078
430.02642822265625 284.1676025390625 303.0010070800781 287.0439758300781
433.9930114746094 262.6167297363281 198.99827575683594 266.9051208496094
434.0122375488281 273.6020812988281 278.9949035644531 276.7493896484375
464.3357238769531 420.30572509765625 391.417724609375 500.3804016113281
448.998046875 179.67247009277344 176.99578857421875 181.29356384277344
529.4586791992188 345.50225830078125 574.0314331054688 297.0289001464844
691.3983154296875 76.74375915527344 673.494384765625 118.78466796875
245.60165405273438 339.4880676269531 224.14385986328125 356.18487548828125
388.52703857421875 503.4820251464844 300.63720703125 599.582763671875
491.9955139160156 166.5158233642578 568.997802734375 166.28260803222656
125.55730438232422 434.7052917480469 18.952877044677734 518.9403686523438
459.999267578125 122.54714965820312 157.99932861328125 122.40326690673828
191.33889770507812 55.74717330932617 154.2142791748047 33.29943084716797
401.2403564453125 333.2607421875 381.4569396972656 351.4957580566406
80.29976654052734 599.5908813476562 0.2059398889541626 504.6700134277344
166.97848510742188 371.3355407714844 0.9583154320716858 376.71307373046875
373.98895263671875 305.57769775390625 246.99740600585938 308.9011535644531
433.0205993652344 278.9774475097656 344.9964599609375 280.83148193359375
664.0201416015625 166.1527862548828 722.00244140625 165.14019775390625
777.0848999023438 74.5961685180664 798.4574584960938 35.70187759399414
219.80422973632812 357.2293701171875 197.69427490234375 338.35821533203125
208.96499633789062 323.7016296386719 428.96685791015625 317.7709655761719
568.0016479492188 168.69061279296875 501.00201416015625 168.8498077392578
699.99853515625 76.08546447753906 799.0015258789062 75.9239273071289
799.0140380859375 78.34265899658203 776.9813842773438 77.87234497070312
161.66632080078125 0.07403692603111267 154.2007598876953 18.889310836791992
192.66714477539062 362.79254150390625 107.56868743896484 89.13412475585938
441.999755859375 226.98074340820312 189.0043182373047 230.3260040283203
686.2088012695312 11.653705596923828 676.8876342773438 32.950828552246094
528.3309936523438 350.3031311035156 465.7265930175781 418.6654052734375
773.9990844726562 77.88260650634766 702.0034790039062 78.44473266601562
461.9996032714844 70.04273986816406 364.97119140625 69.15699768066406
660.4281616210938 306.5428466796875 593.2880249023438 311.7290954589844
776.7719116210938 79.43433380126953 734.6194458007812 154.3485565185547
422.0303649902344 314.1334228515625 209.96829223632812 319.8170471191406
434.00677490234375 268.41497802734375 314.9895324707031 270.35821533203125
444.7568664550781 337.94775390625 447.1482238769531 326.8170166015625
720.3438720703125 286.3882141113281 799.17041015625 330.69683837890625
775.6011352539062 406.02001953125 799.279296875 420.54473876953125
108.99075317382812 88.47491455078125 502.0003967285156 90.93788146972656
450.0020446777344 172.4980926513672 174.00259399414062 173.63113403320312
565.2783203125 492.62823486328125 672.2294311523438 572.6935424804688
0.9986079335212708 400.9980163574219 31.014877319335938 380.02130126953125
295.4637451171875 599.5430297851562 70.06150817871094 376.9503479003906
198.34976196289062 336.5865783691406 221.61695861816406 356.270751953125
353.4319152832031 332.41900634765625 378.6303405761719 351.1521301269531
574.3082885742188 300.2832336425781 530.2516479492188 348.2312316894531
670.1434936523438 342.7610168457031 640.8860473632812 325.1897888183594
725.3504028320312 482.95623779296875 624.635986328125 414.5357971191406
287.00506591796875 287.2294616699219 204.0235137939453 289.0636291503906
376.9991455078125 353.0011291503906 350.7953186035156 333.2718505859375
387.30859375 500.81195068359375 300.84283447265625 427.1845397949219
531.3052978515625 348.54779052734375 620.26416015625 408.6087646484375
637.970458984375 75.72533416748047 690.9640502929688 77.88346862792969
769.9485473632812 405.083251953125 675.5300903320312 346.76068115234375
504.9962158203125 84.84083557128906 102.9998779296875 83.02653503417969
298.3203430175781 424.7980651855469 222.6774444580078 360.3787536621094
224.3357696533203 358.6042785644531 299.6017761230469 422.4693298339844
380.716064453125 353.0508117675781 464.0571594238281 415.9242248535156
671.6906127929688 575.4114990234375 564.900634765625 495.1322021484375
0.7387853860855103 237.14601135253906 36.992313385009766 302.0043029785156
0.9812682867050171 209.34368896484375 78.03266906738281 207.1445770263672
72.34626007080078 375.6495666503906 297.6813049316406 598.3104858398438
108.00006866455078 79.98116302490234 312.004638671875 80.72342681884766
463.0154113769531 417.9794616699219 379.6667785644531 355.4441223144531
68.98863220214844 205.24148559570312 0.9889180660247803 206.260498046875
302.5504455566406 425.3536071777344 388.4357604980469 498.4882507324219
526.9029541015625 348.1437683105469 464.8384094238281 306.2393493652344
559.3853759765625 490.8121643066406 467.0503845214844 420.93341064453125
156.89979553222656 122.76991271972656 208.0938720703125 322.9759826660156
235.98443603515625 59.46074295043945 179.4510040283203 42.870792388916016
267.6426696777344 39.14117431640625 272.31951904296875 17.850521087646484
391.5360107421875 501.3714599609375 489.83258056640625 585.1963500976562
467.8462219238281 418.8790283203125 560.265869140625 488.6478271484375
680.0137329101562 55.66611099243164 646.0070190429688 55.316322326660156
270.9949645996094 312.82293701171875 213.0134735107422 314.4734802246094
489.1580810546875 587.8146362304688 390.4597473144531 503.6334228515625
782.9957275390625 166.7649688720703 726.9959716796875 167.7778778076172
468.8146667480469 34.039764404296875 472.433349609375 50.90702819824219
560.0189208984375 239.23487854003906 507.000732421875 240.04696655273438
677.3139038085938 48.045772552490234 698.3091430664062 1.5916872024536133
18.038219451904297 264.9796447753906 0.5809305906295776 232.2233428955078
0.6525437831878662 501.2940368652344 84.0307846069336 599.8201904296875
81.00603485107422 302.2192687988281 136.01942443847656 300.7058410644531
625.305419921875 412.54901123046875 664.1146240234375 438.8307189941406
596.3837890625 244.59605407714844 576.5538940429688 157.5572967529297
676.2434692382812 344.6025390625 770.4286499023438 402.3002624511719
361.0935974121094 62.997108459472656 359.1755065917969 0.9327665567398071
619.3453979492188 410.968017578125 530.2091064453125 350.6907958984375
504.00006103515625 73.99055480957031 569.00390625 74.4514389038086
799.1685180664062 333.7029724121094 719.6652221679688 288.5899658203125
38.412227630615234 301.77069091796875 19.0535945892334 266.9701843261719
575.0071411132812 75.17583465576172 588.0263061523438 74.64700317382812
677.1412963867188 576.8114013671875 707.5567016601562 599.5919189453125
232.99623107910156 298.8529052734375 216.98110961914062 299.2641296386719
348.0024719238281 81.09833526611328 413.0019836425781 81.27592468261719
664.9745483398438 6.989932060241699 654.0459594726562 34.622684478759766
746.129638671875 130.072265625 774.6942138671875 78.82953643798828
464.6596984863281 303.509033203125 527.3764038085938 345.43695068359375
655.6741333007812 0.5179603099822998 635.9986572265625 54.63594055175781
703.1015014648438 598.8670043945312 677.0250244140625 578.9671630859375
666.101318359375 439.8505859375 725.55615234375 480.1800537109375
543.9926147460938 76.53083801269531 505.0001525878906 75.98929595947266
589.9996337890625 75.02692413330078 634.0 75.01138305664062
88.45806121826172 1.1781032085418701 63.89603042602539 64.34839630126953
518.511474609375 70.890625 532.5637817382812 8.126222610473633
731.3472900390625 484.48162841796875 799.5526733398438 530.175048828125
799.0886840820312 532.8712158203125 748.1493530273438 497.78314208984375
629.0612182617188 271.933349609375 598.4261474609375 243.80299377441406
62.34086608886719 62.742454528808594 86.53628540039062 0.8188138604164124
337.99176025390625 296.6894226074219 303.9891662597656 297.59185791015625
157.62841796875 19.512163162231445 166.319580078125 -0.18283520638942719
584.9944458007812 158.5216064453125 651.0047607421875 158.27455139160156
153.86073303222656 19.071046829223633 162.40257263183594 35.81492614746094
363.992919921875 72.80099487304688 461.9941101074219 73.66695404052734
499.9952697753906 93.88645935058594 220.9978790283203 92.3963851928711
640.1119384765625 56.48206329345703 664.6133422851562 -0.034670956432819366
594.0472412109375 307.60321044921875 574.736083984375 296.126708984375
306.3281555175781 -0.25654518604278564 313.1495361328125 17.810897827148438
687.0105590820312 8.592574119567871 667.9890747070312 8.449471473693848
299.97967529296875 297.41766357421875 280.0039978027344 298.11492919921875
427.00927734375 304.6949157714844 389.0027160644531 305.2025451660156
218.99998474121094 92.29783630371094 185.99998474121094 92.29670715332031
208.98562622070312 190.4501953125 226.00015258789062 190.00558471679688
