274
448.26971435546875 0.8714672923088074 463.18206787109375 148.18402099609375
473.14459228515625 129.8236541748047 532.2539672851562 119.44673919677734
162.0166778564453 13.13007926940918 0.9711986780166626 33.775333404541016
453.83984375 198.0487518310547 466.6415100097656 240.10911560058594
503.1526794433594 252.00599670410156 504.253662109375 224.00997924804688
463.5504455566406 154.94859313964844 467.6754455566406 199.12368774414062
479.2829895019531 169.34066772460938 473.3255615234375 130.64199829101562
532.3367919921875 244.42018127441406 504.7537536621094 250.961669921875
446.6350402832031 89.0330581665039 444.45416259765625 64.95885467529297
508.8371276855469 229.8473663330078 510.26727294921875 247.06088256835938
471.8186950683594 125.9325942993164 464.3229064941406 34.89107894897461
533.165771484375 114.95015716552734 470.79632568359375 125.83264923095703
551.9790649414062 259.88720703125 515.9210815429688 266.5743103027344
161.37060546875 231.66590881347656 0.8067911863327026 261.9765319824219
245.749755859375 256.7637023925781 335.7074279785156 238.55465698242188
463.1850891113281 18.208147048950195 527.0646362304688 8.421785354614258
535.9118041992188 158.5470733642578 475.4767761230469 170.31243896484375
323.0602111816406 151.34104919433594 226.53741455078125 168.3794403076172
215.03150939941406 154.18666076660156 322.1858825683594 136.10134887695312
236.7220916748047 212.51979064941406 327.8879699707031 195.4033660888672
503.776611328125 260.6321716308594 530.9815063476562 261.54852294921875
510.14013671875 270.7012939453125 552.0647583007812 262.32421875
471.1318359375 110.77655029296875 540.1788940429688 99.05368041992188
475.21484375 175.16799926757812 493.1019287109375 258.76422119140625
539.3351440429688 244.40037536621094 506.8602294921875 226.25006103515625
538.7675170898438 200.69183349609375 515.1578979492188 204.8882293701172
520.6566772460938 392.1071472167969 528.3090209960938 488.05511474609375
459.1476745605469 288.5334777832031 426.7716064453125 0.688256561756134
538.9329833984375 203.92234802246094 542.0877685546875 241.82623291015625
163.94615173339844 3.0127744674682617 224.96902465820312 260.24456787109375
452.5570068359375 141.939697265625 447.7901916503906 97.91444396972656
479.1067810058594 173.5636749267578 534.2127685546875 163.12306213378906
468.8539123535156 404.51727294921875 526.0618896484375 387.20440673828125
0.6441900730133057 193.93336486816406 144.20933532714844 169.2158660888672
226.7059783935547 173.33262634277344 323.40234375 156.28167724609375
155.95669555664062 502.9453430175781 271.99835205078125 410.9979248046875
457.57891845703125 191.04356384277344 453.4320373535156 150.95530700683594
467.564697265625 286.1576843261719 463.3678283691406 247.95957946777344
530.1527099609375 582.0767211914062 552.8394775390625 536.9193725585938
0.8662064075469971 35.96339797973633 163.1316375732422 15.01987361907959
443.2705078125 556.1862182617188 479.5970764160156 503.4109802246094
490.0638427734375 195.10379028320312 492.2665100097656 214.970458984375
499.8935546875 385.8674621582031 532.279296875 359.8575134277344
589.6370849609375 306.4607238769531 732.2001953125 272.84912109375
759.7281494140625 363.1449890136719 799.1903686523438 350.5988464355469
254.66827392578125 302.4721374511719 343.3937072753906 283.20770263671875
54.18484878540039 447.7807312011719 10.137903213500977 410.650146484375
478.4862976074219 501.65509033203125 451.73785400390625 541.495361328125
535.9635009765625 96.78369903564453 471.93023681640625 107.58643341064453
218.37547302246094 172.92477416992188 214.7539825439453 154.84893798828125
454.0301513671875 61.09988021850586 436.0029602050781 60.81378173828125
541.3712768554688 240.97665405273438 539.61328125 213.02432250976562
549.0972900390625 382.05145263671875 553.4303588867188 458.0894470214844
246.58258056640625 262.8641662597656 255.6701202392578 301.8437805175781
448.63922119140625 289.0899353027344 377.6895446777344 317.2168884277344
441.9100646972656 63.912723541259766 444.32220458984375 89.06500244140625
445.2796936035156 96.8666763305664 449.992919921875 142.10491943359375
0.9520739316940308 23.621253967285156 159.07748413085938 3.6122846603393555
346.732177734375 286.7601318359375 258.7340087890625 305.7685546875
470.8140563964844 83.87403869628906 528.2300415039062 74.39300537109375
467.749267578125 35.37762451171875 526.0567016601562 26.36677360534668
494.39288330078125 213.96957397460938 492.91845703125 194.9288787841797
750.94287109375 4.99709939956665 743.4774169921875 151.97344970703125
513.0366821289062 309.5285949707031 497.07257080078125 274.4217224121094
526.9710693359375 379.9163513183594 490.18115234375 392.6305847167969
489.4110107421875 216.1695556640625 477.3277893066406 174.19349670410156
585.9232177734375 191.6144256591797 659.2025756835938 177.01698303222656
757.9517822265625 32.60593032836914 799.0064086914062 31.185604095458984
19.181713104248047 419.869873046875 44.11109924316406 445.9374084472656
236.192626953125 214.95567321777344 245.8245086669922 256.8102722167969
311.9521789550781 103.7055892944336 216.8622589111328 119.15203094482422
372.0384216308594 320.8356018066406 395.0413818359375 301.8392028808594
498.94464111328125 400.9158630371094 502.8724670410156 445.0113525390625
246.23812866210938 271.947998046875 220.87039184570312 155.80987548828125
316.9551086425781 133.73878479003906 219.8997802734375 150.4168243408203
496.643798828125 286.45013427734375 469.36175537109375 298.56243896484375
543.7973022460938 6.009108066558838 552.6923217773438 203.96888732910156
555.8629760742188 233.00531005859375 556.7180786132812 255.0497283935547
553.7546997070312 380.2662048339844 586.5520629882812 410.48614501953125
627.3965454101562 586.0266723632812 623.3021850585938 339.97833251953125
524.8491821289062 20.957197189331055 472.6395568847656 28.50762367248535
493.25970458984375 273.1186218261719 474.6382751464844 277.44189453125
535.0341796875 162.99859619140625 536.437255859375 197.02320861816406
639.408203125 376.99163818359375 640.58544921875 574.9906005859375
0.9470986127853394 31.58856773376465 159.8909454345703 11.151788711547852
136.05288696289062 227.29046630859375 157.26023864746094 223.429443359375
243.29150390625 385.1174621582031 234.44476318359375 331.7604675292969
273.6271667480469 412.7913818359375 196.15089416503906 474.1903991699219
459.89447021484375 215.01028442382812 458.42816162109375 199.9582977294922
482.55792236328125 256.6510314941406 456.17779541015625 238.73817443847656
581.9134521484375 60.45753479003906 660.1552734375 47.9730339050293
0.7744666337966919 116.4972915649414 177.0071258544922 90.04743194580078
157.62222290039062 131.10009765625 162.9020233154297 151.0259552001953
239.72793579101562 345.8967590332031 245.26898193359375 384.96185302734375
303.9033203125 53.306697845458984 222.80703735351562 64.61634063720703
528.838623046875 68.97615814208984 470.7066955566406 78.13926696777344
506.9075012207031 292.2457275390625 520.1348876953125 303.84619140625
666.8604125976562 175.33245849609375 709.104248046875 166.49853515625
3.9984633922576904 258.9931945800781 22.720802307128906 254.76400756835938
450.6605529785156 148.8249053955078 455.1173400878906 191.0930633544922
473.23382568359375 140.88621520996094 475.64501953125 167.03273010253906
437.61395263671875 64.15294647216797 440.2425537109375 87.97323608398438
538.8330078125 198.96290588378906 537.0975341796875 159.9956512451172
586.13720703125 406.8514709472656 558.0725708007812 380.9214782714844
765.0281982421875 387.79156494140625 760.8208618164062 367.03631591796875
115.98017120361328 236.91082763671875 139.90892028808594 231.59034729003906
360.9202575683594 295.6418151855469 241.60140991210938 322.2098693847656
667.9006958007812 46.39014434814453 736.0481567382812 35.295745849609375
151.7707061767578 109.77229309082031 155.0808563232422 120.97611236572266
290.153076171875 115.91806030273438 219.1269073486328 127.76107025146484
229.80519104003906 184.0421905517578 236.02777099609375 212.77743530273438
256.0835266113281 66.55186462402344 304.1923522949219 59.271080017089844
322.1071472167969 137.1534423828125 347.6958312988281 286.0522766113281
325.7626037597656 418.7265319824219 350.9099426269531 396.8962707519531
445.9266662597656 146.76380920410156 451.1028747558594 188.98739624023438
451.12786865234375 194.7512969970703 455.3595886230469 230.95797729492188
555.792724609375 456.0120544433594 551.3721313476562 380.0365295410156
720.038330078125 278.16180419921875 589.0487060546875 309.20550537109375
123.30176544189453 599.344482421875 149.97840881347656 575.975341796875
473.2605285644531 305.7395324707031 442.1430969238281 299.3077392578125
68.0377197265625 167.98907470703125 61.69534683227539 146.08822631835938
229.19439697265625 277.95361328125 240.62261962890625 325.8514404296875
440.6822814941406 94.81510162353516 445.7494201660156 140.91763305664062
530.6791381835938 386.8581237792969 550.1116333007812 381.3973388671875
794.1016235351562 314.48785400390625 674.1307983398438 312.6160888671875
62.44758224487305 577.5678100585938 127.33228302001953 526.4215087890625
312.0648498535156 378.26861572265625 176.74349975585938 410.9375305175781
216.8267822265625 124.92292785644531 312.0968017578125 109.60199737548828
336.1808776855469 238.12454223632812 330.2722473144531 199.2626953125
527.107666015625 77.66720581054688 471.93115234375 86.57339477539062
23.49868392944336 252.75782775878906 9.43161678314209 223.7904052734375
39.286075592041016 231.9004364013672 43.75399398803711 244.73757934570312
169.92007446289062 447.0178527832031 163.0428466796875 416.21368408203125
176.3879852294922 149.1464080810547 171.5919647216797 129.0976104736328
383.78448486328125 361.0995178222656 316.792724609375 377.13397216796875
535.1641845703125 102.98979187011719 541.3795776367188 202.97640991210938
564.38818359375 296.91058349609375 534.9237060546875 277.113525390625
663.0122680664062 285.0001525878906 664.1000366210938 197.98875427246094
742.9349365234375 164.99673461914062 739.2220458984375 238.96095275878906
46.891685485839844 148.71791076660156 53.3709602355957 169.19900512695312
100.51795196533203 416.0567932128906 137.4492645263672 363.00897216796875
207.69107055664062 276.0707702636719 203.57420349121094 258.0975341796875
745.852783203125 153.04330444335938 751.5942993164062 39.97939682006836
188.3567657470703 437.7375183105469 170.66033935546875 446.2978210449219
190.58584594726562 260.84466552734375 195.43869018554688 279.1488037109375
344.29974365234375 284.2801818847656 337.3765869140625 242.26751708984375
225.01638793945312 419.0384521484375 194.0924530029297 432.2169494628906
530.5015258789062 487.9609680175781 523.0311279296875 391.9975891113281
23.178056716918945 475.2975769042969 6.549774646759033 485.2475891113281
329.00909423828125 195.16607666015625 323.4657287597656 162.08953857421875
414.4643859863281 599.3103637695312 438.043212890625 564.0288696289062
217.07171630859375 65.41192626953125 203.77825927734375 67.72640228271484
537.5751953125 276.1376647949219 566.4161987304688 295.37603759765625
652.2398071289062 599.6209716796875 631.0966796875 573.7379150390625
799.523681640625 515.320556640625 643.7802734375 395.2850646972656
676.9302978515625 316.2687683105469 786.9393920898438 315.27716064453125
326.3970031738281 135.10073852539062 303.9676208496094 0.8383522629737854
799.654541015625 544.201904296875 644.8198852539062 417.2196350097656
205.91995239257812 73.3849105834961 251.92166137695312 67.39805603027344
799.3648071289062 505.51702880859375 643.92236328125 388.1028137207031
159.0511016845703 6.403127193450928 0.8053522109985352 26.464611053466797
159.6016082763672 418.22650146484375 150.4001922607422 361.4211120605469
322.07904052734375 162.30874633789062 232.0896759033203 185.3502197265625
546.022216796875 376.0790710449219 528.7024536132812 380.9397277832031
738.4581298828125 300.0743713378906 745.39501953125 164.07115173339844
505.4104919433594 453.06976318359375 501.73699951171875 422.0311279296875
493.8653869628906 54.134796142578125 518.0577392578125 50.37105941772461
799.0767822265625 580.9130249023438 646.14013671875 445.84130859375
799.7037353515625 494.04705810546875 640.5970458984375 376.545654296875
87.9486312866211 235.6781768798828 116.0312728881836 231.19595336914062
290.71514892578125 451.8499450683594 308.2434997558594 437.1009521484375
577.078125 190.7836151123047 558.9176025390625 184.2283477783203
799.6925659179688 525.1200561523438 645.9236450195312 404.09698486328125
799.4660034179688 553.442626953125 645.9361572265625 425.07635498046875
172.4453887939453 440.5286865234375 187.88954162597656 434.70697021484375
246.3876953125 489.4416809082031 271.4152526855469 467.47308349609375
336.84014892578125 188.02859497070312 327.8931884765625 138.01910400390625
799.2901000976562 562.6594848632812 646.4625854492188 432.45703125
88.58484649658203 281.13446044921875 94.43046569824219 299.1844482421875
109.30303192138672 28.18732261657715 125.42070770263672 88.15569305419922
217.95558166503906 252.76927185058594 198.76499938964844 244.548583984375
594.1288452148438 580.9048461914062 467.4934997558594 409.3739318847656
573.1234741210938 0.9952355623245239 595.5430908203125 582.0176391601562
380.3816833496094 414.6585388183594 392.4011535644531 407.692138671875
799.3888549804688 534.5162963867188 643.7029418945312 409.36956787109375
771.1669921875 598.8255004882812 646.5014038085938 479.5210266113281
557.767578125 255.08755493164062 547.9930419921875 5.882605075836182
336.9947814941406 439.9908447265625 370.8326110839844 420.706298828125
420.1645202636719 294.1106262207031 381.2919616699219 0.5640649199485779
438.0114440917969 484.0160217285156 421.073974609375 496.1036682128906
511.8285217285156 574.5628051757812 467.663330078125 561.1049194335938
799.1941528320312 571.776123046875 646.043212890625 438.9501647949219
744.2744750976562 273.3216857910156 799.18505859375 295.5426940917969
799.0117797851562 589.9868774414062 646.2965698242188 452.6701965332031
282.0010986328125 65.00650024414062 256.0686950683594 69.40497589111328
306.9728698730469 457.1177673339844 290.685546875 453.3646240234375
344.6181945800781 116.05999755859375 375.622802734375 313.37353515625
639.785400390625 574.0130615234375 661.1895751953125 599.6759643554688
789.6757202148438 599.3485107421875 648.2291870117188 467.7536315917969
666.6519775390625 182.00845336914062 665.32861328125 284.0042724609375
799.1318359375 434.82989501953125 763.3656005859375 407.1087341308594
799.7813720703125 403.22210693359375 764.5538940429688 387.7397155761719
203.62347412109375 393.3349609375 172.6571502685547 266.08343505859375
178.22373962402344 0.7219647765159607 212.34910583496094 150.92068481445312
214.8948516845703 97.34009552001953 256.1228332519531 90.77095031738281
220.83470153808594 258.21875 226.1250762939453 277.414306640625
313.0811462402344 0.8216202855110168 361.65399169921875 295.2220764160156
746.7127075195312 599.2860717773438 647.4268188476562 499.57501220703125
799.0105590820312 598.9884643554688 645.4428100585938 458.60955810546875
136.77276611328125 331.390869140625 151.8944549560547 340.1815490722656
256.901611328125 89.7392578125 278.0847473144531 88.08612060546875
774.0424194335938 327.4851989746094 795.0433349609375 341.93701171875
798.9960327148438 32.902076721191406 784.978515625 33.4699592590332
375.7920837402344 314.0533447265625 242.41734313964844 343.3471374511719
780.5992431640625 599.4243774414062 647.37060546875 473.6075439453125
771.9218139648438 311.2167663574219 799.6432495117188 321.2169189453125
783.36767578125 321.23101806640625 799.8928833007812 329.13262939453125
370.87188720703125 306.18499755859375 320.7999267578125 0.8688116073608398
415.7340087890625 361.8529052734375 396.9969787597656 356.0096435546875
529.096923828125 74.996826171875 529.7860107421875 96.03975677490234
751.9927978515625 35.0263786315918 752.8969116210938 0.9972614645957947
240.6857147216797 328.3505859375 371.1410827636719 303.49249267578125
558.8090209960938 186.53414916992188 578.19140625 193.4647674560547
799.0007934570312 297.99810791015625 743.8895874023438 275.26763916015625
135.9880828857422 354.02130126953125 122.67868041992188 346.5742492675781
798.7319946289062 451.40478515625 656.7387084960938 357.3946228027344
23.897689819335938 247.26968383789062 40.982662200927734 244.87623596191406
192.99716186523438 18.97825050354004 297.053466796875 5.4099555015563965
217.87255859375 44.11457061767578 278.0649719238281 35.45139694213867
799.5198364257812 333.0787353515625 783.1041259765625 323.81549072265625
330.2240905761719 138.96087646484375 337.716552734375 181.87489318847656
762.8018798828125 599.203369140625 650.3442993164062 489.6465759277344
754.8078002929688 599.194580078125 687.3917846679688 532.6033325195312
66.86849975585938 581.2891845703125 105.96807098388672 599.0701904296875
295.3775329589844 465.6400146484375 330.0946960449219 445.1605529785156
218.5802459716797 158.89956665039062 220.96214294433594 172.66036987304688
286.8813781738281 284.3090515136719 303.0903625488281 281.52642822265625
542.2193603515625 99.17357635498047 538.0259399414062 31.99837875366211
0.7210201621055603 372.66851806640625 28.948488235473633 366.754150390625
315.1579284667969 108.9690170288086 320.1396484375 134.36492919921875
441.815673828125 29.032114028930664 436.9046936035156 0.8423923254013062
520.79736328125 303.8792419433594 537.3413696289062 300.8884582519531
241.02284240722656 71.15384674072266 207.1748809814453 76.17818450927734
393.0648193359375 408.50372314453125 434.0483093261719 484.58990478515625
374.0705261230469 16.12396240234375 411.1626281738281 294.24505615234375
253.85958862304688 379.6687927246094 243.5083770751953 352.8041076660156
553.6605834960938 537.834228515625 532.4685668945312 581.2288208007812
652.6174926757812 365.5380554199219 774.082275390625 451.8843078613281
735.9324340820312 596.0665283203125 647.6229858398438 506.3711853027344
316.0589904785156 429.2539978027344 338.9835205078125 423.9290771484375
408.0602722167969 505.77044677734375 372.15966796875 533.2089233398438
769.1409912109375 417.2353210449219 799.4692993164062 438.3251037597656
50.148887634277344 242.68312072753906 63.72207260131836 239.72482299804688
360.669677734375 541.5586547851562 318.8778381347656 572.8367919921875
215.44476318359375 285.3053894042969 191.18997192382812 289.9847106933594
543.748291015625 199.96676635742188 540.1947631835938 119.94694519042969
664.8430786132812 599.1317138671875 642.0430908203125 571.9638671875
144.3279571533203 192.84742736816406 4.130464553833008 217.7349395751953
421.564453125 1.158355951309204 427.7276306152344 57.03004455566406
168.8649139404297 266.3019714355469 175.85328674316406 292.5710754394531
242.68386840820312 499.4981689453125 281.6134033203125 474.97369384765625
297.97021484375 6.8199028968811035 316.4679870605469 106.47000885009766
555.9593505859375 588.1399536132812 593.94970703125 599.1732177734375
300.5267028808594 586.89892578125 277.7344665527344 600.2534790039062
161.43753051757812 368.13153076171875 176.08042907714844 430.7473449707031
0.6566252708435059 381.9951477050781 32.08710861206055 371.2549133300781
441.054443359375 562.0361938476562 419.09600830078125 595.0638427734375
192.50559997558594 531.2845458984375 230.6423797607422 504.9295349121094
798.7557983398438 461.3617858886719 634.1581420898438 350.2470397949219
371.6824951171875 421.14202880859375 409.3316345214844 505.29901123046875
420.9009704589844 495.55487060546875 381.4808349609375 415.762451171875
330.9848937988281 447.3136291503906 360.0240783691406 541.301513671875
421.9483642578125 56.00250244140625 424.8081970214844 114.96080017089844
630.6852416992188 572.9974975585938 630.5814819335938 586.004638671875
