314
527.7191162109375 360.18017578125 519.9697875976562 90.05824279785156
525.6427001953125 0.9836324453353882 534.7867431640625 360.0308837890625
591.0240478515625 257.3401794433594 553.926513671875 259.95953369140625
551.0448608398438 382.84161376953125 661.1054077148438 376.978271484375
545.0591430664062 199.98463439941406 659.1282348632812 193.1363983154297
662.027099609375 186.4549560546875 544.9067993164062 193.43682861328125
367.3746337890625 185.0419158935547 380.9698486328125 387.8679504394531
548.9160766601562 340.0022277832031 549.84423828125 375.0306396484375
570.04345703125 298.0697021484375 571.4578247070312 276.89697265625
651.9526977539062 303.48272705078125 585.145751953125 309.5935363769531
499.79241943359375 399.8556213378906 532.00244140625 394.0133056640625
620.01025390625 374.01611328125 620.4257202148438 347.9748840332031
661.72509765625 263.9969177246094 662.5968017578125 185.98431396484375
140.67800903320312 285.1753845214844 128.44161987304688 192.94140625
373.0528869628906 330.76190185546875 253.00657653808594 339.0947570800781
288.0921325683594 277.22796630859375 247.94302368164062 280.2407531738281
369.07427978515625 272.0777893066406 295.0810546875 277.17633056640625
404.9970397949219 263.9471435546875 437.0643615722656 262.1463623046875
552.9583740234375 251.35186767578125 591.9899291992188 248.84349060058594
566.0563354492188 341.00537109375 569.008056640625 310.0007629394531
661.942626953125 246.18914794921875 553.9171752929688 253.82908630371094
1.0175429582595825 505.02813720703125 79.64128875732422 456.0290222167969
545.2304077148438 229.99464416503906 545.0997314453125 199.9908447265625
652.0009155273438 337.0144958496094 560.9917602539062 342.87237548828125
173.01417541503906 1.3124659061431885 0.9599209427833557 9.116368293762207
544.316650390625 229.90440368652344 547.7324829101562 276.9468078613281
651.1243286132812 268.9019470214844 654.321533203125 338.1697998046875
307.3712463378906 573.5919189453125 335.83624267578125 555.7388916015625
378.5338439941406 255.09823608398438 361.50537109375 0.9661364555358887
568.9459838867188 310.5135803222656 605.3827514648438 335.8863830566406
587.9481811523438 587.999267578125 587.7920532226562 599.025390625
595.621337890625 270.96563720703125 594.90185546875 257.95013427734375
134.97862243652344 280.68280029296875 0.9135428071022034 289.7170104980469
600.2391967773438 256.5324401855469 658.1093139648438 252.6142578125
511.88458251953125 439.61444091796875 533.9811401367188 437.7738037109375
539.0035400390625 278.4728698730469 564.0096435546875 278.2852478027344
661.0159301757812 373.307861328125 592.0453491210938 376.87689208984375
598.033447265625 313.49395751953125 652.0565795898438 309.8350830078125
246.89613342285156 271.4323425292969 368.9566345214844 263.345458984375
586.4173583984375 383.0051574707031 586.5281372070312 416.998291015625
609.489990234375 282.1100158691406 596.309326171875 252.30545043945312
367.01361083984375 204.21572875976562 237.89691162109375 212.36709594726562
379.0405578613281 387.52813720703125 255.92178344726562 396.98138427734375
175.20315551757812 583.5304565429688 306.6080627441406 512.2771606445312
252.87115478515625 330.1692810058594 372.90997314453125 321.7206726074219
632.2730102539062 335.5390625 587.121826171875 308.7943115234375
659.9796752929688 192.9996337890625 659.0444946289062 244.98280334472656
681.6696166992188 0.9266809821128845 673.7206420898438 361.99383544921875
0.9750956892967224 11.445056915283203 172.03448486328125 3.76839542388916
531.15185546875 356.3669738769531 534.2903442382812 386.8672180175781
573.07568359375 297.79840087890625 583.08056640625 296.8498229980469
603.013916015625 418.4711608886719 573.95068359375 419.3282775878906
599.637451171875 381.2577819824219 688.3406982421875 457.4389343261719
622.0216674804688 454.63385009765625 592.0225219726562 455.6590881347656
119.15568542480469 129.12161254882812 126.77716064453125 182.0321044921875
125.16162872314453 197.9784393310547 136.1348114013672 280.248779296875
554.6121215820312 415.0526428222656 511.49176025390625 437.8247375488281
80.05674743652344 467.5987854003906 0.9324314594268799 519.8977661132812
126.47633361816406 552.9076538085938 189.3976287841797 522.7434692382812
239.93331909179688 218.9313201904297 367.1244812011719 210.99502563476562
397.9438781738281 402.30462646484375 237.85678100585938 415.2255554199219
400.9528503417969 178.3969268798828 431.0814208984375 176.04171752929688
544.1656494140625 275.95697021484375 530.9361572265625 225.01658630371094
604.5643310546875 293.7776184082031 610.2582397460938 282.6214294433594
81.45464324951172 457.284423828125 0.7802992463111877 508.65496826171875
63.54465103149414 451.36279296875 94.51274108886719 444.224365234375
130.83985900878906 192.8881378173828 142.97511291503906 284.0033264160156
370.0732727050781 266.09033203125 246.9571533203125 274.3623046875
374.05218505859375 324.73101806640625 253.02650451660156 333.3711853027344
547.2432250976562 409.3113708496094 494.89703369140625 432.7702331542969
517.1487426757812 431.0315246582031 552.138916015625 411.2457275390625
588.549072265625 322.066650390625 588.04052734375 310.9981384277344
377.6914367675781 383.08941650390625 374.06304931640625 329.9956970214844
799.0195922851562 203.34457397460938 749.9506225585938 206.13096618652344
373.4689636230469 322.0341491699219 370.0664367675781 269.12432861328125
546.00048828125 173.00856018066406 674.0242919921875 165.40968322753906
661.204345703125 68.9713363647461 660.3101806640625 124.9889907836914
25.08416175842285 286.69793701171875 47.99222946166992 283.9355773925781
0.9261306524276733 204.77182006835938 124.08206939697266 197.3645782470703
553.0289306640625 277.1481628417969 550.7284545898438 231.01353454589844
663.975341796875 162.5765838623047 546.9644165039062 169.3885498046875
543.1064453125 67.01173400878906 542.3185424804688 7.008948802947998
543.955078125 131.990966796875 543.3873291015625 71.98686981201172
607.8418579101562 335.2371520996094 589.150146484375 322.77484130859375
660.9390258789062 59.85636901855469 544.8955688476562 66.0406265258789
1.139944076538086 498.1871643066406 64.24443817138672 451.00164794921875
147.157470703125 599.2926025390625 170.77496337890625 586.5818481445312
214.34225463867188 424.9826354980469 218.25393676757812 502.0378723144531
229.7836456298828 424.99951171875 442.0500183105469 409.6937255859375
472.04119873046875 295.8529052734375 529.9410400390625 360.9419860839844
569.0089111328125 383.0971984863281 552.0596313476562 384.650634765625
115.16468811035156 425.08294677734375 95.33052825927734 455.2175598144531
225.00074768066406 192.0125274658203 369.08721923828125 183.47157287597656
361.9531555175781 180.2272186279297 232.942138671875 188.04531860351562
291.17608642578125 523.3230590820312 183.11668395996094 582.214111328125
660.9197387695312 124.49653625488281 546.9243774414062 130.5833282470703
748.4219970703125 82.97270202636719 742.614990234375 205.93458557128906
30.846364974975586 184.86514282226562 26.3963565826416 156.9368438720703
55.091278076171875 331.56756591796875 38.03266143798828 332.5608825683594
353.5364990234375 594.892578125 319.80499267578125 577.3755493164062
376.5072021484375 180.96766662597656 381.1632995605469 253.98959350585938
585.9794921875 584.7889404296875 689.9692993164062 574.6837768554688
625.2822875976562 347.9383544921875 625.7965698242188 366.9784851074219
639.4268188476562 579.9644165039062 638.9960327148438 598.9999389648438
85.32172393798828 282.4930725097656 133.2510986328125 272.1653137207031
109.01038360595703 274.1270751953125 89.89289093017578 275.68939208984375
166.0400848388672 148.13998413085938 148.9908447265625 148.739501953125
238.6110076904297 415.8290100097656 194.56668090820312 0.833725094795227
337.4644775390625 557.7386474609375 310.4549560546875 574.7234497070312
26.03965187072754 156.08682250976562 9.0258150100708 156.7075653076172
128.98597717285156 555.947509765625 177.7146453857422 542.931640625
174.04119873046875 587.0775756835938 151.12930297851562 599.2435302734375
164.2985076904297 136.08953857421875 162.36634826660156 120.95323944091797
330.0126647949219 153.21966552734375 236.03648376464844 158.63343811035156
125.49885559082031 183.06796264648438 119.24635314941406 136.96658325195312
256.7701416015625 392.0054626464844 376.7540283203125 382.79541015625
374.54388427734375 0.9066792130470276 398.7925109863281 402.072998046875
147.9368133544922 149.87637329101562 151.39476013183594 176.07986450195312
361.9358825683594 140.92478942871094 276.9994201660156 145.99002075195312
666.0857543945312 167.98345947265625 664.3665771484375 263.02471923828125
168.96095275878906 176.1267852783203 165.6559295654297 149.0419921875
564.9985961914062 136.97511291503906 660.0916748046875 131.63137817382812
672.7274780273438 327.9533386230469 675.368408203125 255.94017028808594
8.160513877868652 157.79942321777344 12.865845680236816 185.023193359375
0.9184738993644714 109.39969635009766 179.0674591064453 100.32405853271484
184.07789611816406 528.1649780273438 141.19459533691406 548.4121704101562
356.9183654785156 75.4242935180664 278.02655029296875 79.51225280761719
542.9513549804688 370.9392395019531 473.0792236328125 292.9290466308594
586.1085205078125 377.1484375 561.7927856445312 370.2633972167969
621.1670532226562 435.8112487792969 602.63623046875 419.4110107421875
587.0637817382812 466.0846862792969 632.0845336914062 463.4383239746094
547.9517211914062 74.11812591552734 661.05078125 67.9273452758789
659.9049682617188 131.98330688476562 659.4476928710938 161.9915771484375
672.5670776367188 361.0406799316406 657.8118896484375 352.3182373046875
204.23782348632812 0.8681410551071167 224.15878295898438 187.87655639648438
401.0731201171875 415.3526306152344 384.1773986816406 418.8556823730469
517.2366943359375 265.0063171386719 516.9164428710938 276.9977722167969
169.80104064941406 323.7613525390625 173.01242065429688 347.99835205078125
242.60455322265625 246.91497802734375 246.1300048828125 271.9817199707031
333.8675842285156 293.9964294433594 334.2748718261719 278.95330810546875
569.6773071289062 429.73992919921875 554.570068359375 390.3971252441406
618.245361328125 581.45263671875 629.0964965820312 599.5419921875
3.9258391857147217 129.70455932617188 6.24308967590332 144.80929565429688
200.07789611816406 516.9390869140625 125.924560546875 523.090576171875
382.2896728515625 428.04827880859375 340.6040954589844 439.5672302246094
522.0076904296875 412.9248962402344 475.18878173828125 408.1491394042969
88.9534683227539 409.0328063964844 99.52935791015625 424.03662109375
139.42974853515625 561.3570556640625 173.0948486328125 583.8580932617188
189.44915771484375 347.05712890625 186.95457458496094 323.00469970703125
310.03277587890625 507.3860168457031 204.8571319580078 516.3176879882812
317.11859130859375 577.7777099609375 352.98138427734375 596.909423828125
328.9078369140625 85.96868133544922 354.9678649902344 83.6402359008789
369.732421875 263.07781982421875 368.8075256347656 248.01181030273438
406.8652648925781 412.11700439453125 384.32891845703125 0.9271650314331055
588.9267578125 338.00189208984375 588.6426391601562 326.9834289550781
645.8737182617188 362.0146789550781 644.5990600585938 351.0466003417969
748.9330444335938 208.9462127685547 799.0484008789062 205.76231384277344
226.33074951171875 215.96937561035156 224.19351196289062 192.8894805908203
512.3616943359375 183.0297088623047 512.7786254882812 206.0221405029297
527.3594360351562 387.2193603515625 524.6714477539062 354.86114501953125
544.3900146484375 193.99830627441406 544.299072265625 172.99436950683594
624.8482666015625 347.87872314453125 651.7982177734375 368.2666931152344
641.4141235351562 491.9999694824219 641.4093627929688 423.9999694824219
662.6913452148438 1.9928901195526123 661.35546875 59.98515319824219
743.0578002929688 206.43673706054688 686.1443481445312 200.59408569335938
58.334224700927734 356.94921875 54.553497314453125 332.0678405761719
84.06924438476562 450.58935546875 68.92581176757812 452.3685607910156
78.74925994873047 533.8873291015625 82.90547180175781 450.8451232910156
377.6498107910156 434.9794921875 348.5864562988281 468.78472900390625
441.0907287597656 410.318359375 403.5727233886719 421.009765625
532.4971923828125 396.1162109375 536.3121337890625 412.62127685546875
546.9996337890625 137.99256896972656 563.0073852539062 137.13821411132812
658.0469360351562 134.86610412597656 573.0257568359375 139.4753875732422
632.3241577148438 599.4222412109375 621.3162841796875 581.8023681640625
637.7041625976562 354.0177001953125 637.0410766601562 342.93768310546875
735.953369140625 497.45086669921875 799.0925903320312 492.0906982421875
799.1292114257812 495.50946044921875 737.1552124023438 500.8135986328125
425.9942626953125 263.92742919921875 406.0400695800781 265.50640869140625
583.1031494140625 462.8339538574219 562.9641723632812 431.0226745605469
234.9204864501953 155.53302001953125 362.03485107421875 148.64268493652344
329.5110168457031 542.328125 368.61322021484375 600.6015625
589.2163696289062 410.99786376953125 588.9487915039062 384.0005187988281
626.0997314453125 401.8893127441406 604.5097045898438 382.434326171875
24.244943618774414 143.96778869628906 22.14246940612793 127.98126220703125
52.77316665649414 320.0379638671875 50.57440185546875 306.9038391113281
103.79032135009766 9.02716064453125 115.19926452636719 97.10372161865234
170.9617919921875 585.0568237304688 138.04554748535156 562.9322509765625
254.321044921875 395.96783447265625 234.06895446777344 193.8928680419922
509.99261474609375 206.0948028564453 508.859375 182.10110473632812
526.290283203125 413.1105651855469 527.07470703125 396.8587951660156
686.5408935546875 460.51617431640625 619.8367309570312 401.18353271484375
227.33189392089844 81.9475326538086 218.16746520996094 23.973527908325195
273.0536193847656 145.64547729492188 234.9015655517578 148.81507873535156
310.4801940917969 298.0470886230469 312.06298828125 281.9081115722656
427.9751892089844 345.6969909667969 408.9390563964844 347.2556457519531
37.2862663269043 333.7720031738281 41.59358596801758 358.0720520019531
126.72364044189453 522.4279174804688 103.15926361083984 562.27685546875
395.8478698730469 159.00843811035156 409.8352355957031 411.0091552734375
544.467041015625 170.99920654296875 544.412841796875 138.9976043701172
31.720138549804688 15.890215873718262 40.73744583129883 75.04002380371094
511.16607666015625 276.078857421875 507.12738037109375 284.5857238769531
571.68115234375 275.85821533203125 556.7767944335938 273.3009948730469
68.11063385009766 441.54046630859375 100.19895935058594 434.9719543457031
91.1432113647461 443.727294921875 84.89237976074219 532.1337890625
96.6048355102539 567.4794311523438 119.8537826538086 561.4373779296875
128.43551635742188 179.9308319091797 117.19042205810547 109.12857818603516
274.0386657714844 79.84632110595703 227.9521026611328 81.95130157470703
233.82130432128906 148.91867065429688 231.05596923828125 120.99446105957031
641.702392578125 599.0081787109375 641.911376953125 580.9989624023438
742.98193359375 212.95175170898438 737.4805297851562 329.02276611328125
0.9168553948402405 429.96624755859375 59.93720626831055 425.21923828125
187.07240295410156 322.2677917480469 170.07073974609375 323.2386779785156
583.0901489257812 102.38253784179688 604.1014404296875 97.43041229248047
85.65934753417969 579.6575927734375 65.6856689453125 599.6838989257812
474.1513671875 408.993896484375 457.73486328125 0.8899868726730347
0.9708629846572876 6.296473979949951 143.9740753173828 0.3738960921764374
614.0642700195312 99.11121368408203 647.0695190429688 97.20166015625
496.7410888671875 436.8375549316406 463.22259521484375 425.3504943847656
542.1483764648438 183.9029541015625 534.0264282226562 182.80438232421875
551.4556884765625 361.9993591308594 551.4248657226562 339.9993896484375
564.771728515625 428.4023742675781 587.54248046875 457.80548095703125
67.1333236694336 411.68865966796875 85.0428695678711 408.2214660644531
184.25753784179688 1.0821541547775269 231.25950622558594 425.8606262207031
224.3841094970703 157.9121856689453 227.96316528320312 92.05233764648438
353.1875 252.66004943847656 300.8387756347656 258.57257080078125
663.035400390625 269.6474609375 672.0449829101562 270.552001953125
685.8016967773438 204.8031005859375 743.7606201171875 211.1765899658203
179.05348205566406 546.2015991210938 130.05319213867188 559.2005004882812
209.14454650878906 360.9821472167969 213.33970642089844 394.95806884765625
244.9876708984375 273.87933349609375 251.967041015625 331.0040283203125
293.0292053222656 277.99676513671875 296.0208435058594 304.9976806640625
300.9300537109375 373.2565612792969 322.03167724609375 374.43121337890625
292.05029296875 87.48493194580078 310.95068359375 85.52449035644531
589.6644897460938 312.52777099609375 623.838623046875 334.2538146972656
621.569091796875 440.3691101074219 634.9764404296875 456.0201721191406
364.9412536621094 300.007080078125 363.2486877441406 285.9700012207031
566.2064208984375 599.3080444335938 588.5523681640625 584.3320922851562
535.2498168945312 363.7906799316406 551.2028198242188 382.8300476074219
663.6416015625 340.9752502441406 662.8071899414062 353.0557556152344
675.010498046875 161.000244140625 678.64111328125 0.9691709280014038
110.11923217773438 263.8736877441406 84.19269561767578 267.4119567871094
116.96356201171875 566.887451171875 89.59518432617188 575.7498779296875
212.37149047851562 473.9693298339844 211.0064239501953 501.9515380859375
0.845012366771698 444.12847900390625 34.837005615234375 438.0834655761719
140.9319305419922 285.1419677734375 104.99940490722656 287.9925231933594
221.98155212402344 200.0025177001953 224.03053283691406 214.99583435058594
6.980015277862549 144.2347869873047 23.98915672302246 144.04222106933594
263.9287414550781 371.35906982421875 288.991455078125 370.6828918457031
350.1713562011719 433.8712463378906 222.77442932128906 445.53656005859375
315.25994873046875 514.0781860351562 311.55914306640625 479.04656982421875
643.9573364257812 405.9993896484375 644.3197021484375 380.9901428222656
202.94573974609375 314.61004638671875 174.63099670410156 303.4054260253906
234.93849182128906 120.06744384765625 285.98028564453125 116.7011489868164
679.364013671875 361.96026611328125 688.1304931640625 0.9788838624954224
746.5232543945312 249.9922637939453 745.9063720703125 288.01470947265625
368.7557373046875 248.0349578857422 358.112548828125 245.52313232421875
484.3807067871094 533.0597534179688 458.04534912109375 529.649658203125
596.0117797851562 35.328163146972656 643.9859008789062 33.60658645629883
643.5501098632812 425.9989318847656 643.505126953125 445.0011901855469
208.45437622070312 325.3384094238281 202.30844116210938 315.4289245605469
600.9168701171875 536.0698852539062 653.0369262695312 531.4130249023438
752.9314575195312 108.99662017822266 750.4190063476562 160.0206298828125
250.787353515625 333.9068908691406 257.66241455078125 392.0399169921875
292.9590759277344 114.42962646484375 316.0355224609375 116.6270980834961
89.49185180664062 575.9920043945312 88.69847869873047 527.0048828125
364.00579833984375 148.9474334716797 365.63519287109375 180.12359619140625
512.8212280273438 0.9805425405502319 514.8357543945312 86.00389099121094
228.34957885742188 196.6334686279297 233.38314819335938 215.1675262451172
445.0127258300781 408.3346862792969 472.02197265625 408.85076904296875
206.06185913085938 323.609375 210.158935546875 355.7245788574219
49.94358825683594 277.59930419921875 85.00753784179688 276.1871032714844
571.9075927734375 60.00252914428711 571.3587646484375 39.96278762817383
3.897845983505249 281.2701110839844 21.25758934020996 278.8404541015625
23.01995849609375 293.24725341796875 6.963138103485107 294.5433044433594
90.73558807373047 527.03857421875 96.71347045898438 568.041748046875
735.3662719726562 500.9239501953125 730.798828125 599.0371704101562
519.0156860351562 86.99971771240234 517.4476928710938 0.9553953409194946
312.0567932128906 281.61468505859375 326.0298767089844 280.3233947753906
354.9349670410156 16.076597213745117 359.39166259765625 78.04375457763672
195.41798400878906 306.5345153808594 210.6776123046875 321.2996826171875
546.9923095703125 6.788858890533447 662.0579833984375 2.587747573852539
220.94985961914062 21.855520248413086 300.0171203613281 18.39107322692871
189.99078369140625 363.3824462890625 166.95596313476562 362.827392578125
748.8472900390625 212.99200439453125 747.1724243164062 245.00901794433594
389.2279357910156 39.98344421386719 390.90008544921875 63.00725555419922
89.8172836303711 478.0160827636719 88.23094940185547 459.97967529296875
457.0498046875 536.1993408203125 477.03466796875 537.4427490234375
358.6443176269531 80.11380767822266 363.76434326171875 141.10372924804688
589.3522338867188 239.25596618652344 554.7279052734375 232.36778259277344
325.07275390625 285.0532531738281 316.21368408203125 297.1564025878906
529.8121337890625 474.9071044921875 531.4314575195312 489.0650329589844
663.7404174804688 123.99384307861328 663.4326171875 86.99639892578125
304.0148620605469 16.062387466430664 352.9867248535156 16.83843994140625
453.6011962890625 5.011493682861328 455.7906799316406 80.97721099853516
457.5229187011719 530.6685180664062 447.0864562988281 538.8320922851562
188.66531372070312 310.19696044921875 204.6414337158203 323.43280029296875
664.4642944335938 58.999977111816406 664.4633178710938 37.999977111816406
296.19219970703125 244.98138427734375 246.1529998779297 254.7812042236328
732.8943481445312 492.9959411621094 736.0494384765625 411.00189208984375
75.98123168945312 289.76690673828125 54.95650100708008 291.45977783203125
745.1812744140625 207.00668334960938 746.8053588867188 162.99281311035156
377.4256896972656 524.6137084960938 384.0724182128906 497.5270080566406
342.27752685546875 599.8427734375 362.1033935546875 593.3139038085938
91.27294921875 455.9884948730469 90.85200500488281 446.0062255859375
385.6514587402344 497.9714660644531 403.15618896484375 486.2329406738281
666.5482788085938 250.95130920410156 671.1759643554688 208.0189666748047
230.02313232421875 14.556939125061035 253.02499389648438 13.601814270019531
282.0234069824219 12.413175582885742 312.9806823730469 10.659174919128418
525.2796020507812 317.0367126464844 523.3093872070312 332.0406188964844
668.0933837890625 70.9946517944336 671.7660522460938 135.1279296875
667.5810546875 135.9977264404297 667.4561157226562 159.00790405273438
122.99663543701172 230.9609832763672 7.081532955169678 240.9464569091797
669.2090454101562 3.986771821975708 673.2670288085938 68.10967254638672
191.6025848388672 105.017578125 190.89425659179688 89.00467681884766
