263
333.6573486328125 278.06292724609375 360.181396484375 0.9216547012329102
444.3024597167969 244.05264282226562 486.6455383300781 0.7642638683319092
310.7210998535156 246.9806671142578 314.0506591796875 198.93421936035156
71.3100357055664 25.974071502685547 78.75700378417969 115.02032470703125
420.1075744628906 339.8191833496094 418.4618225097656 357.04412841796875
357.6197509765625 388.850341796875 393.94561767578125 376.8355407714844
395.4034729003906 381.6146240234375 356.8160705566406 391.2645263671875
498.3939208984375 0.7112236618995667 452.8258056640625 254.1484832763672
475.7996826171875 211.15406799316406 485.853515625 158.97177124023438
83.34418487548828 119.0553207397461 75.14897155761719 21.903079986572266
404.52557373046875 242.0533905029297 403.132568359375 334.03228759765625
486.43560791015625 155.08616638183594 502.07720947265625 76.01527404785156
328.8204650878906 128.05947875976562 338.04144287109375 0.8580219149589539
511.8448486328125 0.7802728414535522 498.2524719238281 72.23823547363281
465.270751953125 267.0505676269531 475.20941162109375 213.852294921875
476.5458679199219 215.94281005859375 469.386474609375 272.79681396484375
488.2987060546875 160.24856567382812 479.3381652832031 207.06472778320312
142.9225616455078 333.0414733886719 145.7918243408203 200.0386505126953
314.87408447265625 189.91058349609375 318.93035888671875 138.83563232421875
415.7080993652344 285.5620422363281 425.1494445800781 257.711669921875
477.44378662109375 0.7386192679405212 430.7962646484375 278.46966552734375
500.04498291015625 100.2016372680664 490.01239013671875 152.19534301757812
319.26953125 132.9461669921875 323.1029357910156 80.93388366699219
444.3949279785156 403.2897033691406 450.1011657714844 375.8133239746094
457.56097412109375 353.29949951171875 450.005859375 316.998779296875
451.2025451660156 315.1753845214844 459.5436096191406 353.1003723144531
95.62069702148438 404.0126953125 225.63955688476562 354.0617980957031
196.1736297607422 234.38739013671875 310.4637145996094 246.6931610107422
365.0084228515625 368.3582458496094 377.0079345703125 368.283935546875
476.8824768066406 254.47817993164062 483.4978332519531 242.26976013183594
328.08160400390625 53.85428237915039 313.0306701660156 252.00233459472656
413.02423095703125 284.0302734375 411.6566162109375 239.9486083984375
415.22064208984375 227.831787109375 411.9935607910156 242.7827606201172
425.12347412109375 258.6167297363281 418.5347595214844 227.88534545898438
47.2497673034668 368.74395751953125 119.79485321044922 344.3889465332031
189.5545196533203 415.03680419921875 190.62451171875 457.06048583984375
337.04302978515625 294.6087341308594 370.9626159667969 298.3399353027344
576.1956787109375 0.3657783269882202 484.2699279785156 406.83489990234375
192.8851318359375 37.97665786743164 193.07115173339844 52.99911880493164
351.72149658203125 0.8858979940414429 327.8025207519531 268.89312744140625
383.019775390625 408.3182678222656 447.05291748046875 410.1751708984375
388.0395812988281 341.1804504394531 402.97900390625 337.9042663574219
601.670166015625 75.91786193847656 535.2738037109375 342.5701904296875
77.75740051269531 21.93773078918457 85.81415557861328 119.93306732177734
177.94146728515625 61.999088287353516 178.37806701660156 33.99030685424805
190.89480590820312 238.01014709472656 189.05825805664062 37.99946594238281
648.53515625 539.8082885742188 720.822021484375 364.51422119140625
147.2322540283203 251.98251342773438 145.3872528076172 333.0088195800781
320.0739440917969 136.35401916503906 192.90847778320312 121.79972076416016
195.20245361328125 177.1016845703125 314.12957763671875 189.78500366210938
317.9594421386719 142.35096740722656 194.75546264648438 128.1165008544922
341.9638671875 224.32603454589844 375.0012512207031 227.9888153076172
358.0121154785156 58.90659713745117 398.114990234375 64.11458587646484
454.1769104003906 287.46710205078125 444.6609802246094 248.59341430664062
1.1492615938186646 434.8818054199219 45.25843811035156 490.5871887207031
57.80607223510742 369.4079284667969 102.8683090209961 363.91888427734375
298.75103759765625 118.26862335205078 301.0912170410156 103.01399230957031
389.14459228515625 317.8797607421875 433.7324523925781 0.6812559366226196
455.05645751953125 409.7548828125 397.0177307128906 408.29547119140625
211.9755096435547 361.9364318847656 97.07685852050781 406.19952392578125
537.1641845703125 167.6435089111328 488.7835998535156 161.78797912597656
550.3411254882812 102.09953308105469 500.84954833984375 96.27923583984375
315.1602783203125 193.47520446777344 194.91221618652344 180.83506774902344
349.91070556640625 146.72628784179688 384.99517822265625 151.0391845703125
400.6964416503906 337.5225830078125 420.507080078125 341.47235107421875
537.9096069335938 161.75546264648438 487.2754211425781 155.69773864746094
50.72665786743164 251.43661499023438 27.87793731689453 278.8984375
141.7848358154297 448.5212707519531 159.2931365966797 440.6521911621094
490.1365661621094 152.8260498046875 538.9414672851562 158.5031280517578
479.92266845703125 207.71531677246094 526.1393432617188 212.71070861816406
79.17542266845703 114.49481201171875 0.8408973813056946 105.3651351928711
376.1473693847656 311.9919128417969 374.994140625 291.0003356933594
450.31536865234375 374.6364440917969 439.73089599609375 363.2501525878906
94.90771484375 406.76171875 40.00886154174805 428.02288818359375
194.38253784179688 52.01595687866211 194.0203094482422 37.999473571777344
320.95697021484375 82.30738067626953 194.90708923339844 64.66378784179688
313.0001525878906 198.99844360351562 195.8323974609375 186.58152770996094
272.2835998535156 335.3604736328125 379.2574462890625 343.6963806152344
391.97222900390625 249.21206665039062 374.8726501464844 246.97242736816406
400.2625732421875 380.6854248046875 413.33612060546875 391.5972900390625
325.0325622558594 73.73186492919922 192.05130004882812 57.57771301269531
195.15621948242188 118.64585876464844 319.1215515136719 132.9464111328125
723.0792846679688 358.62005615234375 797.815185546875 177.51107788085938
39.54051971435547 425.8373718261719 91.69407653808594 405.2259216308594
312.1366271972656 252.58489990234375 195.9643096923828 241.3697509765625
1.0559509992599487 273.3068542480469 28.245996475219727 268.34912109375
98.47532653808594 407.5190124511719 139.7225341796875 448.28076171875
280.2620544433594 349.6077575683594 227.64190673828125 392.0783996582031
337.0916748046875 52.007171630859375 331.1451110839844 128.0113525390625
444.89697265625 366.7829895019531 462.72003173828125 369.1278991699219
501.8504333496094 75.09197235107422 555.0845336914062 82.38282775878906
550.2260131835938 109.32158660888672 500.776123046875 102.662353515625
0.8519534468650818 17.204326629638672 70.0357666015625 25.709020614624023
128.93804931640625 188.0488739013672 127.87757873535156 165.00563049316406
192.6393585205078 57.95024490356445 194.49176025390625 118.98507690429688
398.97698974609375 66.19612121582031 357.9547424316406 61.38600540161133
414.9918518066406 447.13616943359375 448.0531005859375 449.1112060546875
447.92901611328125 286.54095458984375 420.7410583496094 282.97357177734375
501.9246520996094 93.53215026855469 534.9701538085938 98.2109603881836
532.6485595703125 343.1403503417969 516.67138671875 303.1312255859375
121.15679931640625 346.46728515625 70.1910629272461 363.5693664550781
136.37132263183594 448.62860107421875 95.3740463256836 407.6258544921875
273.0342712402344 350.1597900390625 232.74256896972656 358.7994689941406
410.33837890625 447.9698181152344 407.2183532714844 412.98052978515625
624.1529541015625 0.1414187252521515 602.6090087890625 71.58051300048828
12.248429298400879 289.3225402832031 0.5100241899490356 298.3638610839844
333.9620666503906 279.9676818847656 333.2757263183594 302.0085754394531
394.03387451171875 229.1507568359375 341.9571838378906 227.0726776123047
18.58627700805664 275.74822998046875 0.7708535194396973 289.7075500488281
66.17487335205078 375.822998046875 95.34923553466797 404.6465148925781
147.0243377685547 206.9678192138672 148.12472534179688 241.99607849121094
179.97776794433594 34.17342758178711 329.6963195800781 53.36855697631836
239.04605102539062 544.953857421875 199.01499938964844 504.9849853515625
395.0215148925781 407.399658203125 381.96661376953125 406.93170166015625
496.92462158203125 81.16617584228516 485.2325439453125 146.2215118408203
154.9749755859375 286.9392395019531 146.17684936523438 0.9330358505249023
210.82960510253906 228.9932403564453 211.98150634765625 199.9595947265625
370.0163269042969 299.84356689453125 336.9590148925781 296.3926696777344
473.8316345214844 365.77532958984375 453.655517578125 291.09307861328125
56.00572204589844 98.90348815917969 28.982128143310547 97.3014907836914
144.0239715576172 449.05255126953125 82.9568099975586 476.9053039550781
54.01356887817383 86.55543518066406 26.977710723876953 85.73031616210938
93.09930419921875 404.9004821777344 64.06932830810547 375.9305419921875
198.51205444335938 508.49481201171875 238.28944396972656 547.7205810546875
347.84521484375 356.8218078613281 282.57269287109375 349.1362609863281
331.7467041015625 338.69049072265625 293.8120422363281 346.0283508300781
57.35890579223633 486.761962890625 135.5061798095703 449.9516296386719
110.96100616455078 163.00270080566406 112.62101745605469 186.95697021484375
178.90684509277344 486.0940856933594 165.33737182617188 472.65924072265625
508.13140869140625 285.7210388183594 468.7254333496094 281.6725769042969
328.1070251464844 268.8616638183594 175.14291381835938 254.48004150390625
412.3130187988281 539.0567016601562 401.6206970214844 598.1123657226562
467.0577697753906 365.19805908203125 445.8795166015625 363.6727294921875
26.844409942626953 375.43695068359375 48.032630920410156 373.32781982421875
464.0781555175781 418.7939758300781 476.1506042480469 481.9712219238281
141.58055114746094 350.28948974609375 169.14988708496094 372.8165588378906
162.8509521484375 473.14801025390625 177.79835510253906 488.2002258300781
274.5093994140625 118.89402770996094 277.9898376464844 102.78179168701172
482.24505615234375 523.1483154296875 461.97894287109375 420.004150390625
225.0634765625 59.43280792236328 269.07183837890625 64.35819244384766
384.9765930175781 351.0008239746094 383.58245849609375 310.9449157714844
493.0163269042969 532.7296752929688 798.9874877929688 551.2072143554688
326.11309814453125 49.113162994384766 187.93719482421875 31.492464065551758
194.01686096191406 28.999658584594727 193.44827270507812 0.9706211686134338
278.8135070800781 586.1845092773438 291.744384765625 599.2529296875
388.99298095703125 533.248291015625 415.9999694824219 532.9966430664062
411.18585205078125 412.9234924316406 413.32281494140625 446.043701171875
174.0393524169922 254.9765625 168.31231689453125 0.9704113602638245
420.69427490234375 397.6279602050781 401.39910888671875 388.2342834472656
485.8587951660156 277.78009033203125 495.8545227050781 266.7762145996094
795.9547119140625 553.7390747070312 492.928466796875 535.1671142578125
58.94068908691406 334.4212951660156 30.097930908203125 373.8040771484375
102.13092803955078 560.7205810546875 134.32952880859375 599.555908203125
537.3209838867188 346.0846252441406 488.7749328613281 530.204345703125
128.07687377929688 341.1043395996094 58.89984893798828 335.1668395996094
136.96949768066406 599.025146484375 103.4870834350586 558.4229736328125
141.74853515625 306.9671936035156 138.49240112304688 331.9338073730469
234.94654846191406 349.6567077636719 132.89013671875 341.3497314453125
458.979736328125 355.13970947265625 445.96331787109375 353.2530517578125
472.2360534667969 288.6629943847656 453.12799072265625 286.73291015625
564.1725463867188 37.90090560913086 514.1493530273438 30.048599243164062
602.5004272460938 71.2025146484375 573.85693359375 53.228004455566406
6.940832614898682 11.431378364562988 71.95223236083984 20.34828758239746
192.6385498046875 122.94286346435547 194.55783081054688 177.9805450439453
262.2114562988281 551.4725341796875 294.1127624511719 561.6464233398438
556.1580810546875 78.8331527709961 506.12811279296875 72.05441284179688
528.3833618164062 204.85997009277344 536.11767578125 170.7996368408203
2.800922155380249 90.66261291503906 76.1856460571289 99.4495620727539
104.03740692138672 367.3033752441406 59.10401916503906 372.8436279296875
292.9591369628906 13.301658630371094 200.03846740722656 0.7159534096717834
367.35723876953125 380.6040954589844 346.33209228515625 361.6319580078125
608.947998046875 74.40010070800781 799.1132202148438 99.12928009033203
34.457252502441406 478.62554931640625 0.6222411394119263 437.3093566894531
386.94781494140625 152.49855041503906 349.93475341796875 148.62326049804688
447.0201721191406 360.7382507324219 465.067138671875 362.1280822753906
539.0534057617188 343.4008483886719 799.0386352539062 366.5663146972656
329.11865234375 4.73736047744751 287.0205993652344 0.780876636505127
412.8779296875 452.595458984375 451.8791809082031 455.5791931152344
127.83174896240234 164.2578582763672 110.99915313720703 162.00633239746094
799.0396118164062 96.68805694580078 765.0797119140625 92.37256622314453
4.026464939117432 260.5386657714844 34.052249908447266 259.0634765625
418.00860595703125 440.8949279785156 445.0726623535156 443.1133728027344
454.95526123046875 290.6689453125 471.0171813964844 291.7430114746094
480.7680969238281 226.49847412109375 492.9410705566406 224.6184539794922
486.9443664550781 408.98699951171875 582.20361328125 0.814146101474762
503.6644592285156 72.35128021240234 511.2051696777344 36.6212043762207
511.28076171875 32.26224899291992 517.7350463867188 0.7409894466400146
157.78819274902344 300.005615234375 158.34449768066406 321.0173645019531
469.9959411621094 385.1788330078125 473.2208251953125 367.2192077636719
27.006460189819336 104.40483856201172 59.013545989990234 104.75228881835938
250.813720703125 200.93899536132812 286.9604797363281 204.41151428222656
463.1058654785156 352.9527893066406 468.3987121582031 364.82220458984375
9.965758323669434 346.7204895019531 16.60140609741211 274.6869201660156
258.4198913574219 100.37300872802734 247.5546417236328 112.60437774658203
517.1941528320312 299.9216003417969 534.1595458984375 341.9355773925781
717.9072875976562 362.0876770019531 538.8445434570312 346.8238525390625
3.7693793773651123 230.5009307861328 22.97495460510254 228.7285919189453
174.4071502685547 35.977840423583984 175.6640167236328 59.07270812988281
178.5809326171875 0.9904902577400208 178.37310791015625 32.002498626708984
390.67041015625 599.0142211914062 387.9942321777344 536.9571533203125
154.544189453125 288.9559020996094 155.14486694335938 309.995849609375
260.891845703125 520.8855590820312 212.85311889648438 492.6529846191406
428.2650146484375 0.7612651586532593 388.4571838378906 290.0628967285156
514.8719482421875 38.9272346496582 563.0578002929688 45.581565856933594
84.35301208496094 534.7075805664062 56.25712203979492 500.7870178222656
193.31405639648438 181.95211791992188 195.28158569335938 235.95330810546875
329.5270080566406 13.96878433227539 327.214111328125 49.014129638671875
446.80999755859375 416.02740478515625 451.997802734375 452.00030517578125
53.33242416381836 501.5520935058594 83.28195190429688 537.766845703125
795.9193115234375 368.98004150390625 719.9402465820312 362.7256164550781
23.255552291870117 271.87445068359375 25.958192825317383 298.9042053222656
146.66561889648438 163.96817016601562 116.57568359375 144.5574188232422
482.5899353027344 378.0450134277344 480.9271240234375 362.8982238769531
503.319580078125 143.3503875732422 496.96795654296875 131.01651000976562
539.9370727539062 593.2695922851562 663.9791870117188 599.4199829101562
45.06071472167969 378.33941650390625 19.79585075378418 382.85870361328125
131.83445739746094 204.0856170654297 104.7029037475586 199.94827270507812
136.10043334960938 151.03958129882812 152.43104553222656 169.75103759765625
224.19187927246094 0.5213637351989746 327.8733825683594 13.975726127624512
263.2037048339844 92.82211303710938 261.793701171875 114.98687744140625
459.4837951660156 456.9046936035156 456.7889404296875 414.9493408203125
487.070068359375 533.5133056640625 470.52252197265625 599.1317749023438
157.260986328125 0.9173109531402588 166.87864685058594 263.89471435546875
288.8265686035156 577.5156860351562 255.19947814941406 589.5570678710938
283.4845886230469 559.2539672851562 280.2413635253906 578.2123413085938
700.0911865234375 422.4519958496094 659.5850830078125 520.2423706054688
20.889726638793945 282.99395751953125 17.42732810974121 346.1877746582031
77.61760711669922 164.22518920898438 83.00955963134766 197.32424926757812
515.88330078125 260.9732360839844 520.004638671875 243.00106811523438
200.98431396484375 225.99899291992188 202.1419219970703 208.00912475585938
491.879638671875 357.2935791015625 473.94189453125 355.6244812011719
543.3782958984375 138.8546142578125 548.2938842773438 117.83486938476562
449.02642822265625 452.676513671875 411.9471435546875 449.6469421386719
496.0184326171875 262.2395935058594 513.9114990234375 266.3822021484375
22.075471878051758 340.9898681640625 26.89982795715332 376.8790283203125
471.47479248046875 289.73828125 506.1183166503906 296.38311767578125
132.0582733154297 476.19482421875 191.79794311523438 458.3245544433594
546.6746826171875 30.930282592773438 551.40185546875 8.87181282043457
408.9251708984375 507.0132751464844 452.0591735839844 510.1985168457031
19.317272186279297 383.0212097167969 19.993751525878906 340.9837951660156
332.2503662109375 300.283935546875 155.09637451171875 283.9544372558594
763.0062866210938 91.95161437988281 609.1477661132812 71.86813354492188
193.63397216796875 460.22442626953125 170.73721313476562 524.906982421875
335.1020812988281 458.2624206542969 312.97235107421875 455.1997985839844
415.9864501953125 531.3797607421875 400.9698791503906 530.8443603515625
81.1376953125 119.76236724853516 24.94322967529297 113.51025390625
268.23480224609375 60.96881866455078 225.87608337402344 56.07194137573242
532.1312255859375 95.26934051513672 503.167236328125 90.0686264038086
277.5094909667969 340.7093200683594 272.5226135253906 349.1244812011719
503.0195617675781 314.7953186035156 463.00286865234375 310.9700927734375
38.41641616821289 499.866455078125 110.32733917236328 480.19671630859375
188.6202850341797 28.99166488647461 188.2440948486328 0.9967199563980103
244.69676208496094 537.1559448242188 230.71884155273438 599.6085205078125
477.9700012207031 302.6229553222656 503.95794677734375 303.8738098144531
140.0234832763672 159.20077514648438 151.96485900878906 189.43397521972656
166.08670043945312 263.10247802734375 329.7190856933594 278.9081115722656
22.605152130126953 298.0170593261719 21.956953048706055 283.0018615722656
254.1695556640625 588.35693359375 260.54864501953125 549.5838623046875
243.38319396972656 444.50921630859375 269.0533447265625 412.2467956542969
177.83285522460938 74.0139389038086 181.82931518554688 121.93083190917969
244.69784545898438 476.9968566894531 244.77293395996094 445.99945068359375
263.0731201171875 38.28227233886719 281.0898742675781 40.11774444580078
269.90362548828125 417.0274353027344 248.6231689453125 462.8973083496094
