240
435.9164733886719 92.89110565185547 438.6897888183594 39.826995849609375
438.03399658203125 95.30085754394531 330.16766357421875 107.4843521118164
329.87530517578125 103.88003540039062 433.92169189453125 92.2965316772461
434.0572509765625 149.9282684326172 436.0170593261719 96.8529281616211
436.1419982910156 45.64252471923828 329.8986511230469 54.82778549194336
693.8818969726562 139.51390075683594 700.3514404296875 115.82289123535156
330.30279541015625 112.89997863769531 333.0738830566406 148.99432373046875
631.421142578125 188.14306640625 690.4424438476562 179.2850799560547
433.18115234375 101.62622833251953 331.2210388183594 112.98414611816406
328.0447998046875 50.99774169921875 330.66412353515625 102.9665298461914
246.01715087890625 61.211856842041016 0.7622158527374268 81.06211853027344
599.8182983398438 118.30754089355469 591.895263671875 165.1514129638672
712.4251708984375 67.86730194091797 705.4959716796875 97.88365173339844
437.7931213378906 152.4999542236328 336.78350830078125 166.4302215576172
620.57763671875 599.3192749023438 664.5765380859375 381.914306640625
640.8390502929688 120.96992492675781 645.8484497070312 94.15852355957031
335.74871826171875 159.96966552734375 434.5960998535156 147.73631286621094
753.72705078125 599.0189208984375 757.1137084960938 469.0029602050781
799.1270751953125 12.368429183959961 764.8653564453125 15.55008316040039
440.3777770996094 37.976837158203125 441.7547302246094 0.9908686280250549
479.0037536621094 183.02536010742188 506.9847106933594 178.8964385986328
506.10675048828125 180.64715576171875 478.0455017089844 185.2758026123047
730.1436157226562 0.5102308988571167 712.9393920898438 65.72018432617188
218.62799072265625 598.7271728515625 315.9834289550781 465.9878234863281
439.0135803222656 39.15575408935547 328.9783630371094 48.751991271972656
521.9838256835938 36.83123779296875 486.92254638671875 40.19213104248047
258.7918395996094 312.8851318359375 293.198974609375 282.1045837402344
328.85858154296875 45.32218933105469 435.9406433105469 36.295841217041016
605.668701171875 86.93318176269531 601.3641357421875 108.27513885498047
23.17525863647461 21.820819854736328 32.16340637207031 74.6527099609375
245.46188354492188 333.77490234375 241.30810546875 306.798583984375
486.7900695800781 599.30517578125 531.5432739257812 483.4373474121094
736.8842163085938 120.966796875 720.7551879882812 177.21653747558594
613.74560546875 0.9579258561134338 605.7789306640625 49.12882614135742
632.725830078125 202.62852478027344 620.0103759765625 212.01402282714844
655.2796630859375 185.02259826660156 641.2611694335938 195.35440063476562
238.82302856445312 292.9102478027344 234.89620971679688 256.9022521972656
315.1094665527344 95.11436462402344 309.41094970703125 0.9146462082862854
316.20855712890625 123.9826889038086 314.8758239746094 107.92729949951172
326.3380126953125 0.956637442111969 327.76458740234375 44.9752197265625
487.07135009765625 42.78741455078125 522.0559692382812 39.61753463745117
593.63037109375 109.26918029785156 602.306396484375 56.72038269042969
701.212646484375 113.54631805419922 641.9580078125 121.69458770751953
664.2958374023438 74.31211853027344 711.189697265625 70.12348175048828
213.77049255371094 231.09210205078125 233.05491638183594 226.2172393798828
424.3270263671875 317.2414855957031 401.7508850097656 347.8160705566406
593.1141967773438 113.47357177734375 585.1463623046875 165.8701934814453
737.8218383789062 337.9371337890625 711.7239990234375 411.9026184082031
426.1470947265625 357.4833068847656 338.1607971191406 332.4351806640625
90.21308898925781 591.2841796875 388.4185485839844 263.4710388183594
485.8538513183594 0.9226939678192139 473.4406433105469 184.96226501464844
600.1847534179688 50.865386962890625 608.5138549804688 0.4243525266647339
76.80670166015625 398.09576416015625 93.08320617675781 386.1130065917969
397.6434631347656 353.73687744140625 364.03021240234375 399.2843017578125
579.8801879882812 167.1417694091797 597.7617797851562 56.1226921081543
27.541107177734375 312.6070556640625 93.79499816894531 366.0137634277344
688.3743896484375 160.30508422851562 593.8668212890625 109.3910140991211
704.7503662109375 101.56755065917969 798.9928588867188 143.01620483398438
92.58524322509766 368.5171203613281 26.679723739624023 315.6588439941406
266.0143127441406 313.0331726074219 299.8897399902344 298.4253234863281
325.47918701171875 256.1943664550781 318.9803161621094 105.0438461303711
320.2789001464844 262.0071716308594 320.8959655761719 237.99732971191406
444.65936279296875 0.946915328502655 438.6771545410156 152.0268096923828
516.4620971679688 305.6998596191406 538.2317504882812 266.6873474121094
609.7155151367188 0.9528019428253174 601.5620727539062 50.09325408935547
610.23583984375 131.0416717529297 604.0869140625 165.83865356445312
687.4356079101562 168.22071838378906 600.6137084960938 119.69104766845703
604.2473754882812 57.875091552734375 595.9304809570312 107.98845672607422
598.5751342773438 108.09545135498047 606.8651733398438 58.143585205078125
616.32177734375 217.56643676757812 638.5700073242188 283.482666015625
791.8543090820312 220.98277282714844 798.01708984375 168.88372802734375
96.06636047363281 360.363525390625 26.217689514160156 305.6186828613281
233.2638702392578 229.21180725097656 215.0392608642578 233.18028259277344
588.6962280273438 166.11599731445312 596.855712890625 117.14257049560547
21.131759643554688 130.1660919189453 2.036576986312866 132.32371520996094
58.96217727661133 62.58634948730469 82.94453430175781 60.3934440612793
115.96053314208984 402.3958740234375 0.7676776647567749 481.6623840332031
206.99386596679688 49.84656524658203 237.98423767089844 48.60631561279297
327.3345947265625 84.98429870605469 323.3924255371094 0.981584370136261
138.06288146972656 318.9422302246094 158.63308715820312 341.3370361328125
299.0504455566406 275.2702941894531 243.73716735839844 285.5914306640625
264.1650390625 541.6074829101562 358.3348693847656 581.20361328125
294.8740539550781 125.0062026977539 293.74163818359375 102.01272583007812
601.00830078125 108.08613586425781 690.8784790039062 155.43455505371094
734.975341796875 112.05815124511719 697.8634643554688 96.32193756103516
799.3618774414062 140.1732635498047 745.2290649414062 116.4766616821289
113.92485809326172 78.13697814941406 0.9108893871307373 87.97650146484375
81.67720031738281 42.09016036987305 86.44369506835938 59.15538024902344
337.7154846191406 335.0016784667969 424.7915954589844 359.7337341308594
592.4204711914062 165.3491668701172 632.0372924804688 190.94229125976562
712.072021484375 64.75971221923828 662.0474243164062 69.50055694580078
735.0728149414062 341.0623474121094 800.2871704101562 318.7646484375
294.082763671875 284.09075927734375 260.585205078125 314.64166259765625
382.01556396484375 274.0141296386719 246.4085693359375 423.3709411621094
450.9430847167969 164.61065673828125 323.88079833984375 183.1844940185547
608.363037109375 50.05989456176758 616.470703125 0.912685751914978
753.493896484375 81.02455139160156 754.9863891601562 50.999324798583984
239.43890380859375 0.8319543600082397 246.47293090820312 61.061553955078125
318.1839294433594 466.8666076660156 222.12879943847656 598.0942993164062
629.0046997070312 484.9850158691406 547.2537841796875 459.1955261230469
244.85940551757812 424.87237548828125 93.58379364013672 591.5299072265625
303.9278259277344 457.20184326171875 246.1617889404297 436.5475158691406
381.7021179199219 114.26115417480469 397.0323181152344 108.08019256591797
403.7404479980469 349.5391845703125 424.341796875 321.2489013671875
529.7643432617188 185.09259033203125 552.0765991210938 0.8881510496139526
569.114013671875 175.1703338623047 595.7742919921875 0.8125863671302795
763.9906616210938 195.9839324951172 776.00439453125 189.0076141357422
109.9140853881836 303.0157470703125 150.15794372558594 341.8362731933594
428.9649353027344 311.2406311035156 469.1934509277344 256.40826416015625
478.9721374511719 241.84954833984375 396.82684326171875 257.065185546875
600.4939575195312 56.91606903076172 591.6448364257812 110.27279663085938
666.9503173828125 382.1908874511719 623.3468017578125 599.2705078125
758.3798217773438 203.74813842773438 784.6906127929688 190.39059448242188
226.2750701904297 285.7576599121094 173.58460998535156 348.3342590332031
356.67431640625 582.7771606445312 264.87152099609375 544.3065795898438
375.35687255859375 216.9937744140625 375.9674377441406 252.0005645751953
587.6689453125 143.94406127929688 592.5718383789062 114.92765808105469
633.9728393554688 168.9159698486328 632.8218383789062 182.9854278564453
165.0900115966797 114.92569732666016 148.05657958984375 116.58184814453125
221.76841735839844 198.1197052001953 233.2588348388672 220.3493194580078
391.1999206542969 258.0674133300781 301.1741943359375 274.929931640625
364.1348876953125 401.5792541503906 328.90802001953125 390.2868957519531
705.0462646484375 92.88850402832031 602.306884765625 50.26033401489258
636.4779052734375 288.36370849609375 625.7544555664062 331.9395751953125
26.00943946838379 77.0743179321289 58.73545455932617 72.9173583984375
425.3752136230469 208.96353149414062 423.26776123046875 245.07398986816406
438.8547668457031 0.9700460433959961 437.9124450683594 36.997711181640625
272.7760925292969 267.19622802734375 258.309814453125 103.23735809326172
277.8073425292969 103.8440933227539 279.8062438964844 127.01671600341797
405.7203674316406 599.659423828125 375.9796447753906 587.0479736328125
721.8286743164062 388.937255859375 740.6643676757812 337.51080322265625
791.2015991210938 190.35731506347656 756.5416259765625 208.02439880371094
113.81958770751953 387.0410461425781 108.76636505126953 364.82568359375
182.1042022705078 60.9807243347168 213.0733184814453 57.69008255004883
605.4345703125 58.27820587158203 642.202392578125 74.54247283935547
622.906982421875 196.13912963867188 580.2526245117188 167.62216186523438
32.988487243652344 321.89300537109375 102.42806243896484 387.42724609375
159.79721069335938 358.7463073730469 143.08445739746094 372.10565185546875
147.67503356933594 117.67401123046875 152.4308624267578 142.1107635498047
175.97911071777344 505.0503234863281 260.88104248046875 540.2866821289062
245.53347778320312 439.35809326171875 311.9415283203125 462.17022705078125
411.28961181640625 90.0023193359375 411.59429931640625 51.99674606323242
690.6547241210938 599.9534912109375 630.5673217773438 578.1948852539062
119.98075103759766 67.71764373779297 146.00491333007812 67.32695770263672
481.1214294433594 109.00885009765625 488.99847412109375 0.927008330821991
597.2015991210938 268.8421325683594 590.6588745117188 301.93255615234375
1.4706841707229614 133.8328857421875 10.248534202575684 158.55673217773438
568.0891723632812 552.749267578125 523.9775390625 537.0631713867188
148.11297607421875 55.27733612060547 195.0114288330078 51.12919998168945
301.0064392089844 302.0154113769531 266.2201232910156 316.5276184082031
724.4375 17.439395904541016 661.3491821289062 -0.24560192227363586
64.9252700805664 578.15087890625 89.7724380493164 590.4594116210938
169.53372192382812 140.9105987548828 165.37863159179688 116.10408020019531
249.96595764160156 65.62474822998047 115.98020935058594 77.7818603515625
339.9980163574219 122.55308532714844 362.0049133300781 122.63236236572266
631.9105224609375 576.2479248046875 694.995361328125 599.0127563476562
7.951741695404053 66.08403778076172 29.051231384277344 64.97239685058594
29.317766189575195 156.9041748046875 21.54727554321289 131.1365203857422
238.01612854003906 48.13092041015625 232.12380981445312 3.8504576683044434
513.9415283203125 111.3973159790039 497.89849853515625 112.95404052734375
548.7620239257812 462.77703857421875 632.838134765625 488.5284729003906
759.6281127929688 469.0157165527344 756.3748779296875 599.0093994140625
145.00238037109375 64.4150161743164 123.9986572265625 64.3294906616211
163.06106567382812 103.80062866210938 160.27049255371094 88.94917297363281
516.3008422851562 529.1138305664062 489.75103759765625 599.2841796875
572.2593383789062 555.2628173828125 621.1846923828125 572.4749755859375
650.0799560546875 77.81588745117188 702.2305297851562 100.46923065185547
244.66522216796875 324.7855224609375 262.2580261230469 319.93603515625
627.912353515625 191.60658264160156 589.3994750976562 166.38990783691406
799.056396484375 293.0716857910156 777.963134765625 293.64605712890625
106.60533905029297 364.8798522949219 111.1494140625 387.7718505859375
592.0733642578125 303.0138244628906 598.318603515625 269.8716125488281
188.14939880371094 193.44529724121094 202.24078369140625 188.71771240234375
765.9779663085938 10.479662895202637 782.0122680664062 10.622149467468262
132.9368133544922 374.91156005859375 170.20472717285156 348.28656005859375
187.33145141601562 323.2882080078125 218.04150390625 251.7345733642578
332.50482177734375 166.96002197265625 330.2098693847656 137.98338317871094
583.7833862304688 165.8534698486328 634.3893432617188 200.43011474609375
208.97447204589844 218.0505828857422 187.01502990722656 206.97021484375
353.8833923339844 599.4559936523438 372.7499084472656 562.9031982421875
0.9070452451705933 231.3616180419922 185.9159393310547 204.4226837158203
88.02865600585938 591.94140625 64.73169708251953 580.5486450195312
259.02008056640625 541.9522094726562 199.09849548339844 516.765625
355.9442443847656 6.850024223327637 372.0063171386719 7.90371561050415
108.0943603515625 388.16168212890625 104.71430206298828 369.22955322265625
338.1550598144531 394.5390319824219 363.0311584472656 402.9073791503906
459.9063720703125 0.9501914381980896 452.4793395996094 164.02183532714844
734.6473999023438 205.45199584960938 801.7088623046875 248.810302734375
262.9490966796875 323.8995666503906 244.5843048095703 333.2064514160156
799.5379638671875 504.42730712890625 517.526611328125 239.50392150878906
0.5593215823173523 387.56982421875 39.83595275878906 375.46759033203125
617.5062255859375 209.8551788330078 569.0984497070312 175.8598175048828
113.79289245605469 54.09805679321289 122.39295196533203 63.55220413208008
202.64569091796875 188.70863342285156 221.44580078125 198.10842895507812
204.04100036621094 221.14886474609375 225.09642028808594 215.35011291503906
624.5548706054688 225.7208251953125 616.7167358398438 210.14251708984375
634.2896118164062 0.028041815385222435 721.9552001953125 26.150400161743164
687.039306640625 504.874755859375 750.1087646484375 524.6532592773438
458.91668701171875 273.9400329589844 431.3423767089844 312.2464599609375
721.90283203125 177.26292419433594 737.9970092773438 121.9991226196289
381.9736633300781 318.8958435058594 408.07440185546875 312.2940979003906
522.6066284179688 538.1010131835938 567.8989868164062 554.2826538085938
653.2357177734375 255.51231384277344 697.549072265625 276.93280029296875
90.24153137207031 57.65103530883789 85.44698333740234 40.593284606933594
515.1343383789062 231.12889099121094 541.2923583984375 0.9195926785469055
472.0116271972656 517.967529296875 425.5281982421875 501.3171691894531
730.5070190429688 271.52593994140625 709.2680053710938 264.2208557128906
598.6632690429688 401.685302734375 584.6862182617188 416.6412658691406
621.1220703125 574.6591796875 580.0225830078125 559.9368896484375
476.92608642578125 189.51100158691406 324.4786071777344 212.55006408691406
285.4524841308594 68.9324722290039 274.2388916015625 71.9020767211914
477.3736572265625 151.95411682128906 479.8669738769531 117.91699981689453
596.912109375 408.3242492675781 619.1737060546875 414.35931396484375
345.6597595214844 135.31939697265625 359.7539978027344 138.9539794921875
394.343017578125 598.1946411132812 366.8022155761719 586.46435546875
626.9251098632812 332.98199462890625 636.8008422851562 291.9520568847656
652.0398559570312 246.9419403076172 668.0477905273438 257.9303894042969
640.83154296875 281.7337951660156 524.3372192382812 187.58277893066406
161.8071746826172 224.61972045898438 180.9915771484375 221.93971252441406
575.2567749023438 427.3379821777344 547.96875 457.97216796875
189.10110473632812 212.7775421142578 204.6219482421875 219.831787109375
257.58270263671875 143.36180114746094 266.91107177734375 257.25299072265625
494.8556213378906 310.0167236328125 503.5728759765625 302.68072509765625
770.9730834960938 106.17400360107422 786.0755615234375 108.51163482666016
771.4884033203125 219.8447723388672 787.890869140625 224.3936004638672
518.7469482421875 179.97335815429688 513.7969360351562 226.97862243652344
525.2894287109375 115.91728973388672 518.4205322265625 174.93255615234375
8.163500785827637 78.25748443603516 4.07553243637085 64.97675323486328
303.3345031738281 137.89955139160156 275.3226623535156 142.83233642578125
504.920166015625 302.98565673828125 596.4833374023438 403.2972106933594
456.52301025390625 338.7092590332031 484.861328125 317.8119812011719
528.7279663085938 0.868506908416748 511.2310791015625 170.12725830078125
590.985107421875 311.0158386230469 633.2352294921875 350.7498779296875
323.7710876464844 441.8599548339844 352.27264404296875 416.3040771484375
414.2931823730469 370.4100341796875 447.0115966796875 347.0162048339844
583.9605712890625 415.1802978515625 495.10693359375 311.055419921875
414.68646240234375 21.01642417907715 355.1895751953125 -4.171957492828369
460.8985595703125 176.67059326171875 470.3904113769531 0.859111487865448
535.6119384765625 470.65179443359375 503.4442443847656 506.5013122558594
485.9580078125 317.87213134765625 576.6834716796875 426.2649230957031
