147
0.8048286437988281 42.026573181152344 43.109188079833984 33.54457092285156
144.038818359375 585.0006713867188 145.46026611328125 505.99029541015625
137.46449279785156 9.963521957397461 0.7165951728820801 45.922237396240234
604.0547485351562 481.2424621582031 144.9818878173828 584.9197998046875
387.1861877441406 243.08795166015625 412.6097106933594 359.7778015136719
414.4402160644531 364.71624755859375 380.095458984375 241.97328186035156
290.86712646484375 549.4133911132812 799.286865234375 434.26666259765625
649.2136840820312 379.9628601074219 752.5618896484375 357.0260925292969
466.5036315917969 261.4560241699219 483.1285705566406 337.9720764160156
704.0835571289062 218.6724853515625 646.9241943359375 378.61553955078125
10.755675315856934 498.94696044921875 19.91301727294922 456.7640380859375
50.48073196411133 108.42839050292969 28.300607681274414 115.89319610595703
539.7227172851562 497.1524353027344 596.0135498046875 599.5422973632812
799.4849853515625 551.8157958984375 724.9280395507812 571.7305908203125
726.9183349609375 574.7066650390625 678.0838012695312 588.3011474609375
36.674076080322266 19.801881790161133 0.8599839806556702 28.418004989624023
613.0989379882812 422.9266662597656 644.1888427734375 464.8599853515625
652.3997802734375 475.70916748046875 723.1121215820312 572.9183959960938
146.75747680664062 581.93408203125 285.83831787109375 550.2894287109375
0.46747156977653503 550.8914794921875 10.25652027130127 502.8485107421875
378.4804382324219 245.65328979492188 397.38568115234375 326.3780517578125
145.19369506835938 15.72795295715332 0.774953305721283 54.154197692871094
508.0679931640625 24.903377532958984 506.28179931640625 42.13288497924805
189.2962188720703 59.89718246459961 173.38035583496094 65.15202331542969
504.6905517578125 56.96391296386719 501.2871398925781 86.15009307861328
799.236572265625 437.0451965332031 605.9542236328125 480.79791259765625
147.67417907714844 505.99639892578125 146.83663940429688 582.0092163085938
295.875244140625 599.1981811523438 287.7744140625 553.2159423828125
688.47314453125 72.38745880126953 693.3540649414062 53.83010482788086
445.88189697265625 599.4103393554688 418.62603759765625 525.13720703125
661.7845458984375 84.94641876220703 654.1163330078125 115.78024291992188
675.5325317382812 120.8761215209961 684.0468139648438 88.74740600585938
762.1797485351562 358.9480895996094 664.102783203125 377.5419921875
733.3743896484375 40.81761169433594 724.261474609375 72.07623291015625
13.911882400512695 498.52935791015625 79.84723663330078 486.18408203125
485.9526672363281 306.8254089355469 492.03131103515625 339.9942626953125
290.20062255859375 553.9634399414062 298.42095947265625 599.10546875
388.2698974609375 22.0007266998291 388.2529602050781 4.999748229980469
519.4097900390625 90.05413055419922 523.407470703125 59.789642333984375
670.1171264648438 50.26797866821289 665.81640625 68.19584655761719
642.1170043945312 385.36566162109375 679.0027465820312 272.6914367675781
42.99454879760742 31.680221557617188 37.50844192504883 15.505915641784668
287.7605895996094 550.0407104492188 282.4969787597656 519.0855102539062
724.5506591796875 571.5973510742188 702.1160278320312 540.9151611328125
799.2294921875 39.37022399902344 519.1505737304688 -0.06935908645391464
187.62953186035156 172.79449462890625 206.73033142089844 157.65965270996094
525.2269897460938 46.027923583984375 527.468017578125 27.8115291595459
567.1585083007812 549.9125366210938 538.2086791992188 497.4365539550781
21.994617462158203 457.9988708496094 13.602141380310059 498.1259460449219
15.221220970153809 191.92774963378906 37.01898193359375 258.6672058105469
420.5660095214844 523.7920532226562 448.29498291015625 599.259033203125
300.1009521484375 0.9424877166748047 306.32220458984375 120.03540802001953
387.4411926269531 65.00433349609375 387.72613525390625 35.987491607666016
591.2844848632812 586.8429565429688 542.6019287109375 498.6676940917969
724.212890625 574.822509765625 799.355224609375 555.3721923828125
799.2451782226562 500.775146484375 759.509521484375 457.4498596191406
371.69573974609375 240.8331298828125 396.3318786621094 361.0882263183594
12.790536880493164 503.1672058105469 0.7787918448448181 559.9531860351562
81.09728240966797 488.51580810546875 13.06536865234375 501.3465881347656
186.54794311523438 45.79326629638672 183.90615844726562 26.012531280517578
228.408203125 176.3050994873047 211.06423950195312 191.075439453125
284.10589599609375 518.9814453125 289.1835021972656 547.9678344726562
719.8096923828125 572.1383056640625 649.4896850585938 475.3708190917969
696.1842041015625 389.8306884765625 745.9805908203125 444.0178527832031
173.9922637939453 66.00119018554688 178.9367218017578 98.00977325439453
684.7943725585938 88.09600830078125 662.8173828125 83.9733657836914
128.90365600585938 585.5606079101562 92.88142395019531 593.459228515625
799.2391357421875 47.36201477050781 477.0983581542969 0.32632362842559814
764.9434204101562 467.0513610839844 799.20947265625 504.8099060058594
372.18817138671875 33.992862701416016 371.9507141113281 61.008358001708984
664.8909912109375 249.67529296875 693.9410400390625 254.36509704589844
672.8267211914062 585.56201171875 722.0328369140625 574.1414184570312
168.20692443847656 31.12316131591797 171.13511657714844 49.9790153503418
416.87677001953125 347.46942138671875 441.19097900390625 341.8222351074219
743.789306640625 445.19122314453125 693.8309326171875 390.1534423828125
797.22509765625 125.90497589111328 795.072509765625 166.1109619140625
193.30015563964844 92.09220123291016 189.20050048828125 60.97358322143555
94.97783660888672 157.51898193359375 110.39335632324219 220.90432739257812
135.9664764404297 0.714320182800293 138.7344207763672 10.078500747680664
523.6978759765625 59.60917282104492 505.7667236328125 56.24242401123047
668.6602783203125 229.79417419433594 655.3696899414062 207.37362670898438
791.9352416992188 164.9736785888672 753.0516357421875 260.61444091796875
28.782503128051758 116.49401092529297 39.13444900512695 152.9618377685547
728.4752807617188 328.9617614746094 795.294677734375 166.4762420654297
45.46929168701172 283.47540283203125 112.63634490966797 242.75091552734375
15.782523155212402 187.7451171875 0.5992355942726135 141.1305389404297
27.64288902282715 4.375914573669434 0.8953956365585327 11.613415718078613
60.20553207397461 145.21182250976562 50.58067321777344 109.11180114746094
94.40070343017578 150.1466064453125 68.3534927368164 43.66889953613281
441.9668273925781 341.9783630371094 432.5734558105469 356.3741760253906
687.1233520507812 194.9139404296875 702.029541015625 216.28179931640625
17.22577476501465 76.93721771240234 23.26324462890625 98.64871978759766
412.8429260253906 375.08929443359375 443.9524230957031 369.7241516113281
458.60791015625 247.3724365234375 444.0447998046875 256.47113037109375
593.51220703125 599.2647094726562 577.06787109375 568.963134765625
0.6876347064971924 147.10137939453125 13.964679718017578 188.01145935058594
777.036376953125 8.406073570251465 757.92431640625 7.235675811767578
202.75254821777344 0.7733631730079651 215.84564208984375 102.01995849609375
692.6719970703125 257.6349792480469 664.9838256835938 252.08070373535156
146.12057495117188 399.61590576171875 -0.22182850539684296 364.0237121582031
38.2509880065918 11.160431861877441 87.8760757446289 0.4270568788051605
353.1036682128906 356.0813293457031 342.4953308105469 369.6040954589844
446.0558166503906 369.2987060546875 480.7778015136719 362.810791015625
618.9039306640625 7.77143669128418 634.1653442382812 9.672297477722168
45.581878662109375 91.11397552490234 39.584739685058594 69.11319732666016
473.984130859375 357.7839050292969 503.9718017578125 358.3913879394531
387.90643310546875 35.484046936035156 372.88775634765625 32.58064270019531
404.64654541015625 361.96966552734375 406.3789367675781 341.775146484375
642.5726928710938 465.3144836425781 612.1072387695312 423.92108154296875
664.0128173828125 192.81094360351562 685.9797973632812 194.2985382080078
661.76025390625 231.32398986816406 691.0668334960938 236.63076782226562
76.82027435302734 597.8047485351562 136.2288818359375 588.8717041015625
761.9738159179688 355.0850830078125 673.7072143554688 327.9524841308594
503.4366455078125 343.6925354003906 564.295654296875 333.8232116699219
683.1337890625 376.9848937988281 745.5003051757812 385.2037048339844
742.9683837890625 389.23956298828125 683.8104858398438 381.43670654296875
784.9984130859375 22.010486602783203 757.8681640625 17.862459182739258
684.934326171875 247.891845703125 696.0947265625 248.71351623535156
745.7117309570312 26.04845428466797 789.9778442382812 30.23420524597168
87.45069885253906 260.689453125 47.76142501831055 286.6350402832031
799.4451904296875 366.53778076171875 766.1798706054688 356.4092102050781
183.75726318359375 189.20907592773438 210.4830780029297 194.57473754882812
555.9125366210938 2.3668220043182373 590.9610595703125 4.609107971191406
661.7789306640625 0.38132721185684204 665.839111328125 12.055953979492188
659.65625 16.265336990356445 692.1226806640625 21.191686630249023
270.5677490234375 149.3062286376953 357.6623229980469 139.1144256591797
185.89630126953125 371.78033447265625 263.9228210449219 376.3249816894531
689.0269165039062 16.80221176147461 668.0081787109375 13.940154075622559
701.8896484375 9.841496467590332 751.9468383789062 16.405269622802734
438.998046875 363.9502868652344 455.0518493652344 363.3193054199219
307.2107849121094 120.12889099121094 653.9909057617188 204.03770446777344
347.80120849609375 163.89483642578125 355.7507019042969 148.8681182861328
478.5328063964844 266.3553161621094 472.42059326171875 251.82310485839844
211.19322204589844 194.240966796875 229.469482421875 179.58547973632812
671.097412109375 387.6932678222656 642.109375 385.5327453613281
230.97340393066406 330.9198913574219 198.86138916015625 341.58258056640625
305.59136962890625 61.96269607543945 303.82806396484375 34.01084518432617
309.878662109375 315.8035583496094 288.8660583496094 328.78314208984375
370.6236572265625 369.25506591796875 360.9742431640625 355.0174560546875
607.3903198242188 211.62416076660156 631.4404907226562 218.4473114013672
246.51084899902344 227.81475830078125 235.73455810546875 198.09625244140625
200.59432983398438 157.2261962890625 184.438232421875 170.0292205810547
239.54127502441406 195.81195068359375 250.02577209472656 225.9910430908203
482.1183166503906 364.5890808105469 459.0447998046875 369.2231140136719
731.0048828125 583.7596435546875 799.008544921875 583.3200073242188
246.8323211669922 256.09661865234375 238.10031127929688 240.94219970703125
246.47369384765625 237.81455993652344 252.7023162841797 253.72506713867188
