215
549.3353881835938 363.77740478515625 565.8056640625 314.5999755859375
722.3675537109375 152.85169982910156 716.00146484375 180.00035095214844
300.09576416015625 29.002933502197266 299.32965087890625 54.01009750366211
314.0975341796875 55.038787841796875 314.9836730957031 29.964082717895508
410.0206604003906 146.06106567382812 94.98184204101562 142.7042236328125
526.0449829101562 35.00780487060547 528.1533203125 22.853134155273438
278.48724365234375 64.00480651855469 279.1090393066406 0.9912084341049194
350.8233337402344 486.8310241699219 305.82464599609375 533.8757934570312
335.9973449707031 68.04057312011719 338.72528076171875 0.9888229966163635
535.8994750976562 83.85023498535156 518.7008666992188 210.23146057128906
757.4057006835938 95.84005737304688 764.4032592773438 69.83939361572266
212.701171875 508.6347961425781 152.14785766601562 558.1807250976562
336.0480041503906 0.9628070592880249 333.4298400878906 67.97772216796875
392.84857177734375 0.9196212291717529 387.8919982910156 71.92265319824219
560.0562133789062 323.5936279296875 545.3599243164062 357.7243957519531
708.9691162109375 183.22894287109375 759.0028686523438 189.97866821289062
774.6016235351562 152.42210388183594 757.7952880859375 193.08885192871094
774.0157470703125 111.27063751220703 782.6397094726562 78.90400695800781
390.61376953125 71.0422134399414 395.4334411621094 0.9610369801521301
315.022705078125 139.5983123779297 424.0138244628906 145.75552368164062
491.6005554199219 78.06534576416016 498.0154113769531 19.110485076904297
518.6461791992188 285.8578796386719 493.5210266113281 348.4059143066406
575.0069580078125 82.87913513183594 492.9902038574219 78.17042541503906
521.4446411132812 67.92023468017578 524.6213989257812 45.80199432373047
644.0262451171875 220.78030395507812 648.2991333007812 201.8418731689453
751.9993286132812 67.25318145751953 745.6856079101562 92.1737060546875
192.6778564453125 47.97400665283203 191.64398193359375 21.013652801513672
309.3530578613281 205.02621459960938 310.9206237792969 183.91983032226562
423.9036560058594 139.46630859375 318.9625244140625 132.57034301757812
442.35174560546875 73.11963653564453 448.28985595703125 6.025653839111328
512.0654907226562 44.88286590576172 509.2886657714844 67.03617858886719
669.086669921875 170.24586486816406 684.8836669921875 100.42619323730469
738.4877319335938 183.86676025390625 744.5341796875 160.61875915527344
780.56005859375 201.10269165039062 787.9812622070312 160.6298370361328
410.9747619628906 203.99740600585938 413.0467224121094 183.90171813964844
487.85589599609375 81.87350463867188 480.5500793457031 147.95025634765625
489.552490234375 327.9252014160156 486.3814697265625 346.8966064453125
639.8075561523438 198.74794006347656 635.9088134765625 217.19210815429688
716.1675415039062 253.77487182617188 722.1209106445312 231.7622528076172
422.9135437011719 61.99238586425781 425.0268859863281 38.00236892700195
673.9375 82.20741271972656 679.0686645507812 59.01519012451172
799.1656494140625 400.4244689941406 776.1283569335938 403.1037902832031
88.94780731201172 58.94999313354492 487.95208740234375 80.87232208251953
711.3451538085938 135.83355712890625 703.159423828125 168.04051208496094
153.5902557373047 560.7076416015625 220.15493774414062 505.1857604980469
296.52801513671875 183.98451232910156 295.870361328125 204.02854919433594
481.02978515625 147.99876403808594 420.0135498046875 147.0903778076172
502.9393005371094 203.990478515625 506.0722961425781 184.01133728027344
661.93212890625 499.2274475097656 651.4669799804688 542.1139526367188
377.1424865722656 566.6803588867188 308.4234619140625 536.0499267578125
330.02655029296875 213.0369873046875 332.26318359375 150.97344970703125
494.18524169921875 183.89451599121094 491.8274841308594 202.10711669921875
490.77423095703125 347.6831359863281 516.1043090820312 285.63433837890625
519.9989624023438 213.65684509277344 542.0017700195312 213.59194946289062
547.6416625976562 10.941507339477539 536.5189208984375 79.08470153808594
669.6537475585938 57.92549514770508 664.9525756835938 79.7746353149414
304.2327575683594 534.4669189453125 227.93287658691406 501.15374755859375
279.4398498535156 565.42138671875 305.870361328125 537.8338623046875
400.56219482421875 569.6920776367188 475.26641845703125 463.4840087890625
639.3718872070312 0.8804402947425842 591.9180908203125 250.1747589111328
97.9760971069336 132.09225463867188 125.01001739501953 131.3804931640625
179.04258728027344 138.54409790039062 131.02517700195312 137.13951110839844
131.85833740234375 578.05615234375 150.15272521972656 563.1879272460938
181.71775817871094 183.013916015625 182.8026885986328 205.00973510742188
308.8524169921875 534.8004760742188 355.82830810546875 484.7778625488281
328.7720031738281 217.924560546875 326.9246826171875 247.99537658691406
95.00714111328125 220.93399047851562 36.9952392578125 221.3776397705078
44.019981384277344 293.3975830078125 106.01416778564453 290.28192138671875
308.092529296875 343.2849426269531 0.9567834138870239 365.3998107910156
277.0050048828125 141.04925537109375 297.00445556640625 141.1545867919922
0.7814573645591736 569.68115234375 67.35315704345703 524.0562133789062
179.9984588623047 127.06451416015625 134.000732421875 125.96929931640625
222.9152374267578 597.1627807617188 153.51194763183594 561.0169677734375
276.8868103027344 0.9984250664710999 276.01019287109375 64.0001449584961
400.265380859375 183.9385528564453 398.6661376953125 203.05572509765625
175.16566467285156 19.962560653686523 176.001953125 45.99993896484375
282.9093017578125 85.9244155883789 293.00830078125 86.91534423828125
314.84063720703125 29.466495513916016 300.8966369628906 27.951175689697266
411.092529296875 37.007205963134766 409.228271484375 60.939884185791016
711.2211303710938 227.31222534179688 705.8746337890625 248.22361755371094
73.8367691040039 206.0166015625 71.5000991821289 183.0508575439453
100.41435241699219 222.88015747070312 105.252685546875 279.97857666015625
129.0052947998047 139.82667541503906 179.98818969726562 141.3862762451172
384.0032958984375 69.92724609375 337.0549011230469 67.79267120361328
492.9602355957031 80.68946838378906 535.9326782226562 83.16737365722656
150.10702514648438 559.792724609375 111.16210174560547 539.68603515625
191.9010467529297 20.165239334106445 175.93128967285156 18.809139251708984
229.33053588867188 336.0389099121094 220.66180419921875 186.90341186523438
426.2242736816406 27.00969886779785 426.787353515625 13.990802764892578
756.5422973632812 184.8673553466797 763.9230346679688 159.3981170654297
18.94460678100586 53.33365249633789 75.01402282714844 55.66246032714844
69.7746353149414 522.4486083984375 3.435856342315674 489.12298583984375
473.3934020996094 470.27764892578125 402.6766357421875 570.4775390625
465.56097412109375 140.96424865722656 468.0823974609375 110.0067138671875
507.092041015625 258.6479187011719 487.06988525390625 261.491943359375
648.89599609375 542.9745483398438 659.6715698242188 498.9196472167969
786.2730102539062 487.5647888183594 734.2852172851562 496.63470458984375
225.69573974609375 502.683349609375 301.75592041015625 536.5481567382812
306.4234619140625 538.363037109375 361.6878356933594 561.738037109375
566.6732788085938 483.3141174316406 535.8453369140625 549.3943481445312
713.4835205078125 182.05810546875 669.02490234375 170.90078735351562
684.773681640625 100.19070434570312 799.3845825195312 121.97669219970703
34.82732391357422 9.019024848937988 37.92328643798828 37.118629455566406
75.25653076171875 522.5217895507812 147.77284240722656 561.4234619140625
707.860107421875 499.3917541503906 565.5885620117188 485.0940856933594
760.8263549804688 397.6213684082031 632.7920532226562 389.13897705078125
799.8799438476562 211.95919799804688 709.3577880859375 185.76370239257812
133.01382446289062 128.57318115234375 179.96453857421875 130.09442138671875
514.13134765625 282.1216125488281 492.078125 329.0367126464844
496.9302062988281 347.5917053222656 519.0485229492188 289.6368713378906
5.260122299194336 487.48223876953125 70.39822387695312 520.2073364257812
53.908634185791016 10.024672508239746 34.88157653808594 8.328132629394531
56.4444465637207 38.959110260009766 53.8647346496582 10.920439720153809
150.8558807373047 563.295654296875 224.82867431640625 599.3515014648438
533.0404663085938 549.5479125976562 564.5045776367188 482.7665710449219
765.7191162109375 158.90492248535156 722.91259765625 152.59266662597656
764.791015625 69.1989974975586 752.8065185546875 67.11021423339844
763.8525390625 508.4643249511719 799.1075439453125 519.6614379882812
67.11367797851562 527.1661376953125 1.1865061521530151 572.2725830078125
182.25637817382812 141.12408447265625 183.6643524169922 126.86808776855469
213.16836547851562 424.7471923828125 247.13319396972656 402.2006530761719
245.85812377929688 405.7889404296875 214.78330993652344 426.6776428222656
664.9196166992188 17.982690811157227 799.0236206054688 23.41763687133789
759.38720703125 164.11061096191406 754.3319091796875 181.80917358398438
330.0490417480469 67.36498260498047 304.9669494628906 65.42816925048828
772.3837280273438 394.0071716308594 731.5125732421875 460.54339599609375
70.97734069824219 182.48312377929688 54.965660095214844 181.73223876953125
73.41516876220703 520.6162109375 104.00450897216797 500.0066833496094
158.00668334960938 220.22769165039062 99.00299072265625 220.5489959716797
393.0422058105469 126.39889526367188 424.0997314453125 128.57919311523438
541.0032348632812 215.27682495117188 518.9945068359375 215.53634643554688
538.9732666015625 83.55599212646484 575.9838256835938 85.33651733398438
54.22541427612305 182.86785888671875 56.722984313964844 206.02987670898438
315.5685119628906 19.002946853637695 315.4660339355469 3.996817111968994
423.0356750488281 132.505615234375 393.8987731933594 130.40237426757812
605.8312377929688 569.74169921875 633.6966552734375 551.5357666015625
137.12838745117188 411.2228088378906 90.16441345214844 438.2853088378906
106.98450469970703 497.9774475097656 149.05067443847656 469.0737609863281
409.28814697265625 328.4018859863281 559.1641235351562 372.8204345703125
70.28582000732422 171.0749969482422 68.91386413574219 158.00904846191406
35.28071212768555 225.84671020507812 40.6896858215332 271.0371398925781
275.55401611328125 181.12049865722656 253.2250213623047 167.05523681640625
480.87261962890625 247.14920043945312 499.0637512207031 244.42575073242188
783.0401000976562 394.030517578125 762.2060546875 421.3955383300781
759.4404907226562 419.9488525390625 776.8014526367188 394.192138671875
80.04331970214844 444.0754699707031 8.186922073364258 485.32562255859375
1.3032687902450562 486.5337829589844 80.67913818359375 441.4352722167969
209.33587646484375 430.4932861328125 154.07908630371094 468.11614990234375
443.4349670410156 514.8779907226562 510.10693359375 540.7241821289062
707.4334106445312 331.1506042480469 749.2596435546875 352.4910888671875
429.98046875 139.4403533935547 465.0445556640625 140.99476623535156
469.0550231933594 0.44551515579223633 547.0807495117188 8.186097145080566
95.49832153320312 95.95868682861328 98.23577117919922 128.98045349121094
146.0303497314453 473.044189453125 114.01898956298828 495.02764892578125
395.02838134765625 444.02703857421875 362.81927490234375 477.8277893066406
757.0325927734375 196.83743286132812 779.1458129882812 201.27301025390625
150.3409423828125 37.9763298034668 148.12051391601562 5.991633892059326
350.56005859375 283.3948669433594 410.0279846191406 326.13519287109375
622.5252685546875 327.467529296875 628.7628784179688 310.1922302246094
102.03015899658203 292.72296142578125 47.000770568847656 295.0184326171875
87.15296173095703 440.65277099609375 140.86203002929688 464.3132019042969
280.89892578125 79.76634979248047 274.21044921875 139.91220092773438
324.0295104980469 419.0357360839844 282.957275390625 452.9482421875
591.4204711914062 251.2631378173828 776.9309692382812 357.12103271484375
44.20969009399414 298.9739074707031 51.059574127197266 353.9925842285156
330.30169677734375 414.13494873046875 391.2161560058594 435.3802490234375
412.9262390136719 183.64051818847656 400.950439453125 183.1019744873047
184.99159240722656 117.20362091064453 127.88251495361328 114.84624481201172
275.0281677246094 451.92755126953125 234.01010131835938 435.9740295410156
435.0938415527344 513.7567138671875 397.8494567871094 499.3902893066406
400.8816223144531 439.33917236328125 455.8214111328125 458.51171875
525.993896484375 549.015869140625 443.7991638183594 517.524169921875
759.5009765625 511.9837341308594 800.202392578125 532.629638671875
276.8883056640625 270.02862548828125 279.719970703125 182.1198272705078
601.4260864257812 575.5039672851562 586.2689819335938 588.3181762695312
215.80740356445312 427.50042724609375 264.8548889160156 446.3770446777344
765.6707153320312 392.6025695800781 753.1353759765625 385.7522888183594
235.2077178955078 490.2500305175781 280.0179443359375 453.0216064453125
32.5801887512207 219.05337524414062 11.726506233215332 55.03477096557617
151.31185913085938 467.5333251953125 210.85269165039062 426.7847595214844
494.21124267578125 43.02878189086914 489.72344970703125 75.96231842041016
747.992919921875 355.0148010253906 716.5211181640625 339.9139404296875
784.9884033203125 195.03564453125 799.4129028320312 199.73175048828125
632.2257080078125 311.6880187988281 625.5621948242188 328.2265319824219
299.3573303222656 139.9717559814453 295.2483825683594 87.9803695678711
738.0386352539062 460.01202392578125 726.7576904296875 496.2359619140625
770.4278564453125 379.6217041015625 799.4071655273438 389.8459167480469
55.99912643432617 140.80963134765625 80.00321197509766 140.69935607910156
113.1161880493164 543.76806640625 73.93043518066406 524.1388549804688
84.631591796875 439.36376953125 150.97109985351562 400.9501037597656
497.8288879394531 241.7235870361328 477.06793212890625 244.50665283203125
562.9793090820312 496.05889892578125 596.1062622070312 507.69757080078125
267.2489318847656 210.52532958984375 249.06678771972656 219.1409454345703
492.5902404785156 323.0478515625 494.6228942871094 297.96942138671875
515.5114135742188 349.2039794921875 501.9559020996094 346.19891357421875
614.8167114257812 313.6753845214844 606.57177734375 323.6458740234375
798.9185180664062 537.1492919921875 759.6155395507812 515.70458984375
52.9907341003418 171.57823181152344 67.99661254882812 171.48045349121094
727.5135498046875 496.57269287109375 746.6751098632812 508.52099609375
254.82455444335938 165.48255920410156 227.26348876953125 174.82791137695312
175.14666748046875 6.789957523345947 191.03445434570312 8.715678215026855
509.1190185546875 341.0706787109375 510.1334228515625 325.0084228515625
371.01129150390625 268.4203796386719 385.02545166015625 268.6935119628906
714.32861328125 496.7605285644531 735.7728271484375 459.29754638671875
739.3306884765625 509.3301696777344 715.2700805664062 497.452880859375
325.7051086425781 273.4046630859375 321.02227783203125 259.9922180175781
220.27935791015625 200.01821899414062 219.56251525878906 328.99755859375
536.0435180664062 287.8295593261719 608.1906127929688 306.2535705566406
468.75543212890625 464.68359375 424.10430908203125 448.70843505859375
502.6437683105469 293.1258239746094 505.9914245605469 275.9983215332031
518.7824096679688 303.9786376953125 515.1085815429688 341.4033203125
383.9884338378906 262.19512939453125 471.9912109375 261.63055419921875
294.0049133300781 138.80050659179688 281.0128173828125 138.4802703857422
569.0872192382812 590.9019775390625 512.8394775390625 596.3397216796875
506.8985900878906 276.0905456542969 512.5940551757812 282.4695739746094
