205
509.8945007324219 63.537574768066406 327.90380859375 76.66682434082031
426.9703674316406 63.75900650024414 515.0156860351562 61.65579605102539
562.8529052734375 59.197410583496094 515.9205932617188 63.02677917480469
22.692285537719727 550.1055297851562 0.11980587989091873 484.30194091796875
629.7470092773438 201.9550018310547 634.00732421875 178.0012969970703
570.1495361328125 0.7780469059944153 563.0596923828125 59.887210845947266
324.99951171875 73.9894027709961 286.9879455566406 75.73812103271484
341.53045654296875 403.6910400390625 310.5826416015625 450.72540283203125
777.2750244140625 49.331451416015625 771.35791015625 72.09304809570312
352.9143981933594 142.2929229736328 313.8812255859375 147.01913452148438
679.1427001953125 206.2402801513672 673.7801513671875 231.74349975585938
516.01025390625 55.765968322753906 430.0123596191406 56.92006301879883
325.9844055175781 82.04629516601562 261.0286560058594 81.07805633544922
425.18914794921875 417.181640625 346.9761657714844 399.10308837890625
640.2509765625 178.04135131835938 634.7999877929688 211.1317901611328
0.8530867099761963 361.3059997558594 64.19009399414062 347.8979797363281
0.7261456251144409 466.9681396484375 181.03062438964844 419.1153564453125
444.0151062011719 375.00714111328125 424.53094482421875 416.30694580078125
677.8331909179688 238.9854278564453 681.6865234375 194.88523864746094
214.8870849609375 598.273193359375 289.6576843261719 483.7764587402344
278.06158447265625 78.62626647949219 325.0321044921875 76.84723663330078
429.09515380859375 123.07518768310547 430.3439025878906 104.88629913330078
363.08905029296875 465.6480407714844 313.24395751953125 453.035888671875
361.1300354003906 237.00035095214844 361.2901306152344 178.00079345703125
517.1839599609375 385.13043212890625 450.0163879394531 370.922607421875
190.97659301757812 499.9256591796875 0.6442488431930542 559.8704223632812
427.6098937988281 416.2798767089844 447.38836669921875 373.1781921386719
699.030517578125 112.25350952148438 703.2591552734375 95.06375885009766
90.00528717041016 431.24530029296875 63.119136810302734 322.21722412109375
311.1597595214844 452.37286376953125 269.0877990722656 441.65533447265625
312.7662353515625 452.49481201171875 345.7207946777344 401.4654846191406
757.5425415039062 33.87065124511719 749.4706420898438 62.41586685180664
792.7049560546875 74.6124038696289 798.6097412109375 54.88319396972656
256.00970458984375 7.353569030761719 504.9866943359375 0.515110969543457
259.19091796875 85.91569519042969 253.30982971191406 2.8364901542663574
428.0711669921875 245.3677978515625 255.74935913085938 278.7044372558594
492.11767578125 432.4878234863281 427.10302734375 417.5514831542969
572.0603637695312 90.00918579101562 569.4623413085938 107.07040405273438
725.1024780273438 66.27909851074219 740.5187377929688 5.384480953216553
773.817626953125 134.2652130126953 779.568603515625 116.53569030761719
291.8442077636719 484.54766845703125 217.4197998046875 599.2723388671875
339.5881042480469 598.807373046875 400.80035400390625 467.9066467285156
499.55126953125 97.86553192138672 498.0447082519531 114.09696960449219
584.5394287109375 599.0584106445312 602.4143676757812 433.9366149902344
157.0513153076172 174.41848754882812 12.888968467712402 192.09445190429688
132.9814910888672 86.75052642822266 228.8985595703125 79.6329345703125
345.6930236816406 401.30694580078125 422.8966979980469 419.4397888183594
0.5253694653511047 479.1617126464844 24.288793563842773 548.901611328125
185.75570678710938 418.07373046875 260.1214599609375 398.4604797363281
74.91666412353516 345.59906005859375 248.12437438964844 309.598388671875
515.9970092773438 49.761104583740234 490.9934387207031 49.662635803222656
577.8783569335938 107.16355895996094 581.1054077148438 89.83341979980469
472.5625 564.8739013671875 515.1634521484375 417.047119140625
398.95184326171875 68.36714935302734 415.9295959472656 67.07488250732422
520.0283203125 54.015464782714844 541.9833374023438 53.40308380126953
542.3909912109375 52.041969299316406 545.1956787109375 25.913660049438477
0.15031859278678894 194.42459106445312 170.9170379638672 172.35792541503906
172.89830017089844 254.3930206298828 35.24407958984375 277.456787109375
672.2402954101562 0.8443236351013184 643.6964111328125 140.1427001953125
704.7847290039062 599.0811157226562 697.5051879882812 490.03302001953125
85.16879272460938 446.6124572753906 0.695035994052887 469.8934631347656
65.36703491210938 322.15655517578125 84.11791229248047 397.9708251953125
185.7869110107422 599.6447143554688 38.96208572387695 551.1146850585938
770.7960815429688 75.12178039550781 725.2116088867188 66.83592224121094
112.72869110107422 569.7720947265625 163.86924743652344 508.8901672363281
0.9193189740180969 64.66632080078125 153.14865112304688 55.45719909667969
245.55714416503906 204.9514617919922 260.8093566894531 380.0166015625
447.6004638671875 372.8789367675781 516.87060546875 387.60858154296875
463.23382568359375 599.351806640625 472.4241027832031 567.1209106445312
507.30499267578125 115.04210662841797 509.8184814453125 96.83687591552734
23.69203758239746 181.85562133789062 19.326580047607422 160.93186950683594
127.15435028076172 136.48036193847656 21.942691802978516 147.4503631591797
0.8091744184494019 252.7911834716797 177.6126251220703 224.8807830810547
162.2692413330078 514.2236938476562 115.46497344970703 570.5554809570312
249.78280639648438 281.0183410644531 236.8680419921875 128.01113891601562
313.4717102050781 147.98487854003906 311.5487365722656 87.98241424560547
132.084716796875 118.9100341796875 16.96527099609375 129.626953125
0.8933664560317993 134.8677978515625 162.2515411376953 119.67076873779297
520.648193359375 405.18499755859375 465.30694580078125 599.0875854492188
489.9947204589844 45.38828659057617 516.0171508789062 45.742889404296875
606.9453735351562 0.836240291595459 589.2130126953125 115.03307342529297
616.26123046875 324.921630859375 608.1887817382812 401.02001953125
0.921441912651062 43.39579391479492 150.1023712158203 36.09039306640625
0.9210778474807739 35.86359405517578 137.99261474609375 30.799955368041992
369.7205505371094 245.01382446289062 363.0004577636719 109.14836120605469
408.57098388671875 456.7994079589844 364.9920654296875 549.9962768554688
403.0982666015625 129.06675720214844 404.1919860839844 111.07244873046875
700.0968017578125 494.9933166503906 707.2698974609375 598.9813842773438
768.59716796875 112.88909912109375 763.5679321289062 131.15635681152344
790.96142578125 330.0123596191406 656.9450073242188 328.72467041015625
133.87564086914062 100.54639434814453 8.934601783752441 111.235595703125
0.7375708818435669 218.11740112304688 173.56124877929688 194.02618408203125
311.7002258300781 455.20367431640625 348.8843078613281 464.4645690917969
444.3926696777344 128.02748107910156 448.1085510253906 74.93760681152344
604.8126831054688 433.08673095703125 587.0908813476562 599.116455078125
1.136532187461853 72.95909118652344 7.5692315101623535 94.4286880493164
0.7909114956855774 153.99362182617188 164.30775451660156 136.9532012939453
64.06224060058594 350.2904052734375 0.9603005647659302 363.81475830078125
0.9114033579826355 56.05781555175781 142.980712890625 49.57704162597656
40.05019760131836 548.8482666015625 191.06178283691406 598.813232421875
85.29090118408203 404.9305725097656 91.03345489501953 428.99200439453125
147.05270385742188 3.4705169200897217 0.9272080063819885 6.587718963623047
240.82069396972656 112.01556396484375 239.76429748535156 99.84683990478516
265.14617919921875 476.4600830078125 197.03265380859375 498.1027526855469
426.89349365234375 419.4725341796875 463.0835266113281 427.62939453125
765.9370727539062 75.54377746582031 799.1860961914062 79.3921127319336
261.12957763671875 392.2669677734375 323.3172302246094 318.42498779296875
270.9847717285156 444.055419921875 307.942138671875 454.2105712890625
341.3763122558594 133.02122497558594 341.68536376953125 112.97972869873047
457.71368408203125 346.40081787109375 487.9417419433594 281.5070495605469
6.956413269042969 124.47327423095703 94.022216796875 117.26852416992188
0.7725086212158203 235.4613494873047 175.5355682373047 209.62232971191406
0.8892084956169128 325.4332580566406 186.79969787597656 289.0908508300781
799.22802734375 50.45684051513672 777.9507446289062 48.54922103881836
0.8602040410041809 293.2189636230469 182.65853881835938 260.6792297363281
236.1514434814453 119.9869613647461 225.8957061767578 0.8368285894393921
272.1531677246094 521.4815063476562 311.9317321777344 533.2311401367188
288.9601745605469 68.36245727539062 324.0730285644531 66.16911315917969
329.30523681640625 113.99605560302734 329.5639953613281 134.00564575195312
545.6698608398438 318.19293212890625 525.254150390625 389.0732116699219
707.8894653320312 554.4231567382812 782.0543823242188 573.7916870117188
262.7770690917969 520.7679443359375 200.77696228027344 502.76824951171875
605.8450317382812 402.9830627441406 614.3680419921875 324.9309997558594
596.0237426757812 227.84117126464844 679.2576293945312 240.2754364013672
734.0989990234375 63.90399932861328 770.0764770507812 67.1532211303711
417.0727233886719 292.04742431640625 361.0229187011719 378.01495361328125
153.06312561035156 40.977210998535156 0.794169545173645 50.81376266479492
324.0785827636719 64.0736083984375 289.9685363769531 66.57012939453125
363.522705078125 553.2468872070312 341.7459716796875 599.3523559570312
404.8843994140625 92.99751281738281 405.1644592285156 79.98201751708984
716.9226684570312 245.7290496826172 684.9639282226562 242.3401336669922
45.23230743408203 267.9387512207031 41.83185958862305 255.04434204101562
33.83835983276367 270.9390563964844 181.16110229492188 248.49374389648438
179.7145233154297 229.33079528808594 0.8098368644714355 258.8473815917969
678.9830932617188 240.90403747558594 799.0346069335938 243.1508026123047
697.0772705078125 191.7939910888672 693.6499633789062 207.14511108398438
740.8927612304688 4.755068302154541 799.277099609375 13.049373626708984
475.1011657714844 579.6485595703125 542.9482421875 599.1797485351562
155.07196044921875 59.94716262817383 1.0492868423461914 71.64874267578125
402.6933898925781 158.08494567871094 405.5279235839844 235.05421447753906
0.741098940372467 309.6187744140625 184.5918426513672 275.157470703125
201.96290588378906 501.1319885253906 264.77984619140625 518.783447265625
331.0124816894531 54.59162139892578 280.0077819824219 54.99147033691406
182.44351196289062 266.4106750488281 0.7852165699005127 299.83258056640625
302.4344787597656 346.36456298828125 271.40777587890625 383.3421325683594
489.2100524902344 284.0985107421875 460.15130615234375 346.0709533691406
150.0673065185547 21.401582717895508 0.8351747393608093 28.56744384765625
108.06855010986328 579.056396484375 91.39814758300781 599.3274536132812
262.9505615234375 70.17257690429688 283.28717041015625 75.99744415283203
405.71246337890625 185.99154663085938 408.09442138671875 105.0322036743164
357.8351135253906 378.892333984375 438.81158447265625 254.87696838378906
598.1958618164062 213.0962677001953 599.974853515625 190.9979705810547
689.183837890625 342.98516845703125 691.4473266601562 371.0445861816406
356.41796875 102.99974060058594 356.5060119628906 243.9996795654297
403.0924072265625 11.903693199157715 397.1383361816406 68.01467895507812
799.0201416015625 246.8053436279297 741.0314331054688 248.2566680908203
523.233642578125 389.0666198730469 543.2671508789062 318.79107666015625
367.0097351074219 548.9659423828125 412.96502685546875 562.1221313476562
474.49749755859375 186.0792694091797 518.6939697265625 206.6573028564453
583.0560913085938 186.98529052734375 583.32080078125 169.9894256591797
32.25489044189453 161.69345092773438 36.511749267578125 179.11927795410156
328.0158386230469 315.0130615234375 306.7735595703125 340.8135681152344
484.8543395996094 172.12754821777344 551.8240356445312 160.94618225097656
167.41493225097656 141.6287078857422 0.8485070466995239 160.67515563964844
243.09725952148438 142.99114990234375 241.18556213378906 121.98311614990234
181.3109588623047 280.6069030761719 0.7202182412147522 315.5542297363281
381.64434814453125 80.58949279785156 357.1578369140625 104.123779296875
599.7614135742188 526.928466796875 638.2999877929688 536.8326416015625
175.76223754882812 200.33258056640625 0.903801679611206 225.32701110839844
177.59742736816406 214.88539123535156 0.855739176273346 242.06179809570312
285.3946838378906 56.207603454589844 283.68121337890625 75.97236633300781
164.17172241210938 123.78532409667969 0.8551404476165771 139.49395751953125
689.974365234375 372.0021667480469 687.5322875976562 342.95526123046875
155.96820068359375 427.8819885253906 92.03055572509766 445.1133728027344
9.941985130310059 73.74536895751953 17.424352645874023 101.42591857910156
249.16458129882812 5.054819107055664 254.5479736328125 87.09528350830078
162.15109252929688 105.6458740234375 0.9489741921424866 120.44416046142578
314.01995849609375 533.9303588867188 340.8256530761719 541.608642578125
545.6943359375 214.19920349121094 575.0791625976562 221.68939208984375
578.9151000976562 222.05194091796875 577.3820190429688 190.0295867919922
186.615478515625 293.0710754394531 0.6668142080307007 330.3374938964844
646.853515625 229.02696228027344 636.0728759765625 227.4891357421875
699.8460693359375 481.6249084472656 747.1766357421875 493.2828063964844
571.6431274414062 141.0137176513672 555.5757446289062 146.82748413085938
646.2056274414062 181.93954467773438 677.2034912109375 187.9507598876953
394.6416931152344 132.3844451904297 379.6474914550781 141.1123809814453
415.8380126953125 66.00672149658203 413.5928039550781 11.892423629760742
736.0946044921875 488.60345458984375 700.9476928710938 480.2191467285156
279.8160705566406 52.65748596191406 265.1546936035156 43.745487213134766
581.1387939453125 190.94488525390625 582.6886596679688 222.9666748046875
586.7415771484375 170.9840545654297 585.8118896484375 186.0500946044922
505.98577880859375 174.1424102783203 486.0078430175781 174.473388671875
561.1246337890625 147.442626953125 575.1397705078125 143.4962921142578
536.02099609375 598.9266967773438 476.07318115234375 581.7446899414062
606.182373046875 190.97268676757812 605.4458618164062 213.014892578125
637.7060546875 434.34033203125 577.3206787109375 421.09747314453125
795.6220703125 326.452880859375 799.0916748046875 314.0256042480469
342.9833068847656 65.84540557861328 364.1681823730469 63.557193756103516
784.923828125 207.41232299804688 799.1763916015625 210.04507446289062
707.1830444335938 375.345947265625 754.143310546875 388.48785400390625
696.849365234375 466.29608154296875 647.4159545898438 441.1480407714844
577.0632934570312 417.2726745605469 613.9342651367188 408.7167053222656
770.9863891601562 396.04779052734375 799.2545166015625 404.1072082519531
720.5064086914062 473.2153625488281 800.2455444335938 439.98919677734375
651.542236328125 440.4810485839844 771.1534423828125 396.68780517578125
