233
616.5209350585938 426.6023864746094 565.2321166992188 370.7867431640625
491.7077331542969 111.0625991821289 494.0128173828125 85.00112915039062
508.4585876464844 159.57366943359375 501.9036865234375 198.64834594726562
543.71337890625 177.86573791503906 542.3497924804688 190.93214416503906
255.5836944580078 249.3418731689453 50.84303665161133 598.9080810546875
479.87445068359375 193.0793914794922 481.8883056640625 170.89906311035156
677.0318603515625 204.66294860839844 456.059326171875 201.64962768554688
617.093017578125 76.01348114013672 619.121826171875 62.01766586303711
581.2793579101562 599.2647094726562 676.6143188476562 498.6346130371094
40.84007263183594 190.64723205566406 15.512176513671875 202.12974548339844
65.55467987060547 545.3319091796875 74.79991149902344 529.8802490234375
612.310791015625 112.19107818603516 615.861328125 87.83401489257812
173.09141540527344 466.98956298828125 167.1571044921875 414.9820861816406
250.2889404296875 154.03834533691406 255.4152069091797 249.08547973632812
115.72787475585938 274.8031921386719 250.05982971191406 153.06600952148438
393.46942138671875 201.0331268310547 395.1603088378906 126.02615356445312
495.01275634765625 73.00066375732422 495.7457580566406 58.93463897705078
395.9710998535156 125.45336151123047 688.974609375 131.2769012451172
584.7560424804688 457.16876220703125 588.4428100585938 440.65240478515625
599.8945922851562 87.86876678466797 597.0155029296875 112.12055206298828
799.5643920898438 496.3841857910156 771.6268310546875 537.4266967773438
61.81262969970703 546.8712158203125 26.304182052612305 598.5216674804688
27.875568389892578 207.9951934814453 26.295875549316406 248.9342498779297
138.3880157470703 462.22320556640625 59.533023834228516 599.306640625
722.0974731445312 270.1836242675781 726.0856323242188 246.34896850585938
711.3543090820312 462.3351135253906 764.3383178710938 406.3200378417969
736.2265014648438 209.03013610839844 730.8137817382812 249.7091064453125
733.9976806640625 252.33843994140625 799.0082397460938 252.7781219482422
746.9337768554688 153.62477111816406 799.0267944335938 154.9387969970703
799.0040283203125 203.60638427734375 737.998779296875 203.42999267578125
153.0819549560547 506.788818359375 146.41168212890625 598.9573974609375
209.1551513671875 467.98541259765625 198.9159393310547 359.0079040527344
569.562744140625 414.2724914550781 581.1688232421875 432.8948059082031
687.8414306640625 131.6680450439453 676.5739135742188 204.93446350097656
703.3369140625 391.8739929199219 725.8565063476562 273.3527526855469
358.074462890625 564.040771484375 218.04827880859375 566.6206665039062
477.7957763671875 84.98895263671875 476.4419250488281 110.02389526367188
737.985595703125 200.99942016601562 760.9952392578125 200.66847229003906
756.1981811523438 361.0447082519531 748.5620727539062 394.9012451171875
184.6922149658203 198.93116760253906 169.58718872070312 47.041053771972656
670.031494140625 271.04461669921875 652.408447265625 362.6939697265625
728.1002197265625 236.7993621826172 759.0001831054688 98.22303009033203
770.5252685546875 534.6781005859375 798.8552856445312 492.90185546875
57.22218704223633 514.028076171875 70.1561279296875 486.0722351074219
146.6048583984375 232.81455993652344 125.01831817626953 45.99788284301758
145.67135620117188 454.07470703125 120.83519744873047 597.1031494140625
449.04620361328125 198.81808471679688 486.0084533691406 199.60084533691406
654.2393798828125 360.6156005859375 642.8392333984375 439.1218566894531
704.5130615234375 51.91946029663086 699.1746215820312 84.19429016113281
720.7434692382812 89.95258331298828 716.2557373046875 114.23210144042969
31.172805786132812 279.82342529296875 51.14414978027344 265.78265380859375
592.8272094726562 264.9759521484375 595.8856811523438 242.98410034179688
707.3818359375 466.4183349609375 687.0391235351562 488.03680419921875
731.40478515625 115.27759552001953 736.2322387695312 90.8482894897461
129.40185546875 103.95437622070312 143.94094848632812 232.00669860839844
165.93943786621094 484.52301025390625 153.6983184814453 588.7296142578125
165.0146942138672 415.9983825683594 171.00396728515625 470.8904724121094
337.87982177734375 391.7194519042969 411.2643127441406 360.2826232910156
799.0264892578125 310.69549560546875 723.9965209960938 309.1720886230469
8.664380073547363 161.949462890625 34.575565338134766 153.6714630126953
128.31988525390625 540.952392578125 121.46833801269531 494.9302673339844
132.12452697753906 333.9679260253906 116.8744888305664 274.77471923828125
171.53530883789062 294.5845642089844 132.43832397460938 330.3866271972656
176.0305938720703 120.99730682373047 182.9761199951172 200.00210571289062
197.53858947753906 367.0428161621094 213.777099609375 542.0206909179688
453.0334167480469 201.53221130371094 394.0184631347656 200.1891632080078
597.0181274414062 233.002685546875 598.8006591796875 220.970458984375
769.9340209960938 209.71743774414062 738.9413452148438 208.52670288085938
793.2114868164062 492.4747619628906 717.932373046875 462.16796875
89.982421875 280.8548889160156 55.4294548034668 46.936561584472656
-0.06429516524076462 379.8289794921875 111.98954010009766 277.9884948730469
187.84254455566406 432.3072814941406 191.75840759277344 396.08197021484375
213.44554138183594 553.867919921875 215.89205932617188 599.1678466796875
539.8721923828125 485.22882080078125 555.5151977539062 462.3522644042969
649.7630004882812 0.870991051197052 646.3045654296875 34.03176498413086
770.0234985351562 533.9478149414062 683.4489135742188 495.0021057128906
254.82798767089844 78.01081085205078 253.62648010253906 58.89775466918945
450.8011779785156 165.96408081054688 451.1355285644531 192.03672790527344
736.027099609375 580.946533203125 656.254150390625 540.498779296875
692.7653198242188 244.13470458984375 689.0597534179688 265.1865539550781
735.94580078125 90.68891143798828 720.8817138671875 89.50372314453125
481.4866027832031 262.95501708984375 483.4067077636719 241.03562927246094
676.4579467773438 502.43218994140625 584.7003173828125 599.6609497070312
53.96002960205078 267.006591796875 41.4562873840332 191.0895538330078
406.5292053222656 367.83477783203125 343.1746826171875 393.43231201171875
645.6978759765625 426.6366271972656 664.7976684570312 410.75665283203125
765.168212890625 232.79335021972656 770.6071166992188 210.9023895263672
204.66859436035156 550.2537231445312 192.25387573242188 436.1900634765625
0.97664874792099 43.15103530883789 271.0473937988281 35.72257995605469
468.64288330078125 240.97642517089844 467.2494201660156 262.0824890136719
631.6790771484375 330.4383850097656 651.5433959960938 364.5174865722656
90.0769271850586 411.966064453125 81.54774475097656 392.6409606933594
181.5709686279297 405.1056213378906 182.74276733398438 432.0546569824219
232.13644409179688 310.8716125488281 230.40814208984375 335.959228515625
370.3382568359375 108.01612091064453 370.63983154296875 82.98361206054688
514.6898803710938 121.05635070800781 520.9035034179688 44.99211502075195
646.5299682617188 432.5816345214844 677.5252685546875 426.557373046875
53.952632904052734 38.00706100463867 48.42609405517578 0.9364772439002991
152.92306518554688 139.8031768798828 158.3638458251953 192.9627685546875
484.19500732421875 231.00946044921875 484.7808532714844 218.94082641601562
684.1131591796875 494.0896301269531 710.3214111328125 467.31463623046875
799.00537109375 148.45391845703125 747.9912719726562 148.64308166503906
0.5932487845420837 118.06470489501953 7.592357158660889 162.06484985351562
215.62034606933594 110.02468872070312 218.2876739501953 151.0463104248047
325.9976806640625 120.55098724365234 299.9983825683594 120.68595886230469
369.48370361328125 261.0029296875 369.61138916015625 239.99156188964844
716.00048828125 463.998779296875 790.91943359375 494.19989013671875
15.412984848022461 202.74761962890625 29.5823974609375 282.0745849609375
57.1952018737793 76.11955261230469 87.6380615234375 281.05377197265625
146.77459716796875 81.02189636230469 149.9873504638672 114.09835815429688
212.52532958984375 68.03309631347656 214.13107299804688 91.06059265136719
249.6557159423828 59.08048629760742 250.8524627685547 79.0687026977539
580.9285888671875 242.99256896972656 578.7345581054688 264.0764465332031
723.98486328125 304.60693359375 799.015869140625 305.31298828125
251.63922119140625 93.01417541503906 252.97633361816406 127.04022979736328
354.4322814941406 81.98517608642578 354.69122314453125 107.0031967163086
354.6455383300781 239.9750518798828 354.96429443359375 261.00054931640625
660.5269775390625 193.93331909179688 665.4618530273438 158.9241485595703
682.7440185546875 497.56793212890625 764.7584228515625 534.5359497070312
43.29954147338867 222.83163452148438 29.036518096923828 206.9671630859375
532.884521484375 386.3938903808594 517.0711059570312 381.7574768066406
330.97393798828125 37.13467788696289 762.975830078125 47.051639556884766
762.4729614257812 411.44305419921875 718.92578125 457.9305114746094
35.04539108276367 153.15744018554688 27.60832977294922 108.0645980834961
123.7003173828125 33.0413818359375 119.96704864501953 6.004549503326416
144.37232971191406 503.25701904296875 160.02696228027344 490.03192138671875
160.9486541748047 110.09740447998047 158.15892028808594 79.98527526855469
168.24053955078125 185.9776153564453 163.40760803222656 134.05514526367188
219.79478454589844 90.00631713867188 219.0557098388672 65.99828338623047
395.9996643066406 190.5264434814453 443.0009460449219 190.55682373046875
752.9591064453125 129.42071533203125 799.0360717773438 130.74703979492188
799.0108032226562 100.3782958984375 763.9866333007812 99.76985931396484
174.28480529785156 599.6229248046875 181.8483428955078 535.45361328125
654.9994506835938 278.053955078125 558.989013671875 277.0385437011719
654.7156982421875 542.557861328125 734.4046630859375 583.168212890625
760.0027465820312 96.81627655029297 799.0238037109375 97.3946304321289
762.999755859375 406.03546142578125 671.0108642578125 405.40789794921875
106.59156799316406 588.7962036132812 102.90546417236328 560.0120849609375
276.60986328125 0.9774682521820068 288.3586730957031 318.98675537109375
503.998291015625 199.7693328857422 520.9973754882812 199.64390563964844
575.5424194335938 384.7609558105469 609.384033203125 426.8881530761719
770.9780883789062 209.01412963867188 799.0082397460938 209.61895751953125
101.99951934814453 558.999755859375 83.75340270996094 596.958740234375
230.0948028564453 412.9924621582031 222.76724243164062 321.0185546875
697.4613647460938 396.13140869140625 702.3150024414062 379.0897216796875
799.0158081054688 127.07270050048828 754.9945068359375 126.32136535644531
77.34471893310547 431.78546142578125 79.27325439453125 416.9057922363281
234.1054229736328 343.0087890625 234.22691345214844 383.0023498535156
333.8815612792969 122.96995544433594 331.15478515625 42.96064376831055
469.5163269042969 218.98892211914062 469.2406311035156 231.02841186523438
640.9737548828125 348.1344909667969 628.0159912109375 348.52728271484375
677.00244140625 430.01171875 646.0776977539062 436.3773498535156
73.8694076538086 526.15234375 58.717620849609375 513.1629028320312
563.8267211914062 199.43817138671875 588.944091796875 202.4641876220703
615.9359741210938 199.83544921875 642.9728393554688 200.77877807617188
652.4013061523438 382.66461181640625 675.6339721679688 271.9232177734375
535.0271606445312 388.52825927734375 580.9014282226562 451.7155456542969
615.9773559570312 87.29525756835938 600.98193359375 87.03327941894531
163.9025421142578 472.262451171875 144.57872009277344 501.3840026855469
216.1533203125 542.9854125976562 210.05564880371094 478.99468994140625
238.1189727783203 383.00640869140625 238.23977661132812 342.9977111816406
483.0041198730469 168.96051025390625 449.73992919921875 165.49951171875
256.5768737792969 125.97769165039062 255.262451171875 91.98985290527344
799.0157470703125 324.6656494140625 720.0031127929688 323.7346496582031
134.10086059570312 318.2345886230469 166.86968994140625 279.7403259277344
799.02587890625 90.49766540527344 765.0187377929688 89.91255187988281
195.87420654296875 248.80970764160156 191.63296508789062 207.03726196289062
493.9973449707031 84.40857696533203 478.99151611328125 84.3116226196289
223.75477600097656 148.01300048828125 221.63429260253906 108.01939392089844
260.12884521484375 95.03980255126953 267.9878845214844 267.0462341308594
266.1864318847656 315.9718322753906 265.77435302734375 283.9900207519531
483.9892578125 191.43682861328125 500.99578857421875 191.56407165527344
546.0494384765625 191.1133575439453 547.4835205078125 177.83619689941406
708.5569458007812 346.8977355957031 697.3642578125 395.39166259765625
523.0004272460938 191.9835205078125 538.9890747070312 192.409912109375
604.993896484375 440.21661376953125 621.993408203125 440.30230712890625
593.9912109375 193.5836639404297 622.0025634765625 193.40969848632812
82.28343963623047 411.1342468261719 64.72459411621094 425.6672668457031
136.603759765625 599.1864013671875 131.1386260986328 558.2484741210938
267.2725524902344 364.8961181640625 262.67437744140625 397.0963134765625
269.99774169921875 393.9444274902344 295.0784606933594 392.9191589355469
233.90882873535156 284.0418701171875 224.75624084472656 264.1119384765625
639.9246826171875 193.9390869140625 661.0296020507812 195.63116455078125
799.8917846679688 281.5261535644531 772.5980224609375 265.0116271972656
47.23985290527344 0.9665287137031555 52.556060791015625 39.06195068359375
275.0768127441406 389.9830627441406 269.3270568847656 363.9278259277344
692.8226928710938 238.36598205566406 706.8460083007812 240.18618774414062
759.9971923828125 93.19425201416016 778.0311279296875 0.6164705157279968
799.0062866210938 406.3309020996094 766.9902954101562 406.0299377441406
81.60882568359375 416.9950866699219 81.41976165771484 432.0178527832031
621.1611328125 336.7691650390625 593.22607421875 323.52325439453125
775.0000610351562 34.99580764770508 799.0314331054688 35.499488830566406
262.4272155761719 284.0068054199219 262.56146240234375 315.00189208984375
595.01953125 242.7572021484375 580.94970703125 241.62454223632812
96.44540405273438 350.0364685058594 93.61788940429688 307.0251159667969
577.3563842773438 392.0791320800781 572.0426025390625 416.00946044921875
155.0186767578125 457.92669677734375 156.31240844726562 475.9055480957031
338.9897766113281 123.11092376708984 376.9962463378906 122.6737289428711
668.0142211914062 405.82427978515625 652.9841918945312 406.08355712890625
380.7583923339844 464.8248291015625 432.6451110839844 444.5351867675781
135.58847045898438 382.9379577636719 132.31271362304688 351.86163330078125
554.0272827148438 476.3497314453125 542.8760375976562 484.8371276855469
292.0086975097656 318.287109375 590.9885864257812 321.9336242675781
590.8251953125 328.58734130859375 626.0828247070312 339.08148193359375
257.26470947265625 38.04642105102539 260.41680908203125 87.97368621826172
73.00688171386719 435.1094970703125 89.06912994384766 434.1003723144531
103.11839294433594 420.83856201171875 90.19930267333984 411.3645935058594
799.0321044921875 350.57122802734375 712.9942626953125 349.4334716796875
660.216552734375 280.8591003417969 648.517333984375 345.9132080078125
705.0065307617188 278.82769775390625 683.9609375 278.02923583984375
343.0987854003906 524.1678466796875 370.4771423339844 494.5172119140625
717.0308227539062 331.7284851074219 799.0553588867188 333.717529296875
512.725341796875 386.0655212402344 533.4129028320312 391.39801025390625
520.3914184570312 504.69097900390625 398.2243957519531 532.969482421875
334.7672119140625 273.0003967285156 334.7181091308594 244.00047302246094
75.96783447265625 551.0391845703125 70.31520080566406 546.3981323242188
401.91473388671875 445.86944580078125 385.6621398925781 456.48260498046875
66.61831665039062 430.24627685546875 73.60696411132812 445.2515563964844
423.2293395996094 335.1747131347656 518.9035034179688 325.0848083496094
755.0724487304688 193.80079650878906 741.9848022460938 189.04185485839844
107.73040008544922 280.29345703125 115.5526351928711 394.0994873046875
647.011474609375 157.50938415527344 401.0291442871094 151.7548065185547
382.23944091796875 452.9261474609375 398.5544738769531 441.3709411621094
4.011910915374756 469.0100402832031 27.85728645324707 440.72265625
74.23114013671875 449.0703125 103.5895767211914 442.7300109863281
355.0224304199219 70.11764526367188 370.03814697265625 70.49934387207031
443.9424743652344 190.03273010253906 449.4636535644531 199.73617553710938
185.168701171875 583.693359375 198.5269317626953 591.0421752929688
555.0233154296875 326.8454284667969 588.0265502929688 331.8241882324219
779.0545654296875 540.0909423828125 799.9361572265625 527.56005859375
375.2867736816406 500.27276611328125 353.35076904296875 523.3336791992188
733.16943359375 562.367431640625 760.3779907226562 549.8196411132812
133.3846435546875 383.4295654296875 123.91691589355469 391.9071960449219
