180
798.8692016601562 292.968017578125 791.8997192382812 321.4646301269531
606.0394287109375 9.870503425598145 581.6458129882812 190.81744384765625
36.782081604003906 594.9307861328125 43.43702697753906 477.7975769042969
460.90032958984375 578.3221435546875 577.870849609375 561.1216430664062
785.2225952148438 330.3880615234375 761.97607421875 403.6272277832031
41.15594482421875 474.46185302734375 27.80453109741211 594.64501953125
599.8668212890625 599.0517578125 586.7487182617188 565.3199462890625
303.66363525390625 29.896787643432617 302.1938781738281 105.88770294189453
471.9797058105469 171.99923706054688 467.3721923828125 295.0139465332031
294.0166931152344 40.26781463623047 228.9983367919922 40.47391891479492
587.8802490234375 202.98089599609375 578.1400756835938 264.0223388671875
575.5908203125 287.9364929199219 569.6896362304688 325.9518127441406
269.77081298828125 98.28102111816406 301.51611328125 83.92961120605469
376.76019287109375 178.95294189453125 379.6701965332031 225.95851135253906
623.0979614257812 288.2068176269531 615.5474243164062 328.2914733886719
677.7734985351562 386.92236328125 612.0484008789062 578.7020263671875
683.6787719726562 384.9131774902344 664.4993286132812 455.8646545410156
327.0020751953125 37.805686950683594 309.9825744628906 37.62303161621094
582.0330200195312 563.2257080078125 430.0650939941406 585.4451904296875
589.0218505859375 567.9909057617188 602.0940551757812 599.3773193359375
277.505859375 80.93670654296875 274.3798828125 55.95246887207031
270.7535095214844 105.44586944580078 303.0380554199219 91.08553314208984
583.0698852539062 238.314453125 619.1417846679688 0.8696218729019165
624.93994140625 377.5628967285156 655.1932983398438 373.4071350097656
646.4412841796875 342.874267578125 656.1336669921875 299.8050537109375
45.31553268432617 480.8621520996094 41.00823211669922 596.0003051757812
410.3160705566406 219.02310180664062 411.5329284667969 255.04954528808594
648.4017944335938 313.933837890625 636.5457763671875 298.345458984375
690.2321166992188 316.9846496582031 690.555419921875 363.982421875
751.9801635742188 425.05072021484375 799.1795654296875 443.5415954589844
799.4716186523438 440.8049011230469 753.5240478515625 422.6721496582031
231.02249145507812 569.9598388671875 363.8631591796875 500.65447998046875
456.87469482421875 579.2633056640625 449.35980224609375 547.1497802734375
579.7029418945312 265.1949768066406 643.890380859375 261.2265319824219
747.8833618164062 422.9579772949219 799.6406860351562 279.230712890625
214.8335418701172 63.171207427978516 231.3526153564453 65.51898193359375
409.44384765625 178.0257568359375 410.462890625 200.02488708496094
581.3735961914062 190.57440185546875 162.3245391845703 80.76156616210938
451.29315185546875 544.9314575195312 458.9713439941406 577.7728881835938
799.3133544921875 446.20379638671875 750.935791015625 427.16314697265625
224.29510498046875 93.15658569335938 271.9937438964844 100.79259490966797
233.0683135986328 84.16160583496094 222.073974609375 88.80955505371094
271.6737365722656 56.91278839111328 274.81170654296875 81.15382385253906
251.5884246826172 132.07090759277344 255.05043029785156 152.1636199951172
372.4000549316406 76.93151092529297 373.6737060546875 102.967041015625
433.91729736328125 208.0004119873047 433.8039855957031 185.00096130371094
582.241455078125 276.6612548828125 620.5368041992188 267.9610595703125
763.1503295898438 401.6399841308594 799.49462890625 416.8153991699219
0.8183237910270691 75.33267974853516 35.006797790527344 66.02497100830078
72.8390884399414 480.9705505371094 75.76844787597656 464.9576416015625
272.16943359375 157.12014770507812 269.2330322265625 136.82162475585938
433.6401062011719 265.0006103515625 433.5747985839844 226.00238037109375
469.19415283203125 298.0441589355469 473.634521484375 177.98648071289062
78.75452423095703 576.1848754882812 54.541259765625 583.4766845703125
655.7293090820312 298.7956848144531 623.694580078125 287.89776611328125
617.4662475585938 328.63726806640625 632.1195678710938 333.6505432128906
799.6829833984375 348.1957092285156 783.5831298828125 342.1012268066406
165.0342254638672 79.1108169555664 214.2788543701172 63.90296936035156
481.5228271484375 501.9859619140625 419.7889099121094 580.408203125
541.97705078125 149.3042755126953 513.83544921875 147.1839141845703
803.50634765625 34.296817779541016 681.64453125 457.7610168457031
750.2321166992188 429.4238586425781 799.3211059570312 449.2030029296875
298.0835266113281 82.19783020019531 293.4345703125 37.16159439086914
426.5188293457031 104.22742462158203 436.8652648925781 97.78367614746094
549.9362182617188 141.9171905517578 505.8711242675781 138.8542938232422
568.0924072265625 334.90087890625 573.59423828125 284.5188903808594
651.8338012695312 371.428955078125 589.503173828125 347.282470703125
648.2333374023438 515.0354614257812 639.3311767578125 573.5942993164062
694.755859375 316.7154846191406 698.538818359375 366.65618896484375
161.88174438476562 81.02649688720703 143.8570556640625 0.583891749382019
270.9437561035156 102.29451751708984 227.98239135742188 94.09220123291016
257.4925231933594 168.92776489257812 262.3354797363281 201.9508056640625
279.1794128417969 208.11325073242188 274.4814758300781 174.07156372070312
586.326904296875 345.24102783203125 594.1483154296875 358.9151611328125
691.904541015625 13.831335067749023 776.0579223632812 23.495840072631836
56.97972106933594 585.1768188476562 89.13024139404297 588.864501953125
585.1159057617188 201.5709686279297 163.1140594482422 87.57774353027344
133.08798217773438 97.97611236572266 137.98208618164062 116.0048599243164
151.12466430664062 119.21309661865234 146.65211486816406 100.84124755859375
289.5828552246094 47.04913330078125 293.2391357421875 78.0896224975586
700.724609375 339.079833984375 795.86962890625 0.4015127420425415
799.4359130859375 335.6587219238281 785.6201782226562 331.1686096191406
51.090065002441406 0.6830306053161621 113.87939453125 216.61663818359375
302.7095642089844 87.54065704345703 271.8800354003906 101.73954010009766
434.49713134765625 226.40484619140625 411.57098388671875 218.19857788085938
449.8699645996094 413.18353271484375 420.7816162109375 409.98760986328125
546.0318603515625 132.11160278320312 505.0128479003906 130.64163208007812
660.4627075195312 284.5694274902344 690.3082885742188 316.6436462402344
770.4739990234375 577.222412109375 760.2105102539062 599.0987548828125
44.8228759765625 585.9976806640625 46.02151107788086 494.97393798828125
270.6753234863281 93.04302215576172 264.8240661621094 48.89079284667969
62.319400787353516 459.53070068359375 69.01354217529297 478.3508605957031
573.1845092773438 272.1451110839844 564.8223876953125 280.7950134277344
528.0806884765625 0.26830947399139404 605.9059448242188 8.852703094482422
704.9862670898438 346.74658203125 675.8445434570312 282.2625732421875
702.703857421875 441.5357971191406 799.94873046875 132.29833984375
381.87237548828125 266.0621337890625 375.59124755859375 152.07762145996094
467.1609802246094 303.0027160644531 466.2875671386719 355.00482177734375
552.9510498046875 120.08568572998047 505.9564208984375 117.9664077758789
504.1597900390625 131.07435607910156 586.4691162109375 145.28213500976562
528.0205078125 527.1587524414062 561.0481567382812 331.6566467285156
206.45921325683594 1.9238725900650024 216.2994384765625 61.28191375732422
33.12239074707031 572.00146484375 33.34022903442383 554.0040893554688
440.110107421875 133.7431640625 413.0733642578125 134.8282928466797
29.022117614746094 184.05731201171875 68.34136199951172 168.88462829589844
141.39524841308594 130.90060424804688 149.0264892578125 161.2448272705078
422.99969482421875 482.2998352050781 435.31683349609375 447.11090087890625
621.7109985351562 0.8128888010978699 592.333984375 203.19363403320312
299.99176025390625 111.82418823242188 338.95281982421875 109.99510955810547
389.6352233886719 474.9729309082031 416.5909423828125 457.37347412109375
555.0951538085938 331.7451477050781 468.8055419921875 299.5207214355469
687.5327758789062 362.0575256347656 680.9234008789062 371.6371154785156
162.05702209472656 165.98619079589844 154.40457153320312 134.38636779785156
342.7447814941406 91.1187744140625 371.0945129394531 97.58565521240234
643.4205322265625 265.2325744628906 665.744873046875 277.465576171875
274.3722229003906 173.7147216796875 257.7673034667969 167.63555908203125
642.8010864257812 542.9456787109375 647.1431884765625 527.0390625
3.5628650188446045 115.79747009277344 24.128984451293945 172.95358276367188
386.25555419921875 364.1265563964844 298.7879943847656 325.907958984375
379.3763427734375 101.97596740722656 377.7269592285156 76.1451416015625
424.8979187011719 439.551025390625 440.89447021484375 440.60369873046875
411.1041564941406 200.62551879882812 422.7586669921875 203.8675537109375
468.63592529296875 373.84185791015625 489.6060791015625 382.91082763671875
626.8038330078125 6.869218826293945 685.9915771484375 13.080033302307129
637.8781127929688 571.8618774414062 641.2057495117188 520.7529907226562
658.4020385742188 600.0844116210938 615.7028198242188 576.5388793945312
677.8193359375 371.75726318359375 675.0521240234375 385.21630859375
38.84248352050781 459.43157958984375 28.3966007232666 480.7037048339844
507.9743957519531 120.41036224365234 540.9707641601562 122.46842193603516
618.2080078125 273.174072265625 658.0242309570312 287.67864990234375
61.45761489868164 590.6380615234375 46.46970748901367 585.60205078125
366.0007019042969 117.9913101196289 385.03717041015625 119.54439544677734
421.7235412597656 455.36676025390625 392.7623596191406 442.53643798828125
654.895263671875 371.23992919921875 666.8071899414062 376.4415283203125
441.4551696777344 440.89752197265625 439.501708984375 451.282470703125
466.7546081542969 279.9934387207031 468.3345642089844 220.982177734375
677.5648193359375 290.0423278808594 632.8013305664062 263.6413879394531
25.00428581237793 584.134033203125 0.9649129509925842 584.9027099609375
33.652000427246094 596.0233764648438 32.23970413208008 574.98388671875
114.3804702758789 216.1449737548828 421.9890441894531 353.02459716796875
392.6953125 441.3231506347656 430.53131103515625 450.0354309082031
28.619815826416016 484.3621826171875 37.39651870727539 493.5749206542969
64.31234741210938 471.85931396484375 59.18156433105469 460.4678039550781
385.31280517578125 118.14056396484375 383.07281494140625 107.18965911865234
464.0065612792969 363.0002746582031 465.65960693359375 323.02728271484375
385.262451171875 100.79942321777344 407.8393249511719 105.73493957519531
469.304931640625 212.01223754882812 470.9114990234375 171.99644470214844
504.5295104980469 137.90057373046875 500.9622497558594 154.78070068359375
296.6793518066406 81.3034896850586 270.6678771972656 93.27861785888672
710.7042236328125 540.6194458007812 650.9202270507812 512.0728149414062
460.920166015625 590.6494140625 517.1763305664062 597.5656127929688
665.7891845703125 269.27685546875 663.4771728515625 250.81500244140625
19.562780380249023 278.12255859375 39.97557830810547 267.95098876953125
799.8462524414062 482.9562683105469 702.1982421875 442.5213317871094
452.9095153808594 115.3613510131836 501.8464050292969 127.61348724365234
136.0719451904297 172.24383544921875 91.00912475585938 0.7348601222038269
502.0141906738281 155.73782348632812 552.9730224609375 158.4981231689453
74.44562530517578 462.25006103515625 62.80284118652344 455.3318176269531
416.7548522949219 105.49947357177734 406.3030700683594 110.61875915527344
651.09423828125 263.70941162109375 624.9276733398438 255.2230682373047
31.286943435668945 445.4559020996094 12.533713340759277 457.2591552734375
675.064208984375 250.43804931640625 643.4375 228.89010620117188
398.1423645019531 597.8072509765625 410.2701416015625 543.8359985351562
173.04010009765625 454.0411071777344 182.14854431152344 445.1522216796875
637.2973022460938 234.0826873779297 664.6638793945312 242.95140075683594
436.76568603515625 122.19622039794922 430.8466796875 115.12841033935547
421.68060302734375 411.4522399902344 438.7353515625 415.20330810546875
397.0915832519531 141.35723876953125 440.0655822753906 139.6877899169922
412.8335266113281 543.9772338867188 413.9785461425781 585.946044921875
708.62255859375 299.5951232910156 687.7561645507812 267.50823974609375
193.0825958251953 341.0386962890625 194.23016357421875 308.9367370605469
174.58790588378906 456.2054443359375 145.440185546875 446.6563720703125
184.70091247558594 447.38153076171875 179.13040161132812 457.61529541015625
644.6998291015625 231.7605438232422 623.0034790039062 237.01443481445312
711.570068359375 472.9609680175781 799.3436889648438 512.2318725585938
679.977294921875 458.13006591796875 691.9614868164062 460.2208251953125
426.033203125 597.6126708984375 402.02301025390625 597.0382690429688
305.3323974609375 497.65057373046875 277.675537109375 471.3410949707031
199.97950744628906 311.9258117675781 197.93919372558594 339.9955749511719
168.05128479003906 330.01690673828125 164.98468017578125 339.3244323730469
