198
722.1026000976562 81.85960388183594 478.0730895996094 95.3248291015625
727.1175537109375 28.53603172302246 476.05743408203125 47.750457763671875
727.0161743164062 67.26170349121094 474.05609130859375 82.90686798095703
476.8843688964844 77.29826354980469 723.8989868164062 60.5133171081543
709.0114135742188 194.24551391601562 486.993408203125 196.28126525878906
307.9979248046875 213.238037109375 0.9947606921195984 214.07254028320312
474.2595520019531 48.97336196899414 477.22576904296875 77.87419128417969
486.97637939453125 178.60621643066406 711.9795532226562 174.7937469482422
493.0279541015625 265.6260986328125 702.0228271484375 269.8778076171875
71.15319061279297 142.67991638183594 52.95067596435547 146.7810821533203
736.5029296875 27.9424991607666 696.8178100585938 370.9789123535156
714.0055541992188 182.35633850097656 482.9836730957031 185.95079040527344
699.9610595703125 288.3937683105469 492.9549560546875 282.6123046875
323.41351318359375 554.9389038085938 416.6668701171875 503.3972473144531
493.0689697265625 352.081787109375 466.5328674316406 49.95319747924805
450.059326171875 599.0964965820312 573.9417724609375 522.9053955078125
679.221923828125 599.314453125 754.2501220703125 546.3543701171875
499.3846435546875 338.6695556640625 692.01953125 355.7801818847656
119.1491470336914 9.365094184875488 95.10836029052734 11.991782188415527
277.0749206542969 182.43174743652344 243.05799865722656 188.3342742919922
719.0634155273438 20.788293838500977 462.95074462890625 41.38749694824219
495.9921875 353.1319885253906 694.1851196289062 364.875244140625
97.89228057861328 83.5767822265625 279.98443603515625 69.79427337646484
768.9892578125 348.1671447753906 799.0579833984375 350.0968322753906
33.13924789428711 208.88377380371094 60.42253494262695 187.84474182128906
419.46929931640625 504.8504943847656 302.2835388183594 569.5138549804688
703.0338134765625 278.4508361816406 490.0043640136719 273.799560546875
276.80975341796875 81.04523468017578 308.23016357421875 213.1830596923828
0.8690323233604431 99.08988189697266 277.0789489746094 80.15150451660156
264.89434814453125 0.7913069128990173 280.7688293457031 68.82059478759766
302.64349365234375 390.2620544433594 268.93609619140625 459.4560241699219
452.1287536621094 48.78403854370117 475.0813903808594 47.12760925292969
692.0338745117188 359.37774658203125 497.0668640136719 348.77117919921875
692.990478515625 364.1599426269531 530.0307006835938 354.4828186035156
755.3763427734375 548.5288696289062 684.1507568359375 599.2118530273438
278.2657165527344 68.17284393310547 262.4303894042969 0.8986935019493103
751.8487548828125 24.862205505371094 754.7232055664062 0.8471758365631104
482.8377990722656 186.7960968017578 491.6423034667969 266.150634765625
273.98773193359375 174.94342041015625 240.81137084960938 182.1290740966797
474.1180419921875 83.76912689208984 484.5044250488281 179.05401611328125
575.6134033203125 524.9973754882812 454.3537902832031 599.5752563476562
743.4097290039062 474.8942565917969 733.001953125 533.0003662109375
153.5580291748047 0.8145232796669006 177.59535217285156 73.1344985961914
276.18292236328125 164.93235778808594 239.04299926757812 172.2191925048828
701.9808959960938 289.7869567871094 723.9271850585938 81.78130340576172
451.0923767089844 97.06689453125 449.4075622558594 49.020774841308594
23.220165252685547 154.7421417236328 1.091063141822815 161.3069610595703
477.56524658203125 580.3364868164062 419.91363525390625 505.8407287597656
428.56280517578125 395.0352783203125 437.4413146972656 505.0450744628906
422.6054382324219 505.52838134765625 480.3843688964844 579.7005615234375
539.8921508789062 456.0045471191406 542.2579345703125 511.9891052246094
250.26806640625 485.1572570800781 139.61854553222656 601.4906005859375
239.64984130859375 183.8287811279297 298.92095947265625 177.28408813476562
321.9856872558594 556.0081787109375 309.74017333984375 534.5770874023438
527.017333984375 354.7313537597656 504.98016357421875 353.3070983886719
696.0890502929688 370.5030822753906 515.0158081054688 359.73431396484375
121.9023666381836 165.5548095703125 129.36558532714844 197.4464111328125
359.6206970214844 257.0498046875 323.748291015625 271.3694763183594
345.41119384765625 599.3258666992188 326.74017333984375 565.59033203125
736.9827880859375 19.725736618041992 750.0568237304688 18.906444549560547
749.9501953125 455.5372314453125 799.0842895507812 460.09027099609375
113.9427490234375 62.30986022949219 135.95716857910156 60.483680725097656
314.0000305175781 220.3083038330078 2.9999842643737793 220.29164123535156
432.05218505859375 348.9928894042969 437.9114990234375 392.0120544433594
637.1410522460938 465.94415283203125 633.563720703125 520.9716186523438
273.5162353515625 381.9951171875 273.61602783203125 412.9980163574219
402.9817199707031 332.3432312011719 357.8965759277344 329.9405822753906
177.38339233398438 66.87830352783203 156.42889404296875 0.8638604283332825
118.60258483886719 599.6510009765625 200.65008544921875 523.7022705078125
506.9886169433594 237.0031280517578 506.9050598144531 210.0002899169922
649.8826904296875 599.1188354492188 576.414306640625 526.59326171875
799.46337890625 159.08302307128906 743.3359375 472.343505859375
0.9241986870765686 212.6117706298828 34.932010650634766 210.75485229492188
60.99832534790039 188.9976806640625 34.24261474609375 208.33567810058594
252.88180541992188 446.5946960449219 267.3970947265625 442.3616638183594
316.8693542480469 221.2635955810547 281.8966979980469 71.2572250366211
387.9875183105469 277.2511291503906 363.947509765625 276.0562744140625
209.01527404785156 272.55194091796875 188.9703826904297 271.8683166503906
270.27935791015625 418.0284729003906 247.08888244628906 424.32720947265625
452.2082214355469 475.11700439453125 447.8866882324219 445.8689880371094
727.546630859375 80.99205780029297 728.4747924804688 27.990802764892578
799.0301513671875 352.48370361328125 768.9575805664062 350.7261962890625
36.17144775390625 188.92156982421875 26.874547958374023 168.5998992919922
87.5899887084961 83.15837860107422 55.74247360229492 0.7131914496421814
331.54254150390625 569.6925048828125 348.3589172363281 599.3633422851562
799.0269165039062 462.724365234375 749.9089965820312 457.9331970214844
308.0742492675781 0.783725917339325 315.9317626953125 39.81241226196289
51.28790283203125 254.8520965576172 42.49873733520508 237.7437744140625
94.7632827758789 12.72801399230957 110.36555480957031 56.513404846191406
326.9749755859375 490.343505859375 291.58233642578125 568.714599609375
473.3522644042969 31.971567153930664 470.84686279296875 0.9316452145576477
577.1480102539062 523.849853515625 653.6964721679688 599.3079223632812
783.1627807617188 0.7293568253517151 725.2667236328125 393.7446594238281
191.55564880371094 196.7288818359375 168.08724975585938 204.27146911621094
394.2279357910156 310.9605407714844 388.5367736816406 278.0801696777344
530.9912719726562 337.1607360839844 690.0650634765625 345.80206298828125
693.56591796875 365.87640380859375 700.2761840820312 288.0238037109375
57.963714599609375 268.6811218261719 40.958702087402344 267.7752380371094
383.4673767089844 239.7985076904297 388.977294921875 252.5786590576172
394.4547424316406 259.2707824707031 427.66888427734375 289.14453125
24.081491470336914 169.4856719970703 33.66420364379883 189.63526916503906
284.5098571777344 69.8819351196289 319.25616455078125 219.94068908691406
444.9434814453125 0.8212371468544006 448.81622314453125 42.924922943115234
55.7640495300293 184.95350646972656 39.951446533203125 147.87359619140625
98.00468444824219 182.5607147216797 124.00286865234375 182.34336853027344
33.01033020019531 208.1642608642578 0.9484697580337524 210.1806182861328
217.4193115234375 497.3764953613281 254.3135528564453 459.3342590332031
363.610595703125 277.078125 370.0535583496094 309.18988037109375
362.4721984863281 253.83544921875 394.05975341796875 260.72613525390625
424.677978515625 290.9581298828125 386.1928405761719 259.33160400390625
71.12491607666016 296.9398193359375 57.72964096069336 269.1302185058594
317.88006591796875 39.137847900390625 331.17913818359375 37.28781509399414
432.2517395019531 503.07635498046875 325.8491516113281 489.1526794433594
123.05924224853516 200.45046997070312 141.9947509765625 197.9601287841797
24.6804141998291 238.16648864746094 33.35413360595703 254.8155059814453
115.19996643066406 391.96527099609375 205.2266387939453 396.4270935058594
220.95443725585938 303.6444091796875 209.59410095214844 273.1512145996094
753.1482543945312 544.846435546875 576.2422485351562 522.1146240234375
40.25279998779297 268.8745422363281 53.7715950012207 296.1133728027344
188.65773010253906 272.76220703125 199.31719970703125 302.2468566894531
204.2435302734375 257.9127197265625 197.7306671142578 239.7381591796875
259.634521484375 452.10784912109375 267.345947265625 549.7357177734375
317.94110107421875 45.222965240478516 344.9375915527344 43.17672348022461
725.1104125976562 394.4386901855469 470.11248779296875 376.4089660644531
132.69602966308594 184.12408447265625 124.4764633178711 163.9890594482422
228.9265899658203 456.35107421875 260.2050476074219 452.8123779296875
571.9293212890625 521.5531616210938 438.1969299316406 504.4593200683594
451.37005615234375 54.10312271118164 454.0877380371094 97.0577163696289
756.9512939453125 547.062255859375 799.0139770507812 579.9821166992188
254.0306854248047 463.9685363769531 146.4636688232422 578.4357299804688
647.9364013671875 206.6957244873047 664.06787109375 203.32470703125
799.3796997070312 583.5226440429688 756.602783203125 549.4993896484375
346.19873046875 42.964847564697266 338.7223205566406 0.6953628063201904
799.1307983398438 551.0640869140625 758.9375 545.4472045898438
233.95054626464844 253.69911193847656 244.44700622558594 286.8584899902344
771.9791259765625 327.99615478515625 792.9309692382812 214.61764526367188
0.8554303050041199 206.46847534179688 32.92217254638672 204.63722229003906
170.57064819335938 177.54940795898438 178.2349090576172 170.2465362548828
323.76776123046875 272.9374084472656 318.7235107421875 291.656005859375
38.17816162109375 156.3800048828125 50.19606018066406 182.37171936035156
469.82720947265625 376.9075622558594 427.7998962402344 0.7988762855529785
52.961116790771484 1.0151920318603516 85.12604522705078 83.3414535522461
62.95276641845703 209.8282470703125 99.6522216796875 199.7354278564453
279.791748046875 419.41058349609375 293.7926330566406 392.4110412597656
54.376502990722656 184.14291381835938 32.85425567626953 199.79965209960938
465.20751953125 35.98127365112305 462.0502014160156 0.9954683780670166
489.84844970703125 274.8829650878906 499.2223205566406 342.83135986328125
155.59951782226562 192.27879333496094 163.69537353515625 203.90821838378906
254.00204467773438 458.6065368652344 227.99755859375 458.47174072265625
32.41543960571289 199.28509521484375 15.560935020446777 164.72642517089844
672.9373168945312 200.6743927001953 690.068115234375 202.26731872558594
366.5566101074219 491.5627136230469 336.0770263671875 359.2125549316406
441.1406555175781 48.44699478149414 448.7849426269531 97.34627532958984
0.9695706963539124 362.3819885253906 233.01060485839844 380.8668212890625
264.3482360839844 483.0201110839844 264.09033203125 448.99932861328125
242.96481323242188 202.83721923828125 285.3617858886719 193.67396545410156
792.9119262695312 213.98410034179688 799.5723266601562 177.10336303710938
34.525001525878906 552.7135009765625 42.85085678100586 538.9100341796875
208.99900817871094 180.0609588623047 235.99185180664062 180.50050354003906
386.0578308105469 253.48927307128906 379.6629333496094 241.175048828125
406.7439270019531 280.14898681640625 416.3646240234375 290.66644287109375
202.0583953857422 398.1495666503906 118.0936508178711 396.42919921875
385.4729919433594 263.35894775390625 361.1849060058594 256.35845947265625
156.51942443847656 212.6605987548828 193.6409454345703 201.049072265625
268.090576171875 442.1084289550781 269.3838195800781 452.9542236328125
520.8687744140625 204.75172424316406 549.057373046875 209.67135620117188
400.2444763183594 60.99891662597656 399.9787292480469 0.995665431022644
184.05519104003906 257.1546936035156 195.0084991455078 257.86993408203125
245.1087646484375 426.6720886230469 267.0203857421875 423.1260070800781
429.37310791015625 477.9883117675781 428.92529296875 501.9799499511719
674.3262329101562 248.9656219482422 676.1307373046875 266.0915832519531
385.9327087402344 558.58251953125 327.32733154296875 568.0303344726562
389.4129638671875 240.1365966796875 366.0241394042969 228.94952392578125
540.6490478515625 512.01708984375 538.021484375 457.99896240234375
244.05206298828125 173.26571655273438 266.9565734863281 168.7782745361328
267.2381591796875 458.9846496582031 268.849853515625 484.0096740722656
372.025146484375 308.4590148925781 382.0499572753906 308.92474365234375
406.0033874511719 0.8785679936408997 411.4038391113281 89.97552490234375
641.1754760742188 319.4544677734375 599.9389038085938 306.1899108886719
365.3453063964844 229.93600463867188 352.8345642089844 234.55154418945312
610.0003662109375 597.9374389648438 625.9998168945312 598.02880859375
650.9868774414062 220.94345092773438 636.8204345703125 224.2246551513672
679.0117797851562 332.96710205078125 663.557373046875 327.4411315917969
26.963237762451172 552.7689819335938 5.861062049865723 556.1268920898438
570.824951171875 593.1801147460938 601.0499267578125 597.6636352539062
460.70343017578125 60.95527648925781 462.2985534667969 86.04459381103516
276.15972900390625 590.0799560546875 271.3050231933594 539.066162109375
273.22418212890625 538.91259765625 287.59765625 575.7669067382812
736.0911865234375 507.01544189453125 741.5227661132812 474.91925048828125
392.5655822753906 0.9890293478965759 393.2445983886719 35.99525451660156
23.722864151000977 444.07305908203125 16.119230270385742 415.2322082519531
161.6327667236328 536.4312744140625 139.78799438476562 530.8262939453125
45.188472747802734 541.0538940429688 41.45011901855469 554.1287231445312
197.1139678955078 239.87242126464844 184.07521057128906 241.57568359375
160.0137939453125 182.46852111816406 155.32244873046875 191.17376708984375
307.8305358886719 581.3399047851562 279.87591552734375 588.5166625976562
22.399824142456055 415.11944580078125 27.60516357421875 441.2775573730469
548.167236328125 64.0945053100586 552.37548828125 56.64710235595703
