164
190.92547607421875 56.73154067993164 799.0224609375 68.87548065185547
799.0142211914062 66.24909210205078 190.929443359375 54.72224807739258
398.9656982421875 222.99765014648438 400.6843566894531 197.9098663330078
190.96653747558594 44.8032341003418 799.01123046875 52.06134796142578
101.65283966064453 599.057861328125 106.09769439697266 548.9199829101562
535.8953247070312 331.50567626953125 678.7184448242188 368.0989990234375
528.3303833007812 197.0345001220703 529.80859375 182.8756103515625
642.7932739257812 437.9670104980469 646.96484375 411.8347473144531
678.1592407226562 212.0260772705078 680.7901611328125 195.9656219482422
385.48956298828125 195.97532653808594 384.2812805175781 220.9652557373047
676.3218994140625 358.6275634765625 540.6177978515625 323.6060791015625
655.2237548828125 224.17669677734375 651.1819458007812 252.170654296875
659.8418579101562 193.97821044921875 657.6041259765625 210.2209930419922
391.2118225097656 380.01580810546875 392.86053466796875 357.9150085449219
493.71923828125 379.9767761230469 491.8911437988281 402.07373046875
507.579833984375 407.06317138671875 510.21051025390625 382.91400146484375
524.1109008789062 238.01182556152344 527.0017700195312 210.89358520507812
195.65150451660156 599.1396484375 186.937255859375 515.0064697265625
649.0182495117188 399.0028076171875 651.171875 385.0264892578125
670.8660278320312 256.978515625 675.7102661132812 226.7930145263672
700.421875 272.9021911621094 716.4364624023438 178.24302673339844
799.2412719726562 206.04647827148438 786.3695068359375 272.8785705566406
779.9152221679688 291.98321533203125 761.7305908203125 383.7484436035156
786.0225219726562 441.0047607421875 780.5494995117188 466.9048156738281
163.51416015625 502.25396728515625 14.986554145812988 598.9793701171875
278.7478332519531 184.99012756347656 278.8778381347656 208.0006866455078
458.3104248046875 516.947265625 468.85052490234375 379.06500244140625
509.4822082519531 208.95497131347656 507.13690185546875 235.92494201660156
10.672770500183105 388.08270263671875 134.34420776367188 343.96490478515625
144.8228302001953 471.693115234375 24.943559646606445 540.9022216796875
310.4488830566406 302.0328369140625 312.1031188964844 229.02499389648438
393.2386474609375 347.00982666015625 393.7725830078125 334.03179931640625
762.2017211914062 384.88226318359375 310.9228820800781 303.42730712890625
463.65753173828125 379.93597412109375 455.93133544921875 541.9490356445312
511.2406921386719 371.0267028808594 512.7023315429688 357.8559875488281
138.80020141601562 370.5068359375 13.51270866394043 421.2655029296875
187.3257598876953 20.990816116333008 200.8590087890625 501.03216552734375
497.57489013671875 67.96256256103516 490.5295104980469 147.95855712890625
760.6571655273438 365.7585144042969 768.7152099609375 320.94879150390625
143.02066040039062 49.99909591674805 153.013671875 278.043212890625
469.1579895019531 411.0135192871094 464.1085510253906 470.00927734375
569.7001953125 66.96688079833984 559.5277099609375 159.05828857421875
627.8541870117188 407.98089599609375 624.6956176757812 432.09112548828125
647.4754638671875 69.92841339111328 641.6044311523438 112.94600677490234
378.4029846191406 354.9712219238281 377.34063720703125 377.01641845703125
647.9990844726562 48.156009674072266 604.0006103515625 47.895294189453125
799.1029663085938 181.6476287841797 715.975830078125 175.31744384765625
128.96893310546875 338.9109802246094 19.671308517456055 377.0582580566406
25.31507110595703 533.7994995117188 139.72799682617188 468.52325439453125
153.24681091308594 283.0333251953125 162.9362335205078 502.04705810546875
381.165771484375 310.1455993652344 344.01220703125 302.9371032714844
570.0150146484375 59.18461227416992 730.0159301757812 62.13496780395508
138.12448120117188 348.3403625488281 9.742143630981445 395.29498291015625
135.27066040039062 465.4820251464844 33.72044372558594 522.5021362304688
150.8892059326172 46.79482650756836 0.8767655491828918 25.884077072143555
511.8427429199219 180.9282684326172 510.9051208496094 196.0561065673828
261.0358581542969 62.99985122680664 261.3276672363281 133.9986572265625
311.8232116699219 228.31024169921875 779.8045043945312 291.4490966796875
547.3681640625 252.9344024658203 555.8870849609375 170.8844451904297
791.9532470703125 412.9904479980469 789.0474243164062 427.2139892578125
21.696666717529297 427.2751159667969 129.62799072265625 382.1109924316406
218.657958984375 139.98834228515625 224.5598602294922 473.0078125
287.916259765625 599.3118896484375 258.70379638671875 497.7974853515625
378.5057067871094 599.2310791015625 343.2732238769531 523.8722534179688
465.31195068359375 594.7949829101562 443.0717468261719 560.9528198242188
131.36289978027344 384.86578369140625 22.607955932617188 430.450439453125
163.09295654296875 324.99615478515625 159.45013427734375 237.02276611328125
291.40155029296875 209.9930877685547 291.6789245605469 185.9847412109375
334.8324890136719 259.96917724609375 334.0390930175781 290.0274353027344
401.3560791015625 184.9793243408203 401.8059997558594 170.961669921875
399.9112854003906 524.9946899414062 408.99273681640625 374.11993408203125
497.9880065917969 269.2103271484375 511.99951171875 270.00836181640625
530.2625732421875 430.0295104980469 526.6746215820312 461.96343994140625
647.6954956054688 411.37274169921875 628.7409057617188 407.16796875
675.8480834960938 226.1714324951172 655.7962646484375 223.57064819335938
786.4671630859375 284.8926696777344 799.7127075195312 219.14358520507812
107.82008361816406 547.9871826171875 104.18419647216797 599.0842895507812
189.2281036376953 516.97509765625 198.1815948486328 599.0892333984375
260.6519470214844 497.80804443359375 290.4930114746094 599.1492919921875
358.24395751953125 390.01123046875 356.0375671386719 438.0017395019531
496.62786865234375 259.7141418457031 482.8673095703125 325.7640075683594
187.2779998779297 405.9571228027344 174.9300537109375 38.00234603881836
384.31573486328125 313.7759094238281 400.9954528808594 306.98883056640625
400.81103515625 197.2911834716797 385.8390197753906 195.10006713867188
732.007080078125 54.41686248779297 651.0068359375 53.434776306152344
278.165283203125 334.0025939941406 277.8509216308594 354.01336669921875
308.4869689941406 382.96868896484375 307.4716796875 432.009765625
260.9186096191406 141.0164337158203 799.0709228515625 184.1143798828125
154.4776153564453 119.02273559570312 151.3840789794922 47.93976593017578
793.2025756835938 560.816162109375 753.0104370117188 553.9391479492188
646.9979858398438 53.183746337890625 571.9849853515625 52.351104736328125
386.5356750488281 169.99359130859375 386.3556823730469 183.01873779296875
510.74407958984375 382.14202880859375 494.8690490722656 378.5843200683594
155.11227416992188 264.99505615234375 147.29254150390625 86.98715209960938
529.0814819335938 420.0089111328125 536.6276245117188 350.9593200683594
147.4270782470703 305.9990234375 147.37925720214844 284.9968566894531
175.7750701904297 37.41217041015625 0.6001057028770447 9.51067066192627
170.7500457763672 86.00865936279297 169.3634490966797 45.98740768432617
190.91241455078125 51.396392822265625 307.0131530761719 55.63988494873047
566.9976806640625 52.1953010559082 430.9931335449219 50.5758171081543
341.9008483886719 305.5056457519531 384.0453796386719 313.7685241699219
682.0022583007812 48.9128532409668 651.9963989257812 48.14117431640625
732.0150146484375 62.02946472167969 799.0144653320312 63.06678009033203
248.01219177246094 578.0675048828125 199.95382690429688 586.7442626953125
218.00234985351562 62.99755859375 218.17782592773438 135.0019989013672
526.8211059570312 210.2437286376953 509.8838806152344 207.80715942382812
81.21697998046875 -0.10180015861988068 187.63470458984375 20.85494613647461
290.2179260253906 358.00482177734375 290.7067565917969 335.9713134765625
680.6956176757812 363.05035400390625 681.63720703125 350.046142578125
0.8990570902824402 28.730501174926758 143.93157958984375 48.495147705078125
165.68942260742188 502.9695129394531 156.31387329101562 290.9861145019531
309.0130310058594 55.040164947509766 425.0052490234375 56.61397171020508
411.9560852050781 282.2459716796875 363.0859680175781 273.5185852050781
427.0197448730469 56.89181900024414 565.0115966796875 59.34901428222656
734.995361328125 49.42071533203125 689.0009765625 48.912200927734375
20.41988182067871 599.6424560546875 165.06890869140625 505.1054382324219
428.99444580078125 50.594085693359375 369.9902648925781 50.04349136352539
511.01116943359375 260.7792663574219 499.93829345703125 260.2184143066406
751.8994140625 527.6214599609375 790.3488159179688 533.8452758789062
783.998046875 55.1089973449707 737.97705078125 54.2928581237793
366.9925537109375 50.352272033691406 190.9232635498047 46.62548828125
452.7818908691406 359.777587890625 465.6589660644531 378.5479431152344
481.59954833984375 240.04696655273438 487.3200988769531 167.02508544921875
524.8853759765625 426.4700012207031 474.6995849609375 414.2319641113281
358.8331604003906 553.079833984375 380.649169921875 598.6895141601562
139.2399139404297 285.0963134765625 140.44000244140625 307.0306396484375
288.7607116699219 436.8433837890625 354.8327941894531 455.58935546875
750.9448852539062 556.3070068359375 793.9942626953125 564.031982421875
261.9715576171875 431.0015563964844 262.0440673828125 479.0014343261719
385.076416015625 299.581298828125 347.0649719238281 292.64404296875
0.15797895193099976 500.0989074707031 11.790728569030762 599.1420288085938
399.2793273925781 396.81671142578125 306.9927978515625 375.0305480957031
222.65570068359375 232.9860076904297 221.1201171875 160.9974365234375
713.5762939453125 178.9337158203125 708.4169921875 211.90878295898438
266.99237060546875 221.0650634765625 300.12274169921875 224.9544677734375
346.96484375 295.1800842285156 384.6984558105469 302.5449523925781
406.47760009765625 357.9919128417969 406.38580322265625 397.99859619140625
557.4598999023438 159.0528564453125 566.0841064453125 84.0096664428711
391.7154846191406 290.5810546875 342.8579406738281 281.7894287109375
14.973572731018066 17.16619110107422 142.0984344482422 37.38095474243164
678.499755859375 347.085693359375 633.3884887695312 339.7719421386719
199.9652557373047 584.7960205078125 230.91917419433594 579.5252685546875
484.0637512207031 328.3850402832031 512.0737915039062 331.2881164550781
695.8814697265625 354.64044189453125 760.2667236328125 366.5591125488281
445.34832763671875 409.34478759765625 415.9767761230469 395.11151123046875
327.9968566894531 563.9823608398438 288.986083984375 570.9217529296875
445.1748046875 354.1397705078125 425.9685363769531 352.3349914550781
383.6139831542969 312.2782897949219 391.16412353515625 295.6211242675781
223.45260620117188 279.9982604980469 223.31117248535156 242.99880981445312
544.0496215820312 507.33380126953125 568.98583984375 509.1900939941406
585.0682373046875 357.6587219238281 541.7990112304688 349.00506591796875
235.01071166992188 579.0563354492188 273.1531066894531 571.8054809570312
196.89288330078125 535.2877807617188 251.99996948242188 526.9998168945312
586.98974609375 48.18331527709961 571.9808349609375 47.34259033203125
352.9001159667969 456.3570251464844 276.0407409667969 434.8543395996094
583.8331298828125 329.9097595214844 630.110595703125 338.3968200683594
158.71263122558594 210.01443481445312 155.39703369140625 144.03030395507812
791.4617919921875 530.82275390625 756.8956909179688 523.49169921875
506.03472900390625 327.74346923828125 490.05670166015625 325.5810546875
514.3534545898438 329.988525390625 512.4110107421875 270.0839538574219
530.758056640625 295.2373962402344 524.69677734375 314.59185791015625
502.0214538574219 294.00341796875 505.3497619628906 273.0555725097656
225.36341857910156 416.9999694824219 225.35992431640625 380.9999694824219
559.1116943359375 513.5697021484375 544.0860595703125 509.6684875488281
