273
483.13873291015625 303.0097351074219 487.0013427734375 247.92996215820312
487.5785217285156 234.96957397460938 492.2723693847656 169.94747924804688
492.28314208984375 162.95196533203125 497.1758728027344 89.94477081298828
440.2918395996094 172.01759338378906 439.82879638671875 206.01129150390625
564.9031372070312 155.09397888183594 569.0848999023438 114.90477752685547
0.0601191408932209 297.2366638183594 94.79595947265625 246.74107360839844
97.46487426757812 262.7251281738281 -0.009563267230987549 315.12188720703125
114.7955322265625 317.6917724609375 0.6214457750320435 393.4293212890625
195.27304077148438 339.08746337890625 221.90060424804688 317.8752136230469
-0.6672199964523315 399.5167541503906 120.685546875 318.04217529296875
38.462162017822266 207.1243896484375 0.4805538058280945 222.7362518310547
103.16023254394531 249.2919921875 0.3055723309516907 305.73455810546875
497.5211181640625 83.98065948486328 498.53094482421875 58.98105239868164
555.1414794921875 253.01828002929688 564.0384521484375 184.13412475585938
30.036941528320312 378.0555419921875 1.1685632467269897 397.25347900390625
136.3855743408203 572.975830078125 130.68038940429688 482.0200500488281
316.15631103515625 139.08056640625 338.3994140625 126.71867370605469
504.16204833984375 5.894680976867676 493.9563293457031 183.99749755859375
541.5180053710938 351.0621032714844 533.130615234375 421.0156555175781
733.3359985351562 150.3074951171875 753.523193359375 101.80156707763672
734.4840698242188 564.6463623046875 799.0192260742188 540.0504150390625
0.3371973931789398 205.39144897460938 63.20125961303711 179.48843383789062
642.0035400390625 25.885574340820312 733.040283203125 28.6960391998291
758.8322143554688 191.22462463378906 740.7604370117188 188.74856567382812
312.74560546875 486.0283203125 313.5059814453125 466.01922607421875
646.2889404296875 262.05548095703125 658.379150390625 199.07278442382812
790.8767700195312 501.3516540527344 785.2079467773438 515.4844970703125
65.54946899414062 93.49669647216797 0.6814839243888855 112.93719482421875
305.28448486328125 203.05560302734375 301.00030517578125 147.92227172851562
332.2457580566406 465.8996276855469 312.72607421875 418.1119079589844
350.9619445800781 180.00140380859375 350.1845397949219 158.9931640625
0.6651114225387573 123.92083740234375 63.44636535644531 104.43839263916016
224.62242126464844 317.7414855957031 197.45724487304688 340.5447082519531
300.2817687988281 137.97840881347656 295.4542236328125 74.96520233154297
488.3356628417969 240.1533660888672 302.7423400878906 206.41744995117188
447.5790100097656 173.9776611328125 445.8802490234375 205.99365234375
645.8353881835938 598.568115234375 730.7020263671875 566.2182006835938
741.819091796875 185.03245544433594 759.1626586914062 188.07179260253906
0.41279545426368713 389.1316223144531 110.45773315429688 314.7192077636719
49.124202728271484 583.4376220703125 131.97850036621094 559.9242553710938
303.91021728515625 147.9320526123047 307.9469909667969 202.0039520263672
343.4337158203125 117.76881408691406 312.97332763671875 134.9527130126953
303.1131591796875 137.1943817138672 492.1758728027344 163.7478485107422
436.4562072753906 212.03311157226562 437.36669921875 171.985595703125
492.13714599609375 168.03973388671875 297.11614990234375 140.1868133544922
474.6292724609375 176.08407592773438 472.575927734375 215.87490844726562
801.0909423828125 92.62641906738281 779.64990234375 164.1947021484375
85.05854797363281 176.1366729736328 0.3278820514678955 212.430908203125
309.79119873046875 550.9911499023438 312.1242370605469 495.9205322265625
671.2755126953125 278.0554504394531 679.4778442382812 237.2974090576172
340.1878967285156 167.7899627685547 317.38983154296875 183.09085083007812
490.0955810546875 176.3491668701172 324.0059509277344 151.9595184326172
447.9802551269531 79.2224349975586 497.125732421875 83.58293914794922
486.70098876953125 247.60633850097656 310.6578369140625 214.83827209472656
732.9667358398438 23.279653549194336 645.99951171875 21.0189208984375
715.7896118164062 155.28076171875 734.1163940429688 158.29159545898438
737.2168579101562 159.10305786132812 753.5509643554688 124.73717498779297
143.26951599121094 56.99275207519531 173.2329864501953 48.85820007324219
254.90728759765625 525.6640625 304.2859802246094 512.0362548828125
297.27301025390625 144.71644592285156 302.3347473144531 203.14427185058594
307.2464904785156 202.61387634277344 487.24481201171875 234.62330627441406
469.8268127441406 206.99664306640625 470.42938232421875 175.96949768066406
800.2860107421875 436.4904479980469 764.2113647460938 531.0806274414062
135.8107147216797 513.9747314453125 138.46209716796875 599.0167846679688
497.1876220703125 87.13285827636719 290.068359375 66.31976318359375
525.2494506835938 0.854863166809082 493.88482666015625 379.1562805175781
655.1329345703125 73.83177185058594 658.0464477539062 58.81499099731445
799.1317749023438 36.800498962402344 660.031982421875 28.466686248779297
707.7775268554688 192.10736083984375 715.823486328125 133.83753967285156
58.645999908447266 66.83332824707031 65.43486785888672 93.14580535888672
187.19818115234375 543.6631469726562 152.04995727539062 554.1671752929688
215.36199951171875 403.3853759765625 132.3446807861328 481.366943359375
312.79913330078125 134.9507598876953 310.4554748535156 96.91033172607422
520.1022338867188 534.314697265625 570.0315551757812 518.0971069335938
647.1126708984375 27.645992279052734 598.119140625 23.568679809570312
726.3052368164062 130.07545471191406 728.32861328125 95.07681274414062
740.8825073242188 175.81991577148438 759.92138671875 178.5485076904297
178.3755645751953 249.92898559570312 131.25921630859375 0.7618885636329651
172.76258850097656 46.11505126953125 142.7747039794922 54.160213470458984
217.73483276367188 402.8221130371094 265.2648620605469 599.1779174804688
303.9479675292969 273.00433349609375 287.4069519042969 73.88312530517578
664.8279418945312 249.344482421875 660.573486328125 271.91961669921875
768.63623046875 199.50579833984375 799.0363159179688 206.84962463378906
799.1107177734375 189.63818359375 769.9871826171875 188.2728271484375
149.7426300048828 556.10693359375 237.25575256347656 530.887451171875
291.4256591796875 72.70746612548828 297.1564025878906 139.81585693359375
495.0824279785156 95.8243637084961 397.1430969238281 88.95866394042969
597.81103515625 24.26271629333496 601.2230224609375 0.7422239780426025
663.098876953125 271.0264587402344 668.7451171875 249.93177795410156
799.1969604492188 542.5150146484375 736.228271484375 566.5968627929688
778.3878173828125 513.7682495117188 800.0980224609375 456.4156494140625
301.9806213378906 205.81878662109375 307.92803955078125 270.8236083984375
308.927978515625 213.92864990234375 312.9264831542969 265.92877197265625
337.0968933105469 204.135498046875 367.0722351074219 182.70248413085938
796.958251953125 166.7505340576172 768.9891357421875 165.19496154785156
120.00092315673828 319.6958312988281 61.30077362060547 66.69819641113281
67.78852081298828 103.0516128540039 85.38355255126953 175.1504364013672
125.47892761230469 320.2310791015625 10.446640968322754 398.18341064453125
189.61009216308594 151.1552734375 163.6104736328125 163.15609741210938
337.0072326660156 95.04194641113281 337.977294921875 118.00096130371094
456.4589538574219 505.3216552734375 410.623291015625 428.2239685058594
603.6006469726562 474.11981201171875 615.2247924804688 415.8453674316406
768.11376953125 211.22071838378906 599.0665893554688 186.5437469482422
300.1833801269531 95.98793029785156 302.87841796875 136.94219970703125
314.2801818847656 417.8835754394531 334.2321472167969 465.9035339355469
748.9796752929688 31.410152435302734 765.0393676757812 32.20588684082031
262.5019226074219 599.3573608398438 216.18734741210938 405.19384765625
340.7170715332031 126.91828155517578 341.3479309082031 140.17381286621094
443.906494140625 206.9957275390625 445.4609069824219 172.97537231445312
747.3193969726562 100.40866088867188 737.5751953125 131.86842346191406
765.9819946289062 181.13436889648438 734.870361328125 176.9679412841797
75.40269470214844 189.69187927246094 84.32334899902344 223.1802520751953
94.03417205810547 247.2404327392578 79.09412384033203 187.2255096435547
87.72994995117188 184.06578063964844 103.3442153930664 248.15975952148438
135.58392333984375 38.078739166259766 192.9127655029297 341.0165100097656
251.01771545410156 454.07073974609375 277.13287353515625 447.53057861328125
286.9119873046875 67.92129516601562 281.128173828125 0.902636706829071
310.46630859375 268.0428771972656 306.0453186035156 212.99635314941406
315.3868103027344 185.01852416992188 314.3591003417969 150.98915100097656
315.9986267089844 494.003662109375 523.8895874023438 572.6484375
516.61328125 553.1179809570312 313.06915283203125 486.78778076171875
493.6695251464844 187.05667114257812 489.1029357910156 241.0087127685547
530.5675048828125 452.0771789550781 544.5778198242188 349.07861328125
564.9541625976562 184.31773376464844 799.130615234375 218.09442138671875
62.68736267089844 92.07720184326172 56.698875427246094 67.8274154663086
132.98797607421875 481.93634033203125 134.92568969726562 512.0047607421875
530.2078857421875 282.7538146972656 539.1228637695312 303.9483337402344
30.817745208740234 66.31196594238281 0.8045593500137329 74.2621841430664
129.38133239746094 484.403564453125 52.28909683227539 557.2476196289062
613.0416259765625 168.5139923095703 628.1024169921875 169.80331420898438
629.9428100585938 174.4208221435547 701.9716186523438 184.2086639404297
93.66450500488281 445.7997741699219 108.7256088256836 495.7813415527344
271.5853271484375 47.032413482666016 273.617431640625 73.0299072265625
605.7555541992188 0.7826283574104309 602.3870239257812 20.067598342895508
739.9064331054688 162.81919860839844 767.8841552734375 166.0144500732422
144.08059692382812 327.6962585449219 9.175679206848145 422.8310852050781
164.36489868164062 165.7937774658203 190.38311767578125 153.83343505859375
256.2291259765625 316.09808349609375 216.12423706054688 0.8569757342338562
393.0194396972656 0.5972350835800171 503.004638671875 5.9038519859313965
653.8523559570312 211.97085571289062 644.1658935546875 261.0327453613281
64.46400451660156 65.88822174072266 125.7505874633789 320.30096435546875
150.01576232910156 402.9964294433594 160.67318725585938 450.073974609375
380.79559326171875 185.68466186523438 345.3667907714844 208.65110778808594
571.5516967773438 99.0647201538086 583.0687255859375 0.8907506465911865
725.424560546875 96.0606918334961 716.9385986328125 155.42010498046875
749.4652709960938 123.32856750488281 735.8786010742188 154.38438415527344
1.9760862588882446 379.9623107910156 31.96051025390625 360.9377746582031
-0.011127351783216 78.2243881225586 72.91795349121094 58.69361877441406
82.96773529052734 174.0079803466797 65.60464477539062 103.85035705566406
141.29991149902344 599.0423583984375 139.35963439941406 566.9782104492188
294.8498229980469 75.4674301147461 412.94342041015625 87.55290985107422
340.64208984375 116.97925567626953 339.9632263183594 95.96887969970703
412.9434509277344 427.43902587890625 459.48443603515625 505.7119445800781
399.91650390625 415.999267578125 400.3423767089844 368.0030517578125
462.52032470703125 432.042236328125 466.41632080078125 384.0337829589844
739.1994018554688 156.70230102539062 727.2879028320312 188.73521423339844
314.0650634765625 265.69830322265625 482.4305114746094 302.0035095214844
388.01434326171875 163.906494140625 389.0377502441406 185.9518280029297
534.196533203125 461.8480529785156 640.5232543945312 599.3685913085938
111.10763549804688 316.2160339355469 97.58103942871094 260.3435363769531
602.9816284179688 19.974328994750977 638.0241088867188 19.346405029296875
752.9443969726562 263.3321228027344 703.8152465820312 255.1028594970703
133.06039428710938 562.2181396484375 54.95692825317383 583.8444213867188
374.9156494140625 196.88967895507812 386.8307800292969 187.77870178222656
563.5484008789062 203.94163513183594 557.3317260742188 252.04287719726562
732.0487060546875 568.1273803710938 650.1734008789062 599.4531860351562
762.2957153320312 599.66064453125 671.8001098632812 503.1875
74.57633209228516 0.6628077626228333 144.45358276367188 327.3307800292969
225.82989501953125 401.2401123046875 273.8842468261719 390.48284912109375
483.0340270996094 312.8463134765625 304.1692810058594 273.2355651855469
352.42303466796875 159.97164916992188 352.92138671875 184.9816436767578
365.9872741699219 142.0569305419922 365.16455078125 112.9670639038086
661.9932861328125 211.04287719726562 711.8617553710938 218.879638671875
404.12799072265625 205.93519592285156 402.5214538574219 177.9700469970703
770.7918090820312 177.44586181640625 799.0693969726562 181.51797485351562
25.949066162109375 194.0167694091797 18.138612747192383 170.29583740234375
47.03974914550781 561.9810180664062 16.645166397094727 590.6234741210938
533.8851318359375 321.6253967285156 545.3988647460938 348.8311767578125
637.256103515625 599.5722045898438 530.6781005859375 461.0168151855469
703.2792358398438 251.45120239257812 753.1021118164062 260.4337463378906
751.77197265625 227.39013671875 714.782958984375 221.32339477539062
763.1051025390625 528.6425170898438 534.8428955078125 461.53448486328125
162.73544311523438 449.0596618652344 152.1187744140625 401.97320556640625
366.1885986328125 111.37564849853516 379.3627014160156 139.8320770263672
674.6864624023438 503.3506774902344 765.0834350585938 598.9210815429688
324.46337890625 175.91526794433594 320.6184997558594 154.8869171142578
767.1380615234375 284.9777526855469 766.7755737304688 299.02001953125
294.64947509765625 65.02757263183594 289.6097106933594 0.9520434737205505
531.4362182617188 460.51763916015625 251.00254821777344 377.9913635253906
646.016845703125 11.741846084594727 671.1057739257812 13.381143569946289
708.7579956054688 132.5863037109375 697.755126953125 146.81060791015625
386.7795715332031 103.95352172851562 387.8785400390625 146.029296875
26.0965518951416 1.4651875495910645 0.7361758351325989 6.728906154632568
288.962646484375 285.9090576171875 262.01654052734375 0.7149859666824341
397.2322082519531 93.99795532226562 360.14593505859375 102.62718200683594
570.1122436523438 392.60382080078125 543.2867431640625 353.16534423828125
51.48392868041992 558.2128295898438 2.4654271602630615 403.53558349609375
101.07635498046875 258.9813232421875 115.30944061279297 317.1689147949219
285.7332458496094 0.8557296395301819 291.0030517578125 64.16622161865234
750.2659301757812 242.58282470703125 715.3688354492188 236.03445434570312
315.5733642578125 563.0968627929688 365.7595520019531 582.6181640625
398.76507568359375 366.99993896484375 398.75689697265625 405.0001525878906
339.3480224609375 155.7885284423828 341.2813720703125 168.11273193359375
506.94000244140625 378.2318115234375 534.8797607421875 385.46441650390625
55.571022033691406 266.69921875 0.543756902217865 252.80722045898438
0.7007023692131042 236.24020385742188 75.90599060058594 254.38954162597656
374.7016296386719 577.7578735351562 311.1093444824219 552.7222290039062
394.0230407714844 188.03085327148438 366.62060546875 208.49188232421875
571.174072265625 115.68431854248047 588.0967407226562 111.38038635253906
670.9652709960938 16.6357479095459 645.9307250976562 15.267780303955078
690.0415649414062 156.6543731689453 707.1548461914062 158.71304321289062
767.42822265625 33.09596633911133 774.638916015625 0.9190816879272461
74.08048248291016 57.98112106323242 60.625431060791016 0.6187352538108826
650.80078125 150.58636474609375 666.9658203125 128.51048278808594
0.8593174815177917 19.224254608154297 38.26138687133789 12.441332817077637
180.27923583984375 360.3439636230469 197.97955322265625 345.9748229980469
314.309326171875 463.1034240722656 509.5317077636719 530.4589233398438
704.8883056640625 426.4469299316406 790.06689453125 447.73236083984375
53.77577590942383 68.04998779296875 59.321800231933594 92.92826080322266
82.81182098388672 186.29541015625 97.9679183959961 247.256591796875
201.65065002441406 345.5694274902344 28.56587028503418 485.9998474121094
360.2800598144531 175.0418243408203 360.70648193359375 161.9904022216797
497.2183837890625 333.0379943847656 289.2652282714844 285.8316650390625
62.45934295654297 104.37602233886719 79.65705871582031 174.83963012695312
107.50091552734375 485.84906005859375 95.17486572265625 444.9472961425781
538.025146484375 303.9371337890625 526.8196411132812 299.4504089355469
171.89450073242188 344.4451904296875 201.9596405029297 342.40521240234375
358.8173828125 159.0181121826172 358.48565673828125 173.9886016845703
647.953369140625 168.3800506591797 706.9248046875 175.61328125
386.2530517578125 136.426513671875 371.1677551269531 103.4655532836914
69.11198425292969 163.31051635742188 48.993045806884766 160.04281616210938
42.619842529296875 524.1049194335938 51.718650817871094 557.07763671875
368.456787109375 159.78207397460938 380.3791809082031 184.7732391357422
28.0074405670166 161.96327209472656 69.1425552368164 170.29629516601562
491.0946960449219 380.6282653808594 253.00706481933594 319.9722900390625
367.5304870605469 182.09683227539062 366.07415771484375 159.9951171875
38.5472526550293 13.110783576965332 50.36338424682617 61.40046691894531
162.9807891845703 455.9794616699219 197.5721435546875 423.6114501953125
442.2376403808594 601.2744750976562 382.8737487792969 581.3766479492188
584.076904296875 115.12421417236328 671.1085205078125 122.76392364501953
767.900634765625 298.09429931640625 794.7322387695312 326.3553466796875
646.0991821289062 151.13418579101562 620.857666015625 148.24227905273438
756.26123046875 0.21117807924747467 747.705810546875 29.915273666381836
245.3651885986328 370.9470520019531 191.7163848876953 0.8961407542228699
387.5692443847656 592.125 407.6834411621094 599.8267211914062
658.3743286132812 268.901611328125 660.7484741210938 253.80320739746094
447.0036926269531 342.9866638183594 488.8492126464844 354.5458984375
36.99180603027344 158.04852294921875 5.058106422424316 152.65591430664062
233.90843200683594 305.87347412109375 243.1350860595703 372.1204528808594
701.646728515625 349.6195983886719 595.4635620117188 326.45941162109375
706.3699340820312 321.3110046386719 743.8424682617188 341.4309387207031
341.58770751953125 140.01235961914062 341.287353515625 129.99139404296875
370.57183837890625 584.6443481445312 384.11480712890625 590.3572387695312
783.2291259765625 163.38233947753906 797.7756958007812 116.61915588378906
27.641000747680664 491.0945129394531 45.73341369628906 559.806884765625
688.8846435546875 133.2205352783203 704.9303588867188 134.73696899414062
675.5115356445312 131.57447814941406 655.4743041992188 152.49656677246094
32.61167526245117 491.7768859863281 42.91701889038086 520.0302734375
303.847900390625 395.4927062988281 349.79144287109375 409.6756286621094
187.71481323242188 302.0520324707031 183.70166015625 280.0544128417969
44.829315185546875 352.7562255859375 70.06210327148438 335.08868408203125
308.942626953125 599.04931640625 310.7868957519531 563.7796630859375
167.01437377929688 0.6735975742340088 207.74502563476562 252.04132080078125
5.8356032371521 155.7552947998047 26.5091552734375 160.25509643554688
510.7462158203125 526.0712890625 518.2865600585938 552.9194946289062
152.24917602539062 327.94427490234375 80.2677001953125 6.16381311416626
0.7552271485328674 362.2513122558594 12.103446006774902 364.4711608886719
222.68971252441406 233.1806182861328 232.48060607910156 304.2094421386719
16.699989318847656 425.5450134277344 34.063148498535156 414.09576416015625
453.1234436035156 336.4703369140625 491.1553649902344 345.3332824707031
16.262401580810547 439.7028503417969 107.51346588134766 370.6788024902344
524.2891845703125 575.9232177734375 530.52197265625 599.3925170898438
669.564453125 256.1036376953125 666.269287109375 274.0494384765625
