183
256.8336486816406 453.7213134765625 328.1073913574219 411.179931640625
799.5218505859375 180.28494262695312 770.3404541015625 233.7318572998047
545.4415893554688 410.2207946777344 612.4359130859375 362.2127990722656
123.91201782226562 532.8526611328125 235.96922302246094 465.9484558105469
795.0059814453125 141.52561950683594 747.987060546875 231.51571655273438
300.2276611328125 311.4980773925781 389.7296142578125 265.47418212890625
194.1690216064453 369.5841369628906 279.6783142089844 491.22613525390625
194.66322326660156 366.35504150390625 296.5565490722656 313.1507568359375
461.2809143066406 330.7908630371094 542.6450805664062 282.4032287597656
68.03006744384766 434.0580749511719 0.49565061926841736 469.02593994140625
61.3250617980957 567.9228515625 119.9936752319336 535.9884033203125
543.4796752929688 284.8055419921875 440.1852111816406 346.31103515625
527.2217407226562 0.7218247056007385 509.03143310546875 117.00492095947266
800.7482299804688 151.93569946289062 757.2510375976562 233.20480346679688
72.57041931152344 429.15985107421875 132.70077514648438 398.4147644042969
505.4361572265625 113.60059356689453 523.001708984375 0.8444851636886597
121.93217468261719 536.8865966796875 64.234130859375 571.3915405273438
142.69741821289062 294.3337097167969 241.712890625 249.3677978515625
298.59014892578125 315.1319274902344 195.4671630859375 368.89605712890625
208.4204864501953 391.707763671875 193.5509033203125 370.3121032714844
424.6647033691406 352.4348449707031 367.28271484375 386.4765319824219
751.5824584960938 230.74072265625 796.601318359375 144.313232421875
493.7506408691406 446.6488037109375 541.71337890625 412.5963134765625
583.8339233398438 0.7494778633117676 539.6328735351562 206.491455078125
742.091796875 230.5537109375 799.9448852539062 116.47919464111328
162.33529663085938 383.7700500488281 189.92437744140625 368.8600769042969
252.3290252685547 457.90203857421875 125.03499603271484 535.693603515625
0.5393092632293701 466.10894775390625 65.69998931884766 432.4197082519531
302.32135009765625 315.7305603027344 363.7761535644531 389.026123046875
544.4019775390625 413.5616760253906 494.2998962402344 449.4190368652344
770.4366455078125 233.4886932373047 785.8190307617188 276.70849609375
329.14447021484375 87.55081176757812 506.3768005371094 105.2206039428711
121.63123321533203 536.696533203125 41.91191864013672 380.0448303222656
113.40221405029297 128.93963623046875 76.50166320800781 184.0062713623047
151.49917602539062 306.6520690917969 193.37782287597656 366.7366638183594
243.2593231201172 251.5737762451172 121.31153869628906 306.6893005371094
506.091796875 110.99947357177734 328.0309143066406 94.66291809082031
480.1385803222656 555.5908813476562 551.3330688476562 530.1348266601562
248.0132598876953 123.09202575683594 259.4891052246094 246.1409149169922
318.1461486816406 419.579833984375 258.3275146484375 455.54473876953125
516.927490234375 27.871646881103516 322.8562316894531 11.728470802307129
521.0355224609375 16.546674728393555 319.0211181640625 0.7303731441497803
43.46124267578125 377.76458740234375 123.15766906738281 533.9195556640625
390.5233154296875 268.0158996582031 302.2510070800781 313.48724365234375
542.6860961914062 411.3321228027344 462.4901123046875 335.5395202636719
539.4534912109375 210.09759521484375 527.6102294921875 265.1313171386719
613.4012451171875 364.5580139160156 547.6175537109375 411.85888671875
799.3401489257812 416.8950500488281 741.8950805664062 230.72381591796875
724.75732421875 233.36585998535156 799.6593017578125 78.31848907470703
190.5977020263672 367.2784729003906 145.7451934814453 302.4841613769531
654.4439086914062 455.68731689453125 630.7354125976562 497.8512268066406
798.9693603515625 506.9699401855469 741.9932250976562 564.9933471679688
134.1148223876953 400.2205810546875 73.01300048828125 432.02496337890625
238.11923217773438 0.7639001607894897 240.61717224121094 54.9254150390625
464.1131591796875 333.87994384765625 544.4154052734375 409.5592041015625
546.114990234375 192.89163208007812 624.1055297851562 200.98294067382812
761.6238403320312 233.33963012695312 800.5479125976562 161.84271240234375
55.53496551513672 204.6036376953125 0.4708805978298187 253.4029541015625
626.35595703125 489.62176513671875 546.0023803710938 413.99749755859375
396.9601135253906 103.42373657226562 507.1135559082031 113.79389953613281
558.06787109375 529.7702026367188 670.16796875 535.9569091796875
628.3649291992188 505.2174987792969 656.8131713867188 457.4846496582031
640.6319580078125 227.5013427734375 723.4039916992188 0.41825518012046814
0.6958760619163513 230.63597106933594 58.96388626098633 181.95677185058594
255.17337036132812 452.8786926269531 207.7827911376953 385.1519775390625
247.7443084716797 47.88472366333008 259.8460693359375 126.02384185791016
278.0467529296875 492.6665954589844 253.39927673339844 457.4200744628906
323.2048645019531 11.927902221679688 327.8138427734375 88.95130157470703
90.68943786621094 329.7098693847656 1.4083343744277954 416.4204406738281
569.9088745117188 80.90199279785156 602.9754028320312 84.24356842041016
630.6633911132812 522.1027221679688 629.3468017578125 504.9733581542969
245.05984497070312 250.94723510742188 298.9388732910156 312.05389404296875
368.6457824707031 389.0875244140625 432.9444580078125 350.906494140625
448.1302795410156 204.01185607910156 442.4916076660156 265.9537353515625
559.062255859375 0.6295153498649597 532.0675048828125 141.82171630859375
548.1053466796875 412.88775634765625 626.01220703125 485.98699951171875
705.0799560546875 0.6819949150085449 628.009033203125 223.657470703125
57.88924026489258 169.4657440185547 74.22376251220703 166.079345703125
266.5896911621094 180.63906860351562 278.0718078613281 231.2107391357422
366.4803466796875 387.58251953125 324.14569091796875 338.8733825683594
359.2638244628906 196.96275329589844 361.03399658203125 257.0284729003906
749.0059814453125 230.998046875 799.345458984375 385.8877258300781
80.01593017578125 107.91841125488281 81.27345275878906 138.9889373779297
296.5832824707031 313.3646545410156 243.86439514160156 253.11865234375
28.91966438293457 177.72665405273438 67.08321380615234 175.31890869140625
129.39010620117188 275.7311706542969 141.98602294921875 294.0096435546875
314.7520751953125 0.9350970387458801 322.4423522949219 90.04812622070312
362.31219482421875 389.8346862792969 336.9015808105469 404.833251953125
508.1638488769531 117.1701889038086 330.0696716308594 101.2220687866211
404.04534912109375 0.40077629685401917 520.2124633789062 9.193095207214355
152.32516479492188 34.17605972290039 145.7723846435547 9.0593843460083
325.02130126953125 89.923828125 318.7523193359375 5.869307994842529
392.35443115234375 266.6212158203125 460.5411376953125 330.4216613769531
622.9631958007812 203.35508728027344 545.9617919921875 195.36851501464844
799.5309448242188 376.8272705078125 751.9865112304688 230.6790771484375
757.5049438476562 232.1583251953125 799.4063110351562 356.86346435546875
58.21479415893555 186.4454803466797 0.27551716566085815 235.137939453125
211.12115478515625 26.979595184326172 206.72531127929688 0.8778495192527771
145.61375427246094 242.9296875 109.14330291748047 306.2347717285156
144.8770751953125 39.05458450317383 127.9820327758789 1.0079790353775024
274.5231628417969 217.06704711914062 269.8566589355469 183.87954711914062
458.7767639160156 332.2369384765625 391.34112548828125 268.6993103027344
140.29293823242188 293.7959899902344 128.727783203125 277.1895751953125
145.88185119628906 300.2221984863281 206.5454864501953 291.0076904296875
786.0363159179688 275.9347229003906 799.7877197265625 283.5838928222656
124.34430694580078 536.8250732421875 156.14793395996094 599.432861328125
240.44163513183594 57.06575393676758 247.97108459472656 121.00340270996094
318.6363830566406 96.02678680419922 311.62640380859375 0.8801735043525696
357.5008239746094 599.3414916992188 334.4706115722656 565.6780395507812
416.45477294921875 443.5934143066406 367.8558654785156 389.2348327636719
799.5260009765625 499.8516845703125 724.5250854492188 233.85194396972656
532.1243286132812 142.67636108398438 295.14862060546875 120.41773986816406
457.73760986328125 494.24505615234375 482.8861083984375 521.1724243164062
602.9468383789062 85.70045471191406 569.909423828125 83.19363403320312
666.123291015625 88.6123046875 609.1289672851562 83.54842376708984
631.1097412109375 223.38507080078125 708.3525390625 0.7753375172615051
241.01177978515625 248.89312744140625 145.84483337402344 238.40838623046875
500.496337890625 544.4320068359375 487.572998046875 529.3662719726562
607.9384765625 86.82488250732422 665.0680541992188 91.08782196044922
799.7078857421875 347.7638244628906 761.6798706054688 233.77317810058594
284.87353515625 500.0911865234375 328.8590087890625 561.1016235351562
332.1494140625 565.9017333984375 354.24517822265625 599.4964599609375
488.14825439453125 526.8681640625 503.2126770019531 543.8109130859375
610.530029296875 338.5834045410156 544.6118774414062 285.4817810058594
545.4273681640625 283.4620361328125 611.70263671875 336.1155700683594
604.0730590820312 288.36566162109375 548.010498046875 281.90899658203125
387.03759765625 264.6532287597656 243.1033935546875 249.04644775390625
158.50616455078125 598.7400512695312 133.3739013671875 549.8079833984375
218.96595764160156 52.40427780151367 173.86471557617188 48.60658645629883
311.736083984375 534.1844482421875 287.5675048828125 499.6033630371094
481.290283203125 516.7430419921875 459.2171630859375 491.8077697753906
546.0521240234375 536.1995239257812 508.9698181152344 545.8843994140625
669.798828125 290.21868896484375 691.1835327148438 284.7127990722656
745.7857055664062 565.655029296875 799.5478515625 597.0621948242188
179.59405517578125 0.620720624923706 184.69801330566406 22.071853637695312
506.0822448730469 107.03174591064453 490.0281982421875 105.66797637939453
541.079345703125 281.266357421875 396.92724609375 265.6725158691406
625.3707885742188 404.7245178222656 639.9534301757812 371.41741943359375
0.721522331237793 206.77757263183594 35.03082275390625 163.8233642578125
339.2545471191406 29.994630813598633 339.0010986328125 17.978883743286133
428.0069885253906 599.9793701171875 447.2249450683594 580.21875
88.48533630371094 146.33120727539062 104.425537109375 122.97281646728516
166.41659545898438 43.59520721435547 178.22744750976562 55.75065612792969
366.0495910644531 391.8593444824219 414.0060729980469 444.898681640625
65.55472564697266 96.94134521484375 79.5909194946289 107.54167938232422
269.4801330566406 1.2836207151412964 284.7209777832031 136.69374084472656
354.06634521484375 18.00244140625 353.51373291015625 33.01890563964844
508.38140869140625 42.94606018066406 507.1807861328125 78.97270202636719
539.396728515625 181.49574279785156 574.4547729492188 0.5069800019264221
59.98473358154297 180.52024841308594 30.980363845825195 179.6692352294922
73.65867614746094 212.31350708007812 69.88590240478516 172.1045379638672
74.657470703125 166.3079376220703 77.87615966796875 180.34027099609375
123.74919891357422 1.1126827001571655 142.80941772460938 43.53492736816406
186.88973999023438 22.221176147460938 198.06947326660156 23.23064613342285
47.962093353271484 151.71531677246094 75.14588928222656 148.09564208984375
40.714988708496094 100.12191772460938 66.04224395751953 96.2783432006836
671.4249267578125 541.4937744140625 628.1448364257812 228.11810302734375
207.92352294921875 296.46051025390625 147.2915496826172 305.0564880371094
85.84063720703125 114.64939880371094 108.02005767822266 116.79237365722656
0.871756374835968 106.43207550048828 32.0693244934082 109.22584533691406
188.1815948486328 235.468017578125 156.13682556152344 110.96478271484375
147.09559631347656 32.38618087768555 133.89511108398438 1.4717867374420166
294.9700012207031 121.10240173339844 283.00970458984375 0.8001978993415833
692.471923828125 284.8956604003906 703.9940795898438 337.0013122558594
58.65137481689453 245.94720458984375 60.11178207397461 180.9800262451172
75.00302124023438 182.8759765625 78.73199462890625 213.03314208984375
631.7227172851562 599.9590454101562 602.1690673828125 591.4151611328125
691.7125854492188 0.534661591053009 671.9074096679688 55.3279914855957
251.15652465820312 215.97715759277344 250.371826171875 244.95591735839844
86.64366912841797 272.16412353515625 105.02384185791016 312.0677795410156
490.1681823730469 425.9484558105469 482.04071044921875 557.12646484375
359.72723388671875 467.2175598144531 430.8042297363281 442.4384460449219
126.88081359863281 316.48040771484375 94.73704528808594 323.8536376953125
375.9276123046875 337.5338439941406 399.9677429199219 336.3468322753906
460.2577819824219 434.66619873046875 486.5738525390625 424.4830017089844
93.01264190673828 325.1607971191406 84.37120819091797 272.1024169921875
436.9737548828125 445.82867431640625 430.0971374511719 487.0162048339844
281.86370849609375 137.2779541015625 299.9089660644531 135.84979248046875
496.9833679199219 148.22280883789062 535.989990234375 151.1339111328125
522.798095703125 182.38697814941406 541.8677368164062 192.33689880371094
658.0136108398438 105.34288024902344 641.3948364257812 154.47183227539062
307.96282958984375 139.371826171875 434.00286865234375 151.97116088867188
335.4877014160156 481.6844482421875 329.81842041015625 490.8881530761719
