266
145.8357391357422 250.42088317871094 240.95079040527344 240.5269775390625
294.9669189453125 583.3511962890625 230.9803466796875 586.61474609375
403.0026550292969 54.08426284790039 702.0208740234375 44.66240310668945
283.8258972167969 234.9087677001953 239.82901000976562 241.92823791503906
226.9357452392578 586.8737182617188 177.98097229003906 589.6663818359375
637.9688110351562 437.9936218261719 659.57568359375 332.11749267578125
35.9079475402832 145.1281280517578 34.246864318847656 130.97103881835938
70.8486328125 342.3945617675781 23.55467987060547 354.2188415527344
59.02436065673828 191.34336853027344 6.007431983947754 195.10475158691406
119.38114929199219 187.04721069335938 114.18922424316406 118.98556518554688
167.96987915039062 183.93861389160156 163.91952514648438 119.94180297851562
313.04052734375 174.59219360351562 284.9667053222656 176.5137481689453
379.48492431640625 361.9546203613281 377.3332214355469 338.96881103515625
629.5040283203125 197.8301544189453 622.4525756835938 259.9378356933594
233.8487091064453 243.03631591796875 31.80490493774414 274.7573547363281
238.0928955078125 234.99151611328125 147.94732666015625 243.43785095214844
724.7611694335938 40.108219146728516 730.3546142578125 0.7660683989524841
504.85089111328125 209.59999084472656 499.5794372558594 237.92172241210938
211.1836700439453 180.0328826904297 208.88462829589844 122.96436309814453
701.0017700195312 54.070064544677734 528.0105590820312 58.42008972167969
29.914644241333008 271.43597412109375 0.8241991996765137 275.83831787109375
37.108802795410156 155.74688720703125 21.108585357666016 156.74342346191406
64.51106262207031 190.94895935058594 57.01518249511719 115.89860534667969
161.93939208984375 121.00321960449219 165.28858947753906 184.0377960205078
593.0177001953125 478.43511962890625 671.0108032226562 475.2658996582031
20.463106155395508 156.80833435058594 23.63848304748535 181.04736328125
0.9890233278274536 114.09410095214844 314.99755859375 117.24443054199219
111.58611297607422 117.10492706298828 116.85369873046875 188.08506774902344
203.9475860595703 43.473697662353516 0.997763454914093 21.02021598815918
207.1930389404297 122.9737319946289 208.47128295898438 181.03366088867188
249.8826141357422 176.9706573486328 249.05224609375 151.99826049804688
480.9974365234375 59.70103073120117 450.9996337890625 59.956783294677734
0.8414003252983093 200.9402618408203 314.0633239746094 176.82228088378906
318.2388916015625 595.0081787109375 317.0000915527344 480.0
427.11004638671875 230.05274963378906 429.5374755859375 178.97801208496094
463.7449645996094 177.98178100585938 465.3902282714844 154.95643615722656
466.52191162109375 213.99649047851562 466.3900146484375 232.0028533935547
704.9483032226562 222.1809539794922 708.40283203125 204.0768585205078
799.2947998046875 230.2971954345703 717.0732421875 221.328369140625
446.4407653808594 201.8787841796875 444.6394348144531 225.04971313476562
478.1023254394531 153.95156860351562 477.1790466308594 171.06361389160156
652.1995849609375 380.0405578613281 640.4034423828125 438.0820007324219
675.7606201171875 380.2540588378906 724.29931640625 43.898887634277344
33.98426055908203 278.9009704589844 0.8673107624053955 284.165283203125
248.08172607421875 157.0122833251953 247.8435516357422 177.99822998046875
430.2892761230469 390.9542541503906 423.6405334472656 348.89874267578125
654.656982421875 165.95460510253906 652.11669921875 185.14779663085938
39.63607406616211 181.0360870361328 37.16163635253906 156.0831298828125
716.8766479492188 224.09548950195312 711.8540649414062 270.20196533203125
692.1292114257812 370.01959228515625 716.822509765625 207.2765350341797
28.6008243560791 411.9261779785156 13.369778633117676 287.9545593261719
110.99974822998047 113.01427459716797 56.01689147949219 112.0433578491211
134.17633056640625 153.8888397216797 136.27223205566406 176.0687713623047
148.68128967285156 175.01809692382812 147.42962646484375 152.97560119628906
650.0133056640625 478.2845153808594 599.031494140625 480.6727600097656
665.5155029296875 187.9398193359375 668.2368774414062 166.0294189453125
17.86552619934082 131.89657592773438 19.453351974487305 145.184814453125
55.805755615234375 334.9403076171875 54.10543441772461 311.9921875
54.440887451171875 116.05492401123047 61.91180419921875 192.10690307617188
230.0167999267578 589.2937622070312 290.0491638183594 585.8594360351562
624.8606567382812 261.9834289550781 632.8322143554688 194.98004150390625
54.01214599609375 112.3000259399414 1.010756492614746 111.38019561767578
52.6937141418457 301.9360046386719 51.59623336791992 290.0372314453125
157.58143615722656 310.97314453125 156.6595458984375 291.0157165527344
244.01010131835938 47.90933609008789 207.02352905273438 43.788841247558594
648.8056640625 317.9713134765625 651.491455078125 299.7773132324219
655.9422607421875 399.2695007324219 709.9771118164062 9.858064651489258
0.8190940022468567 278.81231689453125 31.18090057373047 274.1876220703125
47.57307052612305 36.95118713378906 53.88824462890625 111.09469604492188
108.10967254638672 187.1244659423828 66.91633605957031 191.1421661376953
174.23751831054688 440.5960998535156 0.8704310059547424 509.6748352050781
502.4570617675781 181.02908325195312 503.455322265625 131.029052734375
282.98095703125 180.97311401367188 284.4625244140625 235.04212951660156
386.7161560058594 389.9530334472656 383.2339782714844 336.8534851074219
423.79364013671875 358.9756774902344 424.5923156738281 385.0431213378906
502.0277099609375 239.7212677001953 514.107177734375 240.92205810546875
429.86920166015625 178.3284912109375 629.8018798828125 198.0122833251953
634.6168212890625 195.9551544189453 626.7589721679688 263.0888366699219
640.9920654296875 11.635259628295898 608.0293579101562 12.351247787475586
732.62890625 43.94313049316406 705.5878295898438 220.39657592773438
49.023990631103516 15.802467346191406 222.0226287841797 36.81372833251953
180.0022735595703 592.0400390625 226.02423095703125 589.4266967773438
242.06346130371094 232.68443298339844 261.98492431640625 230.8373565673828
443.0 61.0 421.0 61.0
541.2858276367188 451.4556884765625 547.3820190429688 420.8768005371094
54.13521194458008 311.7121887207031 39.10731887817383 314.5652770996094
114.86641693115234 258.1462097167969 135.97552490234375 254.84353637695312
223.14743041992188 150.91014099121094 224.7225341796875 171.021728515625
319.17779541015625 488.9977111816406 320.54351806640625 594.9929809570312
416.2802734375 165.04714965820312 416.8713684082031 148.99526977539062
483.4347229003906 232.9527587890625 484.77630615234375 216.8977508544922
623.3232421875 259.78118896484375 466.304931640625 236.90682983398438
532.19775390625 226.98309326171875 531.9652099609375 238.0203399658203
581.5722045898438 360.8258361816406 563.53271484375 373.3255920410156
671.9818725585938 427.9617614746094 702.7605590820312 413.3832702636719
104.28768920898438 454.95245361328125 80.1909408569336 309.1336975097656
464.8475036621094 235.1037139892578 427.2882385253906 229.9139404296875
559.162353515625 159.0142059326172 557.4964599609375 178.04345703125
29.907289505004883 260.30499267578125 0.8900449275970459 264.17572021484375
486.8763427734375 171.99267578125 487.8857116699219 154.93406677246094
56.84237289428711 112.01630401611328 51.671653747558594 62.033966064453125
272.9698791503906 51.25777053833008 251.0358123779297 48.69364547729492
303.7781982421875 165.09788513183594 304.7202453613281 147.98460388183594
129.46046447753906 318.95904541015625 127.67146301269531 298.8512878417969
297.0312805175781 262.98992919921875 297.10577392578125 278.0044250488281
568.887939453125 179.09796142578125 571.0069580078125 159.89044189453125
234.44252014160156 170.00140380859375 234.50308227539062 150.99522399902344
371.8117980957031 64.99677276611328 367.7851257324219 300.0134582519531
480.13861083984375 284.0679931640625 481.04168701171875 268.9427795410156
547.5595703125 375.35125732421875 483.3861999511719 390.62286376953125
11.743549346923828 289.90771484375 27.877227783203125 419.89111328125
175.25172424316406 314.9872131347656 172.3587646484375 257.9817810058594
228.62646484375 276.916015625 229.50982666015625 294.0252990722656
559.6401977539062 367.7457580566406 544.6815185546875 447.75347900390625
776.030029296875 566.9168701171875 799.2490844726562 575.3109741210938
462.0388488769531 236.2140655517578 499.06494140625 235.02894592285156
541.39599609375 419.81219482421875 557.0696411132812 369.39984130859375
638.264404296875 297.1321105957031 636.3006591796875 315.92694091796875
770.6484375 599.329833984375 756.60986328125 584.3660278320312
799.3430786132812 395.5213928222656 693.9822998046875 371.076171875
785.30126953125 565.9259643554688 799.4322509765625 561.32861328125
250.78770446777344 469.962158203125 239.0159149169922 536.0028076171875
710.3798828125 272.20458984375 696.1508178710938 368.1706237792969
718.796875 226.71485900878906 799.0916748046875 236.22604370117188
92.19381713867188 449.9801330566406 84.92418670654297 379.00775146484375
236.5321502685547 535.7245483398438 249.08441162109375 468.8282165527344
262.3668518066406 230.08981323242188 260.8775634765625 203.00672912597656
295.74554443359375 148.9853973388672 295.8878479003906 166.0009307861328
465.0233459472656 391.3091125488281 434.9681396484375 393.5777282714844
712.2100219726562 269.5888977050781 799.2177124023438 282.53717041015625
724.1377563476562 123.04258728027344 741.7014770507812 66.2168197631836
799.0765380859375 209.20013427734375 717.0618286132812 201.35362243652344
210.9146728515625 226.81866455078125 237.99058532714844 225.7594757080078
716.3710327148438 36.91184997558594 667.4164428710938 386.1985168457031
38.46147155761719 315.06243896484375 41.00537872314453 336.9993896484375
144.4317626953125 293.88427734375 146.0570526123047 313.9953918457031
204.03890991210938 180.4672393798828 171.9285125732422 183.14169311523438
325.95050048828125 583.2822875976562 360.9906921386719 580.8651733398438
408.53759765625 148.98280334472656 407.94207763671875 164.9978485107422
799.0114135742188 577.9708862304688 769.266357421875 566.3199462890625
304.7712707519531 277.0420227050781 305.6461181640625 260.980712890625
412.89959716796875 271.0472106933594 413.69305419921875 255.931396484375
494.3370666503906 231.32557678222656 492.8789978027344 214.921875
697.3126831054688 367.6353759765625 799.4492797851562 391.0392761230469
734.016357421875 121.30376434326172 767.0216064453125 122.0777587890625
800.2659301757812 428.1570739746094 655.7373657226562 401.4196472167969
184.5597686767578 462.20733642578125 136.09959411621094 593.036865234375
398.7637023925781 532.0465087890625 406.8265380859375 573.0341186523438
397.97906494140625 119.54191589355469 688.048583984375 130.74154663085938
515.9503784179688 240.9872283935547 515.5873413085938 213.96524047851562
569.1946411132812 448.8556213378906 603.2306518554688 454.643798828125
637.4987182617188 0.4434201121330261 630.0430908203125 7.158205032348633
35.42513656616211 268.1939697265625 32.69515609741211 260.10284423828125
131.2641143798828 599.0983276367188 187.56640625 447.8385925292969
404.9645690917969 575.0067749023438 388.828857421875 490.8410949707031
589.0064086914062 251.94119262695312 608.1067504882812 254.01797485351562
578.9738159179688 446.2698059082031 621.9902954101562 444.72845458984375
709.9423828125 203.55624389648438 799.1251831054688 212.79103088378906
0.8985971212387085 9.798505783081055 45.075111389160156 15.408515930175781
69.3270492553711 545.18408203125 39.02480697631836 599.0139770507812
702.035888671875 48.6913948059082 315.08258056640625 56.894989013671875
705.272216796875 317.5555114746094 799.1419067382812 335.2470397949219
735.1961669921875 115.0340805053711 738.1509399414062 98.02621459960938
548.5977783203125 280.966796875 547.1900634765625 298.01568603515625
799.054443359375 174.19692993164062 727.1137084960938 169.32205200195312
224.67987060546875 353.0379943847656 283.7897644042969 333.3681640625
393.4612731933594 276.01123046875 397.1650390625 124.02838897705078
238.0850830078125 229.5326690673828 211.94358825683594 230.98397827148438
436.0079650878906 226.8116455078125 463.044189453125 227.95660400390625
0.8747314810752869 267.0985412597656 30.1433162689209 263.0313415527344
641.1959838867188 415.0572204589844 634.8846435546875 436.67437744140625
759.137939453125 572.5932006835938 746.3716430664062 599.6472778320312
726.9026489257812 175.2240447998047 799.082275390625 180.96563720703125
74.95884704589844 542.3456420898438 107.02071380615234 540.329345703125
105.42447662353516 481.2403564453125 70.34437561035156 543.1950073242188
496.00030517578125 212.22763061523438 467.0003662109375 212.26779174804688
738.4041137695312 0.7590264678001404 732.4681396484375 40.0706901550293
765.0551147460938 567.85791015625 799.3302001953125 581.1483764648438
114.7896728515625 199.99728393554688 114.039306640625 258.0005187988281
799.3607177734375 410.5176696777344 675.4014282226562 380.3505554199219
36.11802291870117 599.0669555664062 105.7805404663086 476.3079833984375
717.9710083007812 424.2518615722656 692.9784545898438 438.9634094238281
312.95751953125 50.35752868652344 244.96673583984375 42.279964447021484
229.8472900390625 587.1500854492188 234.46543884277344 561.0824584960938
340.9200744628906 343.0929260253906 372.1184387207031 340.3442077636719
756.9888305664062 93.44390869140625 799.0081787109375 93.14273071289062
194.98167419433594 378.039794921875 173.47528076171875 368.139892578125
799.0429077148438 116.23119354248047 753.9966430664062 115.13886260986328
84.99786376953125 296.42022705078125 102.09559631347656 285.57427978515625
217.55825805664062 369.5780944824219 269.67352294921875 384.1662902832031
315.37646484375 118.00238800048828 316.00494384765625 282.0038146972656
322.9648742675781 489.3192443847656 350.99346923828125 487.87359619140625
594.506103515625 93.94746398925781 591.8430786132812 118.98331451416016
242.99188232421875 42.066551208496094 52.89081954956055 18.895751953125
560.0125122070312 452.85076904296875 541.1455078125 451.2666931152344
615.4207763671875 292.67144775390625 611.9883422851562 319.6163635253906
663.1958618164062 456.375244140625 574.7933959960938 428.6589050292969
150.9958953857422 592.0704956054688 175.00425720214844 591.9645385742188
353.9948425292969 393.6461181640625 386.00262451171875 393.179443359375
788.99755859375 183.0333251953125 726.8929443359375 178.4507598876953
742.0015869140625 65.0612564086914 799.041015625 63.5952033996582
251.8978271484375 349.4801940917969 224.9559783935547 354.7760925292969
603.0420532226562 457.7489013671875 569.8015747070312 452.1855773925781
713.4613647460938 207.921875 711.0053100585938 224.85572814941406
238.38905334472656 293.006103515625 238.67247009277344 274.9791259765625
799.4446411132812 571.4545288085938 778.1900024414062 565.339599609375
35.07684326171875 249.63775634765625 0.7320210933685303 253.77586364746094
96.49040985107422 274.6022033691406 68.14796447753906 305.2110595703125
323.5892639160156 353.0806884765625 320.41448974609375 336.9185791015625
284.70489501953125 176.012451171875 284.98785400390625 159.99978637695312
726.7689208984375 351.744140625 749.10009765625 358.6776428222656
139.55393981933594 378.9510192871094 132.0354461669922 293.908447265625
673.1166381835938 482.9535217285156 683.5638427734375 509.17376708984375
44.91447448730469 17.76189422607422 0.9077398180961609 12.82187271118164
607.9267578125 250.1348114013672 621.9971923828125 251.04307556152344
286.12213134765625 329.1470642089844 319.185791015625 327.2662658691406
734.0105590820312 146.761962890625 781.051025390625 148.84954833984375
654.070556640625 516.0669555664062 675.0449829101562 514.679931640625
757.7384033203125 363.9560546875 787.4306640625 372.0806884765625
462.3343811035156 493.87274169921875 472.2427673339844 519.9075927734375
296.8663635253906 386.96697998046875 324.0384216308594 390.7220764160156
518.9036254882812 236.30474853515625 530.0643310546875 237.1289825439453
576.42919921875 368.941650390625 570.48876953125 427.0499572753906
667.3646240234375 385.6019592285156 799.0159301757812 419.9388732910156
794.9901123046875 241.4959716796875 719.9601440429688 242.9640655517578
799.1741333007812 20.604223251342773 739.7045288085938 24.580669403076172
387.9409484863281 339.715576171875 411.03131103515625 341.62054443359375
469.9469299316406 330.2585144042969 547.1823120117188 346.1118469238281
676.7899169921875 538.4373779296875 697.0870971679688 541.4041137695312
715.0175170898438 461.1510009765625 735.9671630859375 458.7171630859375
399.964111328125 386.4722900390625 392.96826171875 386.3017578125
507.98291015625 347.16632080078125 530.1597290039062 349.446533203125
697.2286376953125 136.0547332763672 701.3484497070312 118.84403228759766
716.1488037109375 174.3964080810547 732.916259765625 122.97270202636719
784.9554443359375 378.05706787109375 799.0568237304688 378.6515808105469
91.12144470214844 254.96202087402344 83.77169036865234 248.25
642.7739868164062 0.9793564081192017 641.7692260742188 11.978917121887207
718.83447265625 599.8804931640625 737.80859375 560.3480224609375
323.76361083984375 336.70867919921875 326.2817687988281 351.9534606933594
134.9473876953125 252.67568969726562 125.8189697265625 197.8636016845703
726.3552856445312 555.088134765625 701.7717895507812 599.4279174804688
346.3128356933594 388.1044921875 341.124267578125 353.9811096191406
798.4532470703125 525.4415893554688 694.48046875 486.0062561035156
566.6861572265625 242.69927978515625 589.9990844726562 247.00503540039062
535.6923217773438 240.07949829101562 534.8938598632812 226.94566345214844
786.1513671875 147.90896606445312 799.1781005859375 149.71630859375
610.9807739257812 447.3163757324219 579.0060424804688 448.21484375
548.279296875 447.763916015625 561.292724609375 450.7044677734375
122.08807373046875 295.66290283203125 124.23771667480469 321.7330322265625
322.3324279785156 355.47015380859375 330.38385009765625 390.9128112792969
326.9366760253906 391.4955749511719 318.61590576171875 356.8520812988281
305.4000549316406 309.7388916015625 290.8406982421875 316.6651306152344
608.06689453125 241.39988708496094 591.0579223632812 242.21263122558594
736.0599365234375 461.14849853515625 708.1649780273438 472.40869140625
120.81360626220703 326.7908630371094 95.11942291259766 338.4640197753906
622.0560302734375 220.50865173339844 447.925048828125 200.65756225585938
611.9230346679688 532.7774047851562 664.104736328125 537.9420776367188
645.8555908203125 329.4701843261719 627.7230834960938 323.9018249511719
635.7538452148438 600.8071899414062 676.9791870117188 537.986328125
348.07647705078125 352.8331604003906 352.90911865234375 384.01409912109375
489.089599609375 519.5585327148438 529.0595092773438 522.042724609375
48.16835403442383 260.822998046875 74.10578155517578 255.51708984375
548.9393920898438 525.6071166992188 594.9798583984375 530.2017211914062
704.6596069335938 229.95726013183594 692.591796875 326.0743103027344
644.1616821289062 14.015275001525879 645.3966674804688 0.943001389503479
662.8325805664062 539.077392578125 614.1390991210938 600.6905517578125
