302
520.8710327148438 166.99864196777344 520.712646484375 182.0075225830078
219.08316040039062 120.18243408203125 567.1198120117188 95.70344543457031
780.00537109375 81.0624008178711 764.0374755859375 82.43549346923828
34.9477653503418 598.9353637695312 142.20115661621094 512.2489013671875
349.1962890625 267.0732116699219 350.7486267089844 284.1139831542969
390.0965881347656 257.80999755859375 388.31597900390625 285.02069091796875
799.4498291015625 385.0588684082031 745.1533813476562 393.043212890625
590.985107421875 283.2536926269531 685.9872436523438 281.3591003417969
0.4297342896461487 580.257568359375 67.06105041503906 529.0794677734375
589.9954223632812 330.9894104003906 590.4423217773438 372.99530029296875
0.5437794923782349 495.2498779296875 50.805606842041016 464.6803894042969
520.9757080078125 286.7227478027344 305.9774475097656 290.8161926269531
298.99371337890625 233.79922485351562 265.9634704589844 234.83518981933594
389.9690856933594 287.4976806640625 400.9888916015625 286.8196105957031
728.9856567382812 75.79093933105469 782.0106201171875 72.15462493896484
303.03753662109375 236.10906982421875 521.05859375 228.73117065429688
590.99267578125 326.7639465332031 685.001220703125 326.2075500488281
590.9661254882812 244.930419921875 690.0567626953125 241.7935333251953
367.8910217285156 458.9794616699219 339.46514892578125 404.2391662597656
244.9901885986328 110.86438751220703 566.8958740234375 87.5615234375
688.8761596679688 234.99227905273438 689.5629272460938 223.97276306152344
262.9649353027344 542.270751953125 278.76995849609375 519.837890625
356.923828125 447.04449462890625 334.0837097167969 407.9510803222656
568.0548095703125 95.77378845214844 545.0286254882812 97.40435028076172
690.4712524414062 222.95144653320312 688.3516845703125 377.0048522949219
527.9869995117188 98.7687759399414 505.00341796875 100.06088256835938
687.01904296875 331.33441162109375 591.0009765625 332.1170654296875
150.8692626953125 502.84857177734375 245.94207763671875 420.7745056152344
521.89892578125 197.0003662109375 521.9893188476562 222.0000457763672
254.9385528564453 178.80130004882812 565.9415893554688 162.86053466796875
315.66094970703125 593.17822265625 588.7908325195312 480.4929504394531
272.3681945800781 425.3902893066406 104.91203308105469 598.9151000976562
255.3571014404297 575.2471923828125 238.619140625 599.4285888671875
49.414939880371094 468.6796875 0.6601884961128235 498.443359375
64.3648452758789 534.4730834960938 0.19837020337581635 583.9605712890625
234.98904418945312 104.0527114868164 167.57504272460938 90.04520416259766
252.07940673828125 197.04763793945312 86.0478744506836 209.63165283203125
357.38714599609375 469.7830505371094 253.8404083251953 492.26495361328125
583.953857421875 225.47373962402344 693.0355834960938 222.1781005859375
688.0603637695312 286.3993225097656 591.055419921875 288.12115478515625
685.2152099609375 374.98876953125 685.8158569335938 332.9830627441406
197.02220153808594 560.2037963867188 240.90179443359375 544.8594970703125
255.71603393554688 514.0208129882812 256.88671875 530.00830078125
287.6336364746094 555.9834594726562 261.5409851074219 599.32568359375
336.5977478027344 407.09967041015625 357.29693603515625 443.8326721191406
689.9696655273438 237.08489990234375 589.913818359375 240.39852905273438
265.97491455078125 237.10140991210938 297.0065612792969 236.23512268066406
722.3025512695312 204.0096435546875 715.80419921875 407.9618835449219
157.43617248535156 350.9119567871094 205.1079864501953 326.2083740234375
0.33492231369018555 401.44512939453125 214.01895141601562 310.0443115234375
270.2318115234375 384.1003112792969 17.650535583496094 599.7619018554688
116.52555847167969 372.0751953125 78.77025604248047 390.5299987792969
111.0752182006836 218.6440887451172 221.9642791748047 205.69415283203125
222.0025634765625 164.06626892089844 140.0004425048828 163.84117126464844
189.1571044921875 505.165771484375 139.378173828125 552.3438720703125
301.4810791015625 232.95413208007812 299.4881896972656 212.04879760742188
727.3201293945312 91.01335906982422 724.984130859375 146.9993438720703
249.91134643554688 454.8515930175781 275.5328063964844 427.43231201171875
471.03533935546875 102.45457458496094 446.0310363769531 104.39893341064453
520.2190551757812 228.99668884277344 521.0816040039062 286.0138854980469
587.5576171875 363.9985656738281 588.0062255859375 227.0032958984375
617.5277099609375 419.993408203125 617.9275512695312 452.00091552734375
0.48829135298728943 409.8162841796875 41.95307922363281 391.8914489746094
266.2803039550781 346.4129333496094 -0.16943369805812836 527.2771606445312
177.7964630126953 350.33758544921875 236.89012145996094 343.1025390625
687.085693359375 281.9533386230469 688.8677368164062 247.04429626464844
724.4534912109375 173.0218963623047 723.6904907226562 153.97235107421875
90.81645202636719 389.62420654296875 176.8150634765625 347.621337890625
173.1114044189453 291.3609313964844 125.69060516357422 305.99761962890625
423.9756164550781 105.69895935058594 405.01904296875 107.23494720458984
686.9677734375 219.10092163085938 589.9849243164062 222.57948303222656
696.701416015625 221.99026489257812 703.2886962890625 19.911617279052734
142.62747192382812 513.5643310546875 100.00604248046875 550.007080078125
404.31365966796875 285.9559326171875 400.6141357421875 259.6325988769531
590.2100219726562 284.9988708496094 590.431884765625 325.99224853515625
81.28617095947266 435.4989929199219 14.037508964538574 474.0653991699219
237.4592742919922 346.9934387207031 133.99505615234375 394.8262634277344
254.85406494140625 529.99462890625 219.96604919433594 532.533447265625
214.2802734375 478.26983642578125 255.07327270507812 438.0598449707031
253.8191680908203 404.8683166503906 273.35595703125 386.43731689453125
243.94564819335938 29.44871711730957 540.918212890625 0.17060166597366333
591.955078125 479.8916931152344 614.2635498046875 470.6351318359375
729.1224365234375 0.9676527976989746 725.9880981445312 85.99955749511719
44.52728271484375 393.1294250488281 0.4060952067375183 413.7278747558594
-0.06462805718183517 541.4526977539062 164.4767608642578 428.2395324707031
10.815689086914062 222.36878967285156 128.01429748535156 209.12649536132812
306.0279846191406 290.9282531738281 302.258056640625 236.91220092773438
121.89952087402344 204.16671752929688 174.97195434570312 197.76736450195312
260.4288330078125 302.9386291503906 0.8113653659820557 442.64947509765625
196.20144653320312 441.0428466796875 239.1649169921875 405.1976623535156
519.4381103515625 108.99095916748047 520.44970703125 158.0113525390625
582.9388427734375 484.8541564941406 549.0320434570312 499.076416015625
688.9828491210938 141.67367553710938 607.9442138671875 145.93994140625
710.0636596679688 77.97575378417969 702.010498046875 388.974365234375
80.0081787109375 329.0230407714844 0.7095667123794556 357.1820983886719
173.55030822753906 401.340576171875 221.674072265625 368.5220642089844
226.95989990234375 206.0037384033203 234.51336669921875 286.8586120605469
253.2263641357422 490.9825744628906 250.37718200683594 453.9709777832031
506.9958801269531 60.899234771728516 479.0019226074219 62.04697799682617
552.062255859375 214.9998016357422 552.003173828125 195.99998474121094
639.0015258789062 150.0338592529297 689.0338745117188 147.73817443847656
687.0034790039062 377.5635681152344 590.99365234375 376.80157470703125
248.95877075195312 189.49447631835938 192.01126098632812 194.13818359375
376.99365234375 108.92924499511719 351.02337646484375 111.2604751586914
492.09661865234375 384.9744567871094 489.3816223144531 480.9825134277344
552.1116333007812 195.7833251953125 540.0337524414062 196.5393524169922
553.3964233398438 335.0037536621094 553.442138671875 317.9985046386719
72.961181640625 209.57321166992188 17.961381912231445 214.5753936767578
0.3660379946231842 478.9263610839844 127.8079605102539 403.6747741699219
156.32798767089844 347.695556640625 5.020961761474609 419.0444641113281
591.9668579101562 199.05596923828125 666.979736328125 196.423095703125
711.551513671875 19.011476516723633 710.407470703125 73.9876708984375
62.229923248291016 540.0158081054688 153.6171417236328 468.51068115234375
114.05027770996094 138.5916748046875 172.04776000976562 140.66232299804688
347.9303894042969 289.23211669921875 373.8983459472656 286.8784484863281
439.8534851074219 436.94073486328125 477.41748046875 400.4914245605469
686.9510498046875 189.94334411621094 593.9190063476562 194.2509002685547
697.4866333007812 275.0083312988281 698.3601684570312 223.98904418945312
123.24951171875 439.84197998046875 195.8599853515625 392.7839660644531
239.33067321777344 429.3801574707031 178.35919189453125 482.4129638671875
356.6018981933594 204.0279083251953 357.8627014160156 222.00962829589844
498.99493408203125 280.8546447753906 520.0739135742188 280.11962890625
569.00146484375 408.0001220703125 566.0592041015625 448.0043640136719
314.89801025390625 258.97283935546875 315.6544494628906 283.9801940917969
721.0260009765625 405.57232666015625 742.0092163085938 406.848876953125
120.75949096679688 331.02728271484375 122.5765151977539 347.04803466796875
0.5621142983436584 73.81739807128906 220.16346740722656 107.94824981689453
232.6663360595703 566.1812744140625 270.24407958984375 513.1730346679688
283.9247741699219 224.977783203125 283.5166931152344 207.9875946044922
298.2973327636719 214.97300720214844 299.9349060058594 233.0059051513672
382.5621032714844 416.6934814453125 397.5783996582031 444.22991943359375
481.0032958984375 285.0577087402344 499.9986877441406 283.9772033691406
540.5067749023438 318.0272521972656 541.4981079101562 335.97247314453125
590.0078735351562 372.9964599609375 685.0177001953125 373.74224853515625
686.2059936523438 327.0054626464844 687.318359375 284.95550537109375
123.09493255615234 200.2064666748047 0.985404372215271 209.8144989013672
106.68727111816406 219.16307067871094 117.97222900390625 310.0034484863281
183.2510528564453 536.2877197265625 122.8442153930664 599.8029174804688
155.26731872558594 480.3321533203125 212.93626403808594 433.9208068847656
375.6653137207031 336.01983642578125 374.7171936035156 320.0167541503906
524.7642211914062 444.99542236328125 525.2492065429688 313.982421875
0.902091920375824 29.384044647216797 246.52862548828125 92.00397491455078
311.88885498046875 285.56512451171875 347.0650939941406 282.840087890625
368.6357727050781 222.00291442871094 368.4920959472656 204.00405883789062
583.7265014648438 241.01751708984375 582.8253173828125 226.9471435546875
106.27812957763672 335.71014404296875 0.3012254536151886 377.2158203125
247.8948516845703 152.28720092773438 79.87238311767578 138.56227111816406
702.0074462890625 389.8136901855469 574.0062255859375 389.008056640625
760.9168701171875 406.544921875 798.4149169921875 432.8345031738281
1.0401242971420288 139.1471710205078 124.00318145751953 144.9324493408203
156.0633544921875 449.0821838378906 183.29754638671875 428.0887145996094
181.61387634277344 516.6006469726562 225.8411407470703 473.8357238769531
293.1562194824219 336.9912414550781 292.2038879394531 319.98858642578125
504.1427307128906 482.9085998535156 488.7374572753906 485.3287658691406
781.0621337890625 74.83226776123047 728.9049682617188 78.7275161743164
154.02281188964844 316.0592041015625 138.0779266357422 322.2022705078125
0.944484531879425 194.81951904296875 218.97958374023438 184.56581115722656
334.5335998535156 411.2271423339844 358.4822998046875 458.7490539550781
539.2883911132812 196.97463989257812 539.6433715820312 215.00701904296875
669.96826171875 196.1627655029297 687.0195922851562 195.5166778564453
133.44300842285156 422.7010498046875 28.86540985107422 488.7870178222656
103.80440521240234 542.7744140625 38.411407470703125 599.4744873046875
101.49800109863281 512.643310546875 60.996726989746094 543.9957885742188
274.6308288574219 418.1491394042969 316.1721496582031 409.8630676269531
539.1113891601562 475.9035949707031 510.0597839355469 479.48486328125
99.92213439941406 114.7396240234375 212.91954040527344 119.79742431640625
486.5089111328125 486.00103759765625 486.6841125488281 400.9931640625
605.0125732421875 146.24139404296875 591.94384765625 146.92250061035156
101.17176055908203 169.98565673828125 102.68473052978516 188.10980224609375
185.4331817626953 429.5999450683594 152.35108947753906 453.4862365722656
564.1425170898438 423.0191345214844 560.8090209960938 447.8400573730469
632.9895629882812 461.34161376953125 496.99395751953125 457.1983642578125
77.10950469970703 64.34829711914062 107.91197204589844 69.52388763427734
82.00743103027344 155.5806427001953 134.0265350341797 156.50253295898438
81.6011962890625 598.5796508789062 163.1764373779297 521.1859741210938
0.8294961452484131 112.70677947998047 249.54415893554688 137.5529022216797
567.0259399414062 90.3619384765625 247.02252197265625 113.31391906738281
547.0543212890625 500.1297302246094 508.1744384765625 516.4163818359375
591.0630493164062 270.0048522949219 590.0592651367188 283.00457763671875
66.99079132080078 136.1538848876953 17.986801147460938 133.22048950195312
272.0326843261719 207.99673461914062 273.7333068847656 225.02662658691406
609.015625 268.1956787109375 592.0438842773438 269.5502014160156
590.9735717773438 152.22157287597656 631.994140625 150.82821655273438
709.4772338867188 401.8713073730469 720.890625 0.797687828540802
780.8190307617188 84.99327087402344 779.7412109375 113.9903793334961
184.0912628173828 105.11283111572266 151.91737365722656 101.80317687988281
700.6796875 225.01124572753906 699.8693237304688 274.0143737792969
39.971492767333984 210.6850128173828 61.9722900390625 208.69381713867188
127.9625244140625 211.71835327148438 0.5568344593048096 228.66905212402344
222.00335693359375 184.115478515625 250.9497833251953 183.27354431152344
218.9849853515625 383.64569091796875 245.00396728515625 383.357177734375
374.2373352050781 283.12469482421875 371.3191833496094 265.2747802734375
121.56495666503906 308.92999267578125 110.39862060546875 218.82667541503906
108.21610260009766 70.97140502929688 196.11788940429688 89.43885803222656
126.44970703125 346.6431579589844 124.00395202636719 329.853759765625
126.77899932861328 381.0279541015625 129.176025390625 399.97772216796875
214.03834533691406 502.0741882324219 199.72677612304688 509.4714050292969
490.9552001953125 480.7650451660156 503.974365234375 480.2928771972656
38.5697021484375 479.3086853027344 156.36880493164062 405.9859313964844
150.01766967773438 162.53916931152344 241.05099487304688 159.55633544921875
243.60679626464844 387.4479064941406 219.45999145507812 404.6458740234375
742.9573364257812 408.3973083496094 721.9768676757812 407.75701904296875
66.0548095703125 101.56864929199219 103.09213256835938 106.2749252319336
0.10164464265108109 352.5072021484375 115.59808349609375 310.8847351074219
248.98150634765625 144.24740600585938 175.86683654785156 138.78114318847656
277.0658874511719 536.9600830078125 286.575439453125 552.6512451171875
508.0056457519531 52.005088806152344 501.8741455078125 58.78995895385742
665.0032958984375 199.0773468017578 592.0509033203125 202.19264221191406
687.12451171875 268.2926330566406 646.33203125 261.113525390625
103.8878173828125 109.01504516601562 0.8205311298370361 97.62382507324219
193.25050354003906 290.6546325683594 176.08535766601562 297.2230529785156
28.06835174560547 200.6719970703125 0.9421386122703552 203.43113708496094
580.90771484375 88.01615142822266 582.8889770507812 222.00164794921875
68.96392822265625 63.165130615234375 18.9475040435791 52.24033737182617
58.21674346923828 600.3981323242188 267.7679138183594 418.03143310546875
109.92532348632812 67.32184600830078 8.071877479553223 43.690208435058594
0.927081823348999 55.35258102416992 120.00431060791016 79.97916412353516
450.32171630859375 319.96942138671875 450.6927185058594 336.0071105957031
608.8713989257812 127.02781677246094 667.015380859375 123.23556518554688
133.9629669189453 158.37576293945312 74.93338775634766 161.876953125
50.942996978759766 457.90350341796875 260.1734313964844 334.2935485839844
594.9600219726562 174.26760864257812 634.9500732421875 172.0854034423828
643.8861083984375 502.7398376464844 675.0433349609375 489.0989990234375
637.04638671875 171.3397979736328 658.0020751953125 171.9251251220703
667.7863159179688 124.9856185913086 666.9065551757812 138.0609893798828
725.9879760742188 464.3544921875 636.9885864257812 461.33697509765625
103.99915313720703 166.7880859375 222.00009155273438 166.91482543945312
26.0092830657959 51.957706451416016 53.978736877441406 58.09688186645508
557.9904174804688 345.98876953125 535.990966796875 345.8829345703125
791.637451171875 11.11220932006836 793.4349365234375 0.9005389213562012
106.70381164550781 188.03616333007812 104.47920227050781 169.81936645507812
693.5065307617188 97.96199035644531 691.114501953125 191.95201110839844
798.564697265625 439.8479919433594 744.4302978515625 412.0577087402344
148.11143493652344 110.71732330322266 1.101144552230835 75.57685852050781
623.9613037109375 531.0827026367188 593.1533813476562 516.672119140625
169.75265502929688 87.16390991210938 75.54458618164062 67.1429443359375
247.7636260986328 599.476806640625 279.3698425292969 548.8552856445312
115.93763732910156 134.78158569335938 3.932602882385254 125.84468078613281
150.98770141601562 308.9656982421875 81.017578125 334.0490417480469
132.2965087890625 398.0736999511719 130.29466247558594 378.9691162109375
573.0162963867188 394.5961608886719 713.1915283203125 400.2545471191406
717.0517578125 410.8912048339844 572.0408935546875 407.3324890136719
799.7245483398438 512.4459838867188 771.9086303710938 476.0698547363281
708.14306640625 513.7057495117188 723.1351318359375 510.66668701171875
118.97982025146484 147.53526306152344 0.9590522646903992 143.0862274169922
152.94625854492188 156.52926635742188 137.89833068847656 155.00111389160156
276.616455078125 503.56201171875 283.7694091796875 516.5771484375
570.89697265625 323.1216735839844 569.5430908203125 344.227294921875
587.7843017578125 221.00003051757812 587.7667846679688 105.00003814697266
34.98992919921875 122.12810516357422 0.886236310005188 119.44715881347656
35.615028381347656 544.8303833007812 263.6778259277344 375.9151916503906
318.9327392578125 475.7347106933594 365.95208740234375 463.81103515625
693.0717163085938 60.76160430908203 586.6964111328125 70.77483367919922
111.81952667236328 80.93850708007812 6.076140880584717 60.60405349731445
71.00121307373047 159.82749938964844 0.9976398348808289 159.33648681640625
723.0513305664062 147.00221252441406 725.5049438476562 89.97869873046875
53.03784942626953 47.84492111206055 0.5059751272201538 35.02423095703125
373.070068359375 262.9464416503906 349.90093994140625 264.6618347167969
204.0721435546875 599.8487548828125 230.04739379882812 567.0375366210938
472.0005187988281 346.5189514160156 433.99859619140625 346.5560302734375
457.97021484375 281.40325927734375 482.0101318359375 280.2027893066406
590.9808349609375 103.7096176147461 692.002197265625 97.033203125
726.4307861328125 6.254957675933838 570.1693725585938 19.065685272216797
300.1663513183594 415.7807922363281 274.8253173828125 421.18023681640625
405.99530029296875 282.2490234375 418.0064392089844 282.2943115234375
580.755126953125 43.99863052368164 580.5313720703125 83.99178314208984
606.9595947265625 535.7898559570312 651.058837890625 527.305908203125
657.921875 524.5770874023438 697.2423706054688 517.3115844726562
504.92535400390625 562.7652587890625 543.1896362304688 550.5962524414062
574.4178466796875 446.9407043457031 570.1668090820312 416.9763488769531
272.9643249511719 383.4563293457031 364.00250244140625 382.17950439453125
505.97796630859375 516.9459838867188 473.1386413574219 530.3399047851562
589.3116455078125 69.99913787841797 589.2481689453125 46.99655532836914
590.7630615234375 517.4780883789062 617.611083984375 530.78466796875
723.7161865234375 215.99392700195312 724.3161010742188 187.9853515625
774.0570678710938 101.0475845336914 761.358642578125 383.15118408203125
424.1099548339844 280.99615478515625 423.72308349609375 269.939697265625
690.171630859375 194.9811553955078 690.0048828125 220.00669860839844
0.9962936639785767 166.5188446044922 101.00302124023438 166.76287841796875
245.1953125 98.13275909423828 201.91329956054688 88.38495635986328
462.93890380859375 388.1390686035156 478.19189453125 394.83953857421875
702.4161376953125 28.817800521850586 689.2600708007812 30.760778427124023
426.8519592285156 281.731201171875 438.9210205078125 280.3230895996094
553.8317260742188 550.3202514648438 598.09033203125 539.3648681640625
329.9840393066406 389.7015380859375 463.9216613769531 382.5357360839844
514.0433959960938 251.51412963867188 316.97589111328125 257.1582946777344
28.00350570678711 131.9171600341797 51.00463104248047 132.89060974121094
640.6151733398438 268.3191223144531 621.8366088867188 261.4464111328125
451.53070068359375 395.383056640625 435.4183349609375 433.7557678222656
276.2840270996094 599.3944702148438 281.2069091796875 583.3707885742188
487.7873840332031 500.004638671875 487.5260925292969 488.01031494140625
723.4544677734375 511.29541015625 771.6385498046875 600.2786865234375
582.172119140625 43.96991729736328 701.3111572265625 33.56208038330078
666.0383911132812 150.44627380371094 640.05859375 152.68087768554688
510.5578918457031 63.07185363769531 512.7606201171875 45.96916961669922
0.978316605091095 200.10707092285156 18.99197769165039 199.6696319580078
36.005794525146484 205.0719451904297 78.96882629394531 201.61282348632812
697.7380981445312 518.1182861328125 734.7314453125 600.0245971679688
751.390625 599.3048706054688 708.9666748046875 514.5162963867188
650.3619384765625 530.1873779296875 670.6029663085938 599.1165771484375
685.2669677734375 599.2745361328125 657.8443603515625 526.0582885742188
663.0010375976562 294.7204895019531 651.001220703125 294.6751708984375
