197
410.052978515625 188.06231689453125 411.7183532714844 159.9241485595703
613.911376953125 279.2505798339844 388.9314270019531 290.6464538574219
370.8540344238281 201.0261688232422 373.6112060546875 111.01872253417969
528.9002075195312 151.99386596679688 529.8273315429688 136.92784118652344
724.0000610351562 203.19578552246094 687.0000610351562 203.19219970703125
674.9522094726562 276.0024719238281 617.9393310546875 278.7330627441406
435.2278137207031 114.9620132446289 430.99493408203125 200.999755859375
433.73004150390625 201.0346221923828 437.8081970214844 115.038330078125
510.999267578125 277.1798400878906 619.0056762695312 277.6280517578125
595.9152221679688 202.08360290527344 602.224609375 133.02052307128906
305.9996337890625 205.9546356201172 685.9991455078125 206.10446166992188
394.9640197753906 159.99896240234375 394.21234130859375 186.03500366210938
712.8890380859375 190.98336791992188 716.1812744140625 169.0271759033203
416.85150146484375 371.67877197265625 368.8953552246094 377.0690002441406
491.81170654296875 201.05197143554688 496.9372253417969 120.99597930908203
513.5850830078125 162.9736328125 511.990478515625 188.06295776367188
300.3656311035156 473.9969177246094 300.0400695800781 541.0001831054688
545.6526489257812 201.0529327392578 551.8224487304688 124.985595703125
259.9206848144531 473.47412109375 362.0118408203125 458.0785827636719
402.9989013671875 360.0561828613281 404.40972900390625 334.966796875
494.82733154296875 118.91777801513672 489.0715637207031 201.00502014160156
629.6168212890625 155.0724334716797 631.1633911132812 141.90176391601562
683.6762084960938 207.83717346191406 675.3029174804688 275.9142761230469
799.0011596679688 57.990291595458984 329.0754699707031 0.38436445593833923
274.8032531738281 186.99969482421875 274.8521423339844 155.99818420410156
411.96978759765625 147.99830627441406 412.8722229003906 131.93663024902344
474.9984436035156 199.93710327148438 434.97344970703125 200.93441772460938
525.5198364257812 189.95765686035156 527.8184204101562 163.89578247070312
598.173583984375 164.13478088378906 593.8271484375 201.9801483154297
303.2412109375 4.9953107833862305 302.7777404785156 79.99862670898438
549.7557983398438 125.97771453857422 542.828125 201.89305114746094
389.996337890625 297.1137390136719 305.0516357421875 294.3897399902344
404.5700378417969 324.0482482910156 405.76788330078125 309.8957214355469
643.4569091796875 181.06072998046875 640.6618041992188 202.0879669189453
705.2330322265625 168.8943634033203 702.4365844726562 189.19786071777344
387.9670715332031 287.12109375 335.0039978027344 289.1062927246094
511.0705871582031 504.3531799316406 258.75482177734375 554.7730102539062
441.1563415527344 25.943052291870117 435.4893798828125 109.89803314208984
609.13525390625 340.15576171875 612.1717529296875 318.0235595703125
275.110595703125 344.7241516113281 258.052490234375 345.8183288574219
371.1883544921875 110.97257232666016 368.146240234375 201.00494384765625
388.6236267089844 336.98333740234375 387.5611877441406 360.9805603027344
618.0130615234375 270.684326171875 513.9935302734375 269.6540832519531
625.6001586914062 190.17160034179688 628.190185546875 166.0203857421875
513.2573852539062 349.11480712890625 515.3814086914062 325.8522033691406
585.9601440429688 257.6791076660156 619.080810546875 259.6220397949219
615.7708740234375 165.97935485839844 613.6102905273438 189.9648895263672
490.34429931640625 599.1461181640625 525.332763671875 516.716796875
251.95370483398438 599.0089721679688 247.701171875 102.00255584716797
304.2265319824219 296.01788330078125 305.53900146484375 205.9932861328125
365.01171875 327.9776916503906 362.370361328125 445.00836181640625
430.00286865234375 200.61044311523438 375.99896240234375 200.4993438720703
255.4365997314453 154.98658752441406 255.71702575683594 185.01197814941406
389.6412048339844 309.98699951171875 389.13153076171875 324.0410461425781
410.978759765625 159.35284423828125 395.9129638671875 158.4460906982422
250.86245727539062 102.34229278564453 736.947998046875 130.88563537597656
311.03271484375 0.7308870553970337 799.115966796875 60.04554748535156
388.0277099609375 274.7067565917969 341.9417419433594 276.5142822265625
421.5677490234375 496.98004150390625 425.5387268066406 411.02490234375
693.6897583007812 332.1069030761719 696.9619750976562 310.9941101074219
404.1205749511719 334.36798095703125 389.061279296875 335.69525146484375
532.1045532226562 360.0090026855469 538.1386108398438 289.92584228515625
736.2853393554688 131.8994140625 706.71923828125 341.9604797363281
501.5672912597656 326.9727478027344 500.11181640625 350.070068359375
686.264892578125 311.9013366699219 683.5570678710938 332.07476806640625
253.99996948242188 204.1083221435547 292.9997253417969 204.1177215576172
297.0962219238281 387.0899353027344 254.98301696777344 390.8076171875
330.0318603515625 291.9903869628906 388.03619384765625 290.1250915527344
87.22757720947266 509.2386474609375 0.8367223143577576 525.111328125
274.9609680175781 155.44351196289062 256.97412109375 154.9572296142578
799.44775390625 209.07398986816406 772.001953125 375.1655578613281
248.04644775390625 303.9000244140625 151.99266052246094 308.8577575683594
275.3650817871094 333.0048522949219 275.5641784667969 317.9942321777344
428.0918884277344 0.2944362163543701 706.065673828125 36.49583435058594
687.9996948242188 205.93589782714844 724.0035400390625 205.7716522216797
365.9635314941406 378.0293884277344 368.2526550292969 302.9772033691406
475.9765625 282.5602111816406 499.0176696777344 281.3315734863281
583.7354125976562 410.35205078125 629.9732055664062 405.7319030761719
708.0255126953125 36.8077278137207 799.0160522460938 48.879093170166016
118.7293701171875 543.449951171875 249.92050170898438 520.5446166992188
257.3135681152344 346.00482177734375 257.5029296875 373.00347900390625
386.73345947265625 598.8252563476562 432.5008239746094 529.0171508789062
599.8558959960938 318.98638916015625 597.7798461914062 340.9792175292969
301.4032897949219 387.9928894042969 300.5928649902344 456.01898193359375
433.5410461425781 506.0057678222656 431.3946228027344 335.0452575683594
702.9918212890625 343.9205627441406 623.903076171875 352.0582580566406
520.810546875 533.3423461914062 493.0673828125 599.0284423828125
299.8531494140625 301.00146484375 300.02545166015625 201.0000457763672
437.0119323730469 283.8774719238281 452.0102233886719 284.03680419921875
621.9747924804688 268.33172607421875 646.0040283203125 268.7864990234375
645.3158569335938 268.0317077636719 648.4353637695312 236.94334411621094
435.0356750488281 111.36064910888672 386.0208435058594 108.62648010253906
64.043212890625 270.2806701660156 0.9800428748130798 272.4085388183594
433.1517028808594 532.0992431640625 388.9797058105469 599.6407470703125
600.8384399414062 567.9696044921875 594.994384765625 598.9989624023438
302.3782653808594 195.00381469726562 303.2040710449219 113.0020523071289
0.9658419489860535 258.55047607421875 92.04782104492188 251.62933349609375
592.4690551757812 599.0922241210938 598.8236083984375 566.7687377929688
392.9329528808594 285.0108947753906 391.2743835449219 274.79315185546875
527.87939453125 163.4623565673828 513.89208984375 162.3090362548828
255.4298858642578 124.99185943603516 255.5210418701172 141.0027313232422
275.3705139160156 372.0029602050781 275.586181640625 344.9967041015625
346.1513977050781 381.30926513671875 301.17462158203125 386.5101318359375
365.4188537597656 421.0005798339844 365.45819091796875 392.0006103515625
65.9952163696289 181.8211212158203 0.9915984869003296 181.44253540039062
480.04498291015625 397.9933776855469 479.7124328613281 495.99224853515625
61.02122116088867 154.01797485351562 0.9628283977508545 152.7200927734375
48.07284164428711 311.348388671875 140.02059936523438 306.3812255859375
253.09963989257812 390.9900207519531 254.9897918701172 599.0091552734375
308.7570495605469 280.67156982421875 333.42529296875 288.6919860839844
574.0126342773438 431.9720458984375 644.3941650390625 467.2100830078125
618.9566040039062 263.8023681640625 585.8910522460938 262.0138244628906
247.0045166015625 41.986541748046875 247.55877685546875 0.9940342307090759
90.62763977050781 477.6103210449219 0.7238748073577881 487.4863586425781
91.25555419921875 228.50863647460938 1.0059674978256226 235.08193969726562
0.9651238322257996 510.8307189941406 95.11915588378906 491.43194580078125
350.08038330078125 0.3508424460887909 799.129150390625 55.95680236816406
483.6383972167969 419.0306091308594 488.1907043457031 324.05706787109375
621.9898071289062 410.8189392089844 584.9384765625 412.90972900390625
679.0005493164062 200.77706909179688 647.998291015625 200.7002716064453
480.90667724609375 356.04815673828125 482.2332458496094 331.06549072265625
75.192626953125 429.5048522949219 0.8742654323577881 439.0177001953125
24.967254638671875 24.35645866394043 247.11354064941406 44.76401901245117
325.02484130859375 299.6136169433594 301.9816589355469 300.5469665527344
340.9899597167969 279.86334228515625 391.16009521484375 276.1817932128906
0.9147941470146179 135.55331420898438 86.12024688720703 138.3966827392578
249.13710021972656 523.7755737304688 141.95101928710938 542.7229614257812
705.00439453125 38.96620559692383 559.8466796875 20.184967041015625
0.888115644454956 2.816194772720337 59.163856506347656 10.804661750793457
66.94004821777344 142.03451538085938 0.9678674936294556 140.0903778076172
1.021143913269043 390.139404296875 94.89495086669922 375.89996337890625
141.92086791992188 306.4165344238281 248.95343017578125 301.0680847167969
501.937744140625 12.50710678100586 442.8463134765625 5.251548767089844
799.11669921875 51.089359283447266 706.964111328125 39.28020095825195
24.55689811706543 61.03450393676758 30.005046844482422 130.99960327148438
247.0328826904297 47.639652252197266 25.867155075073242 27.455652236938477
0.8730245232582092 353.02032470703125 92.53656768798828 341.1399230957031
420.0309143066406 555.8817749023438 450.06890869140625 563.7364501953125
504.15521240234375 577.39892578125 570.1452026367188 594.4376831054688
1.014630675315857 219.26609802246094 87.19396209716797 214.5276336669922
557.0403442382812 19.67024803161621 503.8578796386719 13.161134719848633
798.968994140625 412.2096252441406 755.8765869140625 405.8339538574219
0.9805277585983276 578.9171752929688 100.7531967163086 555.4556274414062
338.2439270019531 265.223388671875 334.1488037109375 288.0267333984375
455.1957092285156 298.05853271484375 423.94061279296875 324.75994873046875
77.98917388916016 370.86151123046875 0.9129046201705933 376.8856506347656
244.06423950195312 41.3028450012207 66.1009292602539 24.904619216918945
298.124755859375 580.1126708984375 326.12445068359375 549.1124267578125
484.26605224609375 216.03936767578125 474.4964294433594 282.0734558105469
53.62013244628906 440.0334777832031 55.6390495300293 462.9436950683594
44.11579513549805 565.5982666015625 13.893083572387695 571.4475708007812
297.728759765625 201.9898223876953 296.9356689453125 300.9914855957031
395.0006408691406 263.86480712890625 331.9832458496094 263.56890869140625
0.8044418096542358 27.32367515563965 81.8426742553711 39.29617691040039
481.0944519042969 321.7701110839844 463.2331237792969 314.4325256347656
673.8561401367188 476.40728759765625 703.093994140625 486.73394775390625
327.6778869628906 549.6036987304688 299.4007263183594 581.3568725585938
1.0027750730514526 547.011474609375 103.9588623046875 522.0936889648438
1.1288093328475952 426.7143859863281 96.97943878173828 409.43212890625
113.25163269042969 543.163330078125 101.33846282958984 561.517822265625
64.005615234375 193.3588104248047 0.9942945837974548 193.61915588378906
67.98750305175781 338.8292541503906 0.8349108099937439 343.74456787109375
0.9995704293251038 209.33233642578125 74.00082397460938 209.28536987304688
0.9474444389343262 329.20074462890625 95.857666015625 327.4188232421875
299.67919921875 371.0025634765625 299.775146484375 307.9981384277344
497.3206787109375 278.9951171875 496.3598937988281 215.97926330566406
765.4592895507812 506.0276794433594 799.2559814453125 515.0399780273438
0.9932155013084412 244.36572265625 85.0010757446289 244.78305053710938
257.9334411621094 333.4941711425781 274.94439697265625 332.7422790527344
298.658447265625 541.0012817382812 298.7917175292969 473.99957275390625
771.96630859375 376.1027526855469 799.3052368164062 385.0693054199219
109.72857666015625 487.15277099609375 85.86083984375 506.3174743652344
110.8994140625 514.6527099609375 98.46434020996094 531.788330078125
661.528076171875 389.45452880859375 689.6381225585938 399.0591735839844
0.781539261341095 566.7598266601562 80.93667602539062 552.6405029296875
0.9300699830055237 175.67799377441406 88.01525115966797 176.9798126220703
21.005483627319336 26.947799682617188 0.9120613932609558 24.837194442749023
60.86204147338867 39.28996658325195 0.9061172008514404 32.87784194946289
0.8565380573272705 537.10205078125 74.22062683105469 525.3809204101562
113.50981140136719 577.3631591796875 92.60273742675781 599.5675048828125
734.0452880859375 423.598388671875 799.2313232421875 430.94818115234375
708.3189697265625 432.0887451171875 705.5449829101562 410.7987060546875
0.8439213633537292 22.037471771240234 20.011865615844727 24.921123504638672
332.4924621582031 261.1568298339844 315.77166748046875 251.39093017578125
689.5654907226562 373.54559326171875 668.6406860351562 379.7973937988281
709.2244262695312 409.7588195800781 711.521240234375 430.9434814453125
729.234375 386.06494140625 799.2669067382812 391.65765380859375
102.45356750488281 378.7881164550781 77.84369659423828 391.6183166503906
104.41869354248047 410.5603942871094 78.5082015991211 424.91717529296875
426.012939453125 409.0000915527344 426.1497802734375 391.0011291503906
706.834716796875 487.8909606933594 700.183837890625 436.9759826660156
580.8290405273438 599.6452026367188 533.0065307617188 586.975341796875
470.6918640136719 360.25054931640625 449.95367431640625 371.72381591796875
706.0744018554688 436.8755798339844 712.1218872070312 489.1016845703125
100.21286010742188 345.5517883300781 75.20758056640625 357.4367370605469
18.018831253051758 252.6228485107422 5.000497341156006 253.01644897460938
737.9120483398438 487.0697021484375 734.7647705078125 437.95098876953125
