290
179.2488250732422 225.02598571777344 185.94818115234375 160.89013671875
715.2775268554688 274.05596923828125 705.0408935546875 324.8065490722656
191.31851196289062 47.990699768066406 192.7798614501953 98.03562927246094
735.0227661132812 256.7947082519531 703.0881958007812 408.8084411621094
706.1538696289062 407.03240966796875 737.7546997070312 256.9483642578125
738.3306884765625 254.06979370117188 757.168701171875 164.82452392578125
754.3192749023438 164.8567352294922 735.6202392578125 253.70962524414062
346.62591552734375 564.3929443359375 372.6160583496094 548.376953125
127.52131652832031 467.9610900878906 133.65621948242188 550.1748657226562
238.30792236328125 214.46214294433594 212.40383911132812 219.91754150390625
231.02317810058594 49.99992370605469 231.1836395263672 100.00261688232422
233.9585723876953 100.98726654052734 233.3077850341797 51.99591064453125
113.89335632324219 41.56224822998047 245.89260864257812 50.57322311401367
586.6847534179688 315.8055725097656 550.5752563476562 560.0850219726562
735.0301513671875 254.41233825683594 694.0355224609375 252.3075714111328
755.9940185546875 255.61181640625 738.9956665039062 255.4454803466797
775.6044921875 63.916446685791016 755.3355102539062 159.859619140625
788.8453979492188 0.7580841183662415 776.6574096679688 58.928226470947266
200.0006103515625 149.92010498046875 247.0002899169922 149.90499877929688
180.27491760253906 160.99147033691406 180.4556121826172 187.9969482421875
195.40267944335938 98.0579833984375 193.6211395263672 48.977455139160156
717.0680541992188 340.3889465332031 683.0442504882812 338.951904296875
704.0345458984375 288.2714538574219 698.2471923828125 310.3272705078125
779.0018920898438 162.95094299316406 755.9979858398438 162.0507354736328
345.18133544921875 328.0068664550781 337.5043640136719 531.056884765625
449.2528076171875 258.65948486328125 351.3685607910156 254.75653076171875
321.982421875 236.38462829589844 477.0242919921875 243.468017578125
544.0283203125 418.00421142578125 345.96087646484375 412.37701416015625
740.1083984375 599.068359375 798.8447265625 505.9021301269531
27.437305450439453 326.9517517089844 18.052579879760742 241.88388061523438
134.21957397460938 539.9881591796875 130.33975219726562 467.981689453125
231.9489288330078 233.43666076660156 164.2897186279297 225.5230255126953
246.822265625 0.986035168170929 248.57737731933594 230.01089477539062
540.0243530273438 450.0592956542969 343.97454833984375 444.9832763671875
596.5834350585938 598.612060546875 654.9067993164062 535.9819946289062
798.9937133789062 62.09233093261719 780.0140380859375 60.79468536376953
203.0596923828125 149.63055419921875 159.0561065673828 147.7126922607422
531.0188598632812 517.0568237304688 340.9949645996094 513.2513427734375
534.0169677734375 493.22857666015625 342.97747802734375 489.023681640625
554.9678344726562 253.15516662597656 495.9527282714844 253.82289123535156
537.0016479492188 474.93109130859375 342.9696350097656 470.2613220214844
552.0385131835938 357.8796081542969 347.97021484375 350.8663635253906
748.9675903320312 342.1191101074219 799.0414428710938 343.5689392089844
166.00975036621094 246.78585815429688 44.987483978271484 241.2748260498047
142.02972412109375 225.3092041015625 63.959144592285156 221.94935607910156
140.15296936035156 87.02857208251953 139.6104736328125 70.9456787109375
181.91038513183594 239.12844848632812 243.96878051757812 241.7413787841797
156.90589904785156 98.66451263427734 246.01683044433594 103.7022705078125
446.96636962890625 598.9580078125 482.572265625 570.4654541015625
538.9932861328125 456.2698974609375 344.9640197753906 451.447265625
550.053955078125 378.3419494628906 346.9761657714844 371.73193359375
705.0402221679688 325.07537841796875 679.0458984375 323.9449157714844
757.9171142578125 161.19288635253906 778.7465209960938 62.157012939453125
117.49492645263672 282.9703674316406 115.45845031738281 248.9725341796875
247.0050048828125 152.79367065429688 216.99989318847656 152.98284912109375
293.4580383300781 598.146240234375 340.5325622558594 568.263671875
391.0005187988281 140.99105834960938 323.98828125 137.2073211669922
532.0178833007812 511.1304016113281 341.9748229980469 507.2259826660156
552.0414428710938 364.78472900390625 347.9718933105469 357.82354736328125
549.0302124023438 385.0353698730469 346.97802734375 378.7008972167969
755.0377807617188 161.44175720214844 705.99169921875 158.12254333496094
112.00703430175781 93.87757873535156 67.97998046875 91.34844207763672
211.97418212890625 416.0259704589844 213.62014770507812 481.0096130371094
312.3059997558594 575.0081176757812 320.5564880371094 263.8821716308594
533.0159301757812 499.2627868652344 341.9754333496094 495.13726806640625
529.9976806640625 523.1107177734375 340.97601318359375 519.14208984375
536.0202026367188 481.1398010253906 342.98565673828125 476.6111755371094
778.060546875 59.98375701904297 733.0415649414062 57.30221939086914
198.04745483398438 248.29058837890625 176.0122833251953 246.81642150878906
527.9998779296875 529.0059814453125 341.9833984375 526.0431518554688
538.0352783203125 462.5724182128906 343.9808349609375 457.77508544921875
546.030029296875 405.0127868652344 346.9709167480469 398.9561767578125
544.0406494140625 424.5830078125 345.9742126464844 418.89788818359375
531.4485473632812 533.92529296875 558.144287109375 336.8840637207031
108.0069351196289 479.69403076171875 48.9919319152832 478.35577392578125
158.9080352783203 147.95315551757812 156.38417053222656 99.03176879882812
247.0329132080078 146.73390197753906 202.7212371826172 141.2542266845703
532.0159301757812 505.27410888671875 341.97589111328125 501.09716796875
541.0173950195312 437.3517761230469 344.9708251953125 432.0864562988281
545.0435791015625 411.5208740234375 346.9798889160156 405.6827392578125
537.02978515625 468.79400634765625 343.00006103515625 463.99755859375
642.0607299804688 155.22735595703125 754.9134521484375 164.1009063720703
2.8282628059387207 150.05690002441406 1.4163786172866821 120.97978210449219
141.98507690429688 202.5941925048828 160.99819946289062 203.07171630859375
319.10211181640625 0.9797778129577637 314.3047790527344 213.98434448242188
541.00537109375 443.799560546875 343.9861145019531 438.5173645019531
546.9793090820312 545.19189453125 319.978271484375 541.2520141601562
547.0501708984375 398.365478515625 346.9624328613281 392.2234191894531
543.0007934570312 430.9696960449219 345.01104736328125 425.59368896484375
702.0026245117188 289.8345642089844 689.9736938476562 289.6417236328125
779.1468505859375 60.2442741394043 791.8192138671875 0.7485014200210571
548.0391235351562 391.7346496582031 346.95306396484375 385.5185852050781
534.993408203125 487.28045654296875 342.98193359375 482.7687072753906
553.06884765625 351.0727844238281 348.00897216796875 343.74847412109375
1.3920283317565918 92.06934356689453 7.886843681335449 149.01290893554688
40.9910888671875 478.2712097167969 0.9685848355293274 476.9559326171875
40.80856704711914 465.91400146484375 51.23833465576172 563.9746704101562
131.19117736816406 469.5325012207031 189.02227783203125 450.0316162109375
159.4075164794922 171.0102996826172 158.67388916015625 200.04229736328125
551.0487060546875 371.5231018066406 347.0068359375 364.7927551269531
480.0251159667969 229.6239013671875 535.017578125 229.93943786621094
481.9517822265625 41.690956115722656 626.9434204101562 51.81072235107422
613.42529296875 154.9140625 591.0057373046875 304.851318359375
668.946044921875 339.6922912597656 715.8948364257812 343.3500671386719
737.9776611328125 257.14678955078125 756.009765625 257.4983215332031
188.4803466796875 447.62164306640625 212.62806701660156 414.4573059082031
215.58285522460938 480.99346923828125 214.79971313476562 410.9910583496094
554.036376953125 343.9926452636719 347.98004150390625 336.5531311035156
26.040699005126953 234.7134246826172 38.998531341552734 233.97422790527344
701.6388549804688 322.3393249511719 711.06640625 276.80670166015625
19.965763092041016 241.5244140625 113.95685577392578 247.66079711914062
59.92493438720703 228.7674560546875 77.04414367675781 227.72486877441406
122.1661605834961 195.99037170410156 113.23988342285156 41.92816162109375
152.20762634277344 50.937103271484375 154.34530639648438 91.98201751708984
115.98880004882812 247.29969787597656 202.9794464111328 250.55007934570312
213.18287658691406 226.67822265625 246.24183654785156 231.25198364257812
361.4854736328125 266.739990234375 388.88653564453125 260.5016174316406
703.1185913085938 62.84109115600586 695.53271484375 104.91575622558594
799.0166625976562 497.6662902832031 763.984619140625 497.22821044921875
15.90911865234375 243.12081909179688 25.318206787109375 328.07550048828125
253.94740295410156 14.749316215515137 303.981689453125 18.260887145996094
316.7362060546875 215.01734924316406 321.0481872558594 32.001136779785156
353.16204833984375 252.15785217285156 450.2845153808594 256.2542419433594
368.96331787109375 34.60789108276367 475.99591064453125 41.06797790527344
469.0337829589844 146.3616180419922 537.0549926757812 149.9608154296875
628.907958984375 50.8353271484375 615.2825927734375 141.1934051513672
693.9583129882812 254.65061950683594 734.91845703125 257.2732849121094
62.973514556884766 232.5279998779297 143.07293701171875 236.546142578125
319.3682556152344 541.9785766601562 319.6190490722656 557.9902954101562
338.0235595703125 530.7236328125 531.0316162109375 534.2863159179688
484.593017578125 569.681884765625 456.9062805175781 553.1570434570312
687.7188720703125 287.7035217285156 683.0209350585938 308.0048522949219
721.0130004882812 342.9675598144531 740.0095825195312 342.7125549316406
115.3004379272461 468.77728271484375 114.61893463134766 480.09747314453125
294.009521484375 575.3265380859375 58.9858512878418 571.999267578125
307.5068664550781 0.9696588516235352 300.49627685546875 577.0303955078125
398.57354736328125 41.9684944152832 391.6288757324219 135.9725799560547
557.94091796875 335.5904235839844 345.9364013671875 327.7113952636719
544.0478515625 560.2178344726562 547.044677734375 545.8013916015625
629.97412109375 337.82952880859375 664.0345458984375 338.8910827636719
194.50624084472656 155.98272705078125 195.7709197998047 193.0419464111328
210.05642700195312 176.95465087890625 210.66175842285156 191.0574493408203
302.0395202636719 152.2087860107422 252.06431579589844 149.71243286132812
778.9476318359375 62.69924545288086 798.9850463867188 64.19991302490234
53.33724594116211 567.064453125 43.39717483520508 464.8641052246094
78.63558197021484 114.9530029296875 77.15921020507812 94.98822784423828
133.2152557373047 170.47927856445312 150.18740844726562 233.68113708496094
247.052490234375 272.7594909667969 299.0440368652344 274.95953369140625
376.8794250488281 276.802978515625 424.0030517578125 279.9543151855469
553.3764038085938 52.04295349121094 546.0770874023438 116.00879669189453
667.6915893554688 259.9447021484375 655.8226928710938 326.1474914550781
764.00537109375 256.7181091308594 799.01171875 257.3885803222656
113.03978729248047 247.9976348876953 115.24201965332031 284.9259338378906
166.9998779296875 145.06219482421875 198.00013732910156 145.05824279785156
180.96913146972656 234.02268981933594 195.01828002929688 233.57884216308594
554.0050659179688 272.3812561035156 497.0018310546875 273.13848876953125
6.380425453186035 63.818790435791016 8.771048545837402 82.0300521850586
76.93375396728516 94.14152526855469 111.98978424072266 96.17597961425781
110.85922241210938 322.5256652832031 118.98114776611328 302.9921569824219
136.28268432617188 568.9771118164062 134.0963897705078 541.9921875
320.9018249511719 300.56414794921875 587.9697875976562 310.78936767578125
633.966552734375 52.520206451416016 671.0062866210938 54.90195083618164
799.047119140625 510.0296630859375 743.0545654296875 599.0343627929688
9.856842041015625 206.015625 4.274758338928223 154.86090087890625
55.991363525390625 571.9345703125 0.9868206977844238 571.4263305664062
203.013916015625 137.73912048339844 224.00755310058594 138.8583984375
351.7928771972656 263.470703125 369.778076171875 256.432861328125
47.493412017822266 195.95355224609375 29.129070281982422 0.8937011361122131
120.00927734375 95.85944366455078 150.07632446289062 97.84326171875
145.80392456054688 200.26052856445312 138.85911560058594 168.37722778320312
578.0211181640625 417.0317077636719 613.0045166015625 417.7939453125
681.5975952148438 271.5455017089844 671.8335571289062 323.1576843261719
116.4111557006836 320.6950988769531 127.52287292480469 299.23516845703125
165.70509338378906 174.9949188232422 164.8437957763672 224.997314453125
347.4295959472656 568.3729858398438 392.7234802246094 599.4036254882812
478.0156555175781 245.66302490234375 337.9925537109375 239.1605682373047
392.0559387207031 141.91549682617188 388.4439392089844 225.01930236816406
451.7513732910156 547.7036743164062 485.44464111328125 567.2328491210938
687.9769897460938 272.9212341308594 714.9601440429688 273.5952453613281
160.9607391357422 298.7800598144531 205.0503692626953 300.99951171875
242.5431671142578 358.2452087402344 219.56915283203125 384.2681579589844
645.0595703125 250.85281372070312 691.0394287109375 253.2411346435547
711.9866943359375 271.38824462890625 682.9522705078125 270.39495849609375
730.8875122070312 59.43635940551758 775.9246215820312 62.96271514892578
79.50495910644531 599.4451293945312 56.792789459228516 574.1863403320312
129.05712890625 70.88851928710938 129.87933349609375 86.06072998046875
397.9843444824219 143.4886016845703 465.0436706542969 145.6364288330078
541.9983520507812 150.0235137939453 611.011474609375 154.83546447753906
203.98043823242188 304.34552001953125 159.89527893066406 301.8501892089844
489.5237731933594 570.1187133789062 537.2916259765625 598.50927734375
655.6497802734375 538.6047973632812 599.2318725585938 599.2158203125
73.84929656982422 341.173583984375 0.3749188184738159 354.5722351074219
121.57259368896484 301.5133056640625 114.52599334716797 322.1793518066406
535.0675048828125 598.8844604492188 499.081787109375 577.8599853515625
164.998779296875 481.7514953613281 196.9987030029297 481.8033752441406
676.3605346679688 324.262939453125 686.4082641601562 272.27215576171875
218.01345825195312 482.3656921386719 294.02166748046875 483.9786376953125
323.534423828125 551.6657104492188 344.4797668457031 566.31396484375
388.49737548828125 599.7151489257812 354.91815185546875 576.116455078125
557.0592041015625 297.67919921875 489.9251403808594 294.6704406738281
619.5272827148438 569.910400390625 585.0069580078125 551.9866333007812
145.14076232910156 237.12168884277344 140.2628173828125 202.6795196533203
324.9536437988281 139.89865112304688 390.9328308105469 143.3019561767578
521.0396728515625 304.1664733886719 441.9806823730469 300.40582275390625
628.3309326171875 572.36083984375 678.3770141601562 598.271728515625
764.9876708984375 422.4263916015625 798.9882202148438 423.40850830078125
782.9293823242188 346.9826354980469 766.9528198242188 411.9884033203125
165.4274139404297 121.98995208740234 165.58946228027344 145.0028839111328
323.0246276855469 293.2433166503906 563.964599609375 301.0865783691406
2.9770619869232178 479.8764343261719 40.977203369140625 480.8709716796875
57.99527359008789 572.0042724609375 82.67636108398438 599.292724609375
535.9599609375 232.04405212402344 567.3765258789062 260.5855712890625
13.12598991394043 81.06025695800781 11.88139820098877 63.0081787109375
140.36264038085938 328.1161804199219 133.04945373535156 287.9909973144531
23.66779136657715 458.3566589355469 0.38058510422706604 436.66497802734375
161.66285705566406 158.85670471191406 164.52622985839844 172.1024169921875
407.4280090332031 260.5646667480469 442.58221435546875 271.0475158691406
132.8482208251953 301.0263977050781 121.38908386230469 321.6607360839844
324.9501037597656 262.98907470703125 345.9974365234375 264.05096435546875
138.97718811035156 268.46484375 201.9727020263672 271.55633544921875
236.65286254882812 599.4056396484375 211.84751892089844 578.1781616210938
779.9844970703125 345.38446044921875 748.9945678710938 344.134521484375
710.2877197265625 414.14739990234375 771.9349365234375 463.5873107910156
73.99689483642578 481.723388671875 127.00021362304688 481.9510803222656
0.5467646718025208 387.3567199707031 86.73081970214844 398.9935607910156
675.2183837890625 598.5772705078125 627.1351928710938 573.73828125
16.58405876159668 39.04133987426758 31.877643585205078 192.9127655029297
203.0563201904297 286.20733642578125 170.99371337890625 285.1999816894531
485.01751708984375 571.021240234375 450.4537048339844 599.5496826171875
626.01513671875 420.3768310546875 578.9942626953125 419.2356262207031
157.00460815429688 199.79171752929688 146.0047607421875 199.74977111816406
341.9774475097656 516.093505859375 524.982177734375 519.865478515625
25.988479614257812 411.5000915527344 115.03337097167969 409.447998046875
212.3599090576172 575.578125 239.9210968017578 599.0924682617188
380.0633850097656 355.1956481933594 552.0619506835938 361.2369689941406
0.42414045333862305 432.5882263183594 21.13420867919922 452.8629150390625
671.2088623046875 460.5374755859375 637.8615112304688 411.4528503417969
170.83544921875 285.7051696777344 159.85147094726562 298.71868896484375
588.0236206054688 306.0985412597656 525.0145263671875 304.44610595703125
326.93548583984375 31.964317321777344 363.0414733886719 34.37996292114258
341.9765625 510.13946533203125 531.9784545898438 514.0470581054688
340.977294921875 522.05908203125 527.0418701171875 526.0474243164062
380.04949951171875 403.29718017578125 546.0255126953125 408.1217346191406
228.59376525878906 337.4683837890625 241.33534240722656 351.69976806640625
46.013427734375 223.685302734375 63.986934661865234 223.33314514160156
229.0420379638672 99.20494842529297 199.02023315429688 97.61749267578125
341.9778747558594 498.01092529296875 533.0177001953125 502.19256591796875
341.98626708984375 503.5440673828125 532.0166625976562 508.3387756347656
395.1505126953125 118.01011657714844 398.10748291015625 74.0072250366211
402.9644470214844 363.0661315917969 551.965576171875 368.0331726074219
374.04986572265625 416.26971435546875 543.96630859375 421.1680603027344
765.7635498046875 410.94305419921875 780.9259033203125 347.9821472167969
489.9588928222656 291.5130310058594 474.9325256347656 261.0187683105469
355.0556945800781 409.0816955566406 545.0407104492188 414.5974426269531
379.9657287597656 368.9998474121094 550.0744018554688 374.828125
373.97259521484375 375.8282470703125 549.0455932617188 381.62127685546875
351.9868469238281 297.332275390625 320.995849609375 296.10467529296875
397.9725036621094 396.8564758300781 546.9793701171875 401.6418762207031
405.0671691894531 349.1170349121094 552.0584716796875 354.3614807128906
290.9805908203125 485.8365173339844 242.9832305908203 484.7234802246094
500.00299072265625 276.22479248046875 553.0068969726562 275.5184326171875
380.9851989746094 429.5218200683594 541.96923828125 434.0857849121094
163.99496459960938 229.82754516601562 180.00045776367188 229.9249267578125
343.97027587890625 473.2394104003906 536.9791259765625 477.8691101074219
690.3818969726562 547.0699462890625 654.9572143554688 536.4922485351562
348.0284423828125 485.78985595703125 534.9721069335938 490.18536376953125
794.9755249023438 259.4755554199219 767.99560546875 258.08551025390625
382.9586486816406 341.1481018066406 553.9529418945312 347.3066711425781
341.9798278808594 491.8885498046875 533.9716796875 496.248291015625
251.16212463378906 139.99838256835938 249.77772521972656 0.9922544360160828
383.9735107421875 382.7897644042969 548.95556640625 388.3246154785156
91.96235656738281 225.8062744140625 136.0064239501953 227.862548828125
373.955322265625 389.3914489746094 546.9696655273438 394.9454650878906
170.83279418945312 368.7650146484375 142.85781860351562 362.6505126953125
142.13992309570312 358.480712890625 193.45591735839844 372.3079833984375
586.0092163085938 313.76800537109375 519.9942626953125 311.1445007324219
217.17750549316406 566.9750366210938 215.52342224121094 488.9888916015625
251.27235412597656 228.9981231689453 250.75363159179688 153.99478149414062
354.9828796386719 479.6756591796875 535.9678955078125 484.2654113769531
430.1092224121094 334.9990539550781 554.090576171875 339.511474609375
363.0410461425781 422.550537109375 543.038330078125 427.64617919921875
584.02978515625 154.52740478515625 542.007568359375 151.8798065185547
645.9747314453125 411.86761474609375 701.0154418945312 413.469482421875
320.6839294433594 13.98497200012207 321.3028564453125 0.966854989528656
403.9863586425781 436.45001220703125 497.9606018066406 439.2994384765625
692.7750854492188 306.3156433105469 698.5962524414062 292.0211181640625
352.9811096191406 441.6800231933594 540.0311279296875 446.8791198730469
529.9835815429688 151.34312438964844 498.0088806152344 149.8144989013672
84.99819946289062 395.0643615722656 60.9890251159668 394.3916015625
691.2450561523438 317.1419677734375 695.537841796875 309.73223876953125
