273
567.6402587890625 566.000732421875 566.5164794921875 0.9989727139472961
307.0885009765625 530.2211303710938 246.45120239257812 6.063488006591797
415.8328857421875 121.10295867919922 329.9706115722656 128.66632080078125
248.1576385498047 21.051820755004883 1.5376524925231934 39.99840545654297
248.84449768066406 4.902419567108154 309.39825439453125 528.9539794921875
413.9360046386719 74.28433990478516 325.9243469238281 82.15391540527344
215.37950134277344 428.0299377441406 217.27943420410156 403.94317626953125
413.90228271484375 65.95391082763672 324.9313049316406 74.26465606689453
417.9508056640625 138.16990661621094 330.9010009765625 143.32997131347656
413.95294189453125 82.45260620117188 326.9086608886719 89.93768310546875
414.0451965332031 90.53833770751953 326.9037780761719 97.85377502441406
416.9568786621094 130.3304901123047 329.93145751953125 135.9357452392578
417.00762939453125 146.13771057128906 331.9366455078125 150.8581085205078
417.99041748046875 176.76820373535156 334.9255676269531 180.1969757080078
418.020263671875 184.55068969726562 334.9487609863281 187.6077880859375
415.05169677734375 106.69050598144531 328.9353332519531 113.13614654541016
415.0470275878906 98.59654998779297 327.8791198730469 105.46637725830078
414.9772644042969 114.6763687133789 328.97991943359375 120.71380615234375
429.50396728515625 292.0890197753906 423.0721740722656 183.99571228027344
416.9962158203125 153.9252166748047 332.9078063964844 158.17633056640625
417.0198974609375 161.3831329345703 332.93499755859375 165.74777221679688
418.0020446777344 169.042724609375 333.9552001953125 173.0631561279297
419.0183410644531 199.76348876953125 335.9942321777344 201.75953674316406
416.1259460449219 56.36278533935547 321.1057434082031 65.14425659179688
607.9691772460938 412.6404113769531 633.2122802734375 410.4763488769531
425.00018310546875 258.0133972167969 340.99981689453125 257.9967346191406
0.9062823057174683 137.70848083496094 80.92034912109375 131.90234375
321.0307922363281 65.90612030029297 341.4448547363281 290.0505676269531
419.0330505371094 192.11753845214844 335.9578552246094 194.574462890625
637.0408325195312 201.55743408203125 605.9835205078125 202.37130737304688
605.1103515625 172.5941162109375 640.0812377929688 170.1729278564453
182.28329467773438 595.2274169921875 162.2924041748047 532.2245483398438
420.9980163574219 206.91937255859375 336.9504699707031 208.97987365722656
421.0103759765625 214.6992645263672 336.9991760253906 215.94532775878906
422.0131530761719 221.83082580566406 338.9864807128906 223.14491271972656
636.0095825195312 221.42327880859375 603.00390625 222.172607421875
594.0477905273438 120.91710662841797 646.1148071289062 118.20252227783203
668.9859008789062 292.739501953125 791.017822265625 295.063232421875
424.0001525878906 251.00143432617188 340.9998474121094 251.01466369628906
635.0480346679688 269.14727783203125 605.9954833984375 269.79736328125
606.9391479492188 197.86270141601562 636.0697631835938 196.3032684326172
634.0305786132812 287.87689208984375 604.0059814453125 288.3664855957031
603.0626220703125 211.94253540039062 637.0595092773438 210.84706115722656
595.0714111328125 100.12464141845703 646.1195678710938 96.88333892822266
423.00250244140625 243.80824279785156 339.9971008300781 244.0647430419922
357.0277099609375 128.456787109375 416.05322265625 124.87789154052734
605.1423950195312 316.3453369140625 637.1458740234375 314.4022216796875
431.04119873046875 368.2472839355469 350.9527893066406 363.8623962402344
422.7373046875 178.01451110839844 416.05352783203125 56.99704360961914
235.9315643310547 378.73236083984375 245.65545654296875 448.9091796875
305.14105224609375 49.40439224243164 431.17547607421875 36.74724578857422
437.08514404296875 468.1580505371094 359.86370849609375 460.3475646972656
36.374732971191406 424.8873291015625 125.79566192626953 374.6363830566406
210.62847900390625 212.19215393066406 185.2576141357422 31.10401153564453
257.1818542480469 0.9796777963638306 322.32598876953125 583.9635620117188
425.9959716796875 279.2542419433594 342.9851379394531 277.9375
345.04718017578125 82.56087493896484 414.0635986328125 76.7562255859375
342.0230712890625 290.62481689453125 429.0153503417969 292.0849914550781
568.279052734375 0.9993980526924133 569.4827270507812 558.9989624023438
605.1229858398438 360.8114013671875 633.0695190429688 359.5888671875
619.991455078125 191.90634155273438 639.1060791015625 190.1630096435547
232.38873291015625 369.2253723144531 210.97689819335938 216.14309692382812
422.0136413574219 229.18675231933594 338.9901428222656 230.14215087890625
431.0639343261719 361.79180908203125 350.970703125 357.5534362792969
601.1636962890625 221.2251739501953 603.10107421875 211.2130584716797
652.7684936523438 599.0288696289062 675.2599487304688 0.934563934803009
288.24072265625 599.4138793945312 247.33157348632812 524.3643798828125
445.0404357910156 307.4176940917969 330.03887939453125 304.4785461425781
0.7938056588172913 241.1458740234375 96.03703308105469 218.15341186523438
346.37933349609375 343.9653625488281 363.0804138183594 526.9013671875
344.0779724121094 74.8522720336914 414.04132080078125 68.45170593261719
431.6072692871094 37.01947784423828 444.99920654296875 307.04962158203125
600.3298950195312 440.956298828125 602.4120483398438 409.02685546875
634.0034790039062 305.5022888183594 603.9979858398438 305.7109069824219
605.0919799804688 279.1624450683594 636.0784301757812 277.8444519042969
367.04302978515625 135.6619873046875 417.02679443359375 132.4121551513672
439.1452331542969 497.7408447265625 362.8910217285156 488.94476318359375
432.0634460449219 394.06005859375 353.9468994140625 388.78680419921875
439.1135559082031 515.0889282226562 364.8955383300781 505.8380126953125
422.9977111816406 236.613525390625 339.99468994140625 237.10601806640625
326.7767333984375 94.02627563476562 414.01788330078125 84.15823364257812
438.0322265625 491.7085876464844 362.8455810546875 483.39691162109375
434.0470886230469 425.4180603027344 356.90484619140625 419.1758728027344
437.10833740234375 479.97576904296875 361.8921813964844 472.01934814453125
438.11279296875 485.9601745605469 362.912841796875 477.8036804199219
443.29083251953125 537.0394897460938 438.61236572265625 452.9659118652344
605.9964599609375 324.7786560058594 632.0217895507812 324.3629150390625
607.9515380859375 234.07960510253906 641.0314331054688 233.2453155517578
650.0380859375 437.034423828125 662.5728149414062 58.985836029052734
250.7010040283203 494.89996337890625 244.86676025390625 454.0190124511719
424.0030517578125 265.09246826171875 342.0006103515625 264.8173828125
432.0856628417969 387.65509033203125 352.9608459472656 382.6144714355469
434.0611877441406 419.2139587402344 355.9119567871094 413.1312561035156
431.07269287109375 374.7642822265625 351.9347839355469 370.1088562011719
433.0428771972656 400.3904724121094 354.9369201660156 394.8967590332031
439.0875549316406 509.2637634277344 363.8436279296875 500.3148498535156
440.0753173828125 526.4164428710938 365.8914489746094 516.8409423828125
432.0465393066406 381.22735595703125 352.9120178222656 376.4606018066406
437.0755615234375 444.17449951171875 358.9067077636719 437.019287109375
446.3303527832031 333.0841369628906 457.31640625 551.0848388671875
640.0464477539062 599.0122680664062 641.0518798828125 431.00628662109375
187.43283081054688 29.078594207763672 212.7849578857422 212.02980041503906
440.0361328125 520.709228515625 364.8304443359375 511.3645935058594
432.943115234375 347.2592468261719 347.9359130859375 343.41876220703125
433.02587890625 406.6397399902344 354.9259033203125 401.0321350097656
439.0663146972656 503.4289245605469 363.91864013671875 494.7005615234375
655.6262817382812 53.019691467285156 657.2625122070312 0.976813793182373
0.4097038507461548 446.95220947265625 21.909677505493164 434.8396911621094
352.0494384765625 536.898681640625 331.96649169921875 328.90667724609375
435.1048889160156 437.7976989746094 357.9072265625 431.06353759765625
425.00762939453125 272.23565673828125 342.9858703613281 271.41680908203125
564.47265625 0.9989575743675232 565.7142944335938 564.0006103515625
607.030517578125 152.54742431640625 639.0980834960938 150.75823974609375
642.2977294921875 309.0152282714844 643.9364013671875 276.9967346191406
675.960205078125 96.39578247070312 799.08447265625 88.28184509277344
71.27910614013672 41.13036346435547 155.0157470703125 504.177978515625
328.94085693359375 118.50151062011719 416.0202941894531 108.17103576660156
437.0759582519531 450.19683837890625 358.92376708984375 442.8061218261719
605.9988403320312 337.6834716796875 632.0021362304688 337.7270202636719
594.2745971679688 81.35983276367188 647.065185546875 78.03524017333984
19.570722579956055 335.9365539550781 112.38280487060547 298.4710388183594
213.16146850585938 214.9774169921875 223.52198791503906 289.06683349609375
224.1494903564453 293.979248046875 234.4242706298828 367.9410705566406
246.3968505859375 452.947021484375 254.6861572265625 515.0418701171875
329.5494384765625 304.0436706542969 304.9223937988281 49.910614013671875
434.0718994140625 413.0494079589844 354.9195861816406 407.06341552734375
437.1021728515625 474.00286865234375 360.87774658203125 466.19329833984375
430.0430908203125 355.1475830078125 350.94195556640625 351.1475830078125
436.0846862792969 456.1181640625 359.9226989746094 448.8049621582031
435.09906005859375 461.9818115234375 359.9349365234375 454.66888427734375
571.0151977539062 486.84832763671875 636.06298828125 493.37213134765625
589.8538818359375 435.9829406738281 593.1298217773438 407.89849853515625
67.06083679199219 25.486082077026367 16.93462371826172 19.552274703979492
438.11883544921875 443.9931335449219 432.580078125 348.02423095703125
643.0010375976562 143.94122314453125 644.4703979492188 118.96884155273438
79.43708038330078 489.60626220703125 138.18289184570312 447.253662109375
503.9901428222656 597.053466796875 488.1371154785156 0.9697580933570862
633.0443725585938 319.28369140625 604.939697265625 320.2547607421875
606.9873657226562 248.65802001953125 634.0243530273438 247.65914916992188
643.994140625 108.06476593017578 595.9773559570312 108.36415100097656
243.72525024414062 449.03948974609375 233.8074493408203 380.0276794433594
435.11181640625 431.679931640625 356.9105529785156 425.0560302734375
639.9702758789062 394.03997802734375 641.0841064453125 367.00347900390625
631.0717163085938 385.9427490234375 608.029296875 386.7934875488281
22.90546226501465 432.8240051269531 0.8296517729759216 444.6828918457031
64.36827850341797 0.7380673289299011 69.23235321044922 26.14695167541504
332.9462890625 328.3682861328125 445.96844482421875 332.8039855957031
457.2141418457031 551.4619140625 352.162109375 536.835693359375
645.7627563476562 86.852294921875 596.2255859375 97.09135437011719
249.1986083984375 522.8916625976562 290.5418701171875 598.7045288085938
571.9864501953125 401.16851806640625 591.024169921875 402.69964599609375
605.93359375 298.3280944824219 634.048095703125 297.21160888671875
188.9276123046875 590.7959594726562 251.8176727294922 568.4860229492188
622.6073608398438 599.497802734375 587.2843017578125 571.6395263671875
634.0748901367188 256.8045654296875 605.9158935546875 257.9736022949219
80.9917984008789 133.88995361328125 3.0522871017456055 139.70126342773438
128.2429962158203 38.961612701416016 134.40003967285156 77.93680572509766
597.9238891601562 491.716796875 570.909912109375 488.8485107421875
588.475341796875 569.398193359375 626.5965576171875 599.5107421875
594.0414428710938 183.31149291992188 631.0360717773438 182.1426544189453
606.9891967773438 262.5167236328125 634.0096435546875 262.3198547363281
605.0 396.4925537109375 630.0000610351562 396.49395751953125
56.03926467895508 494.96337890625 149.2086181640625 498.4922790527344
633.0030517578125 333.431884765625 605.0031127929688 333.3986511230469
661.9445190429688 462.6441650390625 778.115966796875 472.6539001464844
175.05238342285156 544.1575927734375 243.7720184326172 521.3141479492188
523.009521484375 481.910888671875 561.1083374023438 485.98785400390625
631.7582397460938 380.9851989746094 596.6632080078125 372.3722839355469
647.0018920898438 117.98255920410156 646.4249267578125 151.00743103027344
363.1967468261719 526.5342407226562 443.2312927246094 537.2769165039062
266.7566223144531 565.305908203125 230.0609130859375 578.1737060546875
646.311279296875 230.97152709960938 647.4308471679688 203.89378356933594
795.6991577148438 296.06396484375 799.1805419921875 258.0165100097656
19.692121505737305 415.44390869140625 0.06459442526102066 426.3104248046875
244.0852813720703 8.656888961791992 186.15289306640625 16.177709579467773
598.0245361328125 112.42213439941406 623.9949340820312 110.9127426147461
624.9226684570312 314.48724365234375 594.8858032226562 309.71954345703125
643.9718017578125 146.37890625 606.0499267578125 148.09963989257812
182.0419921875 16.323610305786133 126.2035903930664 23.56902313232422
637.0234985351562 176.92164611816406 603.9673461914062 177.32542419433594
632.0072631835938 366.50262451171875 602.9844360351562 366.9205627441406
294.9451904296875 460.4705505371094 251.9461669921875 455.462158203125
630.9629516601562 228.6194305419922 594.97216796875 226.4651641845703
251.9666290283203 454.35406494140625 295.05511474609375 458.415283203125
333.0937805175781 67.03551483154297 413.07177734375 59.79254150390625
177.81983947753906 436.54913330078125 209.09461975097656 440.1864318847656
229.98373413085938 300.2035217285156 276.0023498535156 300.8254089355469
542.0003051757812 208.96888732910156 562.9985961914062 209.1553955078125
623.90234375 295.87322998046875 594.8187255859375 292.62078857421875
635.0833740234375 242.40846252441406 605.8897094726562 244.13694763183594
603.6102294921875 349.9910583496094 604.1619262695312 325.9577941894531
603.9692993164062 68.6684341430664 625.0662841796875 66.71593475341797
594.9050903320312 201.6851348876953 620.8234252929688 205.27496337890625
86.21919250488281 399.3828430175781 38.42673873901367 426.745361328125
187.9720458984375 298.7354431152344 221.00033569335938 299.9911804199219
247.0105743408203 3.0799100399017334 187.98545837402344 10.890061378479004
556.96533203125 487.3222961425781 525.0126342773438 483.8824768066406
635.0020141601562 188.38197326660156 594.9959716796875 188.25279235839844
148.8696746826172 500.136474609375 158.5948944091797 509.4241943359375
75.50285339355469 558.7255859375 14.780892372131348 541.2315063476562
660.7590942382812 0.9595302939414978 646.570556640625 436.01861572265625
13.499375343322754 403.8847351074219 8.374656677246094 381.6827087402344
604.2294921875 264.00701904296875 605.0540161132812 237.00164794921875
200.93324279785156 376.8890075683594 229.99464416503906 379.07135009765625
599.2989501953125 172.18714904785156 593.56201171875 181.35182189941406
28.671329498291016 550.7854614257812 0.5704705715179443 539.0264892578125
632.0076293945312 208.68699645996094 597.004150390625 207.83058166503906
597.900390625 369.021728515625 625.0324096679688 371.6676025390625
744.9714965820312 89.56745910644531 708.0001220703125 92.00167083740234
771.4989624023438 599.1375122070312 799.4021606445312 295.0368957519531
634.0433959960938 114.78842163085938 594.9965209960938 116.93665313720703
597.9693603515625 307.4125061035156 623.900390625 309.340087890625
381.0946960449219 583.2529296875 344.9231262207031 596.7946166992188
418.00286865234375 142.04510498046875 397.0245666503906 143.3846435546875
8.086902618408203 363.1965637207031 19.317224502563477 415.3622741699219
317.64825439453125 549.5442504882812 291.9410095214844 555.755859375
775.9048461914062 475.11004638671875 665.9412231445312 465.6859436035156
414.0211486816406 103.2760238647461 390.0088195800781 105.11514282226562
524.054443359375 397.3747863769531 560.0427856445312 400.5084533691406
596.5374755859375 407.05560302734375 593.342529296875 437.9319763183594
637.8713989257812 313.8960876464844 634.625732421875 349.1496887207031
414.05853271484375 126.98320007324219 389.0281982421875 128.4735870361328
598.0662231445312 191.02589416503906 594.3500366210938 200.5279998779297
601.3972778320312 366.05963134765625 602.447021484375 359.0671081542969
648.9765014648438 67.77220916748047 593.9432373046875 73.45008087158203
192.92501831054688 404.54681396484375 212.8251190185547 407.2754211425781
597.5503540039062 209.84442138671875 594.2349243164062 219.42724609375
647.3839721679688 436.9129638671875 641.9922485351562 598.999755859375
634.5943603515625 407.9713439941406 633.9022216796875 441.9368896484375
604.1729736328125 231.57611083984375 596.2788696289062 265.6006774902344
639.2305297851562 240.9731903076172 639.7977294921875 267.00439453125
275.98492431640625 302.5981750488281 242.0065155029297 301.7416076660156
363.1183166503906 434.5783386230469 430.89849853515625 440.2196044921875
364.2221984863281 490.99920654296875 436.22265625 498.9949645996094
600.3164672851562 313.542724609375 594.763427734375 346.1300964355469
361.169921875 415.7914733886719 434.1992492675781 421.41058349609375
283.0180969238281 383.7812194824219 256.03717041015625 381.5505065917969
628.8369140625 277.45880126953125 594.9254150390625 273.66729736328125
635.97119140625 495.2991943359375 599.9201049804688 491.830078125
641.9393920898438 188.8128662109375 639.7350463867188 201.30613708496094
360.0518798828125 456.47119140625 436.20196533203125 463.94110107421875
354.1502990722656 378.5378723144531 432.164794921875 383.3006591796875
781.94921875 87.21009063720703 755.9921875 88.87873077392578
339.9978332519531 240.43423461914062 412.002197265625 240.54278564453125
341.9900207519531 261.0694274902344 419.01129150390625 261.78753662109375
344.0132141113281 274.735595703125 420.9839172363281 275.5400695800781
366.9804382324219 150.41445922851562 403.0070495605469 149.2115478515625
379.9916687011719 515.0657348632812 440.0418395996094 522.6695556640625
355.9871520996094 409.1749572753906 428.1854248046875 414.47357177734375
360.9646301269531 462.3573303222656 437.20733642578125 469.9059753417969
69.07380676269531 318.18487548828125 44.066810607910156 328.1673583984375
265.0113525390625 215.60655212402344 239.00173950195312 216.09275817871094
642.1122436523438 168.98138427734375 641.8598022460938 181.01803588867188
354.9404296875 397.83441162109375 432.9711608886719 403.4041442871094
364.250244140625 479.70074462890625 438.2444152832031 487.75445556640625
341.99517822265625 254.3551483154297 424.00482177734375 254.6470947265625
363.09075927734375 485.1727600097656 438.0659484863281 493.3990173339844
339.993896484375 162.86407470703125 376.9644470214844 161.20706176757812
16.0147705078125 386.9965515136719 10.181039810180664 361.95782470703125
350.9956359863281 360.080322265625 428.09405517578125 364.26904296875
342.9903564453125 267.92486572265625 418.01348876953125 268.7082824707031
351.98681640625 366.237060546875 431.1312561035156 370.641845703125
4.245522499084473 386.0521545410156 4.549394130706787 402.1031799316406
333.97857666015625 169.31089782714844 386.99542236328125 168.6383819580078
357.9947204589844 427.06329345703125 431.9792785644531 433.24786376953125
338.99041748046875 226.77200317382812 416.99346923828125 226.1624755859375
354.0179138183594 384.7134704589844 426.98291015625 389.2734680175781
637.7420654296875 210.986083984375 637.2548828125 220.0137481689453
366.2176818847656 445.5535583496094 437.0130615234375 451.8531799316406
335.9828186035156 191.0236358642578 419.00262451171875 190.30152893066406
606.512451171875 148.1255645751953 596.5995483398438 161.4461669921875
615.115478515625 358.4245300292969 594.732177734375 354.3349914550781
410.0235595703125 87.2773208618164 392.0680847167969 88.80188751220703
