130
384.8288879394531 189.93362426757812 424.36639404296875 146.51251220703125
452.2454833984375 599.4699096679688 629.0523681640625 507.10028076171875
641.6221923828125 500.2931213378906 673.9953002929688 482.99114990234375
517.2142944335938 568.4056396484375 458.2824401855469 599.53466796875
314.7421875 510.4188232421875 508.7210998535156 424.3712463378906
381.8083801269531 371.4952697753906 408.18310546875 361.4823303222656
329.8234558105469 307.49273681640625 245.58584594726562 336.8100280761719
676.9273681640625 483.6485290527344 644.50048828125 501.8897399902344
588.1087036132812 531.2075805664062 520.35986328125 566.6871948242188
115.92765045166016 381.2797546386719 51.39170455932617 133.89781188964844
438.21783447265625 458.4904479980469 317.4937744140625 512.1116943359375
799.5164794921875 323.1315612792969 737.0709228515625 333.43017578125
119.6744155883789 380.04803466796875 228.89492797851562 342.6927795410156
256.2966613769531 335.8534851074219 331.5854187011719 309.68426513671875
509.879150390625 426.72650146484375 442.2664794921875 456.6030578613281
515.692626953125 566.2169799804688 439.5294494628906 458.3321838378906
800.6385498046875 530.1049194335938 754.125 599.0842895507812
103.66393280029297 313.8988037109375 198.9451446533203 284.8202209472656
401.80364990234375 82.79773712158203 350.17608642578125 134.17201232910156
352.4854431152344 140.59503173828125 402.8896179199219 87.89441680908203
270.0904846191406 414.23553466796875 378.4627990722656 372.6016540527344
750.0216064453125 599.6907958984375 800.9740600585938 524.3347778320312
149.93130493164062 583.8470458984375 210.78213500976562 556.5149536132812
405.5506896972656 89.74455261230469 355.27947998046875 144.3365020751953
101.38154602050781 315.9000244140625 118.4090805053711 380.892822265625
265.4256591796875 415.27532958984375 124.08397674560547 120.43913269042969
409.2359619140625 362.60479736328125 382.0782470703125 373.2005615234375
539.0208740234375 599.6856689453125 517.68603515625 569.2199096679688
519.4825439453125 567.6554565429688 542.246337890625 599.5380859375
53.980499267578125 134.7433624267578 100.84162902832031 313.77972412109375
353.6650085449219 599.6356811523438 293.48028564453125 473.24749755859375
625.3536376953125 511.6719665527344 594.8536376953125 527.7218627929688
226.05886840820312 346.1710510253906 121.09989166259766 382.290283203125
355.27996826171875 152.81910705566406 404.7663879394531 94.94515991210938
437.6345520019531 455.25689697265625 336.9512023925781 312.0343017578125
442.2995910644531 457.7885437011719 517.178955078125 563.8736572265625
27.85205841064453 130.7519073486328 0.45637843012809753 147.08836364746094
127.20500946044922 469.5423889160156 153.8064727783203 459.48797607421875
378.96246337890625 374.9030456542969 272.10723876953125 416.2769470214844
775.1478881835938 0.7580239176750183 757.849609375 61.67331314086914
433.8066101074219 86.59449005126953 406.90313720703125 90.29601287841797
728.901611328125 598.730712890625 743.3436889648438 539.8197021484375
404.05426025390625 88.35721588134766 431.868408203125 84.1333999633789
383.78485107421875 374.44610595703125 440.0903015136719 454.2305603027344
292.00982666015625 463.9953308105469 356.37762451171875 599.2960815429688
336.0348815917969 306.97503662109375 382.0193176269531 371.27099609375
553.0079345703125 36.23871994018555 586.0046997070312 35.14034652709961
736.1329345703125 536.6171875 800.5645751953125 390.6908264160156
149.10116577148438 302.3265380859375 103.17256164550781 316.55694580078125
125.96340942382812 119.01756286621094 268.00128173828125 414.9993896484375
210.28591918945312 127.7986831665039 314.7557067871094 276.1719970703125
585.9835815429688 57.32808303833008 552.00390625 58.159088134765625
0.3150290846824646 65.28099060058594 26.53275489807129 129.19168090820312
167.0037841796875 574.9990234375 158.51919555664062 543.1279907226562
310.5216979980469 274.3359069824219 207.83401489257812 128.11656188964844
799.1139526367188 370.2352294921875 685.94482421875 353.370361328125
345.654541015625 165.00527954101562 345.587890625 147.99769592285156
212.69891357421875 559.2942504882812 170.1844940185547 577.4324340820312
728.3081665039062 598.7119750976562 640.3535766601562 504.6041564941406
642.6627807617188 503.3787536621094 728.2888793945312 594.7291870117188
0.8220155835151672 519.5602416992188 23.202985763549805 510.5014953613281
28.976381301879883 509.94189453125 0.7599672079086304 521.4093627929688
238.06771850585938 427.16412353515625 266.3741455078125 415.48333740234375
301.10858154296875 130.9864501953125 93.9156494140625 108.78726959228516
349.1937561035156 146.99038696289062 350.1886901855469 167.04025268554688
391.7304382324219 189.79891967773438 435.4765930175781 143.5587615966797
670.7764892578125 482.7917785644531 616.5791625976562 467.4905700683594
382.6513977050781 209.6239013671875 399.3682861328125 202.91810607910156
730.171875 330.64862060546875 711.5719604492188 306.9017639160156
747.7608032226562 496.37628173828125 676.6495971679688 484.0160217285156
284.96270751953125 0.815514087677002 302.5705261230469 92.69903564453125
327.3123779296875 259.6320495605469 309.2017822265625 153.9654083251953
434.9175109863281 81.92271423339844 403.94598388671875 84.2944564819336
638.6923828125 502.2897644042969 616.8706665039062 479.1217956542969
170.4602813720703 578.1304321289062 174.79147338867188 596.0504150390625
158.9591827392578 48.53939437866211 195.9742431640625 51.34039306640625
200.03428649902344 51.58988952636719 234.95742797851562 54.50933074951172
611.2676391601562 470.725341796875 640.6322631835938 500.373779296875
406.7480773925781 96.37889862060547 435.0632019042969 93.65747833251953
18.93417739868164 0.6543880701065063 65.39088439941406 126.22534942626953
544.9688110351562 60.1339111328125 587.9888305664062 60.763301849365234
29.861732482910156 131.0561981201172 0.6337181925773621 59.14888000488281
161.79934692382812 544.8084716796875 168.52342224121094 572.8745727539062
643.0119018554688 89.6716537475586 624.9630737304688 89.01647186279297
334.19256591796875 165.216552734375 352.92572021484375 188.24700927734375
664.6062622070312 144.89297485351562 587.330078125 102.57135772705078
0.10838353633880615 151.53428649902344 29.711740493774414 133.52613830566406
302.98193359375 122.15415954589844 300.2276611328125 103.96552276611328
735.01611328125 347.9121398925781 692.7853393554688 340.1710205078125
352.9341735839844 29.004697799682617 351.00738525390625 1.9994734525680542
388.598388671875 155.05491638183594 384.36383056640625 124.08699035644531
52.95573043823242 405.8705139160156 0.888092577457428 423.6726989746094
648.448486328125 330.89007568359375 544.8107299804688 300.6486511230469
759.5765991210938 66.08524322509766 799.406005859375 263.9182434082031
11.95164966583252 417.8617248535156 51.6441764831543 403.9823913574219
157.15802001953125 458.4069519042969 182.2569122314453 448.66168212890625
551.6953735351562 57.00238800048828 551.5463256835938 37.9957160949707
190.83277893066406 448.5359802246094 131.91656494140625 469.76849365234375
352.1129455566406 0.9899964928627014 354.5893859863281 28.947792053222656
312.70257568359375 139.25222778320312 333.82025146484375 164.15245056152344
304.15472412109375 88.83745574951172 291.75537109375 0.7529033422470093
482.68145751953125 274.973876953125 650.10498046875 329.736328125
178.8316650390625 292.47662353515625 152.93722534179688 300.8048095703125
623.4826049804688 296.3883972167969 601.9912109375 267.7572326660156
512.6192016601562 193.209716796875 602.3046875 224.2277069091797
688.5231323242188 338.4018249511719 683.0133666992188 352.00543212890625
689.79541015625 337.5 792.2086791992188 351.4700622558594
678.3881225585938 326.5673522949219 690.4168701171875 339.5406494140625
629.8544311523438 508.0770568847656 654.5176391601562 554.667236328125
659.9398193359375 302.6029968261719 689.049072265625 305.50830078125
295.0967102050781 3.986584424972534 298.7108459472656 30.040111541748047
655.501708984375 327.0899658203125 654.2345581054688 305.98590087890625
654.115966796875 555.012451171875 651.43310546875 580.0464477539062
613.5435791015625 478.9010009765625 615.9315795898438 492.012451171875
669.7789916992188 333.0176086425781 659.20263671875 346.16302490234375
379.84332275390625 95.66988372802734 365.5567932128906 59.17349624633789
720.9978637695312 155.1456298828125 745.4765625 183.7357635498047
612.5078735351562 262.3782043457031 635.1707153320312 291.86883544921875
654.8164672851562 305.0886535644531 668.8099365234375 334.0578918457031
353.3976135253906 162.95770263671875 351.7037658691406 147.03150939941406
765.7233276367188 40.92061233520508 773.1483764648438 15.042564392089844
654.5441284179688 365.9694519042969 676.6441040039062 334.748046875
618.4563598632812 419.07867431640625 608.849853515625 474.8017272949219
600.33544921875 436.30718994140625 617.0556030273438 418.0509033203125
681.2018432617188 350.18756103515625 658.54296875 374.57537841796875
611.0697021484375 366.0830993652344 656.1857299804688 328.2213439941406
655.3977661132812 345.22418212890625 636.6935424804688 383.85162353515625
39.60783386230469 479.7325134277344 60.388641357421875 449.26507568359375
214.9639892578125 591.1654663085938 255.77259826660156 600.0451049804688
309.5804443359375 571.8740844726562 312.20135498046875 583.956298828125
