239
0.9414730668067932 254.5751190185547 20.128398895263672 251.93211364746094
725.5595703125 174.68177795410156 700.8759765625 363.98382568359375
111.94570922851562 158.3428192138672 76.93680572509766 161.23512268066406
578.0079345703125 1.2104464769363403 198.01866149902344 15.496550559997559
359.3750915527344 190.60423278808594 355.779296875 223.5391845703125
194.99368286132812 15.690799713134766 175.00201416015625 16.098758697509766
141.14747619628906 6.734070301055908 352.00799560546875 1.3110042810440063
80.78498840332031 239.01551818847656 18.6892147064209 252.57696533203125
514.7194213867188 93.91415405273438 512.7039794921875 123.98015594482422
787.063720703125 0.8609803318977356 774.4129028320312 86.06130981445312
264.5570373535156 221.94082641601562 262.2014465332031 159.954345703125
358.98492431640625 225.99998474121094 372.98175048828125 225.78890991210938
544.9906005859375 431.69476318359375 582.435791015625 1.037892460823059
721.0914916992188 192.58035278320312 597.0420532226562 187.88876342773438
508.245361328125 166.9136199951172 504.79547119140625 236.98992919921875
595.8450317382812 208.9862518310547 588.4757690429688 292.0422058105469
73.53163146972656 166.05299377441406 81.80072021484375 239.1356964111328
436.8574523925781 149.06649780273438 437.64788818359375 126.98739624023438
507.5901794433594 235.9761199951172 511.7258605957031 164.98402404785156
594.0523071289062 240.21009826660156 712.0648193359375 248.02056884765625
242.51295471191406 359.857666015625 255.87950134277344 408.033447265625
705.624755859375 301.9504089355469 711.7191162109375 255.8307342529297
254.1932373046875 409.944091796875 240.29446411132812 361.914794921875
281.4319763183594 185.9859161376953 282.3759765625 214.9551544189453
262.9537658691406 158.3166046142578 507.9324951171875 166.92193603515625
444.05255126953125 504.19720458984375 609.0574340820312 460.2154846191406
586.628662109375 190.96253967285156 588.7461547851562 169.97439575195312
718.7857055664062 400.9655456542969 752.0170288085938 394.0822448730469
505.10540771484375 237.35568237304688 265.0661926269531 221.9676055908203
564.2147827148438 362.1742858886719 592.6460571289062 0.8934525847434998
580.55810546875 348.048828125 595.9572143554688 171.9962615966797
712.6382446289062 247.8162078857422 716.005859375 222.86581420898438
18.148893356323242 243.7999725341797 0.6387397646903992 247.0590362548828
77.06547546386719 163.76182556152344 112.0647964477539 160.75396728515625
525.1427612304688 277.00738525390625 524.10546875 297.05718994140625
768.7632446289062 0.8287362456321716 716.1337890625 380.8800354003906
0.8995214104652405 170.73886108398438 74.23075866699219 164.89637756347656
589.0625610351562 292.2838134765625 705.051025390625 302.4158020019531
697.9732055664062 360.86431884765625 705.1240844726562 306.7521057128906
732.4486694335938 171.9249725341797 755.7528076171875 0.6941590309143066
768.6091918945312 121.94280242919922 728.3451538085938 397.0505065917969
596.9300537109375 193.53497314453125 720.0390014648438 199.14328002929688
78.89307403564453 599.0715942382812 76.62586975097656 564.0242309570312
167.98086547851562 15.093332290649414 143.0052490234375 9.974420547485352
713.0106201171875 250.83285522460938 593.9204711914062 243.24844360351562
139.95724487304688 9.193707466125488 101.08531188964844 0.6135128140449524
513.7537231445312 163.98609924316406 509.5797424316406 237.97628784179688
587.5858154296875 296.0463562011719 583.6239624023438 346.12847900390625
70.89268493652344 159.498046875 29.958759307861328 162.4228057861328
187.14662170410156 575.956787109375 194.02574157714844 599.2872924804688
318.2640075683594 416.8966064453125 297.1375732421875 362.9461364746094
309.9572448730469 224.09130859375 354.09478759765625 222.01467895507812
601.8782348632812 0.9115959405899048 588.9406127929688 165.07412719726562
641.9174194335938 251.97146606445312 593.8397827148438 247.88516235351562
751.5183715820312 407.7374267578125 552.054931640625 387.4598083496094
547.7849731445312 152.98812866210938 549.11181640625 128.9509735107422
584.5737915039062 0.893384575843811 562.6702880859375 293.9006042480469
584.1605834960938 346.55401611328125 698.3075561523438 359.2307434082031
20.700742721557617 137.03253173828125 23.64822769165039 164.14694213867188
374.970947265625 225.78143310546875 371.29522705078125 192.63458251953125
404.3149108886719 125.01114654541016 403.74920654296875 140.99111938476562
519.0473022460938 12.940176963806152 516.0254516601562 61.06439208984375
613.7607421875 263.2535705566406 617.6604614257812 251.55352783203125
614.6857299804688 509.9574279785156 668.8850708007812 493.6187744140625
709.986572265625 256.2098693847656 669.958740234375 253.64361572265625
436.9930419921875 429.63653564453125 448.2139892578125 367.6765441894531
562.05029296875 475.188232421875 452.15032958984375 504.5623779296875
533.996826171875 128.99986267089844 533.0415649414062 151.04513549804688
724.9782104492188 240.99717712402344 733.7030029296875 173.83152770996094
301.8998107910156 378.76031494140625 310.4549865722656 410.8788146972656
335.5834045410156 147.00086975097656 335.5392150878906 125.99886322021484
383.90618896484375 398.3804016113281 436.78253173828125 363.6687316894531
423.46051025390625 125.98623657226562 422.8726501464844 149.0222625732422
548.5285034179688 373.0730895996094 540.371826171875 432.0514221191406
8.43637466430664 301.08135986328125 12.032093048095703 325.995361328125
21.01247787475586 240.0767059326172 46.81776428222656 235.8795623779297
78.88960266113281 563.9342651367188 81.4839859008789 599.0381469726562
188.76229858398438 573.125 229.98045349121094 561.9280395507812
313.240234375 198.95909118652344 313.9025573730469 219.0362091064453
722.0321655273438 170.03147888183594 597.0040283203125 165.87828063964844
723.8923950195312 397.84197998046875 780.5040283203125 1.0719130039215088
243.85879516601562 145.00596618652344 242.92880249023438 123.00300598144531
249.88720703125 273.0077819824219 248.5708770751953 253.96054077148438
322.6123046875 125.94464111328125 323.3360290527344 147.02279663085938
344.4691467285156 217.84974670410156 342.4345397949219 197.95556640625
438.3058776855469 465.1361083984375 442.0824279785156 428.90435791015625
589.9335327148438 168.84768676757812 727.9706420898438 173.81533813476562
281.6052551269531 552.6784057617188 306.38885498046875 599.32470703125
263.8161315917969 426.0755615234375 247.0853729248047 357.0103454589844
14.761646270751953 406.4337463378906 68.500732421875 383.8138732910156
261.7925720214844 154.89207458496094 260.5963439941406 135.02430725097656
393.9872741699219 207.9282989501953 392.7041931152344 226.04986572265625
700.1196899414062 363.9324645996094 584.0097045898438 350.9132080078125
734.994384765625 70.1310806274414 626.992431640625 70.8262710571289
191.99658203125 599.0010375976562 180.25497436523438 559.6257934570312
562.5108642578125 299.8810119628906 556.8231201171875 371.0657653808594
799.0498657226562 398.7539978027344 769.0488891601562 400.7386474609375
99.1635513305664 146.06332397460938 97.41511535644531 122.96857452392578
231.22906494140625 123.050048828125 232.5262451171875 143.03076171875
282.1788024902344 429.84033203125 261.0706481933594 434.33203125
336.0990905761719 220.00064086914062 336.2295227050781 199.99497985839844
213.99993896484375 87.62993621826172 570.0001220703125 87.66658020019531
769.9014892578125 394.3797302246094 799.0385131835938 396.4602966308594
89.98150634765625 598.9312133789062 162.82620239257812 579.3533325195312
303.78057861328125 599.11328125 279.3592834472656 551.8145141601562
488.1403503417969 549.440185546875 544.8009033203125 531.3755493164062
727.0206909179688 132.7598114013672 643.97705078125 131.37452697753906
736.349609375 173.9177703857422 727.854248046875 241.10800170898438
25.124982833862305 321.092041015625 22.5950927734375 297.0426025390625
86.14817810058594 123.08718872070312 88.58953857421875 146.9396514892578
101.51140594482422 273.8311462402344 103.98823547363281 296.0013122558594
420.4906921386719 268.9955749511719 420.3254089355469 288.01153564453125
675.9379272460938 491.7955017089844 704.076904296875 483.2533264160156
395.0352478027344 2.249249219894409 141.1807403564453 9.408724784851074
306.9980163574219 156.00003051757812 306.53179931640625 127.00753021240234
271.94873046875 217.42059326171875 310.9725341796875 216.1539764404297
345.0118103027344 195.4683074951172 313.0069885253906 196.2764434814453
415.9398193359375 230.02096557617188 430.9466247558594 230.90554809570312
461.00048828125 231.93650817871094 484.0069885253906 232.118896484375
505.00146484375 460.298095703125 468.0023498535156 460.4791564941406
483.9269714355469 228.3484344482422 503.9764709472656 229.4344024658203
15.360785484313965 234.42857360839844 0.5383332371711731 238.17196655273438
113.5339126586914 292.9648132324219 112.09069061279297 271.0599060058594
263.2633056640625 405.9980163574219 263.41436767578125 425.9968566894531
265.84747314453125 424.9552307128906 264.84375 405.9554138183594
436.9512634277344 365.61212158203125 455.16632080078125 363.3238220214844
646.9954833984375 78.22440338134766 734.0042114257812 77.71493530273438
362.94671630859375 526.8095092773438 394.2913513183594 518.0415649414062
433.1351318359375 290.0038757324219 433.707763671875 269.96307373046875
641.0054321289062 130.66616821289062 603.9915771484375 130.9696044921875
172.80686950683594 20.94567108154297 192.67079162597656 315.954833984375
601.997802734375 137.09735107421875 726.0023193359375 139.89675903320312
237.8072967529297 252.90536499023438 238.7582244873047 271.0650329589844
337.41070556640625 280.00189208984375 337.4361267089844 261.0005798339844
539.5906982421875 405.9134826660156 534.3617553710938 430.65374755859375
548.9917602539062 128.38937377929688 534.9768676757812 128.09291076660156
605.2235717773438 421.9288635253906 603.109130859375 445.010009765625
606.990234375 78.0908432006836 642.996826171875 77.70316314697266
239.62730407714844 364.84649658203125 254.3875732421875 425.1711120605469
279.79461669921875 548.222412109375 357.8932800292969 527.5958862304688
458.0273742675781 463.45062255859375 438.85516357421875 464.6148986816406
557.6964721679688 283.1404724121094 555.5447998046875 309.1278991699219
716.1170654296875 380.99072265625 562.21533203125 363.1430358886719
10.661001205444336 434.1954345703125 100.91824340820312 443.7706604003906
0.9164620637893677 76.31739044189453 108.92603302001953 83.16646575927734
107.17282104492188 346.25335693359375 120.45144653320312 337.19580078125
179.99484252929688 576.9801025390625 149.00221252441406 585.008544921875
493.43316650390625 422.8826599121094 504.3681945800781 276.8777770996094
562.9420776367188 527.7896118164062 586.1134643554688 521.412353515625
397.9969787597656 516.9886474609375 433.8376159667969 507.3934326171875
432.9879150390625 357.9036560058594 456.0105285644531 358.2113342285156
655.96337890625 499.8810119628906 616.9627685546875 511.8789367675781
735.0440673828125 77.9045181274414 729.5455322265625 132.95460510253906
511.8318786621094 156.03561401367188 514.4482421875 94.93355560302734
772.3372802734375 86.90380859375 784.809326171875 0.9723293781280518
621.10888671875 456.2953796386719 462.86962890625 431.84368896484375
370.9346008300781 537.0480346679688 397.2166748046875 572.8408813476562
404.1209411621094 149.9836883544922 403.6993408203125 121.0043716430664
359.0589904785156 529.2348022460938 334.12591552734375 535.5010375976562
436.99029541015625 126.2913818359375 423.971435546875 125.85768127441406
58.718406677246094 392.27294921875 16.80828285217285 408.5050048828125
46.276519775390625 235.23211669921875 41.672245025634766 201.0441436767578
232.02635192871094 561.1032104492188 271.9743347167969 550.8995361328125
337.3660888671875 222.565673828125 354.8764343261719 218.4714813232422
551.9757080078125 430.9395446777344 549.6842651367188 393.9576110839844
747.3458862304688 548.71435546875 704.8013916015625 458.031494140625
108.5793228149414 84.0385513305664 128.45689392089844 300.9581298828125
304.6092224121094 130.00563049316406 304.98419189453125 156.0146484375
694.9998168945312 142.01124572753906 601.9757080078125 140.4377899169922
171.71165466308594 370.52972412109375 230.79261779785156 358.942626953125
272.0827941894531 552.3076171875 220.0819091796875 566.3043212890625
707.0370483398438 469.76458740234375 624.869384765625 456.8296203613281
431.8377685546875 509.40228271484375 411.0148010253906 515.0545043945312
376.9354553222656 221.2783966064453 390.9502258300781 221.98593139648438
602.0040283203125 335.96539306640625 620.9812622070312 338.1619873046875
707.0391235351562 46.8440055847168 704.0892333984375 65.01448822021484
131.99853515625 441.4366455078125 158.00054931640625 441.463134765625
444.03656005859375 459.5198669433594 459.02581787109375 460.66082763671875
542.4764404296875 266.5798645019531 556.6796875 281.34625244140625
71.7678451538086 144.0147705078125 72.7855224609375 160.01364135742188
702.0040283203125 80.18120574951172 669.0205078125 80.91790008544922
325.3595886230469 260.98419189453125 325.5690612792969 279.0050048828125
548.2221069335938 532.6887817382812 494.05145263671875 550.1595458984375
608.9921264648438 105.7967758178711 660.9899291992188 105.45744323730469
217.90005493164062 438.3719787597656 263.8502502441406 431.05902099609375
663.995361328125 104.03668975830078 688.1145629882812 107.09740447998047
715.09228515625 222.0240478515625 700.0324096679688 222.71047973632812
612.9996337890625 15.987915992736816 744.0072631835938 12.25557804107666
665.9251708984375 226.50576782226562 626.922119140625 224.56695556640625
598.8087768554688 80.16842651367188 611.882080078125 17.391944885253906
500.3275451660156 275.9018249511719 499.2242431640625 305.93475341796875
623.9985961914062 224.98602294921875 611.919677734375 226.2017822265625
699.97509765625 107.8585433959961 697.0560913085938 129.0077362060547
744.3658447265625 12.81395149230957 737.6450805664062 71.84574127197266
434.8710021972656 224.68360900878906 463.01226806640625 226.83969116210938
620.0543823242188 541.6666870117188 674.0216064453125 537.2652587890625
688.0433349609375 535.641357421875 709.01513671875 534.2235107421875
358.9717102050781 590.9166870117188 334.1216735839844 599.358154296875
495.95269775390625 448.8124084472656 471.0245361328125 455.0972595214844
633.9691772460938 46.27102279663086 663.9578857421875 45.00328063964844
672.9554443359375 99.09330749511719 671.7796630859375 85.93035888671875
574.0535888671875 543.9329223632812 556.2423706054688 529.69677734375
591.8033447265625 173.0824737548828 590.0449829101562 190.20994567871094
119.06165313720703 334.52349853515625 101.00086975097656 346.0013732910156
557.2510375976562 370.1201477050781 720.8707885742188 391.9677429199219
554.9036254882812 549.060791015625 608.9501953125 543.5147705078125
271.8744812011719 372.2109375 274.3189392089844 362.0769348144531
588.0150756835938 468.05914306640625 564.0426025390625 474.16717529296875
397.65057373046875 223.0924530029297 397.0565490722656 207.99777221679688
688.1315307617188 224.5240936279297 671.7263793945312 219.9901123046875
755.76123046875 456.81011962890625 774.0289306640625 453.1440734863281
595.061767578125 135.61390686035156 606.1348266601562 80.02685546875
597.6506958007812 162.20692443847656 600.3197021484375 140.9147186279297
192.00869750976562 316.90380859375 226.99415588378906 320.0647277832031
728.2739868164062 140.8792266845703 723.418212890625 170.06956481933594
401.9649963378906 222.4013214111328 413.03302001953125 222.677734375
146.6228790283203 364.43310546875 153.61077880859375 384.43731689453125
2.099647045135498 152.996337890625 1.2910524606704712 130.9893035888672
667.077392578125 46.62805938720703 686.1574096679688 44.27784729003906
709.134521484375 534.9794921875 718.9100952148438 599.166015625
150.5140838623047 385.1859436035156 143.15016174316406 365.9425354003906
551.5640869140625 394.01776123046875 550.9352416992188 413.9979553222656
481.9719543457031 557.739013671875 535.004638671875 552.0431518554688
499.99334716796875 194.14491271972656 288.0721435546875 184.42674255371094
277.66357421875 356.53363037109375 283.31011962890625 370.6747741699219
713.0706176757812 395.8973388671875 720.1570434570312 400.77166748046875
162.61318969726562 441.14764404296875 144.20494079589844 392.9217834472656
795.9378051757812 394.3608093261719 799.1644897460938 377.0306091308594
624.0048217773438 80.56964111328125 607.0059814453125 80.71265411376953
730.36865234375 474.9819030761719 757.6598510742188 492.529052734375
608.3916015625 546.8514404296875 603.5621948242188 599.144287109375
150.12191772460938 391.5889892578125 167.99220275878906 440.36920166015625
617.2927856445312 599.0593872070312 619.8695068359375 542.9940185546875
598.185546875 516.994384765625 629.0570678710938 522.6905517578125
793.2146606445312 367.02728271484375 789.9151000976562 392.9892272949219
418.9712829589844 564.7974853515625 463.077392578125 558.5460815429688
189.05674743652344 426.98309326171875 176.23873901367188 383.9289245605469
674.8490600585938 538.9651489257812 677.3140258789062 599.0691528320312
695.851806640625 599.1282958984375 688.887451171875 536.7891235351562
