342
496.4245300292969 403.88336181640625 498.6387939453125 373.9732666015625
486.241943359375 362.20550537109375 594.0146484375 429.97674560546875
472.4464416503906 399.0899963378906 469.90106201171875 439.99383544921875
503.81500244140625 429.7114562988281 527.0538330078125 426.37493896484375
520.8275756835938 67.91567993164062 505.6533508300781 278.90313720703125
525.9022216796875 262.0715026855469 538.1033935546875 108.0874252319336
518.3796997070312 384.9425048828125 515.1209106445312 420.1038818359375
465.1014709472656 439.0712890625 467.95458984375 394.9970703125
560.0119018554688 410.939208984375 558.758544921875 451.93145751953125
592.312744140625 78.03118133544922 681.036865234375 51.121551513671875
474.6732482910156 208.1443634033203 477.27197265625 178.02346801757812
480.6235656738281 208.0328826904297 482.314697265625 175.9638671875
517.7612915039062 420.0679626464844 520.7080688476562 387.063232421875
472.0397033691406 175.66954040527344 513.0733032226562 173.2369842529297
465.3569030761719 393.0256652832031 462.0570983886719 438.9322204589844
520.99560546875 317.5370788574219 542.0011596679688 317.5971374511719
566.240478515625 218.94607543945312 564.6055297851562 241.97198486328125
315.9944152832031 421.822998046875 198.9846954345703 425.514892578125
476.5186767578125 268.03131103515625 479.7760925292969 214.0468292236328
469.17926025390625 335.0118408203125 465.8777160644531 384.9919128417969
560.1358642578125 445.0128479003906 563.1629638671875 413.0154113769531
639.9147338867188 303.1565856933594 634.1175537109375 337.0201110839844
463.995361328125 327.1950378417969 467.4530029296875 274.0946044921875
504.2936706542969 286.9526672363281 502.8802490234375 337.9134826660156
578.06298828125 417.0724182128906 645.0083618164062 413.1422119140625
167.02496337890625 525.1566162109375 175.21456909179688 1.0033525228500366
468.67877197265625 385.0474548339844 472.0328674316406 337.07220458984375
493.62579345703125 442.9749755859375 495.2335205078125 418.9486999511719
477.20428466796875 214.94732666015625 473.6941833496094 267.9797668457031
625.3097534179688 69.85234069824219 598.3612670898438 378.33270263671875
562.4420166015625 403.927734375 570.5030517578125 341.6766662597656
574.514892578125 402.7354431152344 613.4140014648438 406.72021484375
643.1511840820312 342.6147155761719 655.8946533203125 248.39149475097656
319.0009765625 310.8838195800781 202.9923553466797 309.9148254394531
472.5068664550781 328.03466796875 476.0618591308594 276.0726623535156
512.8413696289062 169.15655517578125 472.879150390625 172.59567260742188
495.53900146484375 342.9697265625 466.60955810546875 327.8348388671875
509.8900451660156 265.8379821777344 562.939453125 269.0119323730469
575.054443359375 115.92204284667969 571.3425903320312 160.94580078125
34.17692184448242 157.9970703125 34.954368591308594 205.00074768066406
315.0140075683594 369.22637939453125 202.00588989257812 370.51580810546875
514.891357421875 430.96063232421875 514.5341796875 441.01898193359375
563.1987915039062 386.0181579589844 561.7335205078125 402.0669860839844
192.51487731933594 255.98260498046875 193.30250549316406 234.01084899902344
315.9042053222656 360.95550537109375 317.7318115234375 315.9485168457031
350.0949401855469 458.689453125 387.581298828125 443.4277648925781
521.69775390625 313.13104248046875 525.1804809570312 268.0139465332031
172.08187866210938 59.18123245239258 0.8938449621200562 42.061492919921875
148.03317260742188 375.0163879394531 148.39857482910156 351.9904479980469
203.01393127441406 306.8481140136719 317.00933837890625 308.22705078125
473.17901611328125 275.0119323730469 469.7123107910156 326.9808044433594
475.0640869140625 178.92202758789062 472.5476379394531 209.12893676757812
559.6392822265625 306.954345703125 555.7757568359375 337.4779052734375
566.0880126953125 342.4453430175781 561.8402709960938 305.13201904296875
633.9381713867188 413.378662109375 575.7860717773438 410.7713928222656
362.9936828613281 72.04483032226562 360.1080627441406 136.0048828125
419.9183044433594 83.86451721191406 364.03936767578125 78.58351135253906
473.50653076171875 386.361328125 497.23541259765625 405.1815490722656
537.0093383789062 422.1395568847656 504.88555908203125 424.2923278808594
629.638916015625 214.96363830566406 627.6250610351562 234.96224975585938
647.410400390625 345.9749755859375 649.0503540039062 372.875
626.9166870117188 95.79218292236328 682.0430297851562 101.5910873413086
0.7353667616844177 503.6444091796875 34.425296783447266 478.57147216796875
103.01651000976562 308.6392822265625 0.9951309561729431 307.4012451171875
460.7962341308594 389.1153564453125 457.7221984863281 436.9821472167969
479.57049560546875 176.9750213623047 477.705322265625 209.04103088378906
495.9834899902344 411.0216064453125 462.4473876953125 385.4140625
501.2239685058594 335.4317321777344 496.61871337890625 341.7207946777344
62.94937515258789 575.89404296875 125.91207122802734 545.81591796875
129.99819946289062 598.9967651367188 242.70912170410156 536.4755859375
316.0125427246094 363.95965576171875 201.979736328125 365.45166015625
390.1813049316406 450.6490173339844 361.6168212890625 458.6282653808594
527.9485473632812 245.38453674316406 577.0294189453125 247.20840454101562
569.6681518554688 249.8855438232422 564.4277954101562 310.8648986816406
681.9733276367188 110.26301574707031 625.94091796875 104.58271789550781
656.2924194335938 400.549072265625 692.9830932617188 46.89449691772461
201.9849090576172 362.0746154785156 314.99365234375 361.1891174316406
512.7398071289062 141.94456481933594 476.7108459472656 150.8271026611328
525.3728637695312 323.0046081542969 525.2000122070312 337.0148010253906
576.1209106445312 413.8037109375 474.76702880859375 351.3782653808594
570.0355834960938 244.22665405273438 528.032470703125 242.29421997070312
570.7660522460938 167.89076232910156 566.782470703125 212.89222717285156
130.95809936523438 187.9992218017578 130.49365234375 213.00917053222656
197.35447692871094 422.9885559082031 200.66619873046875 235.97637939453125
317.8021545410156 307.9046325683594 319.0743103027344 291.9263000488281
472.4922790527344 213.0972442626953 468.9107971191406 268.0593566894531
722.992431640625 311.92120361328125 799.0037231445312 312.5472412109375
37.13287353515625 487.42608642578125 0.576217770576477 516.466552734375
170.35443115234375 474.0186462402344 171.1632080078125 502.024169921875
184.38600158691406 51.00552749633789 185.1021728515625 0.9871446490287781
477.8637390136719 214.8459930419922 508.9894104003906 217.1436309814453
524.1753540039062 30.335037231445312 581.6195678710938 0.273057758808136
200.9499053955078 366.0097961425781 200.39239501953125 420.0143737792969
321.0398864746094 255.737060546875 202.9997100830078 252.0089874267578
254.94583129882812 590.918212890625 307.4382629394531 556.15185546875
322.9565124511719 238.9359893798828 317.2226867675781 421.97564697265625
464.64404296875 333.11602783203125 461.122802734375 383.0086669921875
495.6297912597656 418.453125 474.21673583984375 400.958740234375
521.3800659179688 344.9574890136719 519.2500610351562 376.01715087890625
526.1537475585938 0.8241745233535767 524.2392578125 20.927547454833984
511.9660949707031 452.9244079589844 536.42724609375 441.9525451660156
166.17514038085938 452.08343505859375 160.99343872070312 525.070556640625
193.9384765625 232.52377319335938 323.96875 237.77394104003906
316.9882507324219 316.565185546875 271.9869079589844 315.6298522949219
687.77783203125 71.86859893798828 653.8865966796875 387.0953063964844
44.31029510498047 471.5831604003906 1.2104190587997437 507.2542419433594
102.28154754638672 229.99635314941406 103.2924575805664 308.0091552734375
180.73934936523438 443.0262756347656 184.46156311035156 55.00442886352539
509.0784912109375 209.74000549316406 478.01177978515625 208.66119384765625
626.9547729492188 102.40776824951172 682.0537109375 108.51551055908203
21.898386001586914 470.5469970703125 50.47914123535156 464.1360778808594
0.965307354927063 44.34822082519531 171.9617156982422 61.38429260253906
468.3928527832031 274.0899963378906 465.1031494140625 325.00665283203125
471.2260437011719 439.4310302734375 493.0609436035156 442.5770263671875
484.9975280761719 24.996070861816406 523.7294311523438 0.5709607005119324
549.9923095703125 338.00146484375 543.2108154296875 301.9603271484375
554.5612182617188 481.07879638671875 545.0267944335938 427.99517822265625
596.600341796875 95.96399688720703 572.3839111328125 364.7643127441406
654.7017822265625 247.8717803955078 648.9608764648438 305.9961242675781
107.40782165527344 312.0024108886719 107.05585479736328 225.99977111816406
391.9634704589844 442.7867431640625 427.9356384277344 436.6242980957031
506.3381042480469 278.8096923828125 470.39727783203125 268.6012878417969
565.0057373046875 262.6804504394531 510.0011901855469 263.14312744140625
539.0159912109375 591.0220947265625 573.8880004882812 565.8448486328125
625.9458618164062 106.5395278930664 680.993408203125 112.06588745117188
104.96501159667969 59.99951171875 104.93812561035156 116.99996948242188
109.06153869628906 224.99960327148438 109.6214599609375 311.9960021972656
176.4462127685547 34.00278091430664 174.39488220214844 362.989990234375
203.1528778076172 278.0049133300781 202.2195281982422 307.007080078125
356.72772216796875 194.98818969726562 345.3175964355469 457.97039794921875
492.4892883300781 418.971435546875 491.47906494140625 437.02679443359375
584.090576171875 445.7886962890625 563.9786987304688 444.2851867675781
639.3717041015625 236.03762817382812 641.4159545898438 215.8396759033203
693.9613647460938 122.73236083984375 740.1541137695312 116.06819152832031
0.9369143843650818 225.78659057617188 102.95095825195312 229.38877868652344
148.0463409423828 215.00082397460938 148.50672912597656 188.9735870361328
202.00680541992188 310.0098571777344 201.48756408691406 363.0047912597656
236.82513427734375 329.9739990234375 238.7821044921875 316.8188171386719
202.96551513671875 258.2587890625 321.0138854980469 261.49334716796875
547.9375 383.7544860839844 560.020263671875 384.755859375
596.7765502929688 0.8892173171043396 590.3348388671875 72.03031921386719
36.49630355834961 219.02952575683594 35.0230598449707 143.99954223632812
198.93687438964844 420.4762878417969 312.9405822753906 417.6244201660156
231.0455322265625 478.98553466796875 230.46905517578125 516.991943359375
321.0727233886719 199.59535217285156 247.95806884765625 195.81004333496094
346.1256408691406 70.96627807617188 332.04681396484375 436.0018005371094
469.6531066894531 210.03109741210938 475.51544189453125 86.88172912597656
474.6796569824219 275.9759826660156 504.72491455078125 285.8380432128906
520.9815063476562 65.9208984375 523.7607421875 30.136751174926758
547.936767578125 340.7596130371094 562.9988403320312 342.01385498046875
0.0511716827750206 491.2010498046875 19.68071937561035 467.8891296386719
0.9196110963821411 30.773706436157227 171.15982055664062 48.46184539794922
314.0209655761719 419.9626159667969 316.1222839355469 364.9283142089844
531.975341796875 216.44351196289062 565.9260864257812 218.33010864257812
557.1915893554688 313.6439514160156 547.9522094726562 312.33837890625
577.9393310546875 246.73033142089844 591.2567749023438 95.58208465576172
131.3946533203125 351.9899597167969 131.01304626464844 375.01678466796875
319.0321350097656 234.17784118652344 201.0170135498047 229.56480407714844
329.06146240234375 235.95831298828125 339.5020446777344 0.889053225517273
364.0362854003906 77.69402313232422 420.1951904296875 84.35400390625
475.9883728027344 167.87857055664062 512.135498046875 164.4131317138672
517.9496459960938 374.9979553222656 518.9205322265625 350.9967956542969
649.9249267578125 386.01312255859375 650.52001953125 344.02154541015625
31.342105865478516 550.9122924804688 42.04507827758789 470.6061706542969
147.9744110107422 351.00390625 130.98544311523438 350.5708312988281
248.03173828125 531.43359375 140.8738250732422 539.2759399414062
364.97119140625 0.9099498391151428 361.99139404296875 68.04400634765625
363.9612121582031 68.36099243164062 419.07720947265625 74.2812271118164
567.405517578125 376.20208740234375 586.6453857421875 385.7170715332031
594.9480590820312 429.083984375 578.1751708984375 418.7165832519531
619.2525024414062 341.0093688964844 619.7542114257812 381.0406799316406
661.4120483398438 0.9408771991729736 656.0758666992188 54.00762939453125
72.88194274902344 575.5269165039062 121.35851287841797 563.429443359375
483.7481994628906 102.28142547607422 517.5083618164062 90.45068359375
192.0800323486328 567.1416015625 135.169189453125 599.2994384765625
212.9483184814453 332.781005859375 215.866943359375 318.7640686035156
353.06768798828125 523.9560546875 254.92250061035156 530.9054565429688
288.94537353515625 476.994873046875 288.80401611328125 506.00390625
578.924560546875 475.345947265625 554.400390625 455.75042724609375
657.93212890625 250.176513671875 666.9597778320312 250.69715881347656
47.00082015991211 305.041259765625 78.00845336914062 304.4258728027344
121.35653686523438 550.7494506835938 73.29247283935547 573.6148071289062
174.04989624023438 378.99700927734375 173.83001708984375 449.0025939941406
322.14227294921875 206.98570251464844 322.0022277832031 234.98500061035156
385.8326721191406 460.6078186035156 380.2923583984375 477.0982360839844
523.4877319335938 25.054428100585938 569.5204467773438 0.11486227065324783
629.90576171875 340.8153381347656 644.0633544921875 342.4516906738281
699.9405517578125 493.117919921875 799.02978515625 486.4424743652344
749.0314331054688 541.34716796875 799.1635131835938 536.8049926757812
148.43109130859375 178.00115966796875 148.468994140625 163.995849609375
606.5121459960938 236.13839721679688 599.73681640625 163.30355834960938
755.4946899414062 0.8252400159835815 686.0208129882812 599.234619140625
743.9175415039062 115.8467788696289 799.0762329101562 121.21721649169922
19.75383758544922 431.1648254394531 37.11219787597656 428.8364562988281
404.68060302734375 440.09222412109375 428.7851257324219 0.8235868215560913
546.77978515625 29.981454849243164 542.2296142578125 84.01933288574219
32.569664001464844 53.98949432373047 33.95314025878906 129.00086975097656
103.47235870361328 525.9764404296875 106.12509155273438 353.9556579589844
138.04148864746094 539.5791625976562 60.93572998046875 545.1028442382812
147.9165496826172 188.7572479248047 131.89077758789062 186.99111938476562
330.9654235839844 436.14654541015625 178.9717559814453 442.30255126953125
328.4636535644531 300.98040771484375 330.6571350097656 240.950927734375
461.554931640625 246.03622436523438 466.19537353515625 174.94747924804688
716.143310546875 309.3775634765625 670.0537109375 298.7666931152344
194.0680389404297 55.993717193603516 192.90142822265625 229.00607299804688
238.99990844726562 315.4718322753906 203.9997100830078 315.4647521972656
348.04248046875 1.0204838514328003 346.7657775878906 65.99539947509766
452.61224365234375 270.9397888183594 453.48193359375 250.89077758789062
596.1064453125 456.1102294921875 583.939453125 446.31768798828125
662.072265625 172.00747680664062 667.8814697265625 115.88422393798828
417.404296875 88.96236419677734 414.6907043457031 131.9172821044922
536.9485473632812 164.77198791503906 570.9309692382812 167.03628540039062
572.467529296875 390.028076171875 571.4462280273438 407.02679443359375
596.0469360351562 259.9769287109375 597.1849365234375 212.9802703857422
340.2439880371094 450.8957824707031 357.25982666015625 0.8963857889175415
580.2057495117188 368.71343994140625 600.8902587890625 94.84066009521484
333.350341796875 240.0135040283203 330.9977111816406 301.0384521484375
457.09356689453125 250.72657775878906 455.54656982421875 272.8282775878906
536.9569091796875 312.45526123046875 521.9685668945312 312.8736572265625
571.0750732421875 161.2894287109375 538.0213623046875 157.7975616455078
619.7774658203125 438.97772216796875 621.5811767578125 420.95806884765625
799.0790405273438 489.1385498046875 700.9963989257812 495.9484558105469
8.83595085144043 208.0061798095703 7.854920387268066 181.96778869628906
18.277639389038086 460.3754577636719 51.17882537841797 456.5299987792969
42.107810974121094 470.1626892089844 24.976924896240234 471.75115966796875
40.66643142700195 586.62255859375 64.93817901611328 580.7447509765625
158.91209411621094 493.9867858886719 154.43910217285156 523.7655639648438
0.9609352946281433 135.56130981445312 167.06117248535156 147.1211395263672
591.4153442382812 93.00691986083984 591.6486206054688 79.01081085205078
75.0043716430664 299.8467712402344 101.9823989868164 300.6167907714844
323.1072998046875 142.75604248046875 251.68984985351562 136.59559631347656
312.245849609375 555.3623657226562 257.39422607421875 592.5809936523438
526.2449951171875 428.13153076171875 528.1932373046875 439.31475830078125
567.0783081054688 212.78607177734375 533.0264282226562 210.59019470214844
554.8374633789062 453.24365234375 587.6009521484375 475.0974426269531
669.9236450195312 102.80387878417969 626.931640625 98.71971130371094
169.67950439453125 349.6441955566406 147.2479248046875 333.6522521972656
203.9860076904297 200.27618408203125 295.0562744140625 204.88905334472656
476.0586853027344 17.080158233642578 464.8596496582031 164.9893798828125
554.6985473632812 589.0100708007812 525.6514282226562 597.8552856445312
653.8113403320312 469.3053283691406 596.4608154296875 433.87274169921875
68.02861785888672 299.8491516113281 53.98756790161133 299.4999694824219
0.9255958795547485 39.74260330200195 171.1207275390625 56.79502868652344
190.1401824951172 238.0151824951172 190.405029296875 253.01051330566406
356.0222473144531 227.06642150878906 357.9614562988281 168.03158569335938
12.046276092529297 351.2467956542969 0.9502143263816833 351.65863037109375
35.490055084228516 594.0917358398438 38.45330810546875 545.96630859375
37.519901275634766 428.4711608886719 52.655303955078125 443.3506164550781
619.4013671875 336.5140075683594 607.0960083007812 346.1229248046875
299.9384460449219 148.19091796875 322.03448486328125 149.33274841308594
509.0662841796875 471.22796630859375 447.2166442871094 447.436767578125
538.9573364257812 136.52484130859375 563.0420532226562 138.4823455810547
598.149658203125 79.91927337646484 596.90869140625 92.9913330078125
640.3090209960938 410.36383056640625 616.1747436523438 398.6402282714844
107.22760772705078 219.99981689453125 107.17257690429688 150.99986267089844
195.09552001953125 52.10834884643555 184.11441040039062 50.93197250366211
293.97393798828125 207.56080627441406 203.93605041503906 203.37606811523438
243.0272216796875 195.11618041992188 205.969970703125 193.97479248046875
482.2065124511719 534.3811645507812 454.15277099609375 530.802490234375
568.38623046875 368.2780456542969 603.4611206054688 385.12213134765625
620.9375 177.93350219726562 671.0476684570312 181.28749084472656
7.739310264587402 169.02964782714844 7.385725021362305 153.99093627929688
105.69413757324219 181.99530029296875 105.92434692382812 216.00051879882812
138.62844848632812 318.37103271484375 123.12970733642578 327.5267639160156
121.9764175415039 566.9038696289062 73.21134948730469 578.8618774414062
264.97637939453125 145.30197143554688 296.0211486816406 147.72975158691406
417.9637145996094 76.38912963867188 363.8743896484375 71.3474349975586
456.8659362792969 535.4718627929688 500.86529541015625 539.4791259765625
579.48486328125 566.5105590820312 600.390380859375 587.6041870117188
217.07044982910156 553.1277465820312 193.93772888183594 565.8870849609375
205.0193634033203 140.73277282714844 239.0580291748047 143.19915771484375
592.5446166992188 70.05175018310547 594.3517456054688 51.033424377441406
194.7693634033203 0.9551258087158203 193.7635040283203 50.95500946044922
206.93017578125 408.1248474121094 230.9713134765625 407.2296142578125
525.6690673828125 347.7585144042969 539.9961547851562 354.0087890625
170.08628845214844 51.188873291015625 105.85575103759766 44.35599899291992
123.7853012084961 343.30047607421875 146.8179168701172 347.10296630859375
658.9022827148438 48.98989486694336 662.8217163085938 11.084965705871582
357.998779296875 138.99993896484375 361.021728515625 76.00104522705078
598.0906372070312 431.8530578613281 659.70263671875 469.8610534667969
12.52955436706543 376.0022888183594 12.633333206176758 351.99407958984375
173.9671173095703 450.0433349609375 342.9350891113281 448.163818359375
318.9833984375 291.1042785644531 290.8992614746094 286.63275146484375
684.5153198242188 49.1308708190918 679.0573120117188 71.01428985595703
671.023681640625 300.89947509765625 716.8340454101562 311.7037353515625
196.058837890625 238.00357055664062 195.02467346191406 255.06211853027344
248.97474670410156 137.2970733642578 223.98533630371094 135.1724395751953
302.9834289550781 205.37939453125 319.9946594238281 206.122314453125
326.5615539550781 90.98255157470703 325.8702087402344 147.98629760742188
587.99267578125 76.9764404296875 542.6426391601562 91.06819915771484
354.69873046875 26.9835205078125 352.1810302734375 73.00990295410156
483.9867858886719 142.99851989746094 488.35650634765625 103.92803192138672
752.72900390625 554.919189453125 799.40380859375 586.4013061523438
799.71240234375 577.8932495117188 748.1791381835938 544.7217407226562
100.90359497070312 43.92005157470703 31.92743492126465 36.692535400390625
346.89447021484375 461.6147766113281 170.84092712402344 469.4049072265625
205.92648315429688 79.84488677978516 326.06109619140625 90.29801177978516
614.2700805664062 474.0322265625 617.37060546875 448.0442199707031
338.10174560546875 11.189868927001953 319.88671875 8.901985168457031
517.933349609375 487.9149475097656 518.9521484375 499.0954895019531
542.993896484375 113.75833129882812 575.9990844726562 113.66822052001953
414.9387512207031 534.8665771484375 376.013427734375 512.7352294921875
62.97650909423828 585.9224243164062 35.747352600097656 594.1654663085938
479.24322509765625 43.94527053833008 481.9979248046875 5.855207920074463
259.9917297363281 292.5567932128906 222.97015380859375 292.0061340332031
263.3810119628906 169.97003173828125 285.17626953125 174.0608673095703
326.28375244140625 599.616943359375 345.3829345703125 590.8325805664062
204.78330993652344 33.01329040527344 204.99209594726562 4.999940872192383
583.3202514648438 115.11317443847656 572.4329833984375 242.12283325195312
565.9825439453125 598.81884765625 597.0792846679688 595.8231811523438
492.6946105957031 444.0833740234375 496.2060852050781 456.9437255859375
9.945412635803223 298.2665710449219 48.00401306152344 299.9068603515625
74.70646667480469 288.7170715332031 51.95403289794922 291.64251708984375
222.93162536621094 168.94993591308594 259.0325012207031 171.548583984375
327.4950866699219 21.062692642211914 328.57806396484375 47.059234619140625
603.7364501953125 163.04217529296875 608.8544921875 195.02328491210938
583.865478515625 470.6029052734375 603.0210571289062 471.5927734375
197.5362091064453 141.9422607421875 205.21409606933594 80.27567291259766
521.00732421875 375.0006103515625 523.4140625 346.0343933105469
323.6753234863281 149.9979248046875 323.8323669433594 201.0066680908203
329.04388427734375 47.53055191040039 200.1423797607422 35.4772834777832
690.0155029296875 58.00161361694336 688.8717041015625 68.98664093017578
298.9952087402344 409.10137939453125 311.0156555175781 409.6676940917969
564.9496459960938 221.0708465576172 532.9733276367188 219.5666046142578
102.35359954833984 351.8177490234375 101.09275817871094 383.96441650390625
535.76513671875 481.8479919433594 551.0270385742188 483.78741455078125
153.05455017089844 387.63323974609375 123.05461883544922 388.6352844238281
566.3069458007812 308.8601379394531 572.7469482421875 276.9489440917969
201.17555236816406 226.08346557617188 202.8861846923828 201.99191284179688
197.37460327148438 199.9266357421875 204.0516357421875 143.0060577392578
410.2547607421875 121.06546020507812 393.61083984375 440.08404541015625
777.9354858398438 117.68071746826172 744.9475708007812 114.55315399169922
207.09410095214844 2.97515606880188 336.9178161621094 14.895015716552734
229.0225372314453 111.63324737548828 280.014404296875 114.7657470703125
295.9574890136719 149.66705322265625 265.951904296875 147.75457763671875
295.2763671875 177.997314453125 295.4415588378906 194.99571228027344
281.17578125 290.3335266113281 264.9834289550781 286.06280517578125
347.095947265625 590.9716796875 349.58734130859375 599.416748046875
505.6473388671875 73.22433471679688 520.7152099609375 66.37367248535156
569.698486328125 213.04058837890625 571.2689208984375 186.015625
312.9272766113281 8.448272705078125 295.73095703125 5.658205032348633
491.2353515625 86.46994018554688 506.8297424316406 78.66001892089844
