351
37.40427780151367 372.1279602050781 0.5328188538551331 397.3161315917969
459.2987976074219 187.937744140625 407.1509094238281 195.97866821289062
108.63457489013672 312.0150146484375 70.66643524169922 326.10089111328125
398.8138732910156 162.94320678710938 449.98773193359375 153.93031311035156
133.03518676757812 45.183929443359375 0.8968671560287476 70.46086120605469
402.12408447265625 327.0881652832031 310.5322570800781 0.8505645990371704
419.3464050292969 8.270750999450684 363.159912109375 23.586647033691406
396.2192687988281 188.3782958984375 466.19818115234375 177.24586486816406
13.21785831451416 349.90692138671875 0.7369707226753235 352.905029296875
30.357851028442383 364.794189453125 53.59620666503906 354.3231506347656
462.7064514160156 161.28173828125 391.72802734375 173.4080352783203
457.0944519042969 193.62501525878906 410.10943603515625 200.7242431640625
664.8580322265625 574.7769775390625 799.1834106445312 489.2881774902344
179.72718811035156 243.55613708496094 155.6160430908203 258.3752746582031
313.21368408203125 0.9413293600082397 345.07415771484375 116.97964477539062
0.8402218222618103 399.76715087890625 75.4090576171875 348.5960998535156
458.126708984375 197.8538055419922 410.9779052734375 204.8511962890625
458.99462890625 201.9627685546875 411.9633483886719 208.745849609375
478.05047607421875 287.5208435058594 433.979736328125 291.7908935546875
22.548385620117188 431.7579650878906 52.86998748779297 409.8203125
82.37444305419922 344.8133850097656 115.30168914794922 329.65533447265625
421.10614013671875 55.41827392578125 376.2064208984375 66.81330108642578
475.04388427734375 276.42510986328125 430.9970703125 280.9716796875
477.9845886230469 283.83795166015625 432.01959228515625 288.2061767578125
436.898193359375 312.7430114746094 484.9072570800781 308.8547058105469
0.7564061284065247 72.90187072753906 306.8860168457031 4.9941487312316895
87.68939208984375 366.119873046875 220.6328582763672 275.9328918457031
202.89662170410156 307.86724853515625 107.7461166381836 381.95819091796875
262.1010437011719 433.9222717285156 171.41604614257812 542.1860961914062
352.1089782714844 15.397493362426758 408.6937561035156 -0.11697864532470703
425.1609802246094 64.66175079345703 378.7452697753906 75.952880859375
461.018310546875 210.13168334960938 414.0910339355469 216.65484619140625
465.0104675292969 226.07920837402344 418.0387268066406 232.292724609375
523.1146850585938 70.4416275024414 539.5608520507812 57.725337982177734
197.8085479736328 24.370786666870117 276.79827880859375 0.33703553676605225
447.0165100097656 146.0916748046875 398.77923583984375 154.77345275878906
460.0053405761719 206.03717041015625 413.10833740234375 212.75611877441406
469.8556823730469 245.78060913085938 422.0519104003906 251.4385223388672
472.058837890625 253.52020263671875 424.9823303222656 258.8436584472656
474.0848083496094 268.7608642578125 428.9765319824219 273.7894287109375
419.0726623535156 40.25736618041992 373.0686340332031 53.243194580078125
434.9647521972656 101.83255767822266 387.74169921875 111.77297973632812
463.9977111816406 217.98297119140625 416.0623779296875 224.4615936279297
474.08642578125 272.86297607421875 429.0375671386719 277.3751525878906
495.93585205078125 316.131103515625 430.9210205078125 320.9298400878906
481.0318298339844 302.38330078125 437.0033264160156 306.0400695800781
520.76708984375 563.5995483398438 561.3994140625 539.9674072265625
133.86187744140625 118.58908081054688 102.68675994873047 129.068115234375
25.8334903717041 55.05057907104492 195.86500549316406 25.23023796081543
414.8159484863281 15.353423118591309 367.6524658203125 28.779102325439453
418.08941650390625 35.31417465209961 371.84979248046875 48.47215270996094
439.9384460449219 119.69412231445312 391.87261962890625 129.3671112060547
432.1698303222656 92.779541015625 385.9664611816406 102.84606170654297
472.9217224121094 249.32943725585938 423.0180358886719 255.15444946289062
464.0140380859375 222.1063690185547 417.0409240722656 228.3097686767578
480.0146179199219 295.17120361328125 435.0009765625 299.0115051269531
56.53932571411133 359.14190673828125 33.872554779052734 369.8474426269531
345.6672058105469 119.09131622314453 398.5549621582031 311.84771728515625
424.13909912109375 59.541019439697266 377.85589599609375 71.43946838378906
428.17547607421875 83.763916015625 383.7624206542969 93.96565246582031
443.0846252441406 128.44107055664062 393.9736022949219 137.8623504638672
441.0206604003906 124.10299682617188 392.9496765136719 133.74916076660156
476.0262145996094 280.2702331542969 431.0615539550781 284.63421630859375
517.6597900390625 568.133544921875 464.1596374511719 599.2742309570312
157.2053985595703 183.429931640625 129.77706909179688 196.53335571289062
161.03358459472656 290.2505187988281 109.88031768798828 297.1070861816406
174.56736755371094 526.63037109375 252.91676330566406 434.9288635253906
427.96124267578125 73.83808135986328 381.0184326171875 85.0769271850586
436.83001708984375 106.19181060791016 388.84918212890625 116.2828598022461
445.1573486328125 141.85134887695312 397.9225769042969 150.5810546875
444.1675720214844 132.88421630859375 395.8194580078125 142.0474853515625
462.023681640625 214.1731719970703 415.0810852050781 220.59288024902344
466.0127868652344 230.10252380371094 418.99615478515625 235.96908569335938
479.0250549316406 291.26202392578125 433.9588623046875 295.5695495605469
460.068115234375 599.1148071289062 515.5330200195312 566.2127685546875
50.22539138793945 345.68212890625 15.13420581817627 357.4092712402344
100.94364166259766 320.3529357910156 123.94334411621094 318.34954833984375
207.864501953125 281.05157470703125 196.03717041015625 249.98585510253906
207.3229522705078 240.5541534423828 194.13861083984375 248.2378387451172
409.0733337402344 48.27647018432617 374.1434020996094 57.540706634521484
426.0953063964844 69.39364624023438 379.8982238769531 80.57969665527344
432.1316833496094 97.61637878417969 386.8483581542969 107.29009246826172
429.1898193359375 78.83401489257812 381.907958984375 89.59558868408203
439.0397644042969 115.19563293457031 390.7976379394531 125.00469970703125
437.9613342285156 110.80876922607422 389.90374755859375 120.5239486694336
473.9957275390625 264.9609375 427.0090026855469 270.0826721191406
466.01171875 234.09292602539062 419.00201416015625 240.01609802246094
511.3499450683594 38.412776947021484 535.3628540039062 32.46491622924805
522.0682373046875 60.093074798583984 538.6751098632812 47.921077728271484
537.390625 159.24778747558594 552.09765625 136.0619354248047
664.166748046875 578.2619018554688 631.1712036132812 599.2689208984375
799.1238403320312 492.1941833496094 667.2047729492188 576.3211669921875
208.36080932617188 328.2274169921875 119.07917022705078 402.0956726074219
444.0903625488281 137.4816436767578 396.09130859375 146.4866485595703
471.9261169433594 261.3307189941406 426.0436096191406 266.39501953125
507.2642822265625 16.987028121948242 531.8411254882812 10.406586647033691
522.0438232421875 95.22235107421875 544.3594970703125 90.82384490966797
311.82232666015625 599.0844116210938 252.49026489257812 474.24224853515625
472.0483093261719 257.43621826171875 426.05859375 262.529052734375
467.006591796875 238.05368041992188 421.08331298828125 243.68006896972656
468.1187438964844 241.9917755126953 421.9425964355469 247.52047729492188
544.3577270507812 158.87167358398438 553.9329833984375 143.9569549560547
135.1688690185547 319.08245849609375 83.24874877929688 348.22479248046875
213.79774475097656 340.7662658691406 131.77386474609375 411.7386474609375
179.5361328125 273.65191650390625 160.94883728027344 288.93780517578125
431.0565185546875 88.25665283203125 384.8733825683594 98.42486572265625
481.0579833984375 298.6691589355469 435.96331787109375 302.5766906738281
530.7039794921875 115.7535629272461 546.6788330078125 96.5651626586914
548.0288696289062 209.99534606933594 558.8546142578125 187.92868041992188
65.18157196044922 525.38623046875 8.92195987701416 551.833984375
98.15055847167969 562.4822387695312 46.571449279785156 586.3902587890625
204.752685546875 319.69183349609375 114.37579345703125 392.2221984863281
131.08482360839844 198.17689514160156 158.49514770507812 185.0325469970703
153.8914031982422 261.8259582519531 180.23976135253906 245.3842315673828
427.76226806640625 0.6181204915046692 462.5830383300781 161.3070526123047
473.94482421875 512.89892578125 538.7386474609375 477.5213623046875
42.20625686645508 270.3763732910156 89.75152587890625 370.6436462402344
126.1855697631836 312.0673522949219 72.18467712402344 327.06414794921875
203.69801330566406 314.618408203125 112.2188720703125 387.012939453125
451.8124084472656 154.26744079589844 436.8460388183594 87.8094711303711
486.2016906738281 308.9549560546875 474.3592834472656 255.91976928710938
84.24021911621094 137.72535705566406 135.5715789794922 120.72592163085938
210.38931274414062 332.2731018066406 121.76883697509766 406.724853515625
320.1952209472656 0.6762226223945618 416.167236328125 354.9547119140625
39.26622772216797 404.7353210449219 12.241035461425781 420.4154357910156
188.21160888671875 286.8953552246094 160.01437377929688 307.0201416015625
210.89369201660156 599.3051147460938 195.7356414794922 544.3487548828125
362.8448486328125 24.78694725036621 397.65765380859375 162.8341522216797
369.8047790527344 41.358333587646484 418.11395263671875 26.661603927612305
472.61846923828125 248.8656768798828 459.4265441894531 188.12454223632812
433.9676818847656 293.6595153808594 478.9422912597656 289.39190673828125
433.0044860839844 290.0460510253906 478.0640869140625 285.6582336425781
534.8594970703125 26.490453720092773 510.7617492675781 33.1360969543457
71.0601577758789 61.37940979003906 98.79544830322266 130.08258056640625
214.7078094482422 345.6671142578125 139.55348205566406 411.630615234375
217.1648406982422 349.18536376953125 145.6732177734375 412.757080078125
183.13543701171875 568.3222045898438 158.6720428466797 599.52685546875
212.3282928466797 336.3861083984375 123.16728210449219 412.1967468261719
245.66610717773438 322.4821472167969 309.6026306152344 314.00347900390625
406.34564208984375 196.6615753173828 435.6280822753906 313.0935363769531
666.0186767578125 479.0324401855469 728.90771484375 442.839599609375
799.0420532226562 398.9153747558594 678.9901123046875 401.5500793457031
206.3268280029297 324.1741943359375 116.99465942382812 396.9934387207031
229.80865478515625 344.0729064941406 267.43865966796875 442.8328552246094
430.22369384765625 320.9424743652344 396.27392578125 188.92955017089844
435.4881896972656 82.11273956298828 419.4118347167969 9.129557609558105
199.1633758544922 547.9559936523438 212.91650390625 599.0224609375
568.1719360351562 203.2407989501953 607.9622192382812 197.72720336914062
160.11056518554688 305.1283264160156 130.00767517089844 308.0782775878906
218.6368408203125 353.5971984863281 151.2865447998047 414.3178405761719
430.98748779296875 282.8782653808594 476.0252380371094 278.24542236328125
437.9841613769531 307.7955627441406 482.0295715332031 304.3814392089844
799.0753784179688 354.76690673828125 699.9570922851562 358.99462890625
731.380615234375 441.6570129394531 784.8238525390625 410.6959228515625
100.37708282470703 133.2518310546875 126.26832580566406 197.29579162597656
182.98350524902344 262.67547607421875 145.9267578125 264.5594482421875
231.50689697265625 386.5068054199219 161.49916076660156 456.4990539550781
197.87322998046875 249.67398071289062 209.17161560058594 279.9359130859375
193.3925323486328 249.6107635498047 205.531005859375 281.5581359863281
287.33673095703125 550.6575927734375 251.10723876953125 569.2094116210938
392.4186706542969 173.89234924316406 351.8935546875 16.28449249267578
466.1569519042969 178.18301391601562 496.1170654296875 316.1916809082031
536.5291748046875 475.58221435546875 497.3038024902344 443.8608703613281
558.2532348632812 188.6429443359375 548.4227905273438 209.20216369628906
596.7223510742188 519.5253295898438 664.076416015625 480.1306457519531
0.11406628042459488 273.446533203125 36.3458137512207 345.3297424316406
220.49122619628906 357.5364074707031 155.2548065185547 417.2782287597656
225.5763702392578 375.55950927734375 161.85121154785156 436.8453063964844
222.45420837402344 361.4117126464844 159.14102172851562 420.1520080566406
242.7510986328125 413.7723388671875 165.34539794921875 498.4012756347656
224.67349243164062 370.6571350097656 161.67030334472656 430.6537780761719
417.90716552734375 230.31265258789062 464.0114440917969 224.08473205566406
435.95172119140625 304.4642639160156 481.0362548828125 300.4024658203125
435.97802734375 300.7369079589844 480.9979553222656 296.97540283203125
534.9136352539062 33.01653289794922 537.2353515625 45.1463623046875
541.8327026367188 70.82323455810547 519.2716064453125 92.1736068725586
31.211069107055664 452.6073913574219 7.9463114738464355 440.099853515625
128.4444580078125 195.8181610107422 102.63772583007812 132.7390899658203
213.83982849121094 585.6900024414062 284.56158447265625 549.1514282226562
516.7490844726562 565.2394409179688 471.3283996582031 517.640869140625
101.31018829345703 129.4656219482422 73.6800765991211 61.722618103027344
127.64783477783203 200.14234924316406 152.0056610107422 260.40191650390625
154.12387084960938 258.9495849609375 129.6142578125 198.74990844726562
224.25999450683594 365.2762145996094 161.4114227294922 424.43707275390625
244.7664031982422 422.68548583984375 170.13742065429688 506.1229248046875
251.0167236328125 465.9920349121094 314.1210632324219 598.4660034179688
430.01446533203125 279.1442565917969 475.0628356933594 274.6264343261719
541.070556640625 479.1300354003906 475.40570068359375 514.7479248046875
537.024658203125 45.03573226928711 514.64599609375 60.48728942871094
648.2318725585938 420.96905517578125 592.1653442382812 0.8444797396659851
607.99267578125 440.986572265625 639.0156860351562 424.0286865234375
540.4619750976562 61.52583312988281 518.7612915039062 80.59001922607422
547.258056640625 101.07865905761719 533.8439331054688 116.72361755371094
799.1923828125 216.6680145263672 688.8153076171875 229.3984375
799.02392578125 342.5021667480469 711.935791015625 346.6528625488281
234.5898895263672 394.573974609375 161.58950805664062 469.6005859375
435.02001953125 297.21942138671875 479.01849365234375 293.20263671875
0.860471248626709 357.04779052734375 8.445059776306152 379.1900939941406
399.2931823730469 553.5403442382812 467.69097900390625 516.4304809570312
424.9794006347656 260.8213195800781 474.01910400390625 255.1655731201172
427.8876037597656 272.0030822753906 473.9781494140625 266.8062744140625
439.0828552246094 480.9203796386719 519.4573974609375 564.5604858398438
463.365234375 413.5489196777344 538.4987182617188 474.38409423828125
538.0079956054688 53.009742736816406 516.6310424804688 70.55034637451172
703.9649658203125 353.2394714355469 799.0855102539062 348.8543701171875
799.0706787109375 202.57838439941406 695.7806396484375 215.2058563232422
171.22195434570312 541.8963012695312 183.5217742919922 568.2234497070312
228.40953063964844 378.42071533203125 161.53265380859375 443.5198974609375
241.07716369628906 410.0715637207031 164.0941925048828 493.08734130859375
266.18304443359375 508.3750305175781 238.05206298828125 522.106689453125
411.97821044921875 210.84869384765625 460.1319274902344 203.91632080078125
411.9601745605469 206.72633361816406 458.982666015625 199.88095092773438
431.9400939941406 286.3720397949219 477.00689697265625 282.07232666015625
495.61187744140625 442.4779357910156 461.42095947265625 414.71307373046875
557.9523315429688 543.9197998046875 522.1347045898438 565.2264404296875
659.849853515625 575.1857299804688 605.6815795898438 531.3938598632812
799.109619140625 242.10073852539062 690.0950927734375 252.95486450195312
19.312788009643555 157.9375762939453 78.10767364501953 138.32275390625
204.38499450683594 282.1911315917969 179.87098693847656 300.830322265625
248.52734375 429.4609069824219 173.86572265625 514.8826293945312
393.94061279296875 135.6968231201172 441.0903015136719 126.4609603881836
418.8736877441406 237.99722290039062 466.0075988769531 232.06028747558594
428.95489501953125 275.57318115234375 474.0848388671875 270.802734375
425.94134521484375 264.4748840332031 472.036376953125 259.32574462890625
545.8335571289062 92.73287963867188 524.716552734375 116.75080871582031
561.5701293945312 192.27247619628906 553.6546020507812 208.8349151611328
689.988037109375 599.0147094726562 665.7422485351562 579.3172607421875
1.0309125185012817 448.8690490722656 31.236177444458008 455.9995422363281
230.1048126220703 382.10528564453125 161.4501495361328 450.4476318359375
239.3771514892578 406.3536071777344 161.94247436523438 488.9460754394531
233.29112243652344 390.2869567871094 161.8062744140625 462.8090515136719
414.9392395019531 218.5550537109375 461.0354309082031 212.25930786132812
421.93792724609375 249.4839630126953 468.9788818359375 243.82455444335938
426.9121398925781 268.1952819824219 472.9097595214844 263.1734313964844
520.9239501953125 566.0722045898438 552.57080078125 599.407470703125
553.5254516601562 139.34445190429688 540.4474487304688 159.2933349609375
799.1259765625 254.35107421875 704.0202026367188 263.216796875
155.85057067871094 486.6056823730469 174.47474670410156 526.7799072265625
238.1171875 402.11126708984375 160.1667022705078 484.20880126953125
381.83270263671875 87.27814483642578 428.3470458984375 76.49740600585938
384.8534851074219 101.33269500732422 430.29754638671875 91.35517883300781
395.8642883300781 144.28091430664062 444.0359802246094 135.19061279296875
422.91558837890625 253.2822265625 470.9566955566406 247.6318359375
410.8217468261719 202.81134033203125 458.1080017089844 195.7201385498047
415.9354553222656 222.53448486328125 463.0010986328125 216.0078887939453
549.5072021484375 599.4721069335938 519.1643676757812 567.800537109375
199.00587463378906 34.99802017211914 293.0449523925781 313.9848327636719
398.12261962890625 152.67910766601562 446.0059509277344 144.03298950195312
417.90185546875 234.24188232421875 465.87457275390625 228.03114318847656
420.845703125 245.7565460205078 467.9883728027344 239.90621948242188
664.9902954101562 420.7231750488281 647.9912719726562 420.85223388671875
667.5020751953125 578.3800659179688 692.9846801757812 599.0188598632812
47.91688919067383 585.4308471679688 0.5572659969329834 576.295166015625
109.86870574951172 300.02642822265625 163.3789825439453 292.8103332519531
162.2355194091797 291.0752868652344 180.7849884033203 275.73992919921875
223.7517547607422 359.7037658691406 203.4603271484375 308.2126770019531
419.8667297363281 241.94107055664062 466.01666259765625 236.1324920654297
412.973876953125 214.8181915283203 460.14910888671875 208.0373992919922
469.29974365234375 517.70361328125 437.06292724609375 535.1165161132812
495.4141845703125 443.8647766113281 466.017578125 459.0340270996094
246.90814208984375 425.918701171875 172.70516967773438 509.7389831542969
274.31341552734375 15.908843040466309 286.85791015625 59.04132843017578
309.9027404785156 280.89703369140625 329.10614013671875 279.2037048339844
392.09710693359375 553.6324462890625 285.9232177734375 402.05377197265625
390.14056396484375 122.70560455322266 438.8028869628906 113.01058197021484
392.899658203125 131.5059356689453 440.1834411621094 121.90322875976562
666.3695068359375 481.6361083984375 607.0527954101562 516.0908203125
628.2337036132812 0.8576511740684509 675.3353271484375 409.0766906738281
734.1444091796875 525.7738647460938 669.627685546875 484.5831298828125
391.8196105957031 127.11087036132812 438.9102478027344 117.55760192871094
424.7231750488281 599.1934814453125 397.2219543457031 559.8448486328125
396.91912841796875 148.56549072265625 444.14447021484375 139.7761688232422
598.6932373046875 418.8838806152344 587.640625 352.8927001953125
607.021484375 529.9730834960938 661.5851440429688 573.5198364257812
93.46745300292969 449.75146484375 116.89682006835938 439.7580871582031
236.32528686523438 398.3117980957031 160.44754028320312 477.4704284667969
252.76278686523438 434.4865417480469 225.51211547851562 365.1918640136719
415.933349609375 226.50144958496094 464.0098571777344 220.07363891601562
547.9876098632812 137.3080291748047 532.9622802734375 159.29071044921875
799.1272583007812 567.8017578125 743.8085327148438 532.2982788085938
243.54100036621094 418.489013671875 168.47975158691406 501.5297546386719
394.8125915527344 140.0225067138672 443.14483642578125 130.75537109375
399.8371887207031 157.1146240234375 447.0786437988281 148.4276885986328
423.88775634765625 257.0299987792969 472.0528869628906 251.45697021484375
643.0087890625 418.39581298828125 600.9915771484375 418.6607971191406
62.04779815673828 51.25597381591797 24.85096549987793 58.20188522338867
220.6510772705078 274.13067626953125 208.2138214111328 240.919921875
387.8114013671875 114.0952377319336 435.810302734375 104.09001159667969
386.915283203125 109.60099029541016 432.9624328613281 99.82302856445312
389.1043701171875 118.50361633300781 436.9159240722656 108.59437561035156
437.84442138671875 471.701904296875 492.55462646484375 443.1466979980469
553.2235107421875 187.60816955566406 542.5445556640625 208.77015686035156
670.3244018554688 482.49395751953125 736.4389038085938 524.8753662109375
0.46174824237823486 307.2539367675781 18.787931442260742 346.10003662109375
106.9135513305664 382.5726318359375 120.73707580566406 412.12298583984375
380.8830261230469 83.50079345703125 417.00860595703125 75.03678894042969
691.9564208984375 222.62640380859375 799.1309204101562 210.12240600585938
613.5913696289062 0.8038318157196045 665.3975830078125 421.0742492675781
677.8145141601562 401.9069519042969 632.0069580078125 0.8849778175354004
385.82293701171875 105.16427612304688 431.12017822265625 95.56717681884766
468.11468505859375 513.8914184570312 434.5661926269531 478.4638366699219
657.7032470703125 476.4641418457031 608.8534545898438 445.2291564941406
187.66201782226562 0.41653159260749817 195.94769287109375 24.018360137939453
5.3538713455200195 363.8075866699219 16.789268493652344 357.6111145019531
411.064453125 339.4241638183594 386.03466796875 343.2281188964844
531.7750244140625 3.898522138595581 507.3541564941406 13.86754322052002
161.2586212158203 460.26666259765625 232.37440490722656 388.3703308105469
287.80255126953125 401.436767578125 394.1138610839844 552.9201049804688
397.0672912597656 556.9522094726562 426.958984375 599.0291748046875
754.8831176757812 537.1864624023438 799.5202026367188 565.170166015625
324.6800537109375 185.79983520507812 337.9859619140625 231.00413513183594
382.7304992675781 91.82332611083984 427.1488342285156 81.64986419677734
567.3230590820312 228.09832763671875 571.3890380859375 256.0887451171875
287.5463562011719 60.8385009765625 307.3667297363281 127.8916015625
373.40740966796875 55.974937438964844 420.5912780761719 41.020965576171875
609.262451171875 443.5887756347656 660.0128784179688 475.9798583984375
677.9771118164062 404.9038391113281 799.0287475585938 402.37933349609375
111.7501449584961 59.09614181518555 132.29908752441406 112.50012969970703
149.5508270263672 412.6145324707031 217.0792694091797 352.08843994140625
169.53366088867188 503.5810546875 243.3987579345703 421.35821533203125
171.7235870361328 507.6431579589844 246.5348358154297 423.4753723144531
240.2783966064453 445.3739929199219 189.7340545654297 503.6368103027344
376.2494812011719 67.30396270751953 422.9218444824219 54.31157684326172
23.518693923950195 463.15386962890625 0.37440958619117737 453.499755859375
173.28555297851562 512.371826171875 247.69931030273438 427.7356262207031
383.8297119140625 96.2258529663086 429.8048400878906 86.1128158569336
174.927978515625 516.8101196289062 248.9821319580078 431.9844055175781
162.11343383789062 452.1107177734375 231.2179718017578 383.2186279296875
161.72605895996094 433.75909423828125 225.11907958984375 373.1244812011719
398.6934509277344 441.29156494140625 333.8623962402344 373.1308898925781
703.8878784179688 259.8140563964844 799.076904296875 250.81317138671875
164.30612182617188 496.53802490234375 242.8456268310547 410.6006774902344
136.69491577148438 410.79791259765625 214.23306274414062 343.2676086425781
159.28948974609375 423.2403564453125 223.85791015625 362.84808349609375
162.8123321533203 471.8193359375 235.4163360595703 396.4007873535156
162.65415954589844 484.61651611328125 238.80514526367188 403.8163757324219
121.45182800292969 403.5425720214844 209.3138427734375 330.3768615722656
160.20472717285156 448.1916198730469 229.25570678710938 380.2599182128906
129.851806640625 409.991943359375 213.29241943359375 338.3405456542969
154.58282470703125 414.64111328125 219.04042053222656 356.0444641113281
159.07350158691406 482.11590576171875 237.2248077392578 400.2145080566406
143.47064208984375 411.531982421875 216.1807403564453 347.20428466796875
124.1944580078125 408.047607421875 211.3091278076172 334.365478515625
159.58859252929688 429.56732177734375 225.6858367919922 366.7213134765625
21.1085147857666 58.57350158691406 0.886440634727478 62.39984130859375
157.51495361328125 418.4739074707031 221.55348205566406 359.43109130859375
409.854736328125 198.06060791015625 454.0353698730469 191.22874450683594
553.0724487304688 331.28851318359375 540.0013427734375 332.0235900878906
540.1914672851562 389.1632080078125 461.6837158203125 0.2563784420490265
9.72555160522461 480.190673828125 26.1215877532959 470.19952392578125
335.9813232421875 373.0178527832031 398.0471496582031 437.9549255371094
