279
681.78466796875 452.6297607421875 700.9603271484375 389.68328857421875
757.2728271484375 423.7969055175781 753.779541015625 453.5036926269531
727.2503051757812 393.5164489746094 734.0237426757812 369.0065612792969
756.9906005859375 453.0002136230469 756.6495971679688 437.9852600097656
732.6714477539062 448.80322265625 800.7722778320312 202.49000549316406
747.0823974609375 461.7635498046875 738.3062133789062 495.82122802734375
667.9678955078125 461.7513122558594 754.1047973632812 104.26619720458984
691.707275390625 265.9324645996094 652.6610107421875 435.15252685546875
757.6685180664062 463.9881591796875 756.060791015625 509.0021667480469
335.32275390625 233.92950439453125 333.52911376953125 251.1591796875
683.0844116210938 326.78411865234375 696.5015869140625 269.8824768066406
738.8907470703125 476.723388671875 743.2338256835938 459.30767822265625
703.209716796875 391.0643005371094 684.2007446289062 453.0615539550781
722.8624877929688 360.97845458984375 710.5917358398438 439.2495422363281
799.9237670898438 266.2526550292969 759.2481079101562 414.9738464355469
651.1744384765625 429.81317138671875 660.9190673828125 386.75537109375
662.8550415039062 378.7290344238281 673.29931640625 334.5975036621094
766.088623046875 456.0046691894531 765.9395141601562 426.99517822265625
781.2125854492188 428.5698547363281 772.9854125976562 462.7558288574219
133.96669006347656 239.5128631591797 0.9050854444503784 248.6120147705078
667.9713745117188 485.5167236328125 700.97412109375 483.5626525878906
705.2742309570312 523.22021484375 708.9437255859375 501.9902648925781
721.7374267578125 497.9301452636719 727.3509521484375 476.8273620605469
0.9998965859413147 242.12782287597656 81.00065612792969 242.1925506591797
80.01419067382812 236.11297607421875 0.9864226579666138 234.8486785888672
567.3088989257812 261.2906188964844 571.1878051757812 243.81968688964844
674.3063354492188 329.8377380371094 681.049560546875 301.0115966796875
139.20779418945312 156.0110626220703 138.2461395263672 174.06637573242188
239.1072998046875 359.9945983886719 240.46356201171875 386.9766845703125
711.8119506835938 492.492431640625 669.1118774414062 487.11212158203125
173.03778076171875 176.95433044433594 141.00733947753906 175.79690551757812
500.6462707519531 228.45643615722656 489.9158020019531 294.6622009277344
799.4983520507812 360.12701416015625 782.5474853515625 426.6297607421875
239.2091522216797 415.001220703125 239.23110961914062 357.0000915527344
526.8435668945312 14.78299331665039 520.2611694335938 49.86136245727539
696.853759765625 265.96514892578125 748.876708984375 47.732234954833984
147.89332580566406 599.0551147460938 153.2034149169922 512.9508666992188
233.2420196533203 399.9954833984375 232.4765625 358.9910888671875
414.0162353515625 513.4105224609375 534.9456176757812 508.6260986328125
574.0103759765625 97.89354705810547 500.0308532714844 90.68336486816406
747.4080200195312 105.85884094238281 664.7018432617188 452.6904296875
799.0121459960938 119.87606811523438 754.052001953125 115.46956634521484
440.9798278808594 206.16360473632812 444.0394592285156 187.83961486816406
576.2463989257812 277.0481872558594 570.338623046875 307.2617492675781
0.9520135521888733 174.7249755859375 139.95571899414062 178.59185791015625
374.4645690917969 232.4198455810547 367.9783935546875 260.7662353515625
531.1864624023438 414.230224609375 593.8754272460938 91.16987609863281
594.4232788085938 87.08570098876953 606.4500122070312 27.68617057800293
137.31625366210938 179.91714477539062 134.3634796142578 239.91946411132812
139.80662536621094 175.03587341308594 140.69622802734375 155.0309600830078
334.73309326171875 196.96905517578125 337.0613708496094 176.8911590576172
547.4911499023438 402.0986022949219 578.6395874023438 246.92764282226562
769.0922241210938 42.02568054199219 774.9492797851562 20.985876083374023
154.37001037597656 146.954833984375 152.99935913085938 166.0716552734375
314.6758117675781 218.95455932617188 311.29974365234375 243.04200744628906
490.56805419921875 293.92510986328125 501.66033935546875 229.9411163330078
738.5687255859375 475.46624755859375 679.6205444335938 462.2353210449219
103.07012939453125 29.721961975097656 1.0052365064620972 3.979238271713257
523.9834594726562 200.9973602294922 520.7720336914062 221.12318420410156
533.3797607421875 222.88375854492188 536.9551391601562 203.80419921875
601.3840942382812 92.0777587890625 567.3363647460938 260.2705078125
763.939697265625 35.748714447021484 748.503662109375 100.88236999511719
132.9293212890625 37.28519821166992 107.03294372558594 30.867084503173828
359.016845703125 191.15171813964844 361.5852355957031 173.9381103515625
397.3479919433594 483.6161193847656 405.9771728515625 450.7315979003906
432.54266357421875 185.93064880371094 429.78485107421875 204.11900329589844
509.8299560546875 415.2099609375 495.6723937988281 471.17010498046875
49.204872131347656 586.7853393554688 72.72423553466797 499.6556396484375
762.1594848632812 461.63604736328125 737.1423950195312 450.675048828125
80.93770599365234 162.99757385253906 81.7944564819336 140.95314025878906
281.2403869628906 382.0098571777344 281.603515625 410.0180969238281
292.740478515625 247.18695068359375 298.5429382324219 193.1657257080078
678.0236206054688 466.89990234375 703.0448608398438 472.8101806640625
67.0268325805664 530.0072631835938 53.25896072387695 581.06982421875
414.67254638671875 307.9503173828125 412.2102355957031 324.1835632324219
274.6632995605469 288.9565124511719 276.7447814941406 272.837890625
351.3821716308594 253.9098663330078 353.7303466796875 237.81475830078125
702.543701171875 445.3076171875 699.0175170898438 463.00347900390625
738.435302734375 496.9095458984375 726.018798828125 491.952880859375
750.7557373046875 561.9415283203125 754.421630859375 483.9728088378906
765.2662353515625 416.1001892089844 766.6214599609375 398.9700622558594
51.086997985839844 105.00273895263672 48.97819137573242 171.9993133544922
51.717559814453125 172.01441955566406 53.06354904174805 105.02136993408203
98.3756332397461 147.02667236328125 96.5333480834961 172.96685791015625
244.77903747558594 69.89492797851562 223.33888244628906 319.0291748046875
267.5675964355469 269.9555969238281 265.9105529785156 286.093505859375
233.86737060546875 57.44076156616211 575.0142211914062 88.8452377319336
708.6416625976562 521.0923461914062 740.7132568359375 531.87939453125
691.7840576171875 464.64764404296875 738.282470703125 480.15191650390625
743.741943359375 458.7625732421875 757.8215942382812 463.52716064453125
98.74462127685547 173.0150146484375 99.87406158447266 116.9974594116211
155.27047729492188 512.01513671875 150.40318298339844 599.0225830078125
162.5261993408203 165.03890991210938 163.79296875 147.91073608398438
244.04730224609375 599.1259765625 234.50209045410156 526.93359375
383.9784240722656 265.04296875 385.20916748046875 237.00918579101562
431.0090026855469 83.90332794189453 397.02471923828125 80.73480987548828
501.54986572265625 329.91644287109375 498.33251953125 347.24737548828125
539.6513671875 466.2882995605469 570.1826782226562 451.33154296875
586.7380981445312 85.95027923583984 523.46875 419.2787780761719
651.3141479492188 434.91546630859375 549.8485717773438 405.52276611328125
422.8060302734375 327.9696960449219 425.49420166015625 310.7647399902344
674.2503662109375 474.9020080566406 512.2443237304688 433.05419921875
739.9823608398438 506.045654296875 717.6175537109375 497.4021301269531
753.9574584960938 117.42089080810547 799.1029663085938 121.98079681396484
141.9900360107422 178.2681884765625 172.98440551757812 179.4197235107422
286.9322814941406 418.0078430175781 281.8340759277344 373.9035949707031
332.5641174316406 255.06105041503906 293.2644348144531 246.74961853027344
344.5071105957031 307.9338684082031 346.8009948730469 290.839111328125
412.4082336425781 403.8624572753906 342.2708740234375 419.23583984375
718.9281616210938 270.3870849609375 758.06494140625 277.6499938964844
82.25284576416016 130.05372619628906 82.72914123535156 118.94551086425781
178.81985473632812 116.92156982421875 166.91943359375 295.9946594238281
330.045166015625 419.0940246582031 291.9861755371094 420.6649475097656
687.2456665039062 281.7283935546875 578.4427490234375 260.70819091796875
754.0629272460938 113.30875396728516 799.14453125 117.41168212890625
767.4877319335938 51.11613464355469 755.8555908203125 99.96560668945312
69.38752746582031 139.975830078125 68.51752471923828 162.0204315185547
79.9494857788086 229.23135375976562 47.92134094238281 227.91748046875
236.3457794189453 526.9517822265625 246.38804626464844 598.9458618164062
328.95916748046875 255.54933166503906 364.9831848144531 258.22613525390625
489.48980712890625 291.7944030761719 333.41455078125 257.1333312988281
495.97216796875 90.28424072265625 435.9601135253906 84.40739440917969
559.4635620117188 356.08294677734375 551.2084350585938 402.21624755859375
722.5131225585938 486.2670593261719 715.8801879882812 472.57366943359375
702.9340209960938 458.33953857421875 737.2664794921875 469.29815673828125
702.7156372070312 342.2032470703125 736.931640625 350.2891540527344
755.8690185546875 105.27008819580078 799.1307373046875 109.73214721679688
85.01629638671875 233.5580596923828 108.96668243408203 232.8588104248047
154.6999053955078 288.0638427734375 156.3611602783203 269.85052490234375
309.9591064453125 72.33541870117188 290.0118408203125 69.9029541015625
298.7933044433594 193.09432983398438 498.6518859863281 230.84303283691406
572.177734375 307.21136474609375 674.1810913085938 330.1964111328125
699.0538330078125 269.0124206542969 685.6557006835938 327.1510925292969
745.7351684570312 420.1598815917969 758.7420654296875 423.12969970703125
767.95068359375 426.2036437988281 780.6881103515625 429.2880554199219
64.5768814086914 280.99468994140625 64.33844757080078 300.01678466796875
349.0028991699219 75.97067260742188 326.030517578125 73.69224548339844
362.6609191894531 254.33970642089844 361.30157470703125 236.9763946533203
419.1702575683594 402.5816650390625 401.2297668457031 481.0525207519531
577.884765625 265.5718078613281 685.73681640625 287.305908203125
163.14463806152344 296.8735046386719 89.83650970458984 309.0126647949219
337.10015869140625 288.010498046875 335.40869140625 304.14764404296875
388.02081298828125 79.80109405517578 361.0028076171875 76.97311401367188
520.1607055664062 49.702449798583984 491.973876953125 46.210960388183594
75.59844970703125 299.11749267578125 77.00904083251953 279.9271545410156
399.9842529296875 450.2815246582031 418.4585876464844 398.4505920410156
523.3794555664062 101.88795471191406 516.1321411132812 142.02386474609375
569.146240234375 308.0256652832031 561.0419921875 354.1829528808594
740.0865478515625 419.024658203125 732.177978515625 446.7656555175781
532.9993286132812 510.9826965332031 463.02850341796875 513.7267456054688
713.2818603515625 497.8328552246094 707.6747436523438 521.92431640625
748.0661010742188 102.53575134277344 738.1253051757812 101.12000274658203
253.1160430908203 292.91693115234375 268.1328125 133.1064453125
369.9940185546875 263.058349609375 381.0824890136719 264.19573974609375
551.6544799804688 401.73162841796875 650.5042114257812 430.25250244140625
46.98779296875 223.23411560058594 80.05431365966797 224.95838928222656
109.0374526977539 232.00086975097656 109.68726348876953 203.99273681640625
664.2073974609375 453.30181884765625 531.3469848632812 413.83203125
562.1966552734375 353.23565673828125 663.1997680664062 379.22369384765625
736.906982421875 103.80477142333984 747.8760375976562 105.07251739501953
52.70894241333008 366.8518981933594 131.70240783691406 346.82611083984375
689.0833740234375 261.5477294921875 580.0993041992188 241.4611358642578
698.182373046875 228.87161254882812 624.176025390625 216.91090393066406
610.3568115234375 43.26628875732422 601.4039306640625 88.88301086425781
648.9976196289062 173.01708984375 707.97021484375 181.21441650390625
771.2030029296875 383.05462646484375 799.1819458007812 279.0489501953125
28.159147262573242 0.40652143955230713 149.9801025390625 33.074188232421875
246.8822784423828 567.7662963867188 272.0349426269531 565.3663330078125
592.7072143554688 461.0854187011719 563.932861328125 473.8486328125
455.10784912109375 281.4127197265625 475.1658935546875 285.0967102050781
711.2960205078125 174.86370849609375 616.8914794921875 161.78341674804688
0.875697672367096 91.92576599121094 178.88888549804688 115.82759857177734
44.01377868652344 170.5516357421875 0.9929419755935669 169.2296905517578
364.98846435546875 234.13851928710938 335.9402770996094 231.7162322998047
599.026123046875 165.81356811523438 628.1552734375 169.8907470703125
572.0186157226562 242.90145874023438 692.6836547851562 265.676025390625
0.9983453154563904 529.949462890625 50.01127624511719 528.3442993164062
719.9063720703125 533.4074096679688 743.0621337890625 538.7297973632812
498.163818359375 446.0577697753906 490.1747131347656 468.70892333984375
528.8489379882812 340.1198425292969 521.3461303710938 324.35919189453125
268.8943176269531 128.73358154296875 557.1077880859375 170.251953125
756.2711791992188 567.7915649414062 747.245361328125 599.3560791015625
144.01026916503906 575.1982421875 119.0254898071289 576.4921264648438
589.828857421875 216.9874267578125 695.7667236328125 235.3461456298828
697.98193359375 234.74972534179688 691.2667846679688 262.0655822753906
620.181640625 215.7713623046875 590.099853515625 211.32469177246094
43.443885803222656 385.8266296386719 108.50260925292969 405.6337585449219
458.97216796875 490.153076171875 425.79620361328125 484.1207275390625
740.8690185546875 536.4212036132812 704.923583984375 525.2457275390625
739.7741088867188 55.68317794799805 733.0371704101562 81.75116729736328
575.8110961914062 245.9604949951172 572.4794921875 261.8911437988281
686.3740844726562 150.80221557617188 681.8068237304688 165.2549591064453
71.98603057861328 527.7371215820312 101.06334686279297 526.192138671875
527.5426635742188 339.3226013183594 522.883544921875 361.6029968261719
157.9661865234375 524.2439575195312 188.0402069091797 522.8987426757812
302.0957336425781 244.2085723876953 331.15435791015625 247.7240447998047
314.1000061035156 527.9678344726562 323.7763366699219 558.0718994140625
799.0426635742188 112.58856201171875 756.8738403320312 108.21654510498047
152.09075927734375 33.658329010009766 217.95843505859375 51.15644073486328
475.00152587890625 555.0249633789062 448.0411071777344 556.6724853515625
757.6376953125 568.0308227539062 799.1349487304688 582.615966796875
101.8075942993164 22.72763442993164 17.172542572021484 0.34749722480773926
677.8281860351562 305.627197265625 653.0443115234375 298.8381652832031
0.9995196461677551 487.94769287109375 26.006595611572266 487.7179870605469
136.8408203125 408.9993591308594 167.0305633544922 413.80810546875
416.0267639160156 484.73779296875 398.1112976074219 482.9094543457031
454.9895935058594 513.7803955078125 413.08380126953125 515.767333984375
795.8892211914062 206.9697265625 744.6254272460938 394.6244812011719
85.84158325195312 363.9345703125 53.95186233520508 368.67626953125
603.4600219726562 399.5419006347656 624.661376953125 406.9669494628906
112.0418930053711 575.6845703125 144.04443359375 573.72607421875
189.9517822265625 361.01678466796875 225.91432189941406 359.25311279296875
201.0005645751953 417.9808044433594 238.02734375 419.0747985839844
723.2747192382812 125.83287048339844 699.0897827148438 230.79025268554688
429.789306640625 458.0066223144531 406.6058349609375 478.6794128417969
595.8756713867188 189.8201446533203 638.9470825195312 196.34927368164062
529.3494873046875 494.0063781738281 431.7603759765625 459.6812744140625
700.8113403320312 573.5243530273438 736.2598876953125 586.2777099609375
479.42431640625 324.5860290527344 475.06829833984375 351.6895446777344
522.6153564453125 52.92636489868164 529.6602172851562 16.126394271850586
132.95948791503906 174.64938354492188 103.01366424560547 172.7809600830078
532.6699829101562 482.3572998046875 541.1124877929688 466.52667236328125
646.0352783203125 229.79794311523438 589.828857421875 219.9799041748047
624.6848754882812 411.22088623046875 651.2177734375 421.4342956542969
436.7271728515625 399.9565124511719 427.62139892578125 457.0990295410156
578.7269287109375 502.2091369628906 599.017578125 499.1151123046875
608.9301147460938 112.66822814941406 722.9379272460938 124.5932388305664
643.82568359375 195.61253356933594 664.1700439453125 201.40255737304688
673.3369140625 204.8734893798828 670.619140625 219.11813354492188
733.0239868164062 82.60330963134766 610.050048828125 75.1714096069336
528.8616943359375 575.1422119140625 560.368408203125 578.9573974609375
581.3585205078125 239.84437561035156 586.7327270507812 217.6925506591797
474.0386657714844 280.7851867675781 488.12225341796875 283.3210754394531
349.05865478515625 358.77197265625 410.1333312988281 374.4817199707031
744.1288452148438 516.9021606445312 741.9959716796875 535.88720703125
523.6121215820312 419.03680419921875 667.9842529296875 464.0505065917969
589.6173706054688 166.86695861816406 608.2017822265625 113.41785430908203
620.9771118164062 141.1966094970703 686.1409912109375 148.79017639160156
550.609375 522.9678955078125 530.739013671875 488.73187255859375
556.4327392578125 574.6827392578125 567.303466796875 589.5106811523438
573.0828857421875 385.7792053222656 594.1217651367188 393.6755676269531
638.1119384765625 285.36993408203125 580.04248046875 281.3813171386719
170.3826904296875 371.0794677734375 168.07044982910156 353.11968994140625
370.0164794921875 373.8905334472656 393.2430114746094 377.3846130371094
404.4535827636719 479.1451416015625 417.89434814453125 482.4319763183594
580.014404296875 216.31613159179688 597.413330078125 165.79795837402344
665.993896484375 233.03477478027344 648.0237426757812 229.8654022216797
387.0216369628906 260.84210205078125 398.222412109375 262.37591552734375
243.79969787597656 360.8433837890625 268.9375305175781 363.574951171875
598.064453125 502.1369323730469 572.1552734375 514.3299560546875
150.87315368652344 323.6938171386719 134.74185180664062 330.3769226074219
649.8933715820312 300.61553955078125 637.7384033203125 298.510498046875
747.0390014648438 47.075340270996094 729.94287109375 46.3543815612793
510.6937561035156 23.598371505737305 496.7607116699219 16.46756362915039
253.9888153076172 411.6812438964844 243.0246124267578 411.501220703125
490.8155517578125 252.9261474609375 319.055908203125 218.71926879882812
434.4117431640625 270.4930419921875 456.1546325683594 276.43402099609375
193.67193603515625 411.0308837890625 190.0918426513672 372.9913635253906
595.0065307617188 10.904437065124512 596.2161865234375 48.961341857910156
678.9312133789062 179.5171661376953 650.8953247070312 175.78683471679688
171.54205322265625 352.84210205078125 173.38681030273438 370.8580017089844
755.1036376953125 88.2409439086914 765.1443481445312 42.24982452392578
527.0567626953125 554.857177734375 544.1406860351562 561.64599609375
171.4176483154297 414.4495544433594 164.5336456298828 374.9071044921875
465.92022705078125 569.8781127929688 517.1334838867188 574.5303955078125
565.5917358398438 269.9387512207031 559.2759399414062 312.0413818359375
474.9989929199219 478.9721984863281 434.0159912109375 480.44482421875
610.87939453125 44.120689392089844 746.8944702148438 51.855960845947266
168.71888732910156 374.5521545410156 175.21080017089844 413.96527099609375
513.054931640625 600.16845703125 527.5210571289062 574.7276611328125
444.9483337402344 555.0355834960938 476.963623046875 553.3208618164062
626.9920654296875 172.0569610595703 603.0391235351562 168.7193603515625
514.7833862304688 576.1396484375 498.41119384765625 599.290771484375
506.899169921875 362.2839050292969 490.7991638183594 356.56549072265625
402.998046875 563.0209350585938 448.9709777832031 567.3110961914062
342.03924560546875 557.2001342773438 383.0386657714844 559.2123413085938
614.394775390625 73.09223937988281 620.0230102539062 49.00537872314453
555.9915771484375 318.9989013671875 550.5331420898438 361.19830322265625
19.0 489.0 1.0 489.0
