207
463.7024230957031 522.0296020507812 457.9358825683594 464.0063781738281
146.70729064941406 323.5660400390625 271.8219299316406 308.5194091796875
270.9266357421875 178.04794311523438 271.6545104980469 163.98211669921875
531.7612915039062 548.2217407226562 520.0203857421875 482.6383056640625
328.6156921386719 298.2272033691406 0.6372058987617493 369.3264465332031
102.00265502929688 141.25196838378906 18.000164031982422 140.9539337158203
178.36593627929688 237.99594116210938 177.36737060546875 147.9959259033203
722.032958984375 249.21444702148438 727.256591796875 224.0532684326172
289.2867736816406 226.03656005859375 290.79296875 173.0225372314453
0.8588550090789795 263.7295227050781 332.1033020019531 226.9298858642578
460.61846923828125 463.8620300292969 465.4860534667969 520.9585571289062
368.1318054199219 220.24252319335938 336.9522399902344 223.5497589111328
799.0275268554688 87.13867950439453 452.9976501464844 76.07349395751953
657.7081909179688 304.7611999511719 655.0404663085938 319.1923522949219
270.0325622558594 301.31475830078125 149.7678680419922 313.75616455078125
632.0194091796875 320.0250549316406 632.4663696289062 283.9933776855469
288.6399841308594 174.98583984375 286.6342468261719 225.98561096191406
112.04439544677734 355.962158203125 113.0963134765625 384.99652099609375
115.21269989013672 388.0885314941406 113.6219711303711 355.9692077636719
330.0404357910156 227.98806762695312 329.75799560546875 298.0030517578125
566.120361328125 279.0107727050781 564.24169921875 300.0216064453125
709.6284790039062 220.9307098388672 704.92041015625 246.1716766357422
798.652587890625 351.9287109375 795.7744750976562 365.9537048339844
257.32623291015625 191.01170349121094 256.3581237792969 218.01283264160156
619.6034545898438 278.8936462402344 609.8095092773438 315.41253662109375
236.28085327148438 150.99508666992188 235.73452758789062 230.99818420410156
468.573486328125 494.0452575683594 471.21942138671875 518.9766845703125
509.8409118652344 295.2266845703125 517.8599243164062 230.10589599609375
566.720947265625 233.10235595703125 573.5592651367188 184.9374237060547
605.1810302734375 195.02880859375 607.1170654296875 182.85952758789062
691.0983276367188 406.8138122558594 695.6595458984375 384.7232360839844
106.09976959228516 268.5798645019531 119.0602035522461 266.34991455078125
445.1092529296875 75.23441314697266 0.880967915058136 11.834023475646973
360.9525451660156 175.9969482421875 361.8518371582031 161.99049377441406
600.2191772460938 228.0336456298828 603.6344604492188 205.7903289794922
88.42729949951172 383.8735656738281 51.673099517822266 402.3622131347656
109.11000061035156 244.99554443359375 105.10044860839844 145.9959259033203
571.4901123046875 187.9216766357422 564.7026977539062 232.10794067382812
687.7033081054688 525.2620849609375 666.9146728515625 536.8468627929688
124.00101470947266 141.63504028320312 106.00115203857422 141.58499145507812
152.1068572998047 225.9980010986328 151.56556701660156 197.00811767578125
474.0013122558594 525.1722412109375 470.37823486328125 546.237060546875
588.2039794921875 305.03582763671875 591.5617065429688 285.9230041503906
729.7323608398438 211.95278930664062 732.3585815429688 197.06324768066406
156.47247314453125 382.9491271972656 139.2711944580078 387.1187744140625
456.3515625 464.9755859375 461.6916198730469 541.882568359375
679.5942993164062 379.9244079589844 675.6444702148438 401.1200866699219
780.3693237304688 96.86942291259766 766.252685546875 165.05230712890625
105.08834075927734 140.995849609375 101.75318145751953 70.0115966796875
0.9898601770401001 143.4793701171875 377.9927062988281 146.0634002685547
151.0757293701172 195.97116088867188 134.02406311035156 196.62620544433594
181.07394409179688 414.9792785644531 179.5702362060547 337.027587890625
266.40093994140625 375.09478759765625 267.9008483886719 352.9256286621094
448.9267883300781 79.9085464477539 423.8598937988281 374.0732727050781
517.8658447265625 225.09024047851562 522.2392578125 183.12916564941406
697.8075561523438 373.9620361328125 700.197998046875 361.8418273925781
133.31275939941406 197.94418334960938 134.50668334960938 226.02098083496094
174.38877868652344 43.99606704711914 175.35989379882812 140.0064697265625
334.6676025390625 222.02359008789062 335.3047180175781 176.9901580810547
358.5634460449219 208.1239013671875 360.321044921875 185.94619750976562
589.2366943359375 203.8975067138672 586.28173828125 225.90354919433594
596.322998046875 303.2115783691406 599.9034423828125 280.8246154785156
26.51198959350586 254.0354461669922 18.5878849029541 144.95729064941406
238.07339477539062 231.00753784179688 238.64231872558594 150.0045166015625
491.4339904785156 188.94944763183594 489.55731201171875 209.96046447753906
579.0737915039062 372.1645202636719 582.1824340820312 351.8747253417969
333.4685974121094 187.97178649902344 331.716064453125 220.98492431640625
15.016386985778809 140.39776611328125 0.9723648428916931 140.015625
102.31275177001953 144.0692138671875 106.45394134521484 245.02239990234375
132.29969787597656 165.93678283691406 133.12933349609375 182.99371337890625
174.76882934570312 147.0146026611328 175.84788513183594 238.01365661621094
472.6794738769531 545.575439453125 464.8915100097656 459.7376708984375
501.1565246582031 212.10060119628906 502.99188232421875 190.99929809570312
670.617431640625 578.095947265625 696.44482421875 510.0304260253906
99.1673583984375 34.9687385559082 102.00764465332031 141.02658081054688
342.55975341796875 331.8986511230469 341.1394348144531 352.0802001953125
534.483642578125 257.21771240234375 530.0687255859375 287.3035888671875
568.878173828125 347.983642578125 566.2069702148438 367.89361572265625
151.5922088623047 182.01512145996094 150.99850463867188 166.00006103515625
299.31964111328125 287.9853820800781 300.0498046875 254.00106811523438
520.4817504882812 494.856689453125 524.935546875 540.9095458984375
235.82931518554688 327.0143127441406 235.00059509277344 375.0
284.5821533203125 378.042236328125 286.15826416015625 319.00421142578125
620.841796875 239.97653198242188 630.0359497070312 178.0053253173828
712.9972534179688 73.11442565917969 799.019775390625 75.17415618896484
0.8047366142272949 571.5335693359375 35.4337272644043 557.0360107421875
273.8198547363281 292.8564147949219 299.8050842285156 288.7626647949219
349.69317626953125 186.9854278564453 348.64593505859375 209.0306854248047
477.5965576171875 321.95947265625 475.7770080566406 340.0780334472656
557.8861083984375 305.596435546875 595.24267578125 312.72894287109375
670.2783813476562 599.4265747070312 677.7853393554688 576.9284057617188
139.38414001464844 387.9683837890625 139.95606994628906 413.0010070800781
179.6863250732422 420.994140625 180.04539489746094 462.9996032714844
234.63638305664062 404.9869689941406 234.25375366210938 445.0119934082031
376.50665283203125 148.9702606201172 363.96026611328125 357.0578918457031
678.9287719726562 502.6321716308594 705.7013549804688 505.64971923828125
743.9434204101562 581.4658203125 786.3756103515625 418.0975646972656
7.911433696746826 21.9434871673584 15.238263130187988 140.10923767089844
350.8778381347656 350.0835876464844 352.8861083984375 328.9891662597656
486.6091613769531 343.95526123046875 488.79541015625 324.862060546875
798.9685668945312 369.2469177246094 511.25885009765625 294.9969787597656
36.833160400390625 396.0110778808594 35.102935791015625 369.9268493652344
68.89520263671875 599.2999877929688 43.81242370605469 423.3117980957031
48.2933349609375 403.41717529296875 79.99058532714844 382.4723815917969
269.9991149902344 190.13880920410156 257.9931335449219 190.06114196777344
270.2113952636719 216.00457763671875 270.7741394042969 189.9951171875
517.6974487304688 229.63648986816406 799.2431640625 281.68475341796875
238.62425231933594 54.991451263427734 237.66856384277344 96.99246215820312
702.87548828125 463.0556335449219 712.3984375 484.3753662109375
18.274852752685547 139.9806671142578 11.163764953613281 38.918113708496094
155.8655548095703 371.0158386230469 155.6559600830078 356.0047912597656
495.8903503417969 534.9411010742188 490.1542053222656 545.6199951171875
246.4198760986328 527.6793212890625 173.00489807128906 484.38299560546875
697.7129516601562 509.87353515625 678.7852172851562 503.6535339355469
156.46823120117188 409.000732421875 156.4325408935547 383.00079345703125
236.86807250976562 396.00274658203125 236.96926879882812 326.99847412109375
60.00302505493164 388.611328125 36.81001663208008 426.6652526855469
163.88372802734375 578.779296875 124.32603454589844 599.618896484375
15.567679405212402 144.03260803222656 23.941688537597656 255.07980346679688
607.9521484375 317.3232421875 629.2261962890625 320.47161865234375
337.11761474609375 402.1831970214844 351.1234436035156 393.19232177734375
240.7410125732422 511.8545837402344 312.1524963378906 533.496826171875
460.1816101074219 346.11468505859375 478.52978515625 157.05142211914062
768.0499267578125 346.7468566894531 740.921630859375 341.3975830078125
75.69108581542969 365.4604187011719 35.69472122192383 399.4647216796875
337.9898376464844 224.8970489501953 369.08160400390625 221.82630920410156
707.9985961914062 76.0535659790039 586.9764404296875 72.90734100341797
80.07398223876953 382.3623962402344 112.3358154296875 386.10601806640625
125.75491333007812 502.0492858886719 121.67664337158203 399.0523986816406
42.52974319458008 422.82525634765625 63.00226593017578 397.2027893066406
47.94071960449219 349.4940490722656 70.1051254272461 346.8972473144531
233.96844482421875 287.2313232421875 268.9505310058594 285.7952575683594
254.53012084960938 355.9976806640625 254.4158935546875 379.0020751953125
727.7359008789062 223.664306640625 709.8684692382812 220.8288116455078
602.8743896484375 279.8258361816406 566.9755249023438 277.3556213378906
0.9175480008125305 8.5691556930542 92.17537689208984 21.789419174194336
231.40560913085938 496.38671875 374.0703430175781 546.494140625
257.5603332519531 163.99560546875 257.4100341796875 179.0141143798828
585.00048828125 72.97286987304688 533.98095703125 72.0396728515625
737.6862182617188 348.0273132324219 769.0189819335938 352.8773498535156
695.5357666015625 384.4052734375 680.5223999023438 379.4458312988281
53.876220703125 599.07666015625 44.662635803222656 464.02301025390625
89.03047180175781 455.0527038574219 105.21011352539062 439.2146301269531
407.8314208984375 519.573974609375 387.80206298828125 527.4998168945312
590.411376953125 310.3608703613281 609.4675903320312 303.51739501953125
177.29258728027344 142.00148010253906 177.50048828125 101.0025405883789
429.25054931640625 539.70166015625 404.8951110839844 543.2875366210938
478.8717041015625 151.16583251953125 799.1742553710938 186.41685485839844
95.24649810791016 22.3071231842041 170.11520385742188 33.20882797241211
381.85601806640625 58.91825866699219 239.8964385986328 36.66054916381836
112.17852783203125 390.21978759765625 87.3351821899414 384.5351867675781
100.8318099975586 339.00714111328125 133.0918426513672 333.5421447753906
172.0018768310547 25.987777709960938 99.86461639404297 14.879172325134277
158.9553985595703 309.7294921875 231.94920349121094 297.6920166015625
277.95440673828125 446.8934020996094 242.9429168701172 461.86651611328125
517.8157348632812 551.8743896484375 536.059326171875 555.7183227539062
55.98935317993164 8.066302299499512 10.04984188079834 0.6896042227745056
123.96793365478516 330.8617248535156 103.8882827758789 335.51824951171875
236.96725463867188 36.21122741699219 174.90846252441406 26.590505599975586
3.1856110095977783 410.9849548339844 1.481907844543457 389.9609375
6.962895393371582 453.0693359375 5.086285591125488 424.9942321777344
100.30367279052734 438.4358215332031 66.38570404052734 456.5890808105469
449.82952880859375 409.8860778808594 456.60992431640625 399.73931884765625
684.5399169921875 486.7918395996094 677.92822265625 469.64215087890625
97.0107421875 8.93467903137207 47.046199798583984 0.7190383076667786
680.6267700195312 489.5335693359375 707.0109252929688 495.9550476074219
115.94585418701172 425.00213623046875 114.99897766113281 400.9606628417969
706.5433349609375 329.8420104980469 797.6464233398438 352.4263610839844
767.228271484375 334.3428039550781 740.9013671875 330.7161865234375
780.6690063476562 413.6932373046875 776.1854858398438 447.7611999511719
349.0013732910156 520.0089721679688 327.05694580078125 523.37158203125
678.02880859375 334.8633728027344 700.1024780273438 339.513427734375
782.0087890625 77.58917236328125 711.998046875 76.09041595458984
121.83678436279297 401.42156982421875 113.63703155517578 389.55963134765625
95.95030212402344 14.312076568603516 57.803035736083984 8.236734390258789
393.017822265625 435.72705078125 482.0423889160156 436.97454833984375
129.41677856445312 329.94488525390625 119.73880004882812 256.77001953125
425.8159484863281 551.6721801757812 488.0716247558594 555.9601440429688
659.255859375 318.204345703125 661.3938598632812 305.0640869140625
755.2355346679688 600.6725463867188 700.6659545898438 575.7308349609375
34.837772369384766 413.7694396972656 56.02739715576172 386.46893310546875
111.32746124267578 387.017822265625 80.54985046386719 366.6812744140625
635.0966186523438 313.62774658203125 652.6897583007812 318.1950378417969
103.5557632446289 259.9759521484375 99.33253479003906 338.01800537109375
116.12535858154297 256.1101379394531 106.9041748046875 257.15142822265625
388.8453063964844 393.9716796875 456.9346923828125 391.8770446777344
424.02239990234375 374.938720703125 677.126708984375 467.3907470703125
747.8692016601562 262.17132568359375 762.3175659179688 188.86549377441406
627.8124389648438 463.57244873046875 655.4492797851562 472.6289367675781
347.63787841796875 391.10400390625 327.8125 405.34710693359375
370.46429443359375 448.100341796875 365.9523620605469 424.0089111328125
66.2491455078125 336.95550537109375 56.04777526855469 328.939208984375
369.6385803222656 423.7211608886719 373.5830078125 446.9007873535156
328.83880615234375 412.4893798828125 350.468505859375 419.6136169433594
170.8257293701172 338.20257568359375 42.81987762451172 366.1757507324219
455.0114440917969 537.4502563476562 441.02044677734375 537.8056030273438
762.9661865234375 338.2372741699219 744.9053955078125 335.6640319824219
109.65967559814453 407.9488525390625 107.51346588134766 422.22747802734375
443.6511535644531 547.155517578125 439.1025390625 536.9542846679688
661.9216918945312 319.71563720703125 677.068603515625 321.3726806640625
503.2319641113281 438.9916076660156 503.84820556640625 456.0416259765625
367.7688903808594 470.08197021484375 362.0577087402344 453.9795227050781
42.24993896484375 493.9854736328125 40.972694396972656 472.0015869140625
236.313232421875 437.99395751953125 235.90904235839844 417.0017395019531
369.64794921875 453.886962890625 372.2761535644531 468.9518127441406
351.16278076171875 419.24853515625 364.385009765625 410.5877990722656
176.0 73.0 176.0 54.0
