246
0.5917097330093384 334.17828369140625 70.13279724121094 318.5924987792969
593.0043334960938 49.06431198120117 238.0029296875 73.04347229003906
341.2232360839844 243.86199951171875 343.3900451660156 263.0688171386719
744.2380981445312 206.84918212890625 728.6409912109375 389.05487060546875
148.1567840576172 218.6930694580078 116.72907257080078 225.80230712890625
530.0440063476562 275.3932189941406 345.0732116699219 270.326904296875
68.32008361816406 311.54541015625 0.5012458562850952 325.5919494628906
386.41375732421875 233.82102966308594 384.0626525878906 267.7967529296875
124.32804107666016 299.1597595214844 67.59011840820312 319.8774719238281
730.2221069335938 329.9276123046875 734.7022094726562 281.7861633300781
0.5267645120620728 254.86532592773438 115.31438446044922 229.41812133789062
234.00045776367188 73.0055923461914 206.02320861816406 75.28489685058594
531.640380859375 207.98756408691406 531.0184936523438 276.00018310546875
341.9823913574219 268.4490966796875 295.0136413574219 267.87823486328125
64.830322265625 321.50946044921875 0.2548224627971649 343.84564208984375
303.5032653808594 461.81634521484375 286.0484619140625 413.9823303222656
364.13134765625 465.39483642578125 340.0907897949219 412.50421142578125
763.0213623046875 428.7961730957031 799.044677734375 432.57373046875
167.99024963378906 73.12252807617188 0.9344199299812317 59.82380294799805
288.38177490234375 412.8655090332031 304.361328125 458.2250061035156
618.991943359375 228.47103881835938 740.0078125 230.5433349609375
482.6407775878906 542.9561157226562 646.8132934570312 486.4575500488281
579.0634155273438 462.33673095703125 598.3286743164062 1.013726830482483
608.5485229492188 226.09295654296875 609.69580078125 206.9817352294922
741.0003051757812 223.61685180664062 618.9995727539062 223.51895141601562
756.2907104492188 450.48345947265625 798.855224609375 438.48626708984375
72.68600463867188 233.05259704589844 66.13982391357422 193.97657775878906
114.79212188720703 231.0309295654297 124.92670440673828 299.15966796875
534.2612915039062 271.0014343261719 534.6192626953125 205.99790954589844
615.0874633789062 323.39764404296875 730.0724487304688 329.67205810546875
612.2201538085938 375.2423400878906 725.2977294921875 384.2707214355469
746.990966796875 106.75550079345703 643.9837036132812 110.55895233154297
783.3196411132812 169.93222045898438 757.316650390625 430.9319152832031
290.9917297363281 207.4461669921875 530.9895629882812 208.81993103027344
334.70098876953125 202.94937133789062 331.3080749511719 155.97775268554688
569.4055786132812 193.98265075683594 570.1046752929688 170.03224182128906
618.8525390625 226.03903198242188 614.320556640625 325.0146789550781
799.9194946289062 9.087837219238281 789.1232299804688 122.1072998046875
617.026123046875 273.2335205078125 734.0264282226562 277.2256164550781
536.6967163085938 205.9959259033203 535.8231811523438 271.01104736328125
589.3671875 338.97882080078125 587.3582763671875 399.0454406738281
613.6912231445312 326.99029541015625 612.1510009765625 376.0361328125
725.5899658203125 386.9645690917969 730.0941772460938 334.8353271484375
21.895004272460938 244.8413848876953 10.391317367553711 179.93064880371094
51.19276428222656 224.97251892089844 47.6396484375 200.05137634277344
779.6748046875 25.876953125 744.4860229492188 404.85943603515625
0.917969286441803 157.87606811523438 143.0367431640625 147.50341796875
655.2228393554688 539.5799560546875 708.9720458984375 518.92724609375
728.1167602539062 389.5574035644531 613.9741821289062 380.31903076171875
750.596435546875 204.96209716796875 767.40625 25.944246292114258
787.2965698242188 136.0316619873047 784.7406005859375 159.97230529785156
118.21119689941406 227.94647216796875 148.06362915039062 221.28517150878906
500.91619873046875 488.7314453125 541.3480834960938 476.1155090332031
593.7057495117188 393.09588623046875 606.2890625 38.0102424621582
790.0795288085938 449.6409912109375 756.8467407226562 453.76531982421875
193.97972106933594 75.24076843261719 173.953369140625 73.55341339111328
330.3238525390625 173.9797821044922 332.2014465332031 204.04986572265625
522.9683227539062 4.650638580322266 488.9755859375 7.7306623458862305
599.7589111328125 7.023930072784424 589.7338256835938 324.9600830078125
33.96323776245117 202.0062255859375 38.383201599121094 228.10446166992188
45.29454803466797 187.9610595703125 43.424137115478516 173.81173706054688
469.8612365722656 403.88909912109375 488.3226623535156 401.5831604003906
609.1615600585938 377.0071105957031 616.59619140625 207.98223876953125
111.10360717773438 200.9876708984375 113.95986938476562 225.00477600097656
446.61083984375 172.9207000732422 447.64947509765625 194.0172576904297
503.98590087890625 490.6834411621094 540.9127807617188 489.04010009765625
734.7839965820312 276.8897705078125 738.6822509765625 233.88055419921875
65.39483642578125 196.94288635253906 70.75977325439453 234.0347442626953
111.99559020996094 224.9786376953125 76.84304809570312 232.240234375
535.7698974609375 60.97828674316406 534.657470703125 123.99394989013672
746.9244995117188 271.0771789550781 752.1961059570312 207.93289184570312
29.130817413330078 175.158203125 31.837665557861328 190.029541015625
65.44851684570312 303.3927307128906 27.289703369140625 310.5455322265625
474.7318115234375 465.96392822265625 483.2646179199219 402.497802734375
555.4039306640625 171.03274536132812 554.89111328125 193.02078247070312
580.3985595703125 403.1357116699219 574.6807250976562 462.0660400390625
739.0003662109375 202.6808624267578 618.0001220703125 202.64468383789062
713.1979370117188 517.521728515625 744.8199462890625 505.525390625
799.2518310546875 452.4618835449219 778.7916870117188 463.6179504394531
8.873364448547363 183.02102661132812 19.18861961364746 245.13475036621094
271.93389892578125 195.00515747070312 270.3701171875 174.9711151123047
338.9841613769531 268.5005187988281 371.98272705078125 267.45477294921875
361.6552734375 194.00894165039062 361.1365051269531 173.9964599609375
609.9898681640625 205.72048950195312 745.9910278320312 206.5218048095703
799.1158447265625 434.8717346191406 762.9834594726562 431.1613464355469
294.9919128417969 267.9280700683594 290.70880126953125 208.8760528564453
634.0800170898438 493.2310485839844 491.2415466308594 542.6974487304688
633.2686157226562 548.700439453125 603.1032104492188 560.2691650390625
743.9901733398438 166.45619201660156 623.9751586914062 168.6214141845703
66.7571029663086 304.19732666015625 90.68434143066406 296.95684814453125
240.0014190673828 142.0459747314453 587.042724609375 131.3908233642578
487.97747802734375 271.15045166015625 510.0150146484375 270.56640625
606.2793579101562 34.01179504394531 607.6756591796875 0.9440780878067017
259.07525634765625 175.89512634277344 260.8520202636719 194.11196899414062
348.25238037109375 174.05331420898438 349.67645263671875 194.0230712890625
419.7392272949219 445.0641174316406 469.2745361328125 403.3258056640625
410.6995849609375 568.13916015625 479.0947265625 544.2714233398438
193.8675079345703 500.54852294921875 216.04782104492188 498.5238037109375
566.3084106445312 333.03289794921875 566.7877197265625 313.9695129394531
623.965576171875 118.27840423583984 659.0288696289062 116.60424041748047
372.1548156738281 260.6895446777344 369.3319396972656 241.09625244140625
386.00250244140625 269.0426940917969 400.9508361816406 268.16387939453125
531.1553344726562 588.3856811523438 580.7606201171875 568.4057006835938
77.34657287597656 383.810302734375 74.26850891113281 361.962158203125
309.1609802246094 231.94056701660156 310.5449523925781 258.97210693359375
617.56298828125 577.5807495117188 598.7058715820312 563.3908081054688
615.3301391601562 37.976654052734375 609.6131591796875 202.0213623046875
57.82853317260742 342.16754150390625 59.81058120727539 356.027099609375
62.047279357910156 366.14483642578125 65.68108367919922 390.0484924316406
345.47149658203125 426.5028076171875 357.2125549316406 461.25244140625
477.2256774902344 500.071533203125 479.2168273925781 465.95428466796875
752.5817260742188 422.6578674316406 794.7572631835938 1.2759689092636108
71.09196472167969 467.42626953125 122.02275848388672 438.0394592285156
136.9492950439453 208.11375427246094 134.6673126220703 187.03602600097656
47.2455940246582 200.05084228515625 34.193267822265625 201.6138916015625
198.43423461914062 78.9545669555664 227.9325714111328 360.9024353027344
313.3361511230469 477.2790832519531 292.5451965332031 409.9059753417969
449.6839599609375 308.0091247558594 450.2031555175781 326.0229797363281
402.4645080566406 267.9345397949219 398.064208984375 236.7091064453125
552.595458984375 312.9973449707031 552.4636840820312 333.0030517578125
573.058349609375 437.0105285644531 568.597412109375 461.7470703125
754.9203491210938 206.9935760498047 749.7582397460938 271.06109619140625
24.604923248291016 303.59979248046875 62.884605407714844 297.2989501953125
300.8190612792969 262.29571533203125 339.91168212890625 259.6799011230469
332.9159851074219 594.7551879882812 406.795166015625 569.403076171875
600.915283203125 562.7681274414062 645.4505004882812 546.4960327148438
744.1207885742188 405.5592041015625 593.09228515625 392.8990173339844
143.99310302734375 330.1279296875 146.6505584716797 351.0444030761719
460.00042724609375 171.8634490966797 448.00042724609375 171.869384765625
462.5328063964844 327.9992980957031 462.56182861328125 308.997802734375
689.0003051757812 177.01785278320312 621.018798828125 178.1392059326172
662.965576171875 117.0950927734375 748.0325927734375 113.85685729980469
185.0199432373047 501.5367126464844 167.9691619873047 502.1704406738281
269.9491882324219 298.9159240722656 271.4664611816406 316.0472412109375
422.9878234863281 53.831024169921875 277.025634765625 64.35556030273438
716.9721069335938 517.9298706054688 657.2621459960938 541.65966796875
625.0413818359375 58.678314208984375 754.9849853515625 50.75387191772461
781.9434814453125 0.8967288732528687 780.075439453125 20.007375717163086
60.97749328613281 520.1114501953125 3.688255548477173 508.5439453125
285.4757995605469 416.8470458984375 304.5508117675781 476.179931640625
312.23638916015625 459.99053955078125 312.9555969238281 477.9617614746094
481.978271484375 494.6328125 497.0062561035156 494.3938293457031
569.9967651367188 170.4069061279297 555.9896240234375 170.2947540283203
620.9868774414062 174.8550262451172 743.0052490234375 173.45559692382812
699.0010375976562 564.9984741210938 673.1987915039062 547.7034301757812
124.5814437866211 188.77655029296875 127.58850860595703 210.05813598632812
155.29576110839844 346.9693908691406 153.22608947753906 326.9765930175781
479.7134704589844 370.22479248046875 490.80841064453125 384.36572265625
528.0745849609375 455.0023498535156 532.5399780273438 313.9854431152344
652.0552978515625 482.54180908203125 497.886962890625 463.9366760253906
585.3745727539062 320.0245361328125 585.016845703125 340.05389404296875
533.0062255859375 46.089359283447266 424.97528076171875 53.646549224853516
460.5024719238281 194.0003662109375 460.5174865722656 172.9989471435547
152.34780883789062 399.36761474609375 163.14447021484375 389.1527099609375
592.0618286132812 41.90180969238281 536.05078125 45.74097442626953
79.01205444335938 509.7844543457031 149.99530029296875 508.6936950683594
273.1628112792969 492.01202392578125 300.9269104003906 487.5456848144531
315.2921142578125 475.9625244140625 313.3829650878906 461.07916259765625
555.4344482421875 148.99691772460938 555.460205078125 161.00115966796875
585.8162231445312 315.0700378417969 567.8170776367188 298.1317443847656
655.0153198242188 119.23970794677734 624.0776977539062 121.21609497070312
718.0264282226562 117.66698455810547 682.0432739257812 119.09211730957031
755.1314697265625 51.85995864868164 750.7808227539062 109.90862274169922
433.1751403808594 331.0113220214844 432.88641357421875 309.9878234863281
541.0049438476562 492.09197998046875 505.0016174316406 494.0302429199219
462.53643798828125 299.00518798828125 462.4242248535156 288.9952392578125
748.936767578125 113.8497543334961 746.3339233398438 166.9182891845703
90.212890625 296.2993469238281 84.64486694335938 263.0594787597656
73.73872375488281 497.5170593261719 159.85775756835938 503.9146728515625
496.0875549316406 497.8231201171875 477.7630310058594 499.7724609375
482.9749450683594 405.4931335449219 473.00067138671875 404.9864807128906
508.9057922363281 265.4587097167969 529.0156860351562 266.7573547363281
743.1409301757812 493.8670959472656 661.043212890625 483.65252685546875
143.11456298828125 148.1121063232422 168.94610595703125 352.1334228515625
770.7442626953125 484.4089660644531 796.4629516601562 525.5846557617188
625.9620971679688 144.8018341064453 676.0068969726562 143.21763610839844
585.228515625 460.97833251953125 581.9053955078125 425.9141845703125
213.51780700683594 417.8368225097656 297.57635498046875 399.0994567871094
590.943603515625 566.8607177734375 537.242431640625 588.5989379882812
113.27489471435547 446.477294921875 74.79309844970703 468.6407775878906
744.593505859375 174.05043029785156 742.1256103515625 203.09564208984375
469.99859619140625 395.98370361328125 489.200927734375 394.322509765625
275.4952087402344 483.23583984375 256.8780822753906 490.6957702636719
407.938720703125 570.8262939453125 381.99298095703125 579.9801025390625
616.6427612304688 0.9338527321815491 615.035888671875 33.904273986816406
645.9754028320312 87.53791046142578 719.9785766601562 83.59751892089844
255.0218505859375 486.0504150390625 235.74110412597656 494.40234375
619.8748168945312 352.7703552246094 631.0642700195312 351.63104248046875
648.0631713867188 361.0539245605469 672.089599609375 362.6588134765625
768.0563354492188 24.003761291503906 769.5984497070312 0.9064241051673889
41.93928146362305 54.706199645996094 0.8987544178962708 51.177555084228516
404.8447265625 261.24127197265625 418.1371154785156 262.9039001464844
203.4975128173828 381.8531188964844 265.60595703125 367.31640625
479.205078125 600.2633056640625 528.3704223632812 592.2817993164062
461.9269104003906 263.7860412597656 489.00433349609375 264.89398193359375
680.2029418945312 141.6242218017578 705.0218505859375 143.74423217773438
758.244384765625 434.55401611328125 584.2823486328125 417.17388916015625
682.9951171875 241.03256225585938 641.9912719726562 240.8380584716797
494.0959777832031 408.0052490234375 489.8221130371094 486.2088928222656
528.82177734375 311.944580078125 528.058837890625 341.9251403808594
745.83349609375 487.2162780761719 743.9080810546875 476.8316345214844
737.032470703125 237.40921020507812 713.9373779296875 236.1398162841797
728.006591796875 564.0494995117188 748.0499877929688 561.374755859375
373.09686279296875 238.87127685546875 342.9140625 242.22711181640625
378.0210876464844 375.6178894042969 459.0501708984375 380.0909729003906
615.8870849609375 120.14109802246094 625.41748046875 60.225467681884766
339.4270324707031 474.8230895996094 361.03570556640625 469.1356201171875
526.9942626953125 232.4331817626953 314.0184631347656 229.60745239257812
629.99169921875 358.1854553222656 645.0003051757812 358.0328674316406
599.8888549804688 583.2345581054688 651.9530639648438 575.6766967773438
367.78057861328125 266.4293212890625 382.2792663574219 258.5113830566406
612.8948974609375 209.06533813476562 611.6497802734375 226.1204376220703
797.4241943359375 597.8870239257812 758.54541015625 528.8187866210938
300.12286376953125 475.58831787109375 287.2659912109375 478.2735290527344
424.4724426269531 263.1238708496094 423.4795227050781 250.88002014160156
587.1203002929688 399.8570861816406 736.2576293945312 415.5521240234375
228.04598999023438 361.2791442871094 261.9717102050781 363.443359375
617.5496826171875 200.14126586914062 619.5633544921875 178.05136108398438
140.90359497070312 412.8685607910156 177.23626708984375 409.77294921875
712.9900512695312 176.94696044921875 691.9923706054688 176.72633361816406
188.97100830078125 413.1493225097656 197.45388793945312 432.8041076660156
614.3540649414062 175.90591430664062 622.3229370117188 121.19268798828125
426.9750061035156 262.719970703125 439.0572814941406 261.6419372558594
720.1766357421875 85.90059661865234 718.1106567382812 103.01335906982422
160.63461303710938 386.6485595703125 142.72756958007812 404.7405700683594
270.1041564941406 364.7443542480469 377.0321044921875 373.61309814453125
696.9166870117188 365.7704162597656 710.9686889648438 367.28955078125
748.36572265625 562.919189453125 756.4165649414062 599.3499145507812
625.7413940429688 14.05542278289795 626.7244873046875 0.9046510457992554
194.7117156982422 434.1378479003906 185.4564971923828 414.7817077636719
571.025634765625 344.97906494140625 547.0037841796875 345.2902526855469
761.2708129882812 4.026856899261475 627.0923461914062 16.03232192993164
298.9407958984375 485.2287292480469 314.99969482421875 483.9958801269531
789.7060546875 0.9764530658721924 787.6238403320312 26.969865798950195
520.6871948242188 597.0162963867188 580.1019287109375 587.646484375
739.1648559570312 419.66131591796875 755.6414794921875 427.6822814941406
328.00128173828125 381.0265808105469 376.0346374511719 378.7217102050781
703.3756713867188 239.5167999267578 685.972412109375 235.1089630126953
662.89599609375 599.0587768554688 661.6102905273438 574.9142456054688
651.0816040039062 579.0126953125 651.3574829101562 599.0088500976562
714.5511474609375 567.9334106445312 718.328369140625 599.201904296875
196.63388061523438 457.63287353515625 187.93624877929688 442.6161193847656
195.1573028564453 440.52862548828125 201.88540649414062 457.04669189453125
734.5377807617188 599.0790405273438 728.8287353515625 565.6873168945312
647.9783325195312 549.1204833984375 666.9061279296875 552.522216796875
594.1181030273438 599.1565551757812 595.980224609375 585.8572387695312
