164
54.450958251953125 229.69436645507812 26.3148193359375 237.182861328125
273.9523010253906 322.8503723144531 107.0634994506836 376.0628662109375
712.0767211914062 106.43479919433594 691.0299072265625 107.55989837646484
39.63564682006836 275.8956298828125 63.660003662109375 267.9694519042969
353.51654052734375 301.9161682128906 0.3165021240711212 459.4677429199219
235.23806762695312 181.96607971191406 215.22146606445312 186.898681640625
750.7454833984375 208.82627868652344 743.4506225585938 261.5085144042969
129.75689697265625 466.5438232421875 106.47090911865234 477.9604797363281
663.2630615234375 599.6934814453125 641.1613159179688 544.3348388671875
20.630414962768555 218.40419006347656 47.794586181640625 212.11305236816406
0.7415199279785156 166.733154296875 382.1846923828125 88.90522003173828
596.4935913085938 251.02000427246094 593.0546264648438 163.95834350585938
672.1519165039062 218.95504760742188 672.7796020507812 249.00460815429688
710.9327392578125 227.00099182128906 711.2890014648438 250.99571228027344
281.7818603515625 389.6573791503906 264.40362548828125 397.8555603027344
41.030582427978516 281.0942687988281 67.19644165039062 272.6054992675781
641.4281616210938 545.8897705078125 655.28125 599.699951171875
709.001953125 252.07363891601562 711.2108764648438 222.0155029296875
0.33675310015678406 321.99188232421875 337.2375183105469 210.7191619873047
561.0416259765625 599.6063842773438 545.9968872070312 526.2056274414062
23.41181755065918 336.9862976074219 47.04877471923828 327.1168212890625
523.0773315429688 65.74940490722656 799.130126953125 37.26119613647461
151.8360595703125 133.18190002441406 73.76492309570312 148.82693481445312
337.4908142089844 211.09083557128906 353.74884033203125 302.22320556640625
592.9855346679688 162.8023223876953 799.0267333984375 166.51583862304688
664.048583984375 256.258056640625 716.2177734375 259.673828125
53.141090393066406 443.3096618652344 0.6478236317634583 467.22705078125
546.4326171875 84.04830932617188 547.79931640625 100.10221862792969
53.432342529296875 580.31884765625 71.59044647216797 555.6979370117188
591.6041259765625 156.01730346679688 589.1970825195312 100.94767761230469
69.94891357421875 149.73843383789062 0.8502737283706665 163.2333526611328
395.5015869140625 332.0581970214844 382.5641784667969 338.1903076171875
799.1354370117188 274.8492431640625 597.2251586914062 251.08680725097656
338.953369140625 203.0082244873047 328.187744140625 141.96688842773438
548.7990112304688 524.2308959960938 563.2730102539062 599.5242309570312
274.3017883300781 222.93704223632812 252.83436584472656 120.03455352783203
364.63885498046875 133.20042419433594 362.1039733886719 115.98469543457031
555.0008544921875 521.5283203125 573.3025512695312 599.1644287109375
346.73876953125 119.7099838256836 349.6328430175781 137.0612335205078
571.1234741210938 599.8367309570312 552.9373168945312 515.5818481445312
672.33447265625 246.60000610351562 661.6160888671875 255.5396728515625
690.4002685546875 107.99656677246094 690.2168579101562 140.00697326660156
366.4444274902344 147.91726684570312 352.2784118652344 151.20106506347656
564.0120239257812 113.0541763305664 549.0025634765625 113.22517395019531
48.43364334106445 211.50445556640625 41.262367248535156 189.23756408691406
242.8243865966797 215.819091796875 235.43014526367188 182.12506103515625
257.9751892089844 369.2190856933594 261.3774108886719 385.1330871582031
565.9306640625 143.00254821777344 564.8658447265625 114.00492858886719
659.3489990234375 69.00096130371094 659.4801025390625 158.0022430419922
173.42356872558594 489.8704528808594 194.51614379882812 558.8421630859375
326.4610595703125 145.0915985107422 336.4881286621094 204.08700561523438
563.8097534179688 100.07125854492188 562.7885131835938 83.01266479492188
712.2784423828125 260.2352294921875 730.2572021484375 243.2725830078125
745.23388671875 153.0424041748047 748.8446044921875 47.994659423828125
300.1007385253906 332.22357177734375 152.80953979492188 398.5772399902344
207.41436767578125 152.13375854492188 211.73707580566406 171.06005859375
215.702392578125 187.609619140625 223.391357421875 221.1395721435547
71.13589477539062 152.2623748779297 109.09490966796875 277.2748107910156
177.98345947265625 499.0049133300781 149.16114807128906 401.9521484375
391.000732421875 189.0022430419922 342.9602966308594 204.8798370361328
662.4517822265625 157.0071258544922 661.2158813476562 61.9971923828125
689.5135498046875 312.9851379394531 689.7691650390625 339.0120849609375
708.8639526367188 343.99652099609375 709.5780029296875 315.9637756347656
745.824951171875 66.96704864501953 743.6652221679688 143.99061584472656
96.09325408935547 446.648193359375 101.61334228515625 463.8026428222656
548.650146484375 114.02486419677734 550.7111206054688 143.02053833007812
711.45263671875 140.0081024169922 712.0438842773438 106.98287963867188
26.26500129699707 237.91342163085938 38.73663330078125 276.0860595703125
66.15646362304688 268.2569274902344 54.54610061645508 230.13824462890625
137.08570861816406 0.9792360067367554 167.63531494140625 127.08834075927734
199.74366760253906 248.0638427734375 171.54876708984375 134.86331176757812
287.42169189453125 417.1177978515625 281.90142822265625 390.02008056640625
576.06103515625 317.0373840332031 575.103515625 292.9958801269531
720.1673583984375 244.00340270996094 720.817626953125 211.9759979248047
729.9845581054688 157.8878936767578 799.015869140625 159.0871124267578
11.833534240722656 196.06007385253906 19.66457176208496 217.7601776123047
73.45094299316406 148.8670654296875 41.95125198364258 42.01436996459961
111.8514633178711 277.7452392578125 74.75860595703125 153.7730255126953
278.72125244140625 377.2567443847656 275.4782409667969 361.1047668457031
351.8824768066406 151.6816864013672 357.00885009765625 181.99850463867188
370.99737548828125 176.13900756835938 367.0941162109375 147.98695373535156
399.1865539550781 357.85284423828125 395.9805603027344 332.0024108886719
799.0841674804688 281.3238525390625 659.1366577148438 263.90203857421875
382.35455322265625 338.1022644042969 386.47137451171875 364.0837707519531
387.0884704589844 142.11781311035156 393.16217041015625 189.10829162597656
476.66241455078125 71.12967681884766 504.8721923828125 362.1093444824219
28.792570114135742 3.774935722351074 70.17867279052734 149.51719665527344
264.87408447265625 398.5758361816406 271.0771789550781 425.9825134277344
250.68841552734375 121.06404113769531 271.65484619140625 223.07093811035156
392.688232421875 426.7298278808594 409.7027282714844 410.68475341796875
558.1918334960938 266.0860290527344 559.5823974609375 279.15087890625
231.8841552734375 166.24075317382812 227.74462890625 147.0550994873047
709.71923828125 315.4336242675781 690.8551635742188 311.739501953125
125.21713256835938 452.2491149902344 119.75310516357422 435.0785827636719
560.0470581054688 290.923828125 561.7998657226562 315.0145568847656
738.8628540039062 363.0260009765625 741.2745971679688 283.0082702636719
251.6473388671875 455.8415222167969 229.84494018554688 366.7931213378906
274.83868408203125 310.59686279296875 318.6296691894531 293.074462890625
67.96060180664062 557.4564819335938 16.67775535583496 591.5254516601562
-0.24623078107833862 503.3682556152344 49.46027374267578 489.9940490722656
139.40048217773438 497.18426513671875 130.19822692871094 467.2464599609375
717.1947021484375 217.99609375 717.068603515625 244.00033569335938
147.1527862548828 403.25506591796875 172.05807495117188 485.9825134277344
469.9837951660156 0.9091920852661133 476.2750244140625 69.0669174194336
535.9990844726562 160.05087280273438 585.019287109375 160.9543914794922
654.0034790039062 156.57061767578125 597.9990844726562 156.11325073242188
24.022497177124023 476.3513488769531 0.7975608110427856 477.8385009765625
106.93189239501953 478.6915283203125 116.96793365478516 509.0106201171875
394.1577453613281 190.9769744873047 419.12225341796875 361.9821472167969
623.302001953125 192.98167419433594 623.8936157226562 235.00149536132812
685.015869140625 213.01809692382812 714.9918823242188 213.502197265625
227.91128540039062 1.8252631425857544 243.12506103515625 81.16777038574219
709.6433715820312 302.01116943359375 709.5197143554688 286.98748779296875
779.9591674804688 250.38821411132812 799.1674194335938 252.40736389160156
168.9940185546875 135.24969482421875 197.27337646484375 249.18035888671875
261.3523254394531 546.2197265625 296.1162109375 514.0451049804688
78.21440887451172 406.4401550292969 46.05220031738281 422.1071472167969
227.6219482421875 367.093505859375 246.1412353515625 441.9650573730469
712.2308959960938 91.00599670410156 712.7254028320312 71.9668960571289
690.430908203125 72.9976577758789 690.3526000976562 92.00556945800781
114.91279602050781 370.78277587890625 221.5823516845703 327.95965576171875
262.3390808105469 384.5614318847656 278.5853271484375 377.0974426269531
342.9837646484375 206.95159912109375 391.2580871582031 190.7699737548828
599.9287109375 248.86410522460938 626.0776977539062 235.14813232421875
636.93603515625 528.8123779296875 626.4500732421875 532.3868408203125
1.550764799118042 520.9900512695312 43.22399139404297 497.80743408203125
574.7973022460938 293.0015869140625 560.764892578125 290.16192626953125
52.1997184753418 446.29510498046875 67.62866973876953 488.1369323730469
47.52336883544922 325.5137939453125 37.661407470703125 316.364990234375
540.7935180664062 519.0449829101562 558.2545776367188 599.1624755859375
624.0680541992188 236.10702514648438 671.02392578125 239.68609619140625
735.9952392578125 264.8811340332031 774.0145874023438 263.3657531738281
318.2384948730469 292.3500061035156 310.2126159667969 251.95774841308594
380.2095642089844 92.11902618408203 387.4327087402344 140.08541870117188
36.3527717590332 315.8982849121094 21.31559181213379 321.8036193847656
42.845577239990234 427.6763000488281 81.61067962646484 409.1838684082031
0.9570639729499817 2.1340384483337402 24.013887405395508 1.603498101234436
241.54344177246094 338.9997863769531 117.35195922851562 384.2202453613281
65.91615295410156 495.92919921875 14.993467330932617 499.91656494140625
388.68603515625 440.1140441894531 410.6337890625 446.2994689941406
479.40985107421875 567.5150146484375 488.943115234375 559.9285278320312
290.0566101074219 523.0609130859375 264.16912841796875 547.10546875
407.1430969238281 407.97930908203125 384.1668701171875 429.0933837890625
657.8424682617188 548.572998046875 649.7554931640625 532.6170654296875
744.1309814453125 260.3835754394531 728.9873657226562 259.15625
496.72296142578125 568.6221923828125 485.7542419433594 576.664794921875
719.6074829101562 211.69769287109375 711.7948608398438 221.84202575683594
412.24884033203125 446.2641906738281 430.7705078125 428.8180236816406
506.07220458984375 362.7345275878906 799.14990234375 442.4489440917969
26.777742385864258 489.4184875488281 12.56124210357666 494.8520202636719
781.8965454101562 241.57467651367188 795.0115966796875 243.93565368652344
718.9937744140625 243.9937286376953 709.964599609375 252.96434020996094
78.63475799560547 506.97845458984375 63.50532150268555 497.5774230957031
14.308417320251465 500.3958435058594 0.8859316110610962 510.8536071777344
477.3756103515625 55.9555778503418 474.54876708984375 32.05336380004883
411.88818359375 584.7330322265625 390.32122802734375 593.7669067382812
442.97528076171875 475.0071105957031 434.6595153808594 446.0979309082031
438.0964660644531 443.970703125 446.3636169433594 471.1932678222656
216.7037353515625 601.1591186523438 184.7500457763672 567.17529296875
617.51416015625 438.0721435546875 621.0873413085938 462.1355285644531
458.9070129394531 469.06744384765625 459.7315979003906 457.98004150390625
600.6930541992188 446.1906433105469 616.1219482421875 437.2094421386719
442.4656982421875 499.2734680175781 435.74005126953125 486.133056640625
443.2097473144531 483.9165344238281 447.6719970703125 495.1305236816406
