148
234.17860412597656 599.4481201171875 407.4316711425781 143.78390502929688
376.3443603515625 599.3654174804688 510.2301940917969 106.79075622558594
109.08910369873047 566.5531616210938 189.2602996826172 403.127685546875
519.5061645507812 599.0874633789062 561.1995239257812 357.86163330078125
193.45111083984375 393.7320251464844 292.14337158203125 191.581787109375
61.68107986450195 416.8087463378906 107.37007141113281 340.6222229003906
564.6701049804688 323.78472900390625 587.7892456054688 180.96588134765625
93.76840209960938 599.38232421875 108.31153869628906 570.155029296875
789.920654296875 108.02247619628906 705.2692260742188 282.645751953125
141.66567993164062 282.8013916015625 191.59481811523438 198.75927734375
293.9863586425781 189.4837646484375 322.7335510253906 130.86932373046875
408.9564208984375 140.98312377929688 423.2359924316406 104.09133911132812
702.268798828125 25.734905242919922 711.44091796875 0.4347820580005646
720.7459716796875 258.27728271484375 797.917724609375 124.37625885009766
793.3499755859375 126.20035552978516 757.485595703125 188.85043334960938
25.353836059570312 298.5436096191406 46.008731842041016 269.29986572265625
403.0245361328125 86.06319427490234 215.54928588867188 158.8389434814453
676.9880981445312 355.9993591308594 681.247314453125 276.9594421386719
0.4280277192592621 520.6607055664062 24.664278030395508 479.8008728027344
107.89852142333984 569.3392944335938 0.8987758755683899 537.3384399414062
799.6303100585938 127.36530303955078 746.8238525390625 218.4774932861328
191.73095703125 193.32510375976562 139.6378936767578 214.09164428710938
33.63850784301758 157.5271759033203 6.001349449157715 191.00111389160156
214.47361755371094 188.60861206054688 196.74160766601562 195.31698608398438
323.65423583984375 370.8688049316406 236.9618377685547 599.3649291992188
642.4411010742188 223.7566680908203 710.6919555664062 66.99512481689453
754.2260131835938 190.1299591064453 796.953857421875 115.82341003417969
103.81826782226562 140.5032196044922 161.1887969970703 119.5160903930664
400.8558044433594 0.9786102771759033 402.95648193359375 85.02608489990234
609.5839233398438 567.9832153320312 609.4178466796875 582.0049438476562
0.46189889311790466 333.6192626953125 22.418336868286133 302.58843994140625
25.77465057373047 477.8683166503906 59.260704040527344 420.5679626464844
62.50999450683594 420.3023986816406 1.0188223123550415 524.0111694335938
110.25701141357422 569.1235961914062 95.91189575195312 598.9576416015625
366.07965087890625 39.22019958496094 236.65281677246094 86.0402603149414
399.7882080078125 508.80059814453125 285.8268737792969 478.6544494628906
480.6644287109375 225.18040466308594 460.3257751464844 300.0884704589844
25.868602752685547 301.908203125 0.2974714934825897 338.5091857910156
159.68736267089844 0.7725241184234619 215.5228271484375 169.48886108398438
379.1295471191406 48.35346221923828 227.59242248535156 103.88785552978516
403.466552734375 509.1253662109375 379.2953186035156 599.079345703125
433.8626708984375 396.9630126953125 404.20440673828125 507.0550537109375
56.80122375488281 46.38520050048828 125.09809875488281 24.30341339111328
169.0497589111328 587.8359985351562 110.66031646728516 570.1195068359375
442.7646789550781 97.34599304199219 428.7765808105469 102.37908172607422
59.839622497558594 419.60736083984375 0.7358419895172119 404.0003662109375
0.8728855848312378 401.4809265136719 62.08949661254883 417.6614074707031
64.9456558227539 418.2049255371094 150.9938201904297 441.0232849121094
169.09632873535156 449.0466613769531 112.35921478271484 566.1740112304688
284.9713134765625 476.1094970703125 400.1822814941406 506.30450439453125
410.0997619628906 143.6580352783203 324.7684631347656 368.2919006347656
458.8864440917969 304.9692077636719 434.6855163574219 394.1859436035156
482.20892333984375 77.51671600341797 448.6327819824219 91.09170532226562
688.2062377929688 0.7142513394355774 684.01220703125 12.364400863647461
0.7739956974983215 294.9989929199219 23.9454402923584 300.2411804199219
82.982177734375 316.0760498046875 26.78749656677246 302.9067687988281
0.7423624992370605 534.8637084960938 109.2310791015625 567.225341796875
112.01480865478516 567.9511108398438 170.1327362060547 585.5619506835938
219.6687469482422 345.8367614746094 197.33201599121094 391.1636047363281
23.112287521362305 74.37870025634766 71.16915130615234 83.06407165527344
105.40859985351562 348.241455078125 64.57476043701172 417.33966064453125
429.80859375 396.8210144042969 324.69354248046875 372.31451416015625
27.16960334777832 300.3119201660156 89.10401153564453 315.5780334472656
71.9299087524414 85.40685272216797 22.032663345336914 76.81040954589844
168.089111328125 243.05274963378906 143.62893676757812 284.372314453125
255.96527099609375 262.1671447753906 169.74041748046875 244.24916076660156
260.7951965332031 261.4130554199219 220.45384216308594 344.2210998535156
229.27761840820312 96.01478576660156 373.2303161621094 43.63297653198242
447.08538818359375 0.932536780834198 443.70074462890625 96.98945617675781
589.9920654296875 182.16012573242188 567.4097900390625 322.066162109375
625.8593139648438 439.6112365722656 564.8674926757812 425.5758361816406
22.162294387817383 301.27459716796875 0.8849524259567261 296.51422119140625
159.8482208251953 445.58441162109375 63.588279724121094 420.5853576660156
279.08184814453125 476.6908264160156 229.82754516601562 463.6514587402344
528.7828369140625 419.933349609375 434.75494384765625 398.0531311035156
434.90264892578125 395.41204833984375 513.0310668945312 413.8686218261719
713.9974975585938 66.19082641601562 720.9945678710938 29.616336822509766
214.35659790039062 157.88275146484375 162.69711303710938 0.7707832455635071
460.20855712890625 302.07940673828125 534.4747924804688 318.9042053222656
552.1824951171875 415.0293884277344 535.1117553710938 521.0180053710938
214.8292236328125 346.72637939453125 166.89268493652344 335.45648193359375
221.03890991210938 345.8320617675781 321.2221374511719 369.04107666015625
325.0476379394531 369.79791259765625 431.0504455566406 394.7860412597656
490.6521301269531 3.062964916229248 484.0918273925781 71.00886535644531
501.0626525878906 156.63616943359375 570.2496337890625 168.55023193359375
683.7379760742188 278.03985595703125 679.63427734375 354.03424072265625
2.7609777450561523 197.62353515625 31.07838249206543 163.06422424316406
166.7437744140625 333.0923156738281 216.07855224609375 344.6651306152344
404.277099609375 506.9766540527344 499.094482421875 532.6510620117188
512.0523071289062 315.7508239746094 460.79132080078125 304.9945373535156
80.02599334716797 222.01837158203125 97.80101013183594 196.8594207763672
318.7900695800781 370.9047546386719 220.7327880859375 348.1515808105469
476.00146484375 224.99221801757812 390.9977111816406 209.01220703125
531.7513427734375 541.9601440429688 522.5968627929688 599.0956420898438
559.7217407226562 353.9497375488281 552.1201782226562 396.021728515625
248.99496459960938 467.02081298828125 280.33709716796875 474.6072998046875
498.87890625 157.96726989746094 481.5324401855469 222.1439208984375
169.98199462890625 242.0870819091797 258.1414489746094 260.31597900390625
362.19696044921875 282.0577697753906 456.2668762207031 301.7233581542969
208.93353271484375 599.2171630859375 177.78988647460938 589.6865844726562
498.7776794433594 534.8414306640625 404.7371826171875 509.99468994140625
391.1644287109375 207.09909057617188 477.2181091308594 222.804931640625
653.9362182617188 345.3060302734375 569.8380737304688 327.7767639160156
454.8286437988281 303.81439208984375 361.9430847167969 284.27044677734375
137.98416137695312 215.00784301757812 74.44359588623047 86.78018188476562
481.8704833984375 223.6674041748047 566.188232421875 240.0298614501953
525.9126586914062 234.46380615234375 482.9299621582031 226.37205505371094
565.0404052734375 169.7629852294922 501.9965515136719 159.0203094482422
70.72207641601562 79.13854217529297 54.561729431152344 46.7199821472168
193.75877380371094 199.4440155029297 169.3286590576172 241.19232177734375
149.98446655273438 0.6604393720626831 214.95188903808594 189.0166015625
590.2582397460938 581.13037109375 588.391845703125 599.1442260742188
605.9779663085938 579.372802734375 590.9964599609375 579.8984985351562
512.634765625 107.1739501953125 499.49127197265625 155.13462829589844
568.1837768554688 325.1315002441406 672.1817626953125 347.14111328125
423.10614013671875 143.37802124023438 491.9779052734375 155.12950134277344
570.8031005859375 429.8417663574219 624.6627197265625 442.4416198730469
626.4600830078125 588.2743530273438 618.0362548828125 540.9935302734375
47.73982238769531 270.817626953125 28.46063232421875 298.3228759765625
350.0487976074219 281.7649841308594 262.8621520996094 263.66400146484375
325.1665344238281 129.08102416992188 261.3785705566406 260.1842041015625
490.98553466796875 157.08551025390625 413.9884948730469 144.0680389404297
262.88232421875 261.5717468261719 353.17425537109375 280.1532287597656
723.8499755859375 307.93035888671875 643.2802734375 243.9056854248047
772.9837036132812 108.02128601074219 734.6910400390625 78.71003723144531
565.0473022460938 241.75119018554688 527.8707275390625 234.67959594726562
583.0552368164062 242.71878051757812 647.1365356445312 255.3049774169922
405.53143310546875 90.01016235351562 403.6009521484375 0.9869683384895325
643.296142578125 232.71981811523438 486.55535888671875 79.45471954345703
216.32595825195312 162.2644500732422 404.46429443359375 89.1954345703125
666.98291015625 155.01966857910156 530.6381225585938 36.41604232788086
196.40420532226562 195.84664916992188 122.29418182373047 0.5089954733848572
301.90509033203125 190.5211181640625 381.01318359375 204.92758178710938
707.47314453125 59.355831146240234 628.0067138671875 0.990820050239563
531.0577392578125 33.93344497680664 668.604736328125 153.3031463623047
379.021484375 206.88970947265625 338.98297119140625 199.08738708496094
196.00563049316406 592.9806518554688 218.81838989257812 599.6236572265625
15.893399238586426 211.50433349609375 62.906700134277344 221.44140625
573.859375 599.2283325195312 602.2797241210938 492.2771301269531
723.5903930664062 38.2113151550293 742.0735473632812 13.31225872039795
760.193603515625 2.733506917953491 731.05615234375 10.42391586303711
742.9784545898438 12.897919654846191 769.6363525390625 7.2757248878479
160.13198852539062 122.36335754394531 105.1252670288086 142.3448486328125
778.2029418945312 0.34952864050865173 799.0460815429688 6.85227632522583
800.393798828125 16.589067459106445 761.5281372070312 0.7075385451316833
205.94540405273438 581.0220947265625 210.3343048095703 591.8646850585938
792.0457763671875 480.77496337890625 755.022705078125 479.392333984375
743.4794311523438 344.280517578125 722.0968627929688 359.7518005371094
