206
799.0172729492188 309.8629455566406 782.963623046875 310.1846923828125
664.99267578125 320.94464111328125 330.9948425292969 323.2555847167969
451.5357971191406 273.0086364746094 451.79534912109375 317.01300048828125
799.002197265625 378.5434875488281 779.9992065429688 378.5150146484375
799.0001220703125 317.5097351074219 783.9998779296875 317.51068115234375
775.0689697265625 214.40573120117188 799.060302734375 213.22854614257812
667.7632446289062 121.00232696533203 668.7366333007812 220.00259399414062
799.0067749023438 245.51145935058594 786.9935913085938 245.56533813476562
389.8967590332031 320.15740966796875 429.827392578125 317.9197998046875
0.9239376187324524 457.87298583984375 20.934083938598633 445.8899230957031
29.09687614440918 508.1401062011719 10.161131858825684 521.2330322265625
449.40234375 599.4681396484375 424.74310302734375 567.9844360351562
751.6918334960938 370.93359375 762.3352661132812 0.923348069190979
799.0962524414062 386.61328125 780.90625 385.3505859375
100.29047393798828 399.837646484375 0.3091290295124054 460.8681945800781
500.39117431640625 290.0602722167969 501.8814697265625 305.1107482910156
583.5297241210938 135.02545166015625 586.4490966796875 188.97569274902344
319.0691223144531 244.47613525390625 664.0619506835938 228.3238067626953
782.93994140625 306.86181640625 799.1060180664062 306.0088195800781
245.05160522460938 160.54100036621094 666.0361328125 120.37859344482422
666.7474975585938 9.00273609161377 667.9286499023438 118.00077056884766
391.4038391113281 288.239013671875 394.6697998046875 310.0494384765625
683.4320678710938 356.25006103515625 714.5504150390625 349.8231201171875
799.0892333984375 470.1756591796875 752.0550537109375 467.8746643066406
778.6057739257812 379.99005126953125 777.040771484375 442.0262451171875
799.0180053710938 237.84298706054688 785.0030517578125 238.1419677734375
535.3807373046875 154.05055236816406 536.68505859375 170.0257110595703
0.17930112779140472 336.98199462890625 77.25814056396484 305.6347351074219
564.0070190429688 590.5274658203125 610.2760009765625 529.732177734375
774.2587890625 244.05738830566406 775.5801391601562 215.07203674316406
780.2252807617188 1.0071927309036255 773.5516967773438 210.01760864257812
16.12567710876465 435.1698303222656 0.6959018111228943 446.589111328125
723.139892578125 170.91737365722656 701.0386962890625 172.5301055908203
6.272205352783203 506.9425964355469 24.557514190673828 494.35711669921875
77.09947967529297 306.2281494140625 100.92424011230469 400.27252197265625
557.0810546875 182.8284149169922 538.02978515625 183.67269897460938
378.3150329589844 233.96185302734375 370.5630187988281 169.9318389892578
669.144775390625 599.2779541015625 708.0166015625 579.0319213867188
745.61181640625 364.9837646484375 708.2139892578125 349.9750671386719
777.0799560546875 441.6681823730469 799.12060546875 442.99169921875
317.25982666015625 238.9607391357422 310.1608581542969 191.97569274902344
416.04931640625 219.99537658691406 413.5255432128906 193.04443359375
566.0055541992188 367.83056640625 548.9910888671875 367.2722473144531
669.74853515625 561.9745483398438 671.8627319335938 374.9419250488281
774.0109252929688 443.0004577636719 783.2676391601562 215.9701385498047
81.99042510986328 59.408721923828125 18.00212860107422 57.9091911315918
77.78897857666016 298.8000183105469 63.36798858642578 241.90672302246094
413.0675048828125 193.0746307373047 397.0194091796875 193.59686279296875
286.6248779296875 190.07012939453125 283.8141174316406 175.03475952148438
585.6204223632812 191.00204467773438 585.8045043945312 134.99935913085938
591.9354248046875 507.47015380859375 616.0191650390625 506.4535827636719
79.36744689941406 212.91099548339844 83.53395080566406 230.11288452148438
145.0231475830078 427.0349426269531 132.7628936767578 435.1522521972656
292.4521789550781 229.08233642578125 288.3731994628906 201.94390869140625
567.8323974609375 395.010009765625 566.2777099609375 368.9833984375
627.02490234375 305.5942077636719 600.0303955078125 306.7253112792969
664.5939331054688 228.9920654296875 665.8236083984375 321.0157165527344
670.8021850585938 316.0007019042969 670.4720458984375 224.00189208984375
0.8055114150047302 205.0545196533203 110.31436920166016 182.52825927734375
537.2744750976562 184.92393493652344 538.9539184570312 213.06243896484375
609.5145263671875 598.9734497070312 610.7652587890625 528.9600830078125
330.05718994140625 322.991943359375 319.0384521484375 244.7130584716797
670.6637573242188 222.00965881347656 669.940673828125 121.99320220947266
759.3656005859375 394.38751220703125 746.5269165039062 365.763671875
98.49011993408203 226.88844299316406 94.44732666015625 209.12579345703125
346.7086486816406 571.1412353515625 360.36358642578125 599.3085327148438
412.05078125 180.9949188232422 410.3478088378906 163.96522521972656
430.9749450683594 355.0028076171875 429.41387939453125 341.0656433105469
579.5089721679688 23.976633071899414 583.5968017578125 113.01850891113281
719.8088989257812 398.02490234375 720.6109619140625 371.957275390625
780.0055541992188 373.5692443847656 799.0281982421875 373.81475830078125
708.957275390625 580.9207153320312 674.3207397460938 599.5948486328125
782.0069580078125 312.0002746582031 779.6031494140625 374.02337646484375
151.7463836669922 528.5368041992188 167.49652099609375 506.63787841796875
181.68006896972656 80.06060791015625 250.42196655273438 442.9200744628906
368.9768981933594 176.1205291748047 375.92828369140625 235.12625122070312
558.415771484375 212.98101806640625 557.0928955078125 183.99575805664062
608.9815063476562 0.8549795746803284 579.818115234375 4.573768138885498
672.428955078125 222.9980926513672 672.874267578125 323.00054931640625
737.7034301757812 572.2620849609375 754.9246826171875 394.6049499511719
37.955806732177734 538.2935180664062 29.48154067993164 508.1457214355469
666.1195068359375 373.971923828125 669.427978515625 505.9642028808594
700.6062622070312 140.992919921875 700.3003540039062 158.0233612060547
785.9513549804688 234.80801391601562 799.0927124023438 234.27174377441406
61.73786926269531 245.06576538085938 75.07640075683594 298.2317199707031
357.0482177734375 598.9762573242188 344.7946472167969 574.1011352539062
621.9647827148438 223.98974609375 669.01220703125 222.35032653808594
722.2840576171875 204.01025390625 723.4415283203125 171.94374084472656
785.1549682617188 240.0057830810547 782.6935424804688 306.0258483886719
799.0626220703125 209.24620056152344 783.9500122070312 210.00535583496094
107.99858856201172 268.2263488769531 101.63694763183594 240.08206176757812
132.96316528320312 435.0085754394531 139.24168395996094 461.94366455078125
395.067626953125 309.6066589355469 386.2416076660156 320.9648132324219
345.86126708984375 308.3966979980469 393.0469970703125 305.8821716308594
393.02813720703125 166.8815460205078 394.7729797363281 182.02615356445312
430.3528747558594 305.0712585449219 427.4764099121094 278.9475402832031
562.0028686523438 304.2362976074219 664.0121459960938 303.002197265625
670.0146484375 120.138916015625 754.03076171875 111.29218292236328
68.26338958740234 534.9271850585938 43.37568664550781 444.8961486816406
416.8631896972656 37.092472076416016 571.8089599609375 13.732736587524414
10.900557518005371 521.7382202148438 19.98935890197754 553.0031127929688
420.07086181640625 29.456085205078125 353.13299560546875 39.85597229003906
396.2832336425781 194.85198974609375 399.30828857421875 221.0797882080078
445.02813720703125 319.3844909667969 474.7955322265625 317.20611572265625
576.0790405273438 5.5178399085998535 497.9156188964844 17.44710350036621
103.85234069824219 404.75726318359375 1.1436493396759033 467.23614501953125
86.96444702148438 244.7616729736328 94.17859649658203 273.95587158203125
150.9268341064453 452.22308349609375 145.69671630859375 427.06304931640625
415.87353515625 366.01605224609375 418.81036376953125 389.1510009765625
434.37408447265625 389.9652099609375 432.1437072753906 365.98663330078125
573.9172973632812 13.447526931762695 664.8267822265625 -0.15744630992412567
746.3607788085938 511.1724548339844 738.5174560546875 573.0655517578125
423.9872131347656 312.00091552734375 422.1773681640625 286.9871826171875
494.1650390625 18.068086624145508 423.1607666015625 29.04035186767578
309.204345703125 194.97303771972656 315.0137634277344 238.99818420410156
595.9263305664062 451.0688781738281 615.2972412109375 471.7870788574219
617.16357421875 299.1582946777344 602.04150390625 301.2940368652344
700.4424438476562 173.00111389160156 700.4192504882812 203.0010986328125
21.677595138549805 443.7189636230469 16.13640785217285 430.358154296875
273.3487243652344 203.7731170654297 277.4399108886719 228.09420776367188
552.0254516601562 314.6637878417969 536.9983520507812 314.8934326171875
548.13720703125 368.9306945800781 549.60546875 393.0240478515625
720.0110473632812 370.6006774902344 699.9710693359375 370.0466613769531
80.98384857177734 64.79376983642578 18.989168167114258 63.5323371887207
555.96435546875 169.02444458007812 555.5858764648438 152.98617553710938
694.9446411132812 363.35888671875 722.8170166015625 364.4938659667969
799.0964965820312 588.0963745117188 710.9275512695312 578.6782836914062
10.345752716064453 420.6578369140625 53.88216018676758 397.7757873535156
523.0252075195312 228.56161499023438 619.011474609375 224.2561492919922
700.9117431640625 157.93521118164062 722.9263305664062 156.1110076904297
25.20161247253418 494.21856689453125 20.523296356201172 477.1305236816406
225.08340454101562 63.67048645019531 84.03909301757812 66.18924713134766
265.98321533203125 245.61672973632812 313.0243835449219 243.55654907226562
565.7500610351562 356.03009033203125 565.4122314453125 341.9900817871094
590.69970703125 487.2575988769531 573.1151123046875 466.75909423828125
9.555957794189453 323.8385009765625 0.09311224520206451 291.2634582519531
350.04559326171875 40.293460845947266 288.14190673828125 49.9130973815918
662.7077026367188 297.0032653808594 662.2626953125 256.9970703125
771.2584838867188 219.97662353515625 771.7237548828125 245.02371215820312
0.9900406002998352 490.0027160644531 5.645960330963135 507.096435546875
705.9876708984375 578.1115112304688 623.887451171875 569.015869140625
332.98992919921875 319.9866943359375 345.909912109375 310.2013854980469
400.99334716796875 281.7458190917969 418.00787353515625 281.3008728027344
425.28900146484375 46.87895965576172 433.00054931640625 128.9999542236328
476.9859313964844 305.2974548339844 499.0050354003906 305.5361328125
615.000244140625 509.9649658203125 593.9944458007812 509.82269287109375
668.0239868164062 412.1086730957031 595.968505859375 410.16864013671875
344.1770324707031 270.85870361328125 348.4944152832031 306.8205871582031
723.4581909179688 156.00767517089844 723.76025390625 137.97923278808594
299.51336669921875 363.760498046875 303.0565185546875 386.1493225097656
699.4144897460938 370.9988708496094 699.3645629882812 397.00262451171875
109.97859191894531 184.22984313964844 170.91464233398438 455.0191955566406
285.0433654785156 50.27429962158203 227.06980895996094 59.44146728515625
251.05044555664062 443.1840515136719 569.9443969726562 462.899658203125
451.0364990234375 316.2489318847656 438.98834228515625 316.6010437011719
599.0659790039062 315.66192626953125 631.0471801757812 312.472900390625
313.9614562988281 363.4156799316406 299.9718322753906 363.0349426269531
532.985107421875 318.4694519042969 555.99267578125 318.2456359863281
578.0874633789062 453.56689453125 595.144287109375 450.9350280761719
239.05772399902344 541.4767456054688 346.3994445800781 501.3918151855469
431.0023498535156 233.04461669921875 497.0290832519531 229.54910278320312
666.9456787109375 218.01095581054688 665.9796752929688 125.00021362304688
223.56532287597656 480.0889587402344 298.3997497558594 452.6375732421875
336.7611999511719 570.5213012695312 354.7643737792969 599.148193359375
437.9930419921875 305.5337219238281 450.00225830078125 305.47662353515625
505.68414306640625 304.9315490722656 504.1683349609375 289.78302001953125
591.938232421875 490.3809814453125 612.0374145507812 488.3748474121094
709.4931030273438 332.8486633300781 693.878173828125 339.7232360839844
738.3114624023438 534.8729248046875 731.5420532226562 571.5463256835938
431.9924621582031 365.4237060546875 416.97943115234375 365.1567687988281
14.999829292297363 58.008426666259766 0.9853159189224243 57.724308013916016
799.0576171875 451.94158935546875 780.947998046875 450.9554443359375
751.7099609375 566.033935546875 745.659423828125 514.2736206054688
53.372886657714844 397.4560852050781 40.918434143066406 353.0228576660156
133.9910125732422 61.25674057006836 84.98107147216797 59.540618896484375
407.7134704589844 569.1788940429688 413.15814208984375 577.9012451171875
532.0845947265625 476.47772216796875 558.2089233398438 480.71044921875
162.46151733398438 506.853271484375 142.86050415039062 533.1506958007812
724.1664428710938 338.56884765625 709.966064453125 333.0879211425781
670.9946899414062 326.5615539550781 597.9932861328125 327.44293212890625
151.99676513671875 543.9219360351562 177.07798767089844 542.8832397460938
783.1924438476562 93.01667785644531 786.9921264648438 49.17264938354492
784.9503784179688 206.06668090820312 787.13427734375 174.93927001953125
177.1730499267578 543.1212768554688 191.98094177246094 521.9866333007812
428.76153564453125 318.3169860839844 437.1602478027344 303.08837890625
379.96466064453125 470.23443603515625 502.9335021972656 464.55908203125
767.5486450195312 241.97686767578125 767.7561645507812 219.98826599121094
799.1734619140625 513.7957763671875 750.1546630859375 511.14251708984375
799.4469604492188 224.112060546875 787.6856689453125 221.32757568359375
786.6328735351562 129.07650756835938 790.8753051757812 93.98492431640625
721.9966430664062 415.1944885253906 689.9718017578125 414.64599609375
790.9283447265625 47.06547164916992 794.1110229492188 1.9373040199279785
689.7339477539062 429.0703430175781 685.6992797851562 413.8150634765625
669.4320068359375 96.99874877929688 669.208740234375 19.9993953704834
212.58384704589844 565.6954345703125 198.7323455810547 539.1395874023438
580.5841674804688 483.1529541015625 591.9359741210938 490.6180114746094
202.3514404296875 536.3240966796875 215.95484924316406 563.5223999023438
750.9729614257812 479.2542419433594 799.1726684570312 484.3746337890625
359.921630859375 498.9281921386719 367.5577087402344 490.5947265625
239.79733276367188 559.9075927734375 244.9827117919922 548.5361328125
557.9938354492188 483.0968933105469 541.062744140625 482.01654052734375
593.8414306640625 375.0024108886719 594.0853271484375 390.9986877441406
16.9948787689209 63.264896392822266 0.9951406121253967 63.200111389160156
182.0 62.0 157.0 62.0
230.57144165039062 555.0437622070312 229.64089965820312 545.9345092773438
369.8581848144531 492.0294189453125 372.9661560058594 507.00701904296875
